-5.519016426740548
-0.08539648025778168
-5.604621745626885
0.012400171497968529
-0.02485957013915976
31.308478314430758
21.546452995734985
22.966796464454607
-0.047645557264850695
5.553539851505886
8.343514167700441
3.187483723047587
7.420212345741731
33.90854670186673
11.016919705477985
0.004120620509546645
-0.04242438123068909
-0.0535823842961331
3.2583110352407765
12.114416668733396
-0.0009649380353014494
-0.06930699635167102
0.00032067385174806905
-0.4473479149404099
1.773989704593511
1.7440154027029071
3.258899619033817
-1.4761814541022134
0.023113016555027916
-8.865965164899723
-9.923909687071669
-3.120916525903085
-1.779665314660622
0.1113858266152944
0.005192015974247729
20.520388183889267
116.631813481317
113.75898828266868
108.76979799549461
74.14119566171294
59.619036612997995
25.188529355789846
34.20060043118838
129.98141198573202
66.10705372999495
4.237076267408395
0.007222080231523654
0.05266929808057162
6.89616392461745
-4.150025131393565e-5
-0.07314649187286144
0.13390343497263804
1.9294234420914391
24.605717281259903
11.242755599621225
0.2710773710309737
36.023501843624686
0.9795426951017914
-3.08511441089701
-2.264450108540436
-3.728287652764134
8.810306948685408
28.674482348892052
1.3923156525873437
0.5344669788171996
-0.2633834062051
-2.3651486922539755
-3.764538987669815e-5
0.003182743956098033
-0.7816275633239078
-0.34864843798420425
-0.015214258357617189
3.105921611206232
30.51844386695124
0.8389271803049235
0.2591235040676838
-0.005465878428045051
0.6175763022534424
12.623254123321745
1.814760494080735
8.674347414964863
0.3011381630585396
-0.09421130835540256
0.9618770053902498
-0.04790875362650274
-9.472540723357797
-1.9892828906324849
-2.2942994262778456
-15.122565905169195
-0.001693134141191341
2.7477035201278266
-0.04371803153639581
0.5350197708348889
1.7272138666326269
-0.0033108144572142934
1.0146735645010268e-6
0.011801796145482747
-18.952227607842286
0.03546755008903692
-0.9638494258747059
-0.2442852546989414
9.968478124827803e-8
0.00946965785210266
6.725665561502655
0.5358857470150898
3.7673812368456154
8.839504971020583
27.965692542214494
15.917404755374633
0.09372865204156283
0.9851449857885473
18.29949710234106
3.063631231646267
8.79660720514502
0.2848473056155321
-0.03100208746563249
0.0020634718596563542
0.0007848295937330816
-3.398237029605071
-0.5421613871534606
-19.69862807791738
7.788326607726292
-9.923686055344211
-6.884712906469718e-9
-1.0181661699574485
6.977743305530479
1.4494869235445156
-0.7364129463106924
-0.0439086700743697
-2.3153065902357137
1.369849927444937e-5
-0.0989609705887377
0.31591325630192235
-4.984302314298532
-83.87316259805104
-21.688617848715477
-0.5730869197957116
-0.1555495385728646
-4.359846477867568
-14.990082338388284
-1.7384634837893036
-0.10128338847291876
0.0005562015497027149
7.987095499641313
0.9562806469132091
-0.03882228237614441
2.4092842562354426
0.5096998986249056
-2.2504421959231022
-42.59039086541519
-16.367460535617507
-3.785403439506365
-1.394017490660774
4.428203915019324
4.766045686884227
5.283482231652776
0.45390765409490724
5.303696631075124
14.512850704268232
0.08820079637494473
0.059249527613436465
-31.383464922404105
-5.933778738529677
-1.6006095605707116
-2.197013480345653
-2.0325488179676845
-0.4756556062138574
-13.158295227329582
-5.318969106022809
-3.6265492964124855
-35.398814343078286
-7.438245349859998
-0.5848346015047132
-17.267180403061403
-19.089413508984556
-6.144314401736746
-3.4684736793871784
-1.544881699076993
-8.792515711744597
-0.4878364756543868
-3.018785900158963
9.906234864558261
6.272601026338072
-0.6181784270755832
-0.004083832404157641
-0.9333250213755235
0.00110763361399557
-0.7775511740453332
-0.0024561470025407464
-3.327582484106246
-8.360291825423605
-1.2315183142653447
0.20435097207191136
0.0005429354141892597
9.693584776988594
0.5132736645445801
0.23600815553528068
4.787062331742835
5.442260097222328
-1.4808745843619582
-0.5083467218664189
0.04586519467965391
3.5087623973755337
1.9336135456252377
-5.518233840684904
-0.07018268548097055
-1.8608084345940445
-2.7536723103085103
-0.28296582793190705
0.007370872302783997
-11.387616410089956
-0.811142616932883
-0.810811236888099
-1.4891755595436271
4.885767303101018
1.3163501820003747
1.0980842092567966
0.414704295055905
3.754581565486648
-0.024192711323965523
3.3660971516794143
7.514165512943082
18.421888794973878
-0.9376348093957123
5.170986193305791
18.478950298807042
76.00578012163882
60.02465444102188
43.23010366420023
59.39814806919517
56.01111017215903
95.30115818263175
103.55053274007169
120.69118250884645
17.02777064910011
5.038422306311681
3.9310567886765075
3.1544945087091034
4.944766690222352
12.032283314124303
20.20125258177132
17.88149666631701
1.7643694046936158
14.685222059011059
23.84485018719974
31.39030114623344
60.364367155415835
24.651241613231896
200.23023634283695
28.994902772493408
13.636303714279526
20.7807768250241
60.160180326253624
10.873360260751623
11.931437445274323
19.2959692826609
4.383588815662114
8.149439781448608
2.904908300534328
-0.0008190044518342893
0.0007735646379154815
0.27896318675667103
0.2519436064713405
55.28698202296374
28.050470373132285
2.0388617767857924
-1.3635943885040385
-9.007743751285282
-60.647102419961165
-47.129495278244946
-23.1910389287621
-0.6954623724396136
0.046002738090379205
-0.0018836182474539487
-7.504491705005177
-10.716140573509007
-5.039600332128751
-0.0003995393303968642
-11.588376270684241
-3.8511308926941683
-12.321379393159017
-22.769204930427684
-1.5726391992129531
-19.613094647869545
-9.965688638855735
-4.854485305243038
-0.00038107243942816057
-3.8415859191750585
-0.45012690563684643
-14.06195246105011
-10.181007080100757
-3.7403232495807606
-29.751517650103576
-4.34425445895818
-38.31775688537528
-0.001318281822315539
0.4231797769911532
0.0014290588518275113
1.4508615724071947
-4.155216514981908
-0.6578927588204734
8.604674461756474
1.8370918424866556
0.2663080544834871
0.1844248532374452
0.025679942759464815
14.144344520655194
21.701978969200603
12.373955767000314
27.692542179998227
122.86494588245432
15.213228904924556
82.69938038101145
30.623484310408745
32.353172563721536
0.0004571753230451297
-1.9415895786332453
-0.00035743045071041614
-0.08996059102350064
-6.652307121793261
-2.1114897311022682
-0.8074716532064363
-0.6242177173601248
-3.815716271218585
-1.297763838255869
-32.77338206350677
-2.684774398583629
-59.2835260495612
0.0008892959195663947
-0.0007251786758511446
-0.5504126691881258
-0.7839143414863509
-6.052701441437936
-4.154973617106914
-0.11900755211799238
0.3171976074264403
12.131745996126327
1.8561892263753453e-5
-9.485082066034844
-0.5337572497449583
-0.010558723634684169
0.0007865740151217404
0.012657130440900152
0.0028000617947404123
2.9133054524227516e-6
0.009199347883266299
-0.06451113894006409
-0.0008960800415380391
0.14583484515604372
-14.86281435561416
-0.09146719972772388
-24.94569034682704
-17.773933156989884
-0.03222242080511954
-0.5514865326848325
-0.46992836957870265
-42.755580386192804
-32.70073533365914
-36.37814936254498
-0.41929184578542633
-31.44384613190616
-48.992990232688264
-10.377540692750882
-5.493121762814587
-8.873364041210925
-0.7040075266101654
-0.5760648281889318
-2.1270491586483424
0.09581672249812166
0.024026954145101212
17.06534374108931
0.010626785557772472
0.35225780105237814
0.12916704804867493
-0.000587112130484956
-1.0496936793791494
-0.7436616853329823
-16.28738100281417
-53.10312964254641
-1.555737930674178e-8
0.5740362542281721
0.47781887715844695
-0.03266631844418874
2.5523250441968592
1.1358194225178646
0.8684451451092368
0.3891887390205047
-0.042856850857307505
-0.0020466420250835086
0.0008345157542746693
-0.022066670401734833
-3.283347985329997
-7.087036622510036
-10.723412094581677
-6.223054455702634
-14.738856944060874
-0.3742788656228432
0.9866173737747009
2.4401411158172372
92.88274943478466
5.39802297973574
0.31265389421946055
0.196797268789889
0.3536032520117001
6.1132395256040555
0.01359132658256262
2.0194543716794167
4.029109249773636
-1.4436921905824218
2.755066878940867
-1.3529572035827878e-5
-0.007425619206474568
0.010476138179591876
0.08057565648472308
0.18586518707981164
-0.17542338373978306
-0.6348871064438252
-1.2245272463724566
0.013131041034166046
0.9882864298290746
55.14597011907338
7.057635623658977
0.34459059690399924
-1.2827713156265317
1.1262963231666248
0.2932342567739407
38.0314389730525
5.39023511989734
-0.30634202641219355
-15.961955872015555
0.012526805656604434
0.08657912572515691
-6.997781905593956
-12.775107281309555
-14.27104755881994
-18.71236818174757
0.10848180948785215
-0.07331065516831521
0.06230367289217318
-0.6308634728682015
-1.347499646858147
-0.965217686958564
-2.1477400665765636
-7.962812371472563
-24.836310131730585
-10.137311461093217
-19.412901885400824
-0.6871612763608156
-0.0009429320429155093
-14.790560572245226
-16.098041264914368
-88.59360802571595
-0.8837453599353443
10.403318260509828
6.293804271884877
-0.03276733060702036
-0.4033366468208522
0.039098442804086336
1.3044559439211656
55.82479993373077
39.804452704119214
11.61032538668021
0.5434189630199031
20.225238208540507
5.318818117426187
0.5352467641051044
12.106335464733226
0.6025606069353293
0.13457713018545353
-12.56649082229535
-6.617332875945775
-0.002383253429533293
-0.6411818002266254
-10.664599365679916
-0.08089187620261008
-8.494374800269131
-51.91640457950189
-45.97525224814087
-12.289241600436503
-61.94163899723219
-0.08942740145231985
0.951329879122306
8.476250594135035
2.2287961754836645
-0.009221535130049084
-3.970359045604379
-0.7551740260628672
-0.40118726098486773
6.21797010096095
-1.501681375086802
-8.837864451458127
-10.995971633676515
-8.63048935200815
-3.7664682307234774
-37.47685398353169
-0.9601641501100652
0.000613336941249338
-1.6852121680587717
-1.4534113011681928
-9.659721767316167
-0.00016807750659912903
22.31613939285913
5.923051683773266
15.256404283439307
6.606246110808989
0.48694816986713074
-4.121992394484894e-5
-0.00012692052010514874
-0.41942803005663953
-0.5767879728949117
-0.3544509948623062
-3.093366558217095
-19.781175772685987
-5.562354329246762
-31.658237010147158
-1.4566863548048896
-33.11262270300808
-3.917361929490291
-15.712145944876456
-27.63064425576381
-8.05312356968978
-0.2846226385496
-10.342579202548302
-4.967457171442575
-0.13360040274996887
-16.66501094293697
0.2953074707829657
14.50413903540495
4.0647475802651085
2.8770924561057734
-0.07096606855121022
-9.757313763017063
-0.5481827835498215
1.066256507302214e-5
0.006062742202342808
0.20493810863427706
-7.192762635225902
-1.0800101841503464
-8.141591308316654
-2.3420293865158563
-10.29376637451879
-16.194513248633175
-24.794834786642358
-25.045231010550527
-39.95020824125766
-31.51633850613484
-5.083101579313353
0.11064281940864641
-0.052987336182173855
-1.5807816552621612
0.8088483405686012
-8.351895033440984
-0.03298436716737659
-3.0817234156697175
-15.751861090235586
-7.258200796531342
-42.29184276058435
-38.29822876821886
-12.45707378794299
-4.341513333682287
-0.7030705419884554
2.8155253990169614e-7
0.04178013575364462
6.234426378969639
6.611837190711873
15.036174354479282
0.00012920396002441109
6.343543441803004
78.6897468941758
3.8389912153740435
0.00925442408714317
-8.691788016907136
1.0207369875907852
0.0438946217109575
9.765980433417704
38.251976575760516
7.017036556740548
58.64648663116831
9.166907651980937
-0.03434621025733458
-2.8430724600047297
-0.04788235339898341
9.288231922307482
6.521238927777218
151.24647711468484
255.35165228221194
309.9568097829323
137.92790850346168
59.49856762529342
0.4044243442759196
-33.107253329232606
-2.837612736926081
-17.97377237246176
-0.14662135196098725
-17.50312348008918
-0.0027125367432533276
-23.28129010262147
-0.8594074563921362
-0.1659754498229094
-15.422855432622994
0.6174764986788334
1.2667047072178026
35.93042330079089
27.273934848295674
-0.14307455605922906
1.613036377641706
-0.07023666821866918
0.8415684646374805
1.7999276638196628
-0.25648113256267396
1.3318237768475822
7.115437855224297
0.21566983600542758
0.2231959521235667
-0.023147174512470354
-1.4834269684747612
-0.5413862463747574
-0.050140279787200516
1.249223275383486
9.293087517141982
2.217464696436753
4.526894221765269e-6
5.309999899071496
21.6669310703042
18.855395625167745
0.3948104780733542
0.08272225239881958
1.681447552822321
35.24776695988191
3.394496277221673
1.9367888192506004
5.069363607477799
2.338366268455577
3.557684202952572
-5.109620349342979
-18.41867300121964
-4.7204082810737376
-14.312568548945114
-35.47446150684919
-3.545659505787076
-9.078048522325386
-16.526162520221536
-4.08320309109501
-6.635479232716397
-36.559275776275754
-10.379986586216829
-0.14606669754399546
2.1091114417909416
-0.2348765699595062
-5.972718082389226
0.05760128480437442
0.9712363688939251
2.6936783622377534
0.572660517758052
0.0017150331905378792
0.011029943547543204
2.4959314038760465
2.396870230230974
0.0012007708586919607
-0.9384471351461312
-10.59518570367634
-14.081928463092945
0.1326615345872269
-3.876394773309673
-20.355468475796275
-21.528615382937684
-0.532463975908597
13.674923644779781
2.618516678041324
0.011159940367677397
3.1957430250747123
-1.8680943348581038
-0.11747654528760847
0.17196701629674424
-4.651439358144877
-27.29296333916555
-39.272471680804735
-12.910831602823638
-2.003728680562447
-3.346947488130953
2.4770057025914394e-7
0.7797567672696583
-1.691593153814513
4.817749545283877
2.3545032136261934
0.6824844416053133
0.0008127704792608658
-2.360366921932201
-0.3070973535722879
-0.7316680751826429
0.14816051678457015
-0.003301625978255681
-0.1146017456603113
-90.13223765122352
-115.65130026864878
-18.911771779243757
-19.711641748436378
-2.9388986342775327
-0.555698317802832
-1.1744230841721734
-21.070102360851553
-8.013033975772581
-62.01061966561971
-104.03224368799474
-29.53844008065531
-0.4396767464567321
-0.09174144473876973
0.009379035085029722
0.11934478956322073
0.32273174425546813
7.232794005317256
-0.006047675468198993
2.3616104599429137
-5.825875212939762
-4.901007898219312e-5
7.197611877834794
-0.20656673018992408
-17.393968380659885
-55.911669831737065
-45.830163425958546
-0.03602437764287827
-37.09366831440232
-5.480824152790807
-2.928727422049836
-1.8836077041110313
-11.604957344255439
0.037441311045327386
3.6669669412272476
25.187966773744886
0.7426994558842767
11.0223774121465
-0.6642905181851714
0.0031661609473836922
-0.019096483503114128
0.15804269042997918
-0.00026339081556715706
0.9427637321922356
-0.02500888018648657
-15.941107499834809
-42.304660402449755
-11.390842931195351
-5.3216888280466605
-20.701198159812403
-10.654424575413232
-51.29192510571139
-14.064169387968205
-1.256100753127526
-13.34286770617169
-23.0308456549568
-16.45332035658335
-4.664645992061463
-8.332253721433299
-2.577217957603031
-23.58867954888214
-1.319177096756603
-5.210616460760918
7.142540611354664
-0.577533845507787
-1.5275088274372661
-0.17760988903785663
-18.19418880513017
0.006101135132135416
-14.541392999966348
-6.6073818756263325
-22.354916159152232
-10.43363202773723
-17.73306671800207
-27.608211203311182
-6.093170949844924
-11.379435355372687
-20.85058603185574
-16.32219108599915
-3.512923310073509
-1.417792999823892
-18.68812225904604
-13.228516988001989
0.2957851918540371
0.1899443387476003
28.65758813247282
16.014526604884146
89.11902600887704
8.000859663347276
1.1435571391596506
3.556716282654303
0.029652418775917056
-3.6929285100557996
-3.0165851246995636
-91.65486966821943
-0.9630232072864341
-1.2834150245174445
0.0004430583815606229
-0.0036373598839093317
-2.4275833762381493
-25.06354998263193
-14.267338822588123
-52.15602262934939
-17.1709127992563
-14.725396714036908
-7.805038270568901
-0.3160562167523292
-0.02306062822983487
-0.7513921477482431
-26.177134802262383
-5.511581977630529
-0.12710187321064131
0.05175663540413067
-0.009933386128051497
4.9561912191308215e-5
0.6609659525077477
-0.3413194697378036
-3.1033728211657254
-0.692441961078125
-3.802470232621068
3.5576818109885635
6.275194566866146
6.225767434092099
7.84594521393827
1.6026664409107636
2.342691081318783
5.388994416509488
2.353108107194534
4.07509314987146e-6
1.4519719469810275e-5
-0.7710119562853684
-3.3765395007569374
-3.5554124616505414
2.1975025616831113e-6
-0.0029731683010859474
-7.306143770794666
-1.6091751348166163
-0.29056175319531685
-1.4909117543182948
-8.379434358106998
-7.980787478828528
-0.03276332696813544
0.4097285792272702
1.0617357208404103
-7.372632440316447
-0.04475695678251243
-11.269853624174585
-17.69931406668578
-1.8623698517258447
-3.5413180179267796
0.00269940404160153
-0.022627871072382583
-4.766123388696385
-10.448116684471675
-11.31892488858702
-7.8118148497519115
-5.945879686875983
-39.19965545663887
-9.169681796437859
-0.2621353776859796
-0.011894904058365916
-0.26271363323600966
-1.3562961782524507
-45.896296097328104
-0.177696889324948
-14.544107064548127
-0.0003911767773063788
-3.347381610284086
-9.900577426751441
-82.34655761560578
-8.39396450082812
-23.235488529307453
-8.60899898957062
-11.431509695334846
-14.071875524374533
-16.14932642101064
-64.07332768249128
-11.805334529515795
-32.975828557655575
-19.033572395255433
-0.5054194694218704
1.9518643446391855
-0.5331515923148046
12.788482867728456
16.40861243506059
0.007266825046039554
-5.730702616555278
-2.170786345617994
-5.016018559207393e-5
-3.5169845050937045
-2.961683140831706
-19.428464340109198
-0.23218640837071206
0.0055840746374064415
6.479883166955875
-5.438787639427632
-2.024745701329275
-0.0036791833132666057
-5.916836588968576
-0.0029586786119483698
-3.411809993190831
-6.215725753816466
-3.3019222858398685
-41.16716077683586
-93.04044476675236
-50.56342620564488
-5.818732505431564
0.5025420241980177
84.47851669987864
129.326545547068
67.54368285208258
2.8735327377187243
-0.006767356152035219
-2.2427470355542005
-0.49959675050623575
-2.472710646891135
0.04820193339160167
0.020908404283611633
1.4071663549313382
15.48762332013187
1.5972993422987896
0.8261475907471952
1.9346558824788265
-0.438195726945956
-0.02434172615866369
-5.252285442385334
-54.35848858885385
-8.360309421679503
-29.75931810001259
-16.234624961134248
-0.02387057786720279
0.7798038915296347
3.2309027121725125
1.1142250027233467
-0.12403732183528052
0.10929316584593066
2.814757271306075
2.1150844854873463
4.6193709908007755e-5
-1.6417554182694538
-0.021231953702801034
4.39795157474638
43.431949493029045
31.55532554847141
136.99123679884178
221.38387081271688
134.1234940228564
178.58153886607025
185.5441829538008
10.139172693268884
3.8665731422828555
-13.136826499088567
-29.537122213566203
-3.5271480689514485
-6.950915367514356
-14.453494355414524
-68.06494371487234
-8.682247488042405
-4.270993777142443
-0.8065798970341456
0.02220983771916318
0.07949389130096014
-0.33244087567727404
-0.010404232607195397
-10.779540241134649
-2.64520587557275
-20.395066944612914
6.459045169011412
6.402077390167929
38.39566318590635
13.068528173163024
2.559040195528746
0.0636307280797148
0.5116866944439665
-0.003433845968016199
-0.20613713392076632
-63.19455596322005
-7.026848847388585
-9.81101418528041
-7.989216667098695
7.976467237140404
6.942338239769705
-0.01093301008934018
0.0078068260840663236
-16.03200495481574
-1.8489582481222009
0.45262331513070847
0.06809131932430934
4.484522754392592
0.0016403651560008344
-0.5212954241386598
-2.2471616006365522
-7.24865756835359
-0.07078439528423311
2.343060976322951e-7
0.032214281708477815
-0.0966009374138157
-5.4784636067492745
11.014354370143641
43.100505435543376
8.06015081323374
0.09164105387587852
8.68690569019625
14.893963188822534
13.841062067734452
4.22075692040492
5.457117521726749
41.02101491260817
4.140618083500368
0.7197174121133454
0.7094472554851367
0.9425193558674119
15.933845505077251
22.639383674610052
0.3081079515711179
9.431235864169011
25.780462914188256
3.3726418033576984
-13.300662055504617
-0.0019707488519591612
8.488886928184902
-0.04931437073489987
-1.058275085600973
1.3146313173541788
-9.45360037952597e-5
-0.7317193052731389
-5.440641025850366
-20.50359479920917
-42.01625162130274
-1.4456259274644114
-0.7618566213336914
-0.5736249693167841
-9.307143072106184
-13.374599420761742
7.110669832475781e-5
-22.289115618865967
-2.633091856136267
-0.0005824819534622186
2.310201389464248
6.8576832016173785
0.0008602821098287963
8.331205689198327
0.6372251682774954
4.854679655374116
0.638056067282657
0.7427353336381302
0.8867027898173344
-3.264235597325428
13.790601832567345
0.1609904909802912
-0.07735946872665184
4.814031513381485
0.1571799229248099
0.09415016175489939
-31.77510540264626
1.3320151186661549
-1.1054500879105622
-1.0036642844849706
-8.046071667086753
0.00011901556620631443
-0.19760485298011504
-0.7450988164967606
-13.233102956140254
-3.3552619937842585
1.65746042248428e-5
-0.020432598149574016
-2.9872088292616716
-0.05589634203697779
0.015525896869916221
10.796828666029239
2.1675129524236532e-5
0.9704108442840803
1.242353114802083
0.3249049708553952
44.666508032712485
6.753675890668382
-0.2920679921226094
-36.4138176019997
-1.8514012764835883
-0.5162079723056044
4.693530086959829
-8.47498795469574e-5
1.458236320386162
0.7755188121306275
-0.9524039091577265
-0.06609484760947539
-0.6290483970321726
0.09981827851985406
-0.06062510654487451
-1.4825768172884319e-5
0.005399504809300877
2.630489757783029
75.57601917194766
34.17752312078395
10.662799881916753
73.61316062639526
1.9279395897467264
2.4608016362348017
-3.62491516270552
-27.431252995336443
-30.507183690238797
-4.419900841697902
-24.647000260189518
-5.927115794103888
0.004860536836445726
4.638284193827669
0.19634809777208928
-29.725243607220172
8.183775946139162
97.9125189267275
46.14010101383329
1.3251245402690304
8.98655696242581
-13.099040244646394
-0.005052402971638101
1.4191976310935264
3.2099543811462894
4.369250668203283
20.744988536590398
8.844350204337486
54.77248782809349
17.395570127158223
35.02760434215764
4.4056079480907115
1.4277400584780058
-3.2380963380473027
-11.451718123257347
-17.548718773093608
-7.767805777958918
-9.633425253993773
-6.40977932728167
-27.112927236884072
-19.949988170645128
-3.9537073765048936
2.815069257015456e-6
-11.630991156557261
-26.36728658250341
-5.692993059230112
-0.3545173888290358
-0.07433206117947196
-0.48416213109469536
0.36627682752824997
3.5803162645893853
0.1162835794046228
0.5550554425002631
-4.957816538281452
-7.236061800133081
-24.182743835523333
-55.82878634110434
-38.31118262638526
-14.59865398794528
-11.613647058443872
-8.166455390643778
0.4392670042812224
1.5261868543580688
5.332912536442815
4.122492548946243
0.15881639958923693
-0.10192978280987326
-3.5988374044534734
0.008906510529788204
0.7303879857999204
13.293448827920386
15.180994031930156
-0.24037138235429253
-1.465249342040947
1.981519413769655
0.05837069896019307
-8.697890222703434
-3.428351551895096
-48.988622691948386
-52.51220299448612
-36.4054542675077
-0.13322346749885336
0.06843452747083262
0.024176360440891765
-0.0011739402933536082
-9.066430149783389e-5
0.41981120217117285
8.253451096977816
1.6936425452589121
27.53335640053738
91.82320804769802
31.0508502486703
1.172082233146704
3.5656005219214553
6.381063418415862
4.40422054323082
0.06386554074136842
0.033273291959114444
-41.42552837422934
-4.624328058647106
-1.437526596577234
-1.2686644742449402
-3.122348733475721
-4.406072033443765
-35.50702999379166
-8.967759898513565
-2.122883664945257
-0.1259302336194687
0.006261187352925091
-6.144862161558979
-11.765920112996199
-2.6882229685861407
0.18021576525359825
15.803090441619954
0.47251105638147256
0.19371669982096124
-2.014227932394182
-3.528672073590723
-5.30306160926372
-0.010138664741870846
-1.2809437594383526
9.806810529254466e-6
-1.6917427084973848
-1.5787788598753805
-0.0038343196471377484
0.9511709492542466
-0.003416428244628827
0.010855651790880397
4.7348172738277724e-5
-0.199238031062895
-0.4630134463801159
-81.35857329342484
-39.029736189290226
-68.37593484412533
-16.960688714357538
-1.4561491082994469
-2.5715183613609196
-4.413545437841547
-0.031858596836057976
-1.4707902904872299
-0.07479243551137583
0.32032396840038946
-0.10481972729009263
-0.38493750843359203
41.16531323912875
36.72706180677662
138.87420137011054
347.0566396406719
73.16153994642772
1.7817315440501993
-0.00041747513528386923
-4.705889074827768
0.0844113372163391
0.006385420814284645
1.2257278386865158
45.122888257656705
74.45871398410421
16.36815991392761
6.364903107779595
0.005283229455026234
4.86086080325422
0.06948086617899234
0.9124999090055911
9.581580777755034
47.910225059639025
65.77141125966739
123.6530002581119
69.76935459900957
51.81438429493719
42.22291335669549
63.94011279668954
58.05127044178016
14.992286157390376
2.1107201070827197
0.07609704905956631
0.06686286735681202
-0.37313395522546916
1.4448187073325385
0.418543670586337
36.61237727118169
15.955988243787196
72.2765395279882
117.1402143137312
75.41532777694285
22.981154316710224
2.449948505404552
-0.004908738028075269
-1.57603827401717
0.7604325546894978
-0.13410642623139749
-5.720940832983545
-1.292311852440481
-1.9120320808152025
-29.289660573842912
-0.44246985708991815
-42.700433509699785
-7.331247005034205
-0.01702866540824571
0.1578219000438493
1.8695937047232811
2.4154722193964386
0.03794478604747783
-41.67855346238659
-1.604554895647221
4.778793435777389e-5
-33.612047856360455
-39.06059401730147
-34.79688143955327
0.08550959855802479
3.6457649101894263
1.3302649140624214
-0.6777784796262909
-8.749452123637932
-9.315506660429598
-12.937795481302901
-10.027319354067894
-3.7024299043647644
-13.595804462708141
-7.717369200436476
-5.097098465409719
-2.1456622577699105
-1.4205890794245506
-0.1288691383204041
-3.354266420152897
-0.07821854172452453
2.5123758943893386
89.85058779179388
60.51875636614898
28.24121008772058
50.10415682009417
92.1798573829765
28.894266242245738
31.104797263595437
0.32347018709641057
-16.05925510530488
0.15984779261196988
1.1557729630745135
-0.3461733997245489
-0.23281960132495286
0.3237201435663059
-1.000369567942665
-1.9629651101393806
-0.3396751300949733
-0.8935938153205005
-0.0008676503538503544
-0.09831785003639679
0.183041902704061
5.305665698614796e-5
-0.47517757865698745
-1.6269778106662782
2.163660030621105
0.03949411399350356
-10.026380137048067
-0.429099697547925
-1.0847840716102357
1.5276547335755732
12.008972024376627
23.833059173505887
24.686289491447006
4.2651173133578935
19.50184825198392
8.187495646499572
0.66628524102919
-0.0010362240978588396
-5.8796676727359065
-1.202625903537699
-5.999311913669874
-0.005241971345455514
-28.37246304815542
-19.284306752415638
-20.18081461876733
-2.6931686643223816
-1.5030879276230291
-0.010293963196968669
-0.6610655130068211
5.05981326544554
14.557850559435863
7.549867260046715
0.2464543412129942
1.9021232644457065
-0.3294527834477065
0.4401444154148996
-32.42964253341739
-0.3001316688073743
-0.07972178547964329
-2.3421963228064264
1.795511137703112
0.6439289569567074
4.6049812059032424
-0.6955047526173604
-0.5654839533055909
0.16021655992479766
8.184218288637906
4.699903961705272
0.0011315829971660337
23.093848087477866
0.8499888233634583
3.7497506115194943
0.005834877743883646
-1.982129079552293
0.00038663694970824086
7.832769959439164
0.8442711407765603
0.6364316203218678
-0.02250903778791448
3.9586063116991976
-0.05440922705418471
0.250963133672062
0.8990791878309393
2.1533585568224627
1.053350252336954
-17.509127420550012
-74.71412395371718
-36.95610190385907
-6.456925488467465
-0.006987126544759525
-4.9683058081963996
0.17764421179548115
-30.497174632114167
-1.0347259099762345
-19.935295470592873
-0.18914307115862256
58.03204320773639
71.48173803398055
52.351682841275974
61.74297551880304
80.39962994964277
7.83202501372475
30.36247679862994
3.400640249749186
0.060166183607336166
-1.716075833570028
-0.11134913076016058
-0.20931788714028826
-7.888281258518398
-1.3381704642617586e-6
-0.8149885981350757
1.9057905409660267
-4.642242457658053
-30.62342678376884
-147.22473141290396
-165.5186063316354
-28.818309750619832
-3.383914068511784
0.4680524020130268
0.5419846227530181
0.003478577417793023
0.0832909513022018
2.237933978625916
-0.7367732194370779
-22.48931559005968
-4.6468633808306645
-1.343607882849308
-4.200352810946543
-0.4189260264532341
-2.6640723495201626
-3.0101533570535604
0.027463269086058808
0.24744156654888103
-9.3858347501392
-11.209436144909391
0.0010184677476386009
-1.259626998846917
-0.31621299516917156
-9.154202487901829
0.00971836901872206
0.011480134965428514
0.7159810342173952
-0.2728439008681925
4.229887371617157
1.9736481182686378
7.805921114015134
0.026447321075073082
-22.6070297079768
-15.56104058451742
-13.050763387853905
-1.3581821908921974
-0.04699028523620587
-0.04848864561711314
-16.995204464775043
-10.299142468180532
-41.0377242213729
6.740163022011252
8.405269388556727
1.0336522034667295
-0.021722112609915082
0.05517425931208739
-0.008553381801191074
-0.0006171676662742655
0.0339492281540018
0.0201381372675654
-2.3671701204357096
-0.2362126021112521
-12.074374164818307
-7.378987215976289
-0.06847772119813154
0.24919658890500995
0.007236758952041102
-0.0001721256114290982
0.08815010758233516
-5.734107320412689
-15.888924159691326
-0.1583256607776553
-12.024370682672991
-31.906634129085834
-8.215674174532413
-4.3301195057027595
0.37316411736495964
0.2314456458258312
-0.7241365593216148
-1.0429416425583364
0.05236871883510128
0.12644553319660937
13.781757109313473
52.37696569941542
43.55080048521966
75.7955659173399
9.962064685340934
65.9401319090793
10.460763695869346
4.181820053470462
60.16474765800992
176.610719072081
245.49607045914647
166.29535010059263
43.00188841941401
18.92671623282316
4.680538091454469
10.47921007624867
81.12592228310588
181.02555384001636
93.32816185816455
110.69938808908351
40.59797325569899
160.22647625377508
101.53121313918187
213.87706817689084
65.70354881468985
2.7878981038499893
10.790714302892102
7.58413442748236
0.35432003395673206
22.80443949369238
18.919552187650673
17.107510514054066
98.26297631507876
43.005073308710045
22.727933713742424
5.517173497566843
7.979369986139028
22.96638131533868
27.801171538262683
14.956017672863487
1.96698882473211
1.1157047667885736
14.548032116062831
8.327621539324735
0.26279128629306137
0.0004940804470747935
0.09519833223491762
3.0517608465846497
6.930073641079618
0.24114555631100984
-0.005814230296592064
-36.79931442185109
-1.4961921491499863
-0.022243131170629458
1.455745479725994
5.951516003855526
13.099361664342315
1.0310514908777653
-0.014256790937052819
-0.018749178530559924
0.3988412064673949
4.184060017124266
0.0003629302855362596
-1.3372601052893198
-0.0018645070058320116
-0.9643847883940281
-8.379883106281243
0.0020030895869374166
-0.0012143422933649077
-5.689785472824581
-7.626633097621977
-1.5593487955269092
1.6916238023519785
15.822224798164772
42.069349745306994
27.27836120907652
3.0652953127104423
-0.039534793510970154
-0.002201888767539186
-0.23597597018832264
-0.0064058911027094255
46.614887447114945
11.318747586978251
6.708676255732551
1.1059287619907243
4.095683600882643
3.326905436390044
1.2474576638503205
-0.04135895133179881
11.804734969860267
2.851527143013018
0.4473993451394146
5.43808250691536
61.40636312121565
22.923552460871306
-0.02849341473586166
0.638110287483371
-0.7382492523480746
3.142713124543294e-5
-0.6911067040243114
0.5198781273542489
-7.189727990244003
-0.03403465170483213
0.006211658936344674
2.4082311337146747
-0.0017309482590337959
2.0639470328502054
0.5470852415998636
3.2416493045638988
4.957800672059042
-0.5424419881138103
0.29827799627172497
-0.498612697752803
-1.420546970082104
-2.5578388976611905
-0.5804948152169288
-4.172704346592704
-6.01582281433855
-21.949643363718092
-6.665830308144643
-27.185722573388226
-0.17905329927946234
-0.004123856867502634
12.910190824553558
-0.03579376545092239
20.169446782261552
7.5100268950347715
1.8241210233904563
-0.1175784497469446
-14.092555314013827
-0.019541268948741388
-5.76905468361023
0.06231942039146909
-41.729582623868495
-23.94897573273612
-50.35493265883334
-54.01178583222143
-76.46942136702316
-54.03618150031215
-3.2255390351128437
-0.04082812184820464
-0.4583926362448464
-24.011505088405336
-65.53114008831243
-38.62897449134643
-0.10221000438296518
0.03332402764604576
0.00010998701280371112
0.002449266560438622
1.9045624357555593
5.251089455780664
0.04133823990917191
-0.9159786246170482
-0.6796183007094612
-43.54439227891406
-0.1598270013798145
-1.956588265986548
-0.9524267520339549
-6.2815574211042104
-6.9054284905789345
-61.00235554041661
-20.14054945997533
-1.6848920041313387
-15.461834157795229
-46.75474597615049
-3.615826326474011
-45.61680120043888
7.168485329980801e-5
0.10247406347521852
0.021121558596231892
0.004724727961449529
-0.042655920106758
-23.003507212625617
-4.338483036252098
0.410794944601982
3.175859499509114
20.469656811975355
2.2940362875167275
1.175432595494014
-1.0502407991210578
0.016179978425744503
-7.7212428319175554
-0.0947611486799395
-0.19383543590759378
-9.37528801444467
0.11231038120492076
9.468881003968106
-0.20489053140054186
-0.8561307942494238
0.6167601573977151
0.5440980019349876
0.2501409835540933
0.7600200586150884
14.737256500106287
3.7628730483012736
0.3762368699166524
8.790249039882175
-0.06463547559667512
-0.015570453942945029
-0.8632283724095312
-0.16120652381125966
-1.5855644910680715
-9.020261192463934e-5
-1.5841881187511286
0.13198456302969128
51.76601534012837
-0.0033458601714764823
-2.4988334044234937
-0.3020059491072167
-2.8175517985571563
-13.252409162029203
-9.976448812825258e-7
0.3251693074168342
-0.8068290678362453
0.031226918289975907
0.21316120970451125
0.10573404114836979
-1.8795759456358865
-0.10816867992040917
-1.4307225577460347
-1.2256283286048208
-0.7305844567270211
-2.0686135186727097
-1.8994684710979053
1.4670469981463876
-0.04438301321818719
-0.016562102417476358
8.117482669789244e-6
0.2982457142549382
1.893308448783219
7.394828695924457
9.488879911723647
0.48321079646344767
0.0003831733499084553
0.41676912809820615
6.528337511444536
-0.3718660344697823
0.6314887790944975
-12.61214438433271
-0.33388220024722054
0.964723936075386
107.0820121495824
62.87827355385666
16.2616028194226
2.942734218392332
9.01041405842217
0.07414936124849111
3.661413980534942
10.389166373836346
14.25189838779853
2.219806597093272
4.180340985043509
3.6101074603743744
24.905929229803508
60.38824950774601
6.076583182609574
2.677643681305473
5.280020432213816
69.89522516479092
8.826534468118446e-15
-2.2454871800083605
-3.109094431754462
-1.672825643883832
-0.17735056138671879
12.119091277540958
0.10627032486104443
-0.70485019356754
0.10126487294978542
1.159762735900267
0.0476922194653304
14.169252915892677
17.175048609009426
0.07174179462149352
9.358523115328154
32.703775227314665
5.385309190234955
0.5786435666962174
63.085412532330835
39.08591099709766
12.102255578436642
10.314281833588709
42.108025806910604
35.32881687821016
5.94969315704017
9.24667770209405
19.8121538867186
95.2105730908553
85.28216037256873
83.72258108697105
79.2848441635993
131.20246005157173
2.073885021682719
-4.106991575480951
-11.76227409317314
-0.3273937459436283
1.6152204048841077
1.0322071507607422
24.294344104440338
-2.5293882558630076
-0.786914304984507
-13.766891696984786
-0.6754025332162544
-0.038643841722442666
-0.2836298056352061
3.230499516721603
6.1856764748480595
1.7940630750093074
6.725112909932638
5.484421715679075
53.05264538330125
10.339437673211984
90.60260816188443
57.524871918311504
9.864125791621108
-0.3930334679337504
-27.339125146939523
-13.912744931123603
-68.59889852170245
0.0020079323004703474
0.03329823338317787
-0.019685796176562298
6.526550534790075e-6
-2.854961234892712
3.2917800439450384
-0.08924352866896426
-2.7913271090176863
-1.5489247995963085
-23.793626195591667
-9.767733661707032
-0.013025768789631976
-0.00020805399443552127
-0.005019449935198383
-2.346568722610128
-2.767064982521563
-0.49589130065657117
-2.631063920503356
-9.23181943577033
-0.0019067229244796014
-44.20931232522668
-3.2485046390700307
-2.285392801773585
-0.04972294727737193
-22.50022564061353
-20.11281743695098
-50.115171305475755
-0.6385756195342962
-0.07473823541170888
-0.979959306853734
-0.047265545953842865
6.197529851439252
1.5452070307217969
-12.509675850619796
-4.124969024965733
-20.873758304656363
-4.738979048223256
-10.306551847187833
-12.717938380456957
-0.8162995155465651
-13.93858210319911
-1.0787083775234145
-8.454957342504798
-11.372124171733002
-11.68026394527252
0.6341369766547297
-0.281996961733774
-14.883006207533473
0.00030915340741741014
1.0654117465762585
19.98271780087824
0.020709140691868872
0.32176899086935834
-0.13780140559635906
-0.4464960000491088
-1.1320002753007155
-0.1721305754391439
0.00762570715676388
-0.04988892998689333
-0.2543140583969275
0.4175351213361154
-1.0492033830065233
-5.995145328903669
-4.954977223780172
-12.47270561148268
-25.480569411364637
-12.514962548731912
-10.439678562923206
-10.848896294143499
-0.12809313369149072
0.006243615968071168
0.6920947583990948
0.12487107732575979
0.011200197964289206
0.001973824846317222
0.022677438815177278
0.09274987565351493
5.108333866882084
44.358963036619166
28.855545982408383
39.340483686781056
44.1369380393191
0.40575916762348824
41.98435953879094
4.352234573023745
3.62432359327721
0.4888836627576577
1.2119302766923963
4.810495519154649
7.750703493782885
13.313989452026373
0.9970432186962505
-0.7309908911648876
0.02197544145047096
7.263653375207401
4.146491429398218
24.153373637019257
5.325826519659649
21.154341519426907
4.254706828548529
31.95965329485212
35.097490382818165
115.49091061145296
67.89155523615526
2.5031084043193035
0.023395716509296886
-0.48653946565659295
-12.445202575660234
-21.03232990869138
-33.71983427384519
-19.87471748188135
-12.303051891320722
-0.5282508551111635
-1.3740479995221961
-0.010301408999917125
-16.884927344606783
-51.81325305242663
0.002421352938736403
-0.0010835742065919177
-1.4729470386829147
1.5355887880328035e-5
-1.7223781900507695
3.0011235157596463
0.5935421369942189
32.68956448948528
48.150644811754084
-1.5705397374140049
6.766081790222671
1.0796112328142928
-12.137285029099942
-11.925189181469735
3.7859152445480056e-6
-0.11916103134541246
54.27830642280235
1.035065369405376
3.8314232480978103
0.22437807781541905
-3.3171414546605025
-9.376497694404728
-35.000550161700325
-29.52164638504214
-17.0149626824104
-0.17517381099858628
-29.711928380467427
-10.202796339660738
-67.80170030734263
-5.046429302620975
-7.197210631420371
-11.942079642608393
-3.8913760735996226
-1.5614066054922681e-6
0.00427142542924785
-0.5482807822408228
3.1206707166314214
1.0975318998157566
27.76256169987281
13.050178695927634
-0.5409440939540376
-1.9057861858131482
-0.5365110708038195
-1.1006209214791884
-0.007887975215648425
-0.46414838604913927
-0.6202241845947425
-0.291966582122219
-5.623240280615282
-8.487925820937999
-11.15034602215361
-8.247274621725069
-17.799860173404227
-0.7681215075151219
3.423939222234693
-11.267431259392263
-0.19958154445542164
-0.12246263482160885
-0.007859979753006062
-1.491913696554198e-10
0.010642418394563305
5.349281243873336
1.679314472110585
5.334590800114153
14.000395730346678
140.91709381930784
57.75611171173759
