-0.18115508227396465
-13.312021206890813
-24.876980784977796
-1.0806371496434357
-32.89977076479368
-34.451548554584505
-2.3535103175623577
7.264136354845305e-6
44.07456672291834
-0.16482958283396568
-6.7535314870733565
-0.038043925238126004
-0.48265324656417374
-4.208361694503701
-4.758558957726698
-0.2259441849535586
-0.027296104748673458
2.0951023424875306
0.6085824882003057
-1.0874278230551102
-74.66370958846645
-46.68116180969332
-20.4719433016427
-12.445506427133397
-0.25353941447374817
-68.48640081162759
-28.77084974218897
-0.4380915787506595
-5.226331379908454
0.0005686365150899782
-0.0063184577090119425
0.41894406872802964
1.3507978186388432
0.00019708061282446305
-11.997204993555274
-7.098080079379111
-0.032879996436170546
0.9791200628818489
-6.7957716214108555e-6
-1.3861184303186853
2.209931908122304
6.22560673052705
4.347918531265625
0.8094794846840431
13.166367390393768
1.9052247007676593
0.024009815531402596
0.6261723352853067
21.27527488200996
9.43687820569292
5.066854235303411
26.37507150735064
16.44083392391739
3.1702994200848456
0.8225529693886711
-1.1598259949248073
-42.1390270636052
-4.3576163263705245
0.007668139415349893
-0.0031322185088691855
3.7107722719294567
-0.7000737616984746
1.9878901038710683
-31.81133585694296
0.12117767402453952
0.05636532310453233
0.10538084120078546
2.378523055569488e-7
-5.672417864745178
0.005006531444793136
-25.554306865312117
-11.617923332826425
-31.939551063864087
-91.05947229359826
-1.2502557742831601
-5.731537503359154
-0.9426680626148848
-8.606760504748008
-31.064502852575867
-32.82878122835407
-14.753274865290221
-74.92033625921931
-15.468247338712198
-45.14387154678996
-0.876207151462255
-8.272129459282818
0.001195674184500111
-0.006857606239528734
-74.64486342814173
-94.48131499668078
-6.784490090733823
-7.166222199229094
0.0796897130625219
-9.830398166361972
-9.91244678612599
-1.1909491288987772
-2.2503517575878416
-0.35782183339323403
-5.1591364568332105
-0.060568526061093
-13.140373991124248
-27.629435642737207
-28.889705987005474
0.0018934205285292458
-0.8115816120537033
1.7231524070998692
-2.3904712686720475
-0.18114792022865717
-3.63038368773595
4.652405553292804
6.7843361125117205
41.58320119975091
29.061684505777453
49.177958924100224
6.603574539415338
0.9650558374309367
0.0392708390509596
-13.936682881012468
-22.25038066953014
-2.250928945881851
-0.05263663209055734
-10.077746771873457
0.0011501216495942229
10.116393643899514
74.43386476529263
112.69635056766414
0.6020148153528935
-8.62541067391495
-11.378656960215714
-3.6846089694134276
9.185770962074713
4.7160455418067375
4.2170749351606105
9.542811668465355
0.46257113679285894
0.0014139854459298213
-14.683124042605604
0.33399553876964316
3.5302408868000708
0.13372373381516917
4.320468594092852
1.6342031704802515
-0.8877663746620843
-12.657864539863931
-10.338184058500014
-8.506153484727497
-1.1623161751631812
0.05912691307513111
-1.3778174149019002
-0.2240396162040251
-0.05814508167010983
-12.479148391760894
-24.779139482783684
-15.885811285951393
-9.3969889559629
-23.205441004961283
-3.435036698292789
-1.034384305558784e-6
-0.6019775299505711
-5.389967622163335
-0.24382942851597925
-2.056861498996446
-1.0260903257579206
-0.08860867341132748
-4.272663387734413
-0.5643617162395084
-60.283991399407086
-4.873940830277365
0.3900250549363189
0.7908176126186692
4.587903046589256
1.2416357038248598
0.11054680891556498
-0.051414753942294895
-0.18920961013546675
0.6653401187745884
17.011225087552855
0.1426576395440041
-3.0781121850007884
-0.11536592836170562
-0.005376695118875543
-5.465357157228774
-4.279667942786554
-20.372296787057106
-60.490856194869146
-0.031835841883544796
-2.5049262671451933
-0.5782795949591365
-2.7555362290973444
-3.9936731293801064
-10.403701202471638
-3.5569896871989006
-6.633648369875437
-11.494178676622795
-0.8063012796140644
0.8839384440786998
-0.21072168252494242
-1.0996652202573218
-0.7727041462277181
-24.50987519869256
-29.695608470049237
-2.8754411474595796
-0.9397572581456919
3.7499513645097915
-0.8469068205988163
0.6909686510233772
0.007699173402555153
-9.705810892972451
-14.078290008345357
-61.80346809753374
-7.560560513912597
-11.311857682939129
-3.0469698907851606
0.16256679959117784
49.414849338051106
-3.601934635983368e-5
0.517363771387766
-0.035779069720874024
-1.3058734770024332
-10.33662831913919
-26.95886266047417
-0.014212245992041595
0.30266422325765985
11.155174934937579
1.9507136881052223
11.09089305082934
46.979155961467534
5.499373948898487
0.14706955071766925
-0.002085400988985505
-0.05465452178829408
-0.6803824662811884
-10.597149948636066
-34.201300416600795
-6.2601261485751305
-14.60101358611879
-0.024379557231067644
-0.07560789392592537
1.4237479380119307
-6.462281072588172
0.2093269401018666
0.33965701751205
0.0003906753908137758
0.8157767297185253
-5.627241192674721
-0.008342484412338036
0.017665995358056567
23.764159500667283
1.0090976855418063e-5
-0.6244118009490189
-78.6362447580827
-31.8914320241674
-55.908014558807714
-20.360223048330752
-45.647832605169164
-7.317166371647574
-1.563698763843376
2.3776982044903425
9.737849537320622e-5
-0.24713359541503102
1.3856120012752935
-7.014121169268274
-28.345285712923157
-35.33008354632553
-17.474516468872327
-22.894157466505863
-0.0008701756769904421
2.146164877464886e-8
0.007167806518433368
-0.06320465838520466
-0.6430373996713479
-1.5458353495078443
-12.162008513877364
-12.997371850780302
-5.614262614752937
-15.101351050635099
-0.47373512444643756
-8.525699613514396
-0.01620272790050618
-0.9891527785650573
16.11161389615258
0.353927013970773
11.075635326765141
5.290829343327979
100.32412003967899
103.41832469213209
28.63430928573196
0.006529355741735537
-0.21304993611976308
-0.7975690655111487
-26.236158392536108
-14.490102444312965
0.017385669571900055
-44.61360126983468
-65.24072489435441
-26.175586700531845
-20.331877444848665
-12.555935676788462
-8.712676983832967
-0.35091250869651763
-0.05864251061467276
-0.9495456820270926
-29.0518036588432
-9.79411291636952
-12.929375251840689
-8.118225447046017
-18.820787918665506
-129.5152981659378
-30.92691193160907
-0.3321538103045159
-0.6419643971629664
0.1469977689020186
-2.9487166240234877
-0.09196397448749637
-0.47746959617664547
-1.4507013343053214
-0.08751019207195931
-0.07628496211052992
0.011889682395329561
-2.1278272923113337
-1.2444467916414796
-1.1803513258399736
-0.20010338161202762
17.644882711740458
16.53693743158474
0.6542048211615652
11.954885254567792
8.773516543242824
11.417633266317996
1.0220371069851653
0.22067802192976674
-4.53824631440704
0.00013189643725679774
0.9463135679567055
23.067231983530363
0.25215534913752263
-0.056998838770049846
12.884969362801334
16.1620887873078
2.094364406585884
-0.0023228051558249188
0.2623900180950886
-28.12846399566885
-2.508399564214577
-17.03370040281978
-3.2112138462485667
-9.909648017845115
-0.7232122319514328
-4.162726506701197
-0.05364169675027114
-0.07375911279945324
18.596616232500992
1.088061799093781
0.6918992288756911
-0.03989711237852389
-0.12787932071348387
-0.19168557734454417
23.842919275149505
0.012990493211180273
-0.17624357424019332
-10.457652608437668
-1.510045932090071
-0.03077011438401301
-15.223134678771144
-49.71567765958028
-48.14707079132119
-22.298399401315308
-1.4598459703399549e-6
-0.3980653277037114
-0.0006576043156498472
0.01282954712384967
2.341043942003335
2.4437095501277786
48.175691123297455
48.15584428822529
133.48303763355068
18.53641093986504
1.7245602680420986
0.14766510666381652
27.389596377998295
10.472111375410883
25.262108159567386
57.79331993877067
117.67075389884774
221.72192728438696
98.22299427241785
4.218747628131302
1.4830251500946077
-0.011643299160566573
0.2048717304428172
3.749238089006514
0.34115866683621693
10.416386131901135
52.82016223850122
26.9523414900778
3.4072254069921066
-6.685968900892746
-7.017097914499674
-4.027632747362585
0.004948414887209592
-0.028249879737489998
0.15067968498060377
-0.026444965192462255
-3.0983744565084126
-1.2269788574087956
-2.4315859923781
-0.11276468066036162
2.1029515004012416e-5
-4.1704918089317555
-7.124112165762731
-0.701402058186699
-0.027166047408534403
0.07082748439813986
27.790570419079685
107.51586314170753
0.1468371387675847
14.810699257564083
23.971886342811363
33.30961135565286
36.77682848572983
49.16605619719816
117.53267706558253
76.79364926172747
27.796949249132823
12.155961059635095
20.601205703471596
6.609663741194628
12.670971808004554
3.341476242251774
97.86455546094025
149.59450889464875
55.25711332386577
4.08230390916702
49.08493998408448
9.406160447718808
2.306511057797705
10.02107482143606
7.520686791658203
85.96080567145914
0.2852990126115059
0.0003430922829312763
-0.003416172140147833
0.1377310878408758
-7.005972634143859
-1.4378071888757946
-0.04725451767208539
3.8203120593908326
0.022830298509186497
-10.162702188387353
-0.5473645038048114
-0.6281694677140648
1.6161754984926098
0.0023049666371423375
1.2752184364717933
-0.200209722892275
0.4998686910377058
7.750338111781405
1.4227583019264867
0.23317573169506628
-0.6024786573812313
-39.67246854153522
-0.09032566023027944
-0.8287316142424132
-3.1517913102016384e-6
14.2004305741433
13.12831151816634
18.46987158059024
13.509035904975839
103.73078623253113
22.27485045792717
93.53574959096639
102.09004977942924
30.897490825038076
19.686084148734416
6.598341412734986
0.04996636485747747
1.3680474252403538
1.1997575023895155
-0.80741281969875
-4.285787441781547
-15.25838738081971
-75.32332443564671
-26.842259115029552
-25.15157735516535
0.1513617967092724
10.677058631922796
16.180318184428458
123.82326952410612
200.15848510445045
0.9282256183395658
-0.019000717187889156
11.03984135157806
0.08374073627940684
-1.3562178228702069
0.030472990423612227
0.7765908731556483
14.832632215372033
2.1252858721086163
5.9877389652060735
0.6728165183849893
0.4303636555458139
-4.22876837409497
-2.736110628882232
-18.57086416979003
-0.5372155610599152
-0.05580308933470348
2.2043641727585674
-0.15770247402781593
5.46165447017319
7.5456082504892175
6.583791601294986
17.52085203257775
3.3292724198605317
0.06789754926417384
-0.006228221000412872
-1.3331193657161693
-4.0062707440375
44.277402421511695
1.0996285629568294
13.438897514269028
4.927558222009452
5.729535165870706
2.9861741291682393
-3.6737942462578355
-4.9638997173166794
-1.3705325009823763
-0.6857945548658458
-0.6882201851157479
4.1754633559277705
0.08948437355540889
0.2699974582588245
10.092492516555664
7.026473566333423
23.020553205896828
90.49612961328282
79.27272480419168
78.67551544158279
10.553602699282253
2.974383314416996
0.6586755090464385
-0.017633660948866578
3.677290697066831e-5
14.470201972601751
0.06760828998433607
-1.233923421172731
0.13752331193462258
0.9391767721453314
-1.3272619835131665
-0.40095640166727275
0.008670136808535386
-3.199908616649303
-2.531531889396788
-2.4054650458716913
0.41618959585286414
-2.7484493664617067
-9.147579455002916
3.607237803540852
0.23749693130288715
0.3564043598833414
0.01628504523576595
0.3709837156809361
0.010193430571054813
-1.1571980134999826
-5.393588982702468
-0.2989487986278536
-4.097611239542124
-10.313306978995465
-0.32306948882312886
-9.060740883990432
-1.6951782230044574
0.7631712086195935
10.193789856303985
46.9503173242566
19.673113960322773
20.042425880836777
61.13113092708309
34.24717408561595
36.562683513333575
17.945658160215014
1.8294284571928
7.0071387670819405
1.3703405436358695
2.588070669621913
0.1974851930640421
-2.063383902601335
-2.09978067228604
-24.225705675372094
-87.99194902621652
-10.125372103407752
-54.11172857294617
-4.014365114009312
-0.06921777456429525
-1.4707587235713955
-0.15569527366459057
-7.2825160320795295
-2.4762817678914995
0.09752060310138709
-4.391823539910826
-8.082869441342359
-33.474751742189284
-0.04478174777645857
-7.4716781688928355
-6.0844405220271165
-1.452992130661485
-8.090829622231656
-0.12880995120931985
0.3841805380656579
0.0005857706724615387
-14.347233035837393
-1.3766674982789693
-7.32305587969249e-5
0.0003648413610696518
-0.3331209905772237
-0.49853759818590565
-19.1028286408745
-48.16426813535477
-13.69117202855842
-0.4428265832519745
-0.05284498773347368
-3.3023963522498647
-3.7722465966587384
-2.452137040036738
-46.077587992395436
-4.733079692976292
-11.729070268634334
-2.5136630357194916
-1.3516167735298479
0.010230964457423927
-0.3381629023532248
-0.011291359087600658
-8.014169439943835
-21.243711087385446
-4.983653102101302
-3.8009945121246047
-0.00460376642286903
-7.31547570126668
-0.04367371106251403
5.7982620611236773e-5
-0.8790618720792321
-0.725778124824145
1.1203442103481032
0.01988687888167608
-14.310402441873814
-5.400203858926246
-2.6196272055772205
-12.191688039227396
-0.21057968965522217
-9.934914445928188
-0.02092153119431203
10.056247096704505
39.07051398357533
46.473549955574526
0.0001900216857158387
-26.07173987475225
-28.886663279290232
-0.015435520689055545
0.00020496898883078663
-1.4304335499957315
-13.440348507209277
-62.91977917938389
-21.218439931408227
-25.255929033906746
-57.35543120015685
-0.14470730355982642
-34.92584435830694
-20.64592300877189
-30.900181033024804
-5.460715851927719
-17.96911560944612
0.005004949648136129
1.713344570391372
3.7524637627125643
2.5716100893830993
0.4523100296089998
34.525453166911795
24.36160830279288
0.1372281242892013
-3.113445186918069
-9.529824792170608e-6
0.21035064127141362
26.54711072981826
8.543488521268076
5.069175122315965
0.04237192658943913
1.9293981165847995
55.02442828866975
41.44238319979185
15.094799931453071
27.914192903160565
76.82040885618805
67.60436697700258
41.205864701681016
85.91816741082495
39.632962972066714
0.0022950993759104335
-6.6931764033548475
-55.09457054083879
-3.7856327840364976
-9.587955898142704
-24.547993609228485
-28.915919199143257
0.047119871870366856
-0.038394480691208065
-0.009631580558139374
0.21380337177390107
1.0261876542876065
12.236418040867616
30.908445005884438
2.037373400273231
40.43648134237198
38.48101182396232
2.764113502359054
37.47695279109671
7.832068679924172
1.8349105648021218
0.09077159687355257
43.219043744186784
5.13962906429653
0.28333292317371456
2.8487752596715836
13.560428527093853
5.058305741078468
6.862648770698219
0.11100054709737744
0.0013875454827563978
-0.013348044666064185
-0.00048766211997883273
-14.531090025197212
-33.294283857245176
-56.155736147079296
-5.099876357098953
-0.036323849150721614
5.704956696181385
4.727900082638518
0.36849682370073195
1.8725493216203088
62.11584094138547
3.6923650776589634
24.282544163030977
8.57541889874535
10.339014875303873
7.163776878010423
-0.030954255135332752
-0.0003115213494021679
-2.9652230096499075
4.127376684950153
0.0002120126046007081
4.424864301697077
115.63888003468313
169.8218088083888
80.97563142613198
-3.096869094528785e-6
1.5782140054872549
17.319629907626272
17.579370523589393
0.25818583594074346
0.04742046781794285
-2.130054357529126
-1.904443013447683
-16.875186821314113
-27.794644014818356
-9.054471918902706
-34.69178025845131
-36.393895587599694
-12.333524803243009
-0.41045274123446873
-27.87219412595318
-4.3432125091757845
-0.25490124605321285
0.5075848256696912
17.88786613501533
0.6842858566008616
-0.13002409055939884
-0.44880158381829843
1.2616510454569183
0.850307771911466
-0.08408923479590431
-2.6820400645930834e-5
-1.3451056179062713
-7.882266096856106
-82.76883092067023
-175.45496637792084
-42.71173917220095
-33.80829890374148
0.0015638642234923677
-1.324664205802513
-9.721167352749443
-7.5310926959391224
-32.313914607450364
-1.011052252542775
-9.138070070704389
-56.23697407974136
-0.03201191236280143
-27.689085380307485
-83.30862062886354
-18.936682691960083
-22.06906364551304
-11.01337877447065
-18.864776783788656
-2.0295887556823704
-4.991359526257746
-17.66270034503393
-6.453011516836052
-1.7270427297204283
0.03462888270690988
9.771556393777592
14.460437849712566
19.125668242552823
0.5030408070562674
10.785356655480618
0.362246718102802
-0.0019312358912887489
-0.0014207082991652767
-0.0323747904742391
0.16850857890293386
-0.019932015813277356
-20.272762595848263
-38.88597802034619
-38.583547620802655
-2.248955133950133
-10.862537074450563
-35.8214655767883
-18.46672106028114
-25.69050867160322
-0.07817864636431239
-0.0007698091515715091
1.9285236533120946
0.21801384800001739
-0.2506010066731031
-7.981262441383743e-7
-0.4384722031543851
-1.0834925651003684
-7.6233944882776195
-26.603145612463777
-14.262059224074582
-2.3426431222321367
-1.5091514028042614
-3.7228317253041334
-0.4727076527123282
0.9444217963582664
-1.0916704723227637
-9.957589622310845
-1.394576999982125
6.829115120408334e-7
1.4801765737715369
3.819671994213947
0.05863401899231285
-0.0424916611485795
-3.0018357716520225
0.2857857359028376
10.78582210532224
56.47774541181384
38.3612744750347
84.15595071591481
114.83580354220393
106.41317893590154
284.3142384133454
350.62649789542303
203.79797486064967
119.98622703137676
39.72733597325709
113.27715997122841
95.2417039559757
75.44314035259234
247.77260300884691
316.33019675859146
132.20679455245465
50.16742325121651
52.35407884882342
64.08997485241267
145.5703497891676
92.92223177599041
39.62431093154268
8.306002831957276
13.65765931401299
17.148241963109925
57.553684775332925
96.69782084168017
114.36345286525167
133.67096696239912
33.35005661823468
16.300413054923418
82.82182376843855
58.391497104244365
99.36463701754013
159.50615323360694
220.06178274877553
220.94402455860643
370.42962107519713
214.34758687014687
136.57464575850878
277.87694353994834
325.74713754300865
402.9206679196871
637.756584340591
579.2492017339385
450.8148783183146
450.98704360985727
261.3689474398327
245.86408973867026
145.32969362237063
247.89818042318876
427.19090514198433
528.7315269595211
269.48248651515536
183.09737103117368
206.80147701244852
169.02853546226714
128.31162567416393
4.225838245084916
1.5110771749572685
1.7518142276545534
10.175974670201795
12.641176573958765
1.9913265422040287
0.003482102940962754
2.2276878045818154
0.19816379133567902
1.0139821923261265
-0.024855599987369123
-21.103479811237143
-30.19637350546431
-38.1805276414085
-33.1324926509552
-12.834354435796069
-0.002236813318256295
-1.8548896238239776
-0.7663993959564951
-0.0008765084109421799
-1.2829836514716948
-13.508197755191388
-11.230657128152368
-0.4029696549461434
3.7879719282353466
-8.53357060926659
-10.076523440362395
0.00027980450834949394
5.418996196296227
0.00455678760979033
7.897755396366193
0.032130895403603414
-0.04213806342083272
-0.30260486558948035
-4.369176064747303
-42.082496675061336
-0.7279122475462021
-3.0599595758468805
6.332595983146437
4.498481822005667
20.223553697509733
-0.0004614855230607932
0.001953441125206989
0.015687102695696592
-22.199781726317532
-4.641530314804351
-0.047683296053911924
-4.356941212440909
-9.684989810481225
-19.427653869970285
-2.6165948309740186
-0.057193149790930764
-0.4702793214628911
6.668923071501483
47.967663520128255
30.715630060918535
55.24030843907999
35.139315392901096
-4.489381165372421
14.987895123991926
88.22880059006529
38.07214777732085
0.8447930981623546
5.411943435144826
0.0545855343960994
0.050215056532476265
1.139581589426944
73.994838048149
231.74976823472954
49.39778019002853
1.4107667634004233
3.528027718795467
1.4331778087163465
-0.00034463313746160433
0.026649130823330154
1.8534080472147842
-18.37415764477085
-4.068461663865372
-6.58610560569713
-9.38118512870491
-93.40995025185929
-2.460174414627643
-0.9436114867979696
8.832336146320902e-6
-12.658312909757951
0.18487507631018948
0.08872488753491092
5.371576055029888
2.0029472123540693
-2.8720066123093195
55.212181691443156
4.65985269704895
0.6162305361787228
-2.020042991560749
0.06949717514111338
-0.24152947697920918
-1.4176226571708197
-9.043480062617594
-44.378934605262295
-22.907106481143433
-70.05888528941358
-11.54086278606876
-20.741364340321475
-5.953692980198356
-3.1556580754716017
-0.5719587262113577
-0.3098795670041743
-0.4977258864866401
0.0004919182239987581
-1.7416383914876403
-0.3606551895459527
0.4932113102797309
10.87816979906668
-0.3096355759969205
3.3134367184694296
-0.19643929149683145
-13.784930275104616
2.3581649322310203
4.0925253053025
-0.4042509987352783
-6.355479209433726
-71.32310468474368
-39.18127667440585
-19.44450416990318
-4.388908782264924
-0.6170962709387916
-2.9634173551422696
0.39378634099248777
3.6823834688111585
0.7122556428792834
-0.29020402871021106
0.08479101089212415
-6.835352960208732
-30.63651425049582
-5.007280959730992
-1.233651526938443
-19.907504366124783
-3.220565251684373
0.004199205952483706
-3.035437450649504
-0.7181667109233779
0.016758518358340996
-0.00121323995096239
-10.010437424609052
-19.492574515951542
-55.55971675059835
-76.17763867074652
-80.3396136324529
-18.642108456211563
-0.40990870508018434
-16.966675000208117
-0.9401033603694066
7.119922607735372e-7
1.615925520121082e-6
7.052440622719216
49.70951520715496
5.846954752963295
26.226059452181293
13.166371700013327
0.3019605161202055
1.005893663352198e-7
-4.6156287556696174e-8
0.062271202570171845
0.7224061717554981
-0.005769082047406896
-4.623234727437731
-9.026164491826094
-3.5694288924957482
-0.4400787093534679
-4.187393882134965
0.0533877444501201
1.8825028948332643
7.846505495501385
-0.19851265409136787
-0.07126893800839189
2.9695803619878207
30.35822399323962
41.39915859826541
1.6309320301346568
-4.890130788966017
5.42101809007755
0.7255373970617209
-11.993599487247538
-2.561242526302387
-33.083880944081336
-15.991278395433355
-75.77513488286726
-79.23008814433241
-20.063368790417545
-26.85192090796364
-7.169991220239096
0.06520563007730333
4.106553071515055
28.49105195334267
3.8946489258096695
22.302184225216905
69.74345291147645
8.629247818089626
0.0013507019340801775
-10.049589749573308
-9.740009661267425
-0.41684573145347276
0.08770608726887717
0.7524983909271458
2.6912432913631776
8.269360234139988
-3.69252986835029
-0.2171055974138695
-0.45096233280028025
-2.0797953447464583
-0.006522239642599038
-1.8178963766112435
-4.042394345606444
3.1315934307442372
0.00018593771346769782
0.11768131422757867
0.00010345471085377003
2.3009871281200233e-6
0.42471149881223236
0.0993427489258803
3.2911750765665038
9.768724337687782
-4.9943180716389595
0.004931591010824206
-1.824548913000276
-13.003749327759557
-0.048430094333872686
0.07326625455990733
-1.7435866236774635
-6.394819840628919
-1.6043146660469525
-1.1741255325777182
-32.605421492395806
-88.09064213131347
-19.178593242098597
-65.93625569768089
-3.927495525481037
1.6162821860062135
0.5658988510906133
0.1670474957526586
-2.091979388860325e-5
0.4245769815027371
0.008336387231940936
-3.017432837641154
1.351658634630145
4.065445491264307
2.4267544669112797
1.461843621523275
15.582443195970917
-0.1669133643271842
-0.0001577144574848599
-0.29006306240421775
-0.49656964757149197
0.8588800323151133
1.223416371175551
-0.022094449868694035
-12.850916343215198
-0.3054810271671069
0.00019547121462025466
2.166119671064209
2.8398008217817337
0.0013998381633900869
1.5385019294470568
0.29577335962467755
2.4988733780171684
26.094459874860664
0.8909536686625813
-0.3674642723320996
-7.243642989957255
-0.0003386994825832
-1.2499917995578642
0.02210437615845221
-0.5869481753340938
-68.79893603414544
-23.007914798780114
-13.825176650260012
-14.118479704539144
-26.40560486933642
-23.209965971241665
-60.52943063607973
-3.609272042621913
-1.2852059579664283
-0.11751742542588714
0.0477001722473817
39.11732506294774
40.89376599557228
72.6434557525642
6.48261557880139
1.3810089695936687
18.943466467191538
9.985592353068842
40.30628748972672
0.20758973804587766
1.598419184793652
-9.726378528312797
-46.81094253270097
-8.906595968977568
-1.4269858390572052
-2.28894811917329
-13.961268102461878
0.0008399540132803385
1.4977642815134985e-6
3.352953051900635
-1.6351405609141474
-0.02221642241766675
0.10325313023463494
0.16040844188130343
0.04477110367078193
10.459804814035852
12.214919112791442
77.15404066546289
25.33352028797517
4.286733644875059
10.544000983218366
116.371866504554
55.07053166363918
323.6224496223274
191.2077827162182
69.57230651057755
75.37422012590355
126.86065169513947
42.322957164103684
114.74189428864204
102.90224817146023
60.57174498517049
40.53211431272388
45.094979229511516
11.333940427815204
12.224395141811375
0.38334775659106474
7.440996218151535
8.646131141977662
15.800640979375048
22.41629401643705
-0.10223692795443362
-10.752039239498012
-25.92113700093819
-37.67307597753242
-0.903114947357999
-2.6560298648531986
-13.186589763670854
-1.0300617949703876
-7.456498859079772
-2.1049152223646037
-0.39248608260707796
-0.2016911603217666
1.3007430726869162
0.18001570020212065
2.859507863168746
4.456258345148263
7.936747437387301
4.323911266419211
21.479757616103296
16.850210835294238
35.55474039561649
4.936561119187229
-0.32051965267840543
-1.536382112973987e-7
-1.8059855213134146
-7.84692810826053
-27.391116498875995
-0.20890316318555877
-3.6149642004090348
-21.37636094250433
-1.697233746716655
-0.03431870200428634
1.2050983205658616
2.5022060073639248e-5
0.0004596537048629877
-0.03371302148665515
4.296583982772782e-6
0.4304795458106336
0.5690314097484266
-2.2419560848763465
-11.44137622836636
-1.539586708566058
-6.351948577200214
-0.8507663530364065
0.08355151943613402
20.43880275555116
65.07635769976575
34.991755975302176
2.687215229408659
-1.0411112456840725
-1.0741009579016312
-7.207164609993232
-0.8443199752481829
-0.34363222882783395
-14.470437576280824
-1.5648197920413303
-8.920509975834866
-0.014063968567646254
-0.1917893125330084
-0.028312732582045905
-3.357964956865932e-5
-0.4016336116783406
0.00031818733167741567
1.367796874568025
-0.2436760473420327
-0.2700442567441288
-7.434193565768687
-0.46904542513502173
-16.342064175260663
-1.8576326032155457
2.8545181210761393e-6
11.568767457437978
0.09977751343416276
-17.385635339029857
0.016335774095995
-31.474299822429998
-35.93189925739415
-0.009234080871243536
-0.04019388537613845
-0.6952793915520595
-0.35286977494469834
-0.30386466640916365
-5.766371845912987
-4.122753661307871
-13.732586019996996
-20.636633358458976
-10.14979838729458
0.6056727040292446
1.1996697828255685
2.1700586372206745
4.746893558783555
4.696336770383233
72.23283015175075
136.54021319565027
84.27915677975963
131.03938287795273
36.012805142654535
28.304513247398145
53.26467430968958
12.833454433773422
23.14690455145739
0.20343201150087423
0.0012979816499007102
0.5737180236059203
-0.03749384799900012
-0.028520896914678837
-12.957473197353902
-7.208899011485262
0.00016672161331535571
0.10038944359333188
13.825390828680769
5.721103551812434
-0.0039273770316585735
0.5001532150487911
0.2071037068604999
2.0592447755660106
12.304917761314147
61.58824040023584
110.57515813781158
189.2981543272468
56.37146254779229
82.38585879106586
199.32931206608538
71.95974846280154
31.062672439600128
182.35082457622292
145.65940236649416
6.652596752991452
2.3878121611730423
0.0001724571997616366
0.007154416195713846
-0.001796167130325107
27.16160616667801
10.97598847804222
39.73200090105646
30.015810824767243
0.011629865912488413
-5.470487583327726e-5
0.5440368747233579
-2.0218108022134764
-2.4024296606661535
2.1830096106016272
5.102668908216481
10.72733188890513
2.1163452333131754
11.855910483281837
0.2215719047394915
0.25702130589638245
-9.189690398104299
-4.3536250490495405
-37.30247167589896
-25.881970252434908
-162.28086247908863
-14.635883398057953
-1.1276999796911111
-7.674709182263051
-40.76450070495159
-2.0641097894941294
-10.345534516094885
-41.44837996878639
-10.137341560801493
-2.6085690194938866
-1.239557514706914
6.984190748040216e-6
-4.792927005410457
-27.952344271901328
-3.4689624104907275
5.658737477170781
-0.025003875839158043
0.0001349720195923346
0.11078846421734333
0.10623580136173462
0.0415789763106106
13.405502968161414
4.488355587838025
-0.3403758938885289
-0.1813556136127158
-0.0181708886458583
-41.85918947250647
-75.70646888103906
-1.7855653974439307
0.11795907498808218
2.866502250893565
-0.0003635058877849832
-26.54397200365043
-0.5750557262029841
-0.14415865274376155
15.923328670419558
0.1433001178004072
-16.531410929995197
-1.0128912637819636
-0.04940876061017241
-1.7197659107808927
-0.026667063998331724
-0.310113629862017
0.2539037572037088
-0.1195293508561397
-6.094331007862974
-4.506446398404088
-13.797023433527388
-3.215536945901065
1.1219906173239513
0.01098877887702416
0.0821116896411418
-1.6864713543459877
-10.677755477752708
-3.279873810619337
-1.941262209476542
-0.01942365270038736
0.2030388378362539
-7.377020566094452
-7.780340883205266
-22.43500815343032
-4.965072212706339
-8.723504293183908
-48.27246154886293
-75.9821559967605
-14.233564647669665
-0.44485162324576527
-26.2844765588168
-3.130957599072921
-7.370541829716559
-5.072219234397093
-15.79332424128982
-8.114683268891717
0.0037969371878785216
-2.9860870908310746
-4.1307562830377895
-30.411383649138326
-16.908913097579568
-41.049394498032704
0.04243129537883247
0.013155328270013427
-1.4859025611736099
-0.26747623329377745
-20.986886865799644
-6.793814042120423
-0.03277345208361135
-17.661709987115177
-16.330301901664765
-0.9872491943380081
-15.801980002773877
-1.5604159657426275
-0.3758202022175686
-12.383182781770811
-0.5561028084822855
-38.36414525250326
-3.308323525438381
-10.61142594762293
-15.93224298438422
-7.613578806919543
-17.25906808824153
-2.6417369726855098
-7.274134464730314
-12.908191215872403
-36.50655090293538
-7.064747989645459
-2.826999702675253
-14.131762487069464
-1.4312021763178233
0.004753904701917398
-13.833785755718818
-0.16986422378440608
-0.8331469269207067
-61.49745041390613
-106.62867774241404
-46.28579940474756
-0.07490387497574694
-7.715490415853917
-0.757416990978879
-14.800772930572805
-21.072931149790847
-12.617983194795569
-12.239537185951026
-5.980852940957472
-11.856930823256395
-16.705616859932505
-23.214783326165627
-11.66525543629898
0.0044364984164075045
0.9777459012527843
0.18050068681653653
-0.20503137181436099
-0.5695955282722472
1.247614005681062
3.063946237769402
19.35254131821723
1.7560090852303503
4.616133890591032
74.60078741735178
94.46731771797309
31.841180656713956
0.559194400322787
7.02885619147266
5.917156883775869
-10.990627747795658
-15.6264052043547
-8.687590894128453
-4.7898714731988985
0.25182812953608724
-0.8123944872041203
-1.040783979086686
-1.8378316809020383
-2.8169340399523977
-1.6521572340329547
-0.2997195650750263
0.5361202077667957
0.006692077692269645
-5.830605751239674
0.005344695800407723
1.585122232182654
0.7082138817166412
0.007911113518699962
-1.2660189889045383
-0.00010554986707164039
-0.08036885199925731
-0.004981531084890619
-4.3586509234699715
-0.0010845142891310027
-0.043178785162678576
-0.03838190117829522
-15.685841723153022
-44.96906995598051
-26.982807580785153
-1.630659913453208
0.15366907698341953
6.071848865436504
14.296364827446217
64.39759573800075
181.7705853107384
24.362951729541834
0.6284240567511368
6.883995246801521
-0.0004463427172458342
-18.808409242638167
-13.306563274200167
-2.9999785243717594
-0.0003740007425759303
-5.779633645437052
-2.0684161971680948
-12.036726861480842
-29.43041043406312
-0.1908353804635957
-0.44783121844170837
0.07719270428787142
1.5950611260102223
-3.101861795055228e-7
-32.462536799166095
-1.3607561106374106
-25.87236650463076
-8.916450629250914
-6.806605327518891
-8.11035839192243
-9.49846352185987
-32.1564256804218
-1.728529951175529
-0.4840925364051054
-13.204308869812317
-44.815562899862854
-13.068484005462503
-36.34324283150442
-51.20552893529969
-8.690202408569235
-6.385934029583756
-43.16808751073352
-25.4433841514461
-3.4375295678944706
0.15205466558019942
-0.13337320896044932
-0.219673237648784
0.4210650764322757
-0.43417884030497483
0.26947984645780665
-0.0012388084746056843
0.009256645700931855
-0.7938271675630061
-2.3107619481364963
-8.601209052933768
-35.04663090391783
-0.016657832127392237
0.581732364733105
-0.08401650132452691
-0.0069570002378436455
-0.0009177412869726503
0.0025848474358582028
-1.1903480977132654
-0.022595161684488472
-2.9910099758390762
-6.073371320001616e-6
-2.8105256493261583
-4.6834478509703193e-7
2.7656807725798984
-20.63735508762753
-59.98917664573688
-9.970540160103168
-28.754200035556526
0.033994506427794995
0.21059992099281433
4.508223458779142
4.13387892678861
6.323825800039798
-0.000710580358057506
4.428968982928037
11.153331824549277
13.050030940498022
22.233746049232277
16.19667793942437
0.08348833840636581
1.770198242183131
-0.31171967198415557
-0.2864237394674176
11.03547348025731
4.443573726070585
53.00785552212424
2.8694166253015156
0.5267673131502697
0.015600639836930701
9.620807049028747
-13.862778951920735
-5.6288145056836445
-0.011344522816186165
-0.6841234834427553
-10.501751197658008
-3.4018004977208807
-7.52730543492889
-19.329222893986618
-11.230593618577261
24.217300098143692
23.35123935715055
0.1933550307959833
-0.5518590063315145
-5.923455972634395
0.2869858930013321
-12.126780612755594
1.5611044732781186e-5
0.03611291506166737
-0.11300761045518672
0.04022630539375644
-6.321416648321506
-10.866118751603533
-1.2527279281245283
-0.6678240403902989
25.52478295857395
42.368741788890745
4.793749525757759
24.08241547824874
30.466469637376377
3.711109023160135
-0.027221699998917177
4.695161192082925
-0.37563293266848957
-6.044762696859344e-5
0.03085137687099185
7.651279311645171e-6
-5.282826259812739
-6.022031632103269
-5.432114877606953
-0.7916953887295097
-0.31596343314781034
-29.92914300060317
-6.142085145010009
-1.2129487348757881
1.0244732423653573
0.1628843744303241
-0.013166620231836143
0.7070705557281097
8.150762827355023e-5
-0.7699067655665532
-59.125321846938114
-82.54248804190577
-72.3070271943575
-149.10366534419617
-2.695393233043104
-2.5414860214556314
0.35815100986201726
-0.9679914985795658
-0.020742911651485126
0.027024898872441274
-4.918858557595376
-4.8792055342623035
-13.193955471313432
0.01628866861701444
4.107725745397114
6.951148912432456
-0.40218932500173754
-2.3488460153707544
-2.261827544227325
0.6667520175288625
0.035945232286743546
0.09414394707060118
44.46602024674473
0.1944001337799481
0.14889798229175907
0.9368944033688064
-0.10422867246677532
-0.06233552612925281
1.9646197870055297
11.084046581745714
34.911318691584704
68.3910617085093
95.30676064956133
3.2598032625285223
0.38372238821713617
4.843748308212321
4.985501646679803
0.4104850258990908
19.588602129314996
75.98235359769679
43.3858428410344
9.806395961160357
149.2129157826263
50.84420110168303
75.70990864364173
83.44032831121108
92.18411078423917
171.98634533972267
615.4060767903376
216.05716000432358
171.58423576852425
293.9388557314088
223.72507004700407
65.056413184213
69.46077531593853
164.77978965109764
37.93202241044657
0.8709488091560542
0.17370205625192656
0.7565911536269131
-0.19837692670084564
-14.823774911532846
-0.3415477758267739
-8.364444690859703
-7.838188555460439
-1.4086809663239501
-4.372410898578362
-0.01408816592021629
-39.83153214682303
-8.165560564863354
-0.029688870334534795
-5.636529842631757
-26.915655620644674
-59.8481732323786
-27.44910164908687
-0.061333100080809375
-1.9614985488828343
19.961172660663166
0.5135235011664946
3.9627801217858063
0.22750535595168456
-1.3131363309750492
-23.13555645560766
-60.2656162455023
-53.24386323714098
-13.555332710521444
-0.894280584906313
-0.6192374448551861
-2.2053779805287657
-2.943831958912673
-9.921251534546217
-0.000774085436413563
-0.5885506177132231
-15.279576721788105
-40.30402518193458
-50.093478683269524
-0.06025219371035648
0.15322888429427137
0.0729519689978474
15.697320351551916
13.055694229964912
-4.537507420011062
-19.915589031011326
-19.211101917894027
-12.900827008515234
-3.6439384727386557
-0.004309367306733365
6.726106521651536
2.667014583707621
0.5418662819247083
0.0028426480348340234
0.06438511028066905
-0.9433926988157277
0.11340440662434059
1.7785502837727845
0.0035437916815492685
-0.053087741877690324
3.628700318421709
64.86858255947658
2.715774685567478
0.01580998887843908
-0.5424211199146503
-4.006363281657368
-0.16065493684547885
-0.26061690753345373
1.7534197511752554
25.10830038621322
54.369867899475814
68.38874768219836
25.14642666035282
0.5188467910880035
15.62811868692686
8.840473329245409
105.9105949973148
8.61201784515049
29.915699960452102
46.05655715996606
20.392644283900214
25.10704122224253
12.037802478578294
2.594764990914523
0.19370078878860697
-10.350797666532339
-44.5953730675603
0.34406940077350767
-1.2460251984110675
-0.7598747951076331
-0.8065947383539832
-0.004639439620093303
0.4528227715960276
-0.006704494978547528
-43.076325228038854
-51.190520738548294
-33.29784201399799
-27.443659069685285
-9.450001342797636
-4.43657840406138
-0.4326802510607825
-10.297217301939787
-0.00045291874296687
-6.50252879898759
-66.77210346841692
-20.571153208393614
-66.10097531025869
-1.9071440541481088
-12.837776939475559
-0.0006916417360185879
-9.307295111351142
-3.5458095622347696
-19.240557980117426
-1.0078073240705474
-10.56980379044048
-0.0035651005265401737
-0.5139055337393563
-21.952788406657668
-8.756612455974377
2.9512208413087637
-0.2799651619282952
-0.16535826107614754
-1.0168157770548536
-1.1126973497408852
-0.5532179578351055
-0.11019622067787238
-0.33363263034006196
0.006544352073467994
-12.987636457463141
-4.62242617864707
-2.808506481237479
-1.1190424664484961
-2.854950531365433
-15.91543793629945
-0.5700695120694415
-1.0846967656779942
0.01571133433220569
-0.41807902187523865
-7.6186975865366415
-0.19007137293751045
-1.349178628551839
-1.563646071773657
9.75605413460203
4.179021726058304
-0.03513369338597215
-12.169585725565554
-0.035899162189716914
-7.936656662599333
-1.0522404216914871
-47.18420662650422
-60.381503335362964
-1.922093888672403
-0.09465094555202828
-10.456758863959585
-0.3655798210434715
0.0009582817784290042
-0.13815896035952768
-0.31258589506367696
-5.154197741053342
0.036663056381272624
-3.071769499412491
-12.379627595236842
-3.183688392697351
-20.494128133847497
-10.886846379722835
-24.521334815369325
-2.0547128037356672
-4.063879962852658
-1.7804566099879602
-0.014464925535831492
-37.93952589631147
-35.73424344635938
-20.76859918070511
-18.381519034335774
-15.452957409501948
-0.0006848234068493529
-14.925561315354798
-21.87576967869152
-20.737960940141317
-11.086040435727293
-13.148602850773852
-0.0002800130247046849
2.7987633424287957
3.071372612655957
53.63618358146816
5.96052748774495
27.30619990783297
11.343399741010904
5.341616257502634
0.04256845157788885
3.1366329171585203
3.588577200154062
18.885108453880278
0.7948189288896728
2.14931722586406
0.028632440646789537
-0.006751211747588248
2.0137674406764177
-0.2290719958178394
-0.0017202059082649893
0.025774059694717067
0.06720562698465521
-0.000666722991911993
0.26518498165139714
0.672056622308424
3.6214354021655937
20.421899805071497
84.71722426991545
67.59381026408896
33.36716582675207
35.132392371560606
103.22738826110154
130.80633539809273
88.44350709741923
11.907579316475795
5.557840462984
0.6656614873670429
-12.17486734594701
-18.105038389396782
-0.00524778992967889
3.4905837001601636
0.9203838649176098
-0.7830927222861406
-2.0753843324954773e-9
2.5987455644132242
1.0389399308777143
-0.5656458071758524
-4.275717469319513
-21.997994647747262
-14.05859377473595
-32.435668368647235
-8.569146981522305
