-14.707922535396891
-29.613653826292094
-0.2532317500364853
-0.7984850042823275
0.00653776443198588
17.23878348198793
1.2196137367048046
-3.4981501600336125
-12.769978813254784
5.163710998036028
0.5863976378963325
33.1486223212949
0.4326463161988454
0.5243505498425052
0.23888468533609578
12.6100143713187
13.086995394139326
14.414403821619945
33.98698024873426
4.488107855677271
9.683873613032132
0.08718111545705202
9.377668105670473
0.9623618765850444
3.601817850970152e-5
4.5858910278700264
47.063924960824046
18.413179238055747
69.45717816368943
17.822057166683756
2.42746656369316
-2.0354034090042306
-14.245637827574052
-0.0002076787101904487
-12.749953842480569
-0.4651334920268735
5.181469273656023e-6
-1.6837921669402842
-6.904150018237802
-12.546846464815909
-2.341124892481509
-40.26016074970038
-4.080537309650242
-15.8083245867376
-3.317960024770676
-15.42246971474078
-8.229966860866938
-2.76438564800525
-0.1762290376416148
-3.9275112994953014
-4.25301464744935
-1.4725914793622734
-9.81417313597652
-5.094537718599866
-23.220678272060052
-1.359317460804905
-0.5935032381369778
28.935383677852297
7.305557106134307
37.79235501401814
3.2793361937208694
1.0019536478333597
-0.8830955017324871
-103.67176527533847
-9.60946812911928
-0.20129877347236724
-16.176805110177746
-1.4066209316960405
-28.98670182781126
-9.331465663340794
-5.192926899377469
0.30897000858636436
-8.104061856458419
-0.0021947881437738895
-0.2830894651888381
-1.0762627388865127
-6.54973737897435
0.04830064200831367
2.0846268186885624
4.653928963309686
0.13078695380333388
1.3734383465404483
7.095139082343552
0.06500712202293785
0.35178672255770466
1.249029487443982
0.31847477219651416
-0.14719833603672206
-2.294509542982148
-1.1956398532524246
0.7383740958217979
-4.503417921547086
0.6319871215338425
0.002133043198252276
-0.29621926782538127
-6.198508469612203
-6.585514629828719
-6.9560238976266655
-57.00654514853696
-2.1386508245057296
-6.161666695378761
0.001439260267905717
2.351434214716619
-0.08226324219652853
-0.06034668177345632
1.2947124649062627
73.77671451677516
43.7102044097005
7.2801150615813945
27.698075396533426
72.25793479574884
34.080667356084625
7.872960201889177
4.500343399084742
5.068340710880669
54.43775623704152
29.294831629332837
18.405952030254504
3.481784894958262
52.58328007238919
29.37687226045795
2.8986306161182114
7.3041315836501095
-0.015558095988944856
-1.139372747137444
-5.319647613728285
-18.45306535838496
-1.2910790055366828
-7.650613299275776
-7.459644633172804
-0.14490019869143667
-0.00026518604950144856
-0.2679582506087336
-13.687376216916752
-7.698158799375118
-35.83652590742096
-7.330095054180038
-8.639790025702975
-77.93025679560641
-33.91824036844857
-1.147447411780065
-2.8906707313487794
-1.412884345006395
-88.13396933897427
-152.7065588010494
-0.11642350809294054
-0.43320559693585753
0.45197970897830564
-0.06323250161118821
0.31526307876496523
0.09676423710409386
-0.280161531373799
-2.6361158324746023
19.78172698914186
6.185503668891595
-7.801395033432373
-16.400013151075743
-6.0429973421273955
-0.2518180204678444
-0.3198032953987509
0.69117061157925
3.309931619500944
73.4563547260147
19.129972243762737
9.431444249306676
2.7692361293722882
9.64770975428668
47.22796143589569
55.173775187577945
24.623654858449676
55.33575757946652
22.526149340736495
116.21674828830213
36.063783022966696
5.600337309083283
-0.12494083907238131
-0.8982251006119036
-0.19640737295262173
-2.84361689609912
-6.297344652591683
7.800853751636046
1.5509828734915978
0.011204915365371687
0.024396797618023148
1.4054518814311057
0.0009384992316861135
6.50697911793884
0.00028035537754941435
-0.30612890075959803
-0.8706698592684408
-0.02713421414374416
0.03314801395803204
-2.5049085208532222
-1.2835828434818073
-1.6588157038405529
-0.6206610122920507
2.1064878099299397e-8
0.9383376352144304
-0.06163157806267197
-0.11877041015005002
5.211376807191252
5.501611977940421
4.196641682458875
-0.5353952571532852
0.6442515448810505
-3.505421504877884
-8.980875877676418
-9.42524444822493
3.186996218825719
10.341332128607249
5.87806735819292
15.697220076953117
-3.5876682655035097
-7.751709694605298
0.028332777869420466
10.74854930963336
0.001286012343058065
34.528558716131
58.977186566057036
0.4552462914355655
4.466696571436153
-2.1404849951417652e-7
-1.776185457612896
4.971698026068841
18.508312686871257
-0.033391081184393254
0.6239918996938603
0.06306544520389643
10.5159698324986
14.382099733506731
35.52874254233143
9.813311010015891
2.062823971600002
1.7975857313790862
40.02947752591455
35.28144778893947
62.34700696190393
109.26676490852905
4.345032195526523
0.34158094913975834
11.823386495205765
-0.13322215067559343
0.0395943957613359
-24.672083915445025
-6.657601377260635
-0.1103425653563451
9.402880336809718
40.58966103195672
1.5621764222809467
0.2918292515884637
-0.1468375434270414
0.0009479856332417093
4.734117145254422
10.708344409447859
1.8287112307233138
-3.158862476518744
0.14023100244231634
-10.975636150579346
-18.173977304728155
-9.984837702991868
-6.9714583583330345
-34.60991758536139
-7.3207634266891405e-6
-14.509208491933117
-0.6575466005302094
-2.7292766743024583
2.9517512766926655
76.58637752522348
3.5437777738006275
8.324009882508514
65.88189736063804
137.8253512674744
193.84714837602223
138.9012869286787
154.28195277215252
120.69907417642628
0.9073445057690995
-1.6946526770852144
-2.504599823500722
-0.013398912185091708
-4.3538333857858795
-14.206738133019382
-9.587514767106821
-6.545229358006182
-9.570416495486032
-4.942228317011237
-7.761551502876747
-0.48054630285815303
-0.42576280302652314
26.59183822880964
-0.6647915676419612
0.7730493557798315
1.2814088028513837
0.12813513347303107
2.086479667873661
28.107849183166376
2.220532081072278
7.457674296711962
37.972218776034815
5.802858766509112
143.09298202938257
196.51996308448514
174.5225502174326
97.14182674190519
139.44381334519935
18.87545527133911
11.600410200881146
29.4320327112817
0.14303660835206697
-0.79339077078814
-17.596247412237382
0.021622051085166
11.288937181241206
39.00961688260523
10.475806346255874
10.231982451142247
3.731848531114667
2.8778098115132
35.757361954551754
1.1693842620803103
0.06888949166985256
0.002641277098690422
-1.333313338835892e-7
-0.0011754955570483978
43.41654755606355
27.199756086868398
-0.12715145108933695
-6.120225123194855
-0.0022321592999596704
-0.02487954182489121
-0.7218878220856968
3.1985534213952915
-1.6439907820617124e-5
0.01719426321225109
-0.00010333535983574302
1.6341005273060967
-0.09367624016666945
-2.6221816278599905
-14.724944532070237
-33.548770254105456
-24.064072748498326
-0.8053771424541453
-1.359597194353021
-88.24103804389918
-21.751009370267415
-16.850304575173357
-47.04767269905273
-0.1244292309783847
22.684082003605376
71.86954651744644
2.093544631701786
-9.283419604475823e-5
7.395299238046016
-1.1749292641154132
-5.47735668436139
-12.917221600557532
-0.07668806180147177
0.1651741375341957
0.14780038685146568
8.55104496178535
52.952522930088755
51.3800499160696
67.2748088140373
0.013118694465078448
0.34755130055371436
2.4479972817784925
2.674710494916253
0.041612861011143164
4.666988571370009
5.546518819101105
0.017708576821384367
0.6772568593767442
-2.716925750122806
-0.4944303400576564
-0.8676296936607798
-10.668894142385897
-30.551370874715456
-26.688241616634492
-16.572313245665327
-12.82319942854979
-0.6470684748953868
-1.7299364040435046
-0.03309212130897313
14.789456752058088
0.8256878940805044
3.625976658762407
4.565412760131462
5.604297514020087
0.8042721326022106
-0.03544190152432829
-12.627994374480535
-16.81005800389881
-1.6628468901794589
-1.0335282173480946
-17.03123153837857
-8.067657109156048
-15.62053345541404
-112.78109240562843
-142.37699202013675
-2.77174064373481
-1.7198780609121351
-28.565969294168386
-1.1902852367279673
-12.056180671668468
-0.07792098684610195
-3.926857402404106
0.055402454924367565
0.30139581140358607
-0.1652234276302419
-0.5671130325480364
-0.00044436716494319147
0.726695958693606
-1.8040433585676832
-0.7567975260083657
-0.03609337367784363
0.6158105229672622
-2.142510601687614
-4.095390143805318
-11.424676434010633
-0.08062241097223267
-8.974069547078797
-0.07340798767459994
1.1415159327847653
-0.019726493772029105
-0.00045493081871801296
0.05809931638111424
1.1821955499024512
-10.577058519392804
-0.1390136925933599
-5.509420782976792
-6.5029049339280665
-1.9034433425452968
-11.409427291440092
-0.21498107654728915
-0.02581942834506658
-1.220073335327263
-12.514189289963683
-6.826386983712352
-13.845609933176547
1.984321883058166
18.70137550312261
8.455081836508903
6.2114017195348525
0.4517347549234226
3.6029739802422713
30.030209742805457
0.0007689240400155227
27.842950816347866
4.559892217571157
0.027618636042579733
-0.00127493859983725
36.864223828834284
-0.0819724568463305
-1.1202324988402148
-0.16260844045334963
-2.397503059882004
-6.180220622450994
-29.112096256378475
0.16334827584926762
-4.723168047749122
-9.578771653632401
-0.0010990517609842365
34.67431491335739
-4.7796174115144625
-1.925596819771708
-4.536725793439609
-19.69004907554678
-0.2281949530634366
-0.0008864008846678331
0.010140580420373349
0.0007115164256896871
0.6852105284846407
-0.9932358901102457
-45.865303885978534
-31.433083133702947
-0.9406306271924957
3.4271085653612894
0.0002446144311798083
-1.7570999067974093
-21.56260493680502
-24.611574614512453
-72.83928568644053
-54.748325557435194
-17.068790651204925
-0.38310275924344334
-9.095632591697807
-4.274488580892108
-0.006104875884263772
-12.650223465910662
-1.578639889709359
-46.79592567681545
-25.212330340955052
-23.914811271771626
-0.40881309595533366
-0.23046201414064044
0.5401888906009568
-3.224634927384211
-0.07040508393779873
0.6700800078992227
-19.992625969092426
-49.09263941773184
-44.749196180651275
-4.023949343080001
-11.638723321331417
-29.49558649785623
-1.018649960900905
0.009656566474736823
-23.83442153783471
5.231076727717887e-5
-0.008639710319785167
-0.004207248895089485
-15.508768234127162
-2.5490518895808663
-0.10170609227380656
5.060715370584879
0.07156881985519073
-13.950255311396393
-5.45472309014426
0.007827623831931899
-0.13471968488869437
-51.486625102194864
-1.9330389475140664
-4.19904992741816
-38.64637792598058
-20.658346663875303
-0.06533365886975522
-4.545708879669504
0.083959824104411
-0.6572520133062781
-3.2724330273246816
-51.543359839740184
-0.37679941746956297
0.17125596957677186
-2.2285901933467978
-17.810402538300924
-10.67418321632463
-0.4338395710193786
-0.06037498875658524
-0.00013700078059136495
0.00593554221490477
-1.4282682738504324
-0.01853651184811291
-2.3566351411758233
-17.57580069157781
-51.591367412075044
-65.93607468417929
-5.550804187179406
-0.1682046079103268
-0.5687052698318645
-0.013736856643279416
-12.326385568258667
-0.10962541034028338
-68.05037633956847
-19.248444503596783
-11.029991348209071
0.0887152528287791
0.022025445978490953
0.08337230077144507
0.00026676249005031676
1.5181019590532179
1.2032418145533688
-10.421606570103913
-46.85034082082072
-8.728095232260882
-20.399169371555743
-0.7938474287186102
-0.48409471354236394
0.6443881027931344
-5.604672710558974
3.504569024430204
0.5054151892450711
-0.1740309558079506
-1.260955563219974
0.015577970571026509
-0.009924663721738081
0.013211025261488527
6.2246199850257815
2.032579915668623
4.4992305909200825
4.283902593612052
3.2575787565476118
0.11977653409462292
-14.229218979790726
-23.36406965571724
-0.6016698299994816
-31.37114495925985
-2.1227914498195237
-0.8172247980112061
-0.28650177797615917
-1.97394205742084
-7.190944520176598
-0.5054747635286748
-1.8333305412635534
0.0035205603543271916
0.01129882912623024
-13.230936848566751
-20.776311974576327
-3.0246158332139714
-12.070022477698567
-19.60191605748782
-5.477675523675231
-1.5175995897419718
-2.904757961190891
-37.83784944780346
-24.751423348049403
-82.17330586741673
-2.422712912012494
1.4696090298557518
0.13409632527865278
-1.2217326547802412
-0.822557828486597
0.9695005980907426
0.37252024729354205
20.117336623047766
-0.015647936270707617
-0.9357947866668054
-3.5827606719399627
-1.7436265206183292
1.9053388491907668
12.110160991042592
5.536996957657287
0.5804163731443399
-0.1062651176062983
-0.09753855997867154
-1.7762435744390555
-0.0022950822834643266
-0.13140074043532193
-0.7228481042376452
1.2684697153209554
34.07949495227603
27.065146275010097
1.9237045395768222
0.128181309285571
5.864269231487346
0.24853384387577385
11.163609219747835
0.4061925934173749
-2.1250785100093177
0.003760776997537557
4.581428512150933
-16.369996576875852
-2.577989386591694
-2.53821251519335
-2.248561210829155
-3.8733231178866476
-11.687209145420903
-29.21322952079211
-106.11372678960781
-27.035913147335517
-0.37977152368696004
1.8091122164316875
0.4224748789277595
-0.3452563132226616
-3.083209055992912
-0.021749429300517622
-1.6484684288451819
9.480150577337884
-19.872649875419754
-31.853683743694404
-54.386526528242854
-2.4071136745887403
4.67370075716419
3.497227616944294
1.077536990964733
-0.814395078642635
-11.587719987201332
-18.840270441368542
-37.67416483164014
-57.03524854316016
-16.614653070307146
-63.90789042719997
-22.144297233622613
-18.773306616994155
-51.87038205109808
-22.25473747922088
1.8525900250800786
1.0843069791445867
0.17593217023143498
-0.5685628819340373
0.07775372207301522
2.586169811889161
25.57787679351468
1.397846364852979
-0.00021977062655215634
5.428674257401101
0.2606496817340448
-0.001386582568373304
-0.9533132463564398
0.3946972134893587
-0.9195243797314018
-11.004261333861198
-0.055493304105632225
14.23512756070947
12.563210450230423
1.6227569162162263
-2.250456848723685
-44.56510694691815
-16.468094333574392
-3.1209645764683374
-3.375402282241442
0.622155433655407
19.55964186913129
0.043582238654278134
-2.7963712616329905
-13.511772910317665
-5.62564172508957
-8.398367898131141
-3.3740824699055927
0.0031407470352070423
-3.010516651025934
-0.14423587931247833
-0.001176484134836567
6.415856747027083
31.663928496577444
3.6865286003975024
1.8802010924845889
72.6009912490407
4.02870193536389
-2.710461473953866
-0.6459810204110706
-0.5578949865300569
0.29270271380626317
0.7636683294785355
0.06623574473444023
1.4708611993227427
-22.387797801707563
-29.379740468081604
-22.518267576192173
-48.643801004622176
0.021948186570820222
5.942778118949372e-5
-0.07228673373065671
0.3698291867755771
3.2286371706854773
-1.8755135777809544
-3.3253212612255725
-4.547162214548233
-1.3021391146112664
-2.3733074928246456
-29.411983343499163
-66.39663658782969
-8.705786283970994
-4.524326206647571
-7.45051416681449
-4.321913102168268
1.1514759556876053
2.7207366686514316
9.309394810942765
11.12711564624778
6.8471596428622155
6.553372081130819
-0.14822256395947817
-23.144457026149226
-6.8050541912814255
-42.698128479987595
-4.081353106717935
-43.57401390800467
-15.344388131860658
-12.505554508252457
-1.2379715437242482
-0.1818205452480954
-0.7402882706729506
-13.865630944863682
-7.387840174354012
-8.266921126479176
0.8813000778302139
29.22103710244289
44.828801444449475
8.297418315137463
5.308299133430398
0.476993896148285
4.751553232827848
16.142840727019586
16.109939884951892
3.184361706547703
0.3855924372614905
-7.511110478817867
-0.2925275322746619
0.017974508496121526
-18.425968962408785
0.0004374453602639228
-1.9381493452137577
0.026086073766090654
0.115654856524868
-1.0531398797004587
0.024171026661690638
-0.012591832145043868
-0.007557006997270917
0.05415402388685666
1.2264416052524765
-1.2221935668064779e-5
8.476840525488207
15.020957649142783
133.0511982264985
81.4688612097347
33.28913219069788
2.847428899748133
0.018279429058735867
-57.35771906390595
-59.7862298451558
-20.498366703770948
-34.90508405279864
-45.74901302887627
-1.173840975659203
-4.601379103178405e-9
0.5783770614828654
-4.768364432923461
-3.446575714743167
-11.153419286356263
-3.7197429378837463
0.864490448113686
-0.28296938113646747
-5.129325017284186
0.12170765050127447
-1.5589588984272058
0.8005900119401087
42.584421852458085
107.19621313696055
0.034666375882771897
18.404518349117446
15.802116618751938
7.663304697388597
16.49167688846165
0.012823656713889098
-50.653678611742606
-21.31843696833767
-19.56491186320649
-7.4862497521519655
-4.430528205677658
-1.4479280917477784
3.931795886043442
-0.8126934232876639
-0.17520118867943066
-0.353581750033652
-0.28112190444148266
-5.281458108326537
-8.147052937390484e-5
-1.5321955078784188
-0.9230462669914259
-19.02703378462305
2.892790717404855
-0.6840011793072023
-11.04319463562766
-0.564883934910524
33.87771867871361
158.22986637368635
25.09221561541232
0.5360780906777299
-30.44109915489492
-6.950483618214803
0.14658353989704312
2.789309741218819
0.2518350750418684
-13.186380406540058
-45.01794136866421
-13.8620972658644
-11.431053754135185
-18.52950020491324
-0.042507723280736216
-6.107975246297274
-1.2112070940430253
-13.39022938319329
-0.6514859255080392
-0.054062769909716604
-2.2502418855209334
-0.09970100883823044
0.00816787522576386
-5.625155536639649
-2.4481454572782786
1.0964556387850708
1.082433891544724
0.9886037021677281
2.111893813663861
-0.1750563229877081
-44.56203135357551
-8.66222671852611
-0.5204850455580453
0.006827333100157477
-4.302245906953943
-4.60536799318252
-18.87939425499959
0.038711937922016576
0.20837109021030445
0.11324665981380627
7.994118449010296
3.990968525138516
-7.6835651273922165
-7.862765136658252
-15.054960669507095
-6.970870027109093
-5.406392749795494
-0.4776329845229395
-0.027451860545830882
0.0021569523037000384
-6.362695055083146e-6
-0.2585092642467401
1.8599936663345453
14.407778332369867
4.567730576039251
-0.0005371100679469828
8.688188398806933
1.5845905539004312
35.69968294889178
0.907058192842689
0.727333035243785
0.00960205431653045
0.3016400904851551
-1.8621441683807485
-0.43920693068285704
-7.0221936326110095
-0.009539919117549703
0.8567346872559924
-0.14753449983762035
-3.794906743262724
8.100841275955923e-5
-0.0066962082314764035
-0.12207902363133719
-10.968449662668649
-7.191671459410298
-0.0009797421682253447
37.5981778350861
0.13444517588666927
-6.991407521334076
-21.564281517190697
-9.494161635714352
-7.404892125282741
-0.7645116679168258
-32.50418070827246
-26.03689050399377
-35.795046226287326
-6.076901022825686
-0.07305786494538768
0.4831796569907961
106.71963002356803
66.9008025849616
4.6036936748701685
0.8740207346771017
4.670064662682972
-6.41101882528298
0.14745291621270484
-0.8754127968280038
-0.002523418786849303
-8.56991896950186
-17.287509780694126
-18.229931095019104
-0.4567220014012531
0.11419795765474401
-32.32652406853867
-7.572958545317781
-17.42189549774429
-39.07963360724265
-19.231554244611143
-0.010766878642040895
-9.62533152673221
0.0027235682460236693
-16.11245893274464
-40.15598383997914
-40.44482052852776
-3.1124418174530244
-1.5372304178530458
-0.484312092555074
-6.940856598145629e-5
-6.57169157222692e-5
-2.786395022736511
-5.512040172876606
0.15568400589614434
7.126105870841976
9.725928967500165
2.6376907746266185
2.4633171715660525
59.625672918974125
97.77201294785854
313.05563828257544
176.38504140790843
104.6633026335703
0.8787124721810448
-2.1157604378126655
-44.63309408669834
-9.799709266843674
0.9575187797128102
0.07203882623431948
5.87548323488852
4.102063526843206
2.663928073754393
3.4978353850252732
36.83636511940767
28.620126683397718
47.32288307814535
9.136992524254376
-0.1170867763090414
-56.961560611100296
-65.1935796866568
-61.08358339882167
-53.80146645869308
0.09049761144830515
-0.00015826736953084228
0.037619257455867174
6.5809802952413845
52.17100639608247
-0.06925160496279463
-18.105491127243514
-100.65845228800913
-15.49368800905176
-33.919194498112574
-0.6683986495838404
-25.87283039777465
-0.030697068848823738
15.733913618589806
21.088829106037643
-0.01744375382756745
5.008603179516636
-3.0333225428375585
-27.376250007869903
0.7433055224469993
23.53390171725392
2.5352148847966727
0.35018243838471647
0.002051886491518274
-0.43278829434834387
0.1009302391038139
2.063441998660386
-0.35816955612837076
-9.99644553385596
-45.20286707834832
-30.223030983114175
-3.29335118685301
-2.411787023572915
-59.70947554338878
-3.494366995642601
3.4530711484620977
0.2764395803653934
2.1735652228286564
1.6749623888141447
0.5195739522239601
-0.02680804363131543
-0.19500828603480375
-0.8502684546040317
-1.2734154980827233e-7
19.877569023373237
3.7163840528881624
0.03225307529217561
0.11816562422986175
-0.013261227597630817
-1.1181226380987859
0.0004202340151451929
2.3280722636115487
-0.26916361212151385
0.35569572759107826
0.021742986741779158
0.2440073593970164
3.789721245016161
38.33590961952393
2.1500633292061426
38.57076458294086
61.799750506750044
6.001601225629268
23.610752332187175
9.697584493912368
2.2924329239920205
14.713237867527095
8.09066686491362
47.60910978579646
83.19114966378541
62.71307661661117
44.61978772279196
66.65262210746344
60.58096180671223
9.630019025758271
14.990643684903135
48.45654934084135
51.832140855082685
107.78143064816405
68.91540617597008
8.799129521332315
185.67937968702776
263.77515870727285
88.15057985105966
178.45599213208783
160.45738385471367
351.831907555836
254.23111780683496
67.15372534508602
39.93556384783387
3.8943258825676375
0.5064863923396214
1.0913063052539465
0.9749751485783344
6.386708614107032
17.094520267253333
85.2151305624134
3.9750472723754213
-0.20269596159836914
-2.8303188691560224
-4.267497967926374
-7.00697535369926
-2.668355318125529
0.17199204132520854
-0.00034461064771416813
-34.61883513420262
0.0936463018035739
-0.4930903937346451
-12.618718105770085
-5.203365812192124
0.052866656208873375
6.72430493981711e-6
0.5558524387461803
-0.5805272353076543
-16.638555368142363
-76.5916590760351
-34.79064107729881
-0.9626739764087233
-8.160658685652045
-2.453741947913616
-5.0336764282716196e-5
1.3912095951662213
0.9725105262702963
0.11654505973971502
0.9080698670825971
3.4133477525180287
5.955767600155558
21.073889255080307
41.04742057894044
5.295412977285123
1.075775585247142
3.5896433409693187
10.741432959125785
19.051151003866533
3.9055535604406995
5.456271011302244
46.01802704212119
55.309741599030076
13.485522088436133
81.70870214988146
44.91718594468324
77.6472597693101
33.18199719205387
6.015409642332108
2.1607448373231817
5.5630494596511015
1.0763494269787073
20.68051686996251
47.12964790793867
4.222639558720085
-2.4938767263930393
-29.60097125241171
-15.685156390045384
-53.04735969798051
-27.216939470938126
-17.615811552293227
-6.941171332642132
-0.098069732691912
0.002960252308115232
-0.30610042345892047
-1.931960208764373
0.024232542665700733
-1.8108726601418292
0.03210447686368466
-7.368117922877439e-5
-0.4920973682319555
-21.599257370844015
-5.461306527390471
-0.0002754821474345239
0.020539562904491642
15.99205759991055
50.57783489374874
17.89797162702355
5.285143919751149
0.29800652993252574
0.39992201304096947
28.298687797763108
19.563264585915665
0.8010555861853813
-1.0282427497117994
0.364797129803127
-10.352958976803766
0.25762995000257244
-2.2762095291387703
-28.487060654824603
-38.92193272933236
-148.24908392969098
-13.749123787407742
-0.7379617886738209
-9.41150120270893
-34.27301421553733
-4.097682057382905
-14.864205999242142
-21.75102812913675
-48.71865764563938
-67.93338661879748
-36.475863741330805
-82.519339698493
-21.98157567824878
-9.282468594978951
-2.657555106231829
-16.016963533847456
-4.565801920614316
-0.08895485051524538
-1.1685117212452902
8.118652821982074
-0.016293071725915823
0.3763771459002128
0.13292537725855816
3.7679345162892033
-1.0583095145605043e-5
-12.210692296811256
-0.4592933816031459
2.063448039629053
-0.0003604363095406803
-0.0012184663219024783
0.08384365234637037
0.011809718069144787
-0.3322012316222041
-2.1352756602714598
-1.7412349812800219
-12.494455885767385
-15.019404394869607
-1.1041208465047767
-10.291787729614466
-0.0005491857633831554
0.0010149574609836479
19.411852075029465
30.326621706994036
3.5821940850478917
0.15345281211279937
-10.636865774345523
-0.7502551523675565
-44.773455397641555
-6.3003301913307705
-6.75681318188933
-22.68699491750291
-2.6784866617342393
-45.33769850750918
-3.580082440823724
-0.5366836765377229
0.05723097356413202
25.018668271837797
63.13045718258793
1.3631264552315778
1.9618220789671827
7.823576399312412
40.10936301540457
66.32518608163757
0.12280717959983833
0.7241062302635015
-0.00017495829189442808
0.00022166978459827306
-0.2944987325718427
-58.124204440488704
-0.06609650611646298
-4.698101116438021
-4.163370711154254
-17.961540998838434
-1.4870257638143844
-11.951192963277293
-38.8386860417022
-87.36017738755541
-16.56205729226772
-15.353392311832051
-0.2286148659428502
-8.527937120913643
-2.639096242909557
-24.433010047254772
-1.2867111365755548
-2.264270519187966
-5.161269412931789
-4.745063185589645
-4.283498436461934
-3.0699031109704187
6.66772745560789
29.207448673319462
-0.020957370178355014
11.805661307153207
15.970884425297319
0.132219255013499
-7.377672785481314
-11.197827360840835
-6.097087792757273
-48.22313728455629
-44.415439733793605
-15.754056479689595
-0.029392713014681524
-2.4785630738660243
-0.052644194747182356
-4.617303830542827
-0.15061549234104424
0.25763166054212916
-2.942271492207024
0.8637694268565067
-0.11500430168010581
-0.30607292842915995
-9.889813401753948
-12.745353572012522
6.27475823150212e-6
-0.1850564164109898
-0.014620221686390114
-6.436815717286874
-2.6620601339081884
-21.90748815410149
-21.323888125465466
-6.915787568913037
1.6048566741236334e-5
4.420082118707775
56.15097493383223
23.48287637369838
82.36826510753096
164.28001129868147
505.67860456905095
252.67385834928075
197.11089218977915
176.49737762825976
153.56565430798645
74.00321736134414
14.927972537542264
7.694027599418085
1.2313531613241295
0.007608867672486147
-1.5736895541381906
-0.6574564278195946
-0.004379157858327093
-0.31763927696749933
-4.7846604891316495
-0.31071665074391597
-7.044322635538568
-53.408512922800476
-0.005576882220396855
-3.2582596094693437
-8.160782762893882
-18.356985925523755
-0.6636119133290778
-1.279860200874661
0.0007089063276530128
20.478257992712855
-0.26702009306417346
-0.4990683554630256
7.771256435508281
1.0455009299315132
26.520006057237694
41.2714618586053
6.503508221933711
0.21792395568352993
-1.3693485185170675
-39.70835571383665
-0.6750126687444489
0.005091420093389272
-0.00016881252711346454
1.2326264007629346
39.28494952705269
-8.229434474296768
0.0002649406453811881
-2.2053107084516856
-7.964230769250222
-5.952533417716355
-11.57546471992579
-5.684740107631729
0.0020568081630640417
10.007389594347927
6.922298805349285
2.451027293501548
0.22582235030376024
28.90246242749694
-0.5919351867670473
-2.319906244796848
-0.3266017292159003
-11.198738671815157
-9.885637016245813
-4.759997000749078
-0.30397980949088005
-1.9655494664661275
0.055840900316661835
-2.7467992968363517
-24.823909504566892
-14.834089692540074
-0.04607370211933247
0.00038189453674811354
-23.932093405252406
-27.127725120815963
-21.94576666110564
-9.494383693679387
0.0031617453050530736
0.00010710338687134443
2.8526269357109815
-0.7908994331311469
-12.314230606558286
-42.144125277686825
-1.6960714074418237
-0.0069052512960502
-3.0974484370899416
-0.3422315196012487
-4.962181219752638
-8.756448587053404
-4.258873839999793
-5.493104570804742
-15.001415947837051
-50.06477183809363
-1.171110711593782
-0.1669540607323513
0.06284294568241981
0.6455895982467378
1.555075309792466
0.06847304864972575
-0.8756252292578295
-0.0005242591699983509
-1.3246165595879048e-6
9.021880677713861
10.520644558159978
7.281815084390331
1.0642698621949291
0.012342870207698252
-0.25312874197879687
0.45322584785523784
5.028125231561801
27.062698386031762
9.262420018789323
9.084853519702987
43.000092439486465
0.1432035969426528
-2.461117183312508
-9.411785557209221
-15.689791153154019
-40.62038936877434
-51.27183725166875
-16.988579111771962
-4.188424472300656
-6.82074031818124
-0.3213619828439613
-10.943188409086058
-49.19390638586017
-0.48758645241687737
0.007383272222894256
-3.2481109085227147e-7
-0.0007287207700124736
-1.086375511865167
-0.7549475861922942
-6.982041319216806
-20.5593512292563
-5.380358002422934
-30.762891593942445
-9.163965084039974e-5
-0.006385166757486737
-0.002653539506950325
-2.5046334276456874e-5
-0.011339237706986319
-61.73679393934977
-0.06080326170940692
0.0019569554927506686
0.03250539908319963
0.8809306868573157
0.0028850929091755605
-1.6378991712450977
-0.041587150851323945
-0.00024228965384325403
1.391912834999322
-0.030841831172902092
-2.0380012079636365
0.5421153325496577
-0.004586291246043941
13.234724485461468
-0.027000894279307883
5.562669432090707
-0.6698015963485043
2.637793963203195
15.651124253523875
7.866287040005422e-5
-0.0008329535056304859
-0.006437467732142868
-5.907686367305821
9.722879257526811
2.904652932003249
-1.3772936058392646
-0.03706771202078474
-5.531619247766393
-2.1829952387154474
-1.000911829293398
-3.9071363717069776
0.046769047936390196
-0.0010618513007687707
-23.57128278194888
-2.054837255372403
-25.98282469545485
-7.164882803095303
-0.0653440032996963
-1.010870724020363
-13.961066491761978
-1.2194516595303457
-0.5584645309802523
-2.147343582004825
-0.6788356851009738
-4.323338810988734
-5.334849873782992
-24.61146736477072
-13.826564431928775
-2.800522463060809
-4.027572272888709
3.7501946037924023
7.355365478772992
15.50719928166402
0.6302867657386778
-3.963949704074704
-8.005126479557228
-0.9697598112811673
2.7101861099131903
7.384230813013047
33.957855133626445
0.05296712501349911
0.0015134512691431761
0.1683723449265513
0.07006251860140358
-1.2392156582568463
-5.2202506739164445
1.2039330173102721e-9
0.44713798796650417
21.37912114457336
20.58514695104855
1.0425156649529792
5.190757938628095
0.09653117739144018
0.0014345013893835737
-0.14096634360646149
-0.6873139358289323
0.009273088148951033
-7.786468563844107
0.012950445420037596
-0.9184564970077469
-15.107304351309251
-0.45691057674839886
0.025523753097939472
8.164356113504798
0.0029719249358807842
1.2726587583925149
2.624622818196001
6.916783194489032
0.870009944199926
0.07620174879868027
-0.009076242171952851
12.485491956611535
37.629742539740825
5.655715422337461
19.935089743577546
-6.13780928684031e-15
-0.7260688347832303
-29.87034228188985
-12.04070124997475
-8.648614023814815
0.014984101811258843
3.427655539425735
-0.035298439806816705
6.776371065434612
22.81703713922
7.856394842508373
5.215439871339405
0.9962714931242431
0.1252033946262514
2.7726351286944473
0.13475401325421754
-1.1549214541449069
23.27997038976394
35.06838577123238
72.15364410706073
267.2240174265937
1.4220347495685604
28.876473747350396
64.54189304261575
44.002869956642094
31.90222768254968
28.011286289566733
87.93634361802448
134.60564745180864
172.81199308719542
132.7856885043369
71.85274503332856
22.212801974672743
7.576033341088727
0.398623593713267
-3.0659065538713914
0.05741627448172712
23.12510816631778
106.63853114857277
123.06448884372841
0.018596889961993004
-0.011931003191315863
-10.53915566892181
-0.6618828043477893
-7.170635272555254
-2.8087843061183286
-2.6844255856863652
0.03806496795692781
-0.102678792597125
-1.5128528779487156
-0.4950955975063228
-2.590790719801472
-0.20539267997162666
-0.03802346218612782
-11.061004205968306
0.029679807661814484
-2.1194007893287865e-5
-0.5910790280265912
-3.108755840779638
-12.68629509137042
-1.6413733591939765
-5.356827085408857
1.5636661008750599
11.129451643456932
19.39545975379313
0.14379121631446043
-2.522002143196991
-10.971452390560115
-0.6482335377874038
-0.6474266502775059
-9.263677055072039
0.18655972012450317
-6.114764131469328
-8.023226832431252
-0.8978149319672292
-61.21543260040301
-16.607598237256862
-28.072426684940154
-2.1102931718396785
-26.94561123301268
-32.54964345774563
0.11797383749329993
0.22670691541244117
-1.3851086961032226
0.2897533160829517
2.5302293262695685
3.0730940329776137
2.374732776634478
4.724121542870464
1.745734418860405
0.7597959292502194
0.0016569697698496668
-7.393612302492864
0.5281484315845338
0.6542697131326914
0.42018497221081036
31.837130412405187
3.8444931119789123
-0.21558031568010605
-14.400171178944241
-0.0036268868169415827
7.878937892510142
12.224781827370004
18.787892798126485
18.035579980212624
110.46005507279939
108.46235795615102
87.05115550180248
50.838756668860654
23.911063698115935
0.12178394165322834
17.118441056574092
4.450282726800031
5.233774468058519
-20.53563706309829
-7.386625796809146
0.00012781407416873205
0.5516900472572234
3.3650550236311485
0.791405564424512
7.26416006828743
34.15000070993971
52.8940693904607
42.86043128356219
209.92469043179327
343.8626690543084
353.520103334704
174.54345517792873
283.45175257997056
294.77771342822155
46.83006290185475
89.47533520373081
104.52776173377788
9.410845697288412
41.17608952073612
124.27923952446768
58.306487056349305
3.374848382756451
18.56183029584031
3.3409652388516404
1.0602501882626951
7.016799654892006
3.742335532099717
12.030811231950073
4.5485269196049405
54.714913332748324
65.06346430965053
73.31517253039412
0.00011203577434734546
0.4951121522814972
0.10474227328975902
0.006018131826793168
-16.104809097028888
-23.52960423678604
-11.517633274888931
-4.56106747708049
-3.1415143367842777
-3.4085518500849705
0.2422515488918812
0.1408695120107448
0.0012976882483961187
-0.36594313369635173
-7.748836760017664
-3.5663365456334506
2.3934387745961474
2.2427370150397827
20.779456511771407
13.681810816519564
22.917876584929623
148.62320720745058
93.0736398738926
54.560396265002225
8.603128691653644
1.355371045035725e-6
5.229423601005609
29.70939516558473
1.7313963844215976
-0.8460761537494627
0.4681795859420129
-0.011918828465267994
-0.003429237644692297
0.07934943701880201
-0.07184443102017107
1.1203721657338923
-0.14868478473538435
14.49671207035532
14.529992492402224
19.650517731086268
-0.14247031272464647
-0.018258324779905112
-10.179823758213892
-6.75721102588391
-14.421715046000546
-38.23336759150758
-2.3425963603709814
-0.4065374131301084
-10.474879447308936
-10.086259359262
-57.90718597454924
-6.209215798191252
3.6674607825505476
1.6528435195138564
0.45916172685664514
-2.086552353285068
-5.849931383767581
-9.7218599754515
-27.15576150473125
-5.266784729043968
-38.26189963919063
-50.15103267439655
-36.6376626623518
-10.989579824715335
-11.527760255260239
-8.827291072507878
-1.4570357406382157
-0.005054699846445252
-0.3144388809762114
-8.897088439169648
-4.050562355103086e-6
-2.082077112643869
-3.962337700102235
1.4265255646013504e-7
-0.0002597551092107052
5.670896678033135
0.002560032666353553
0.07908356349217413
-38.200307814579126
-4.545716478194863
-1.9395760517137348
-0.8832409228509706
-0.017891675738690816
-15.810842621183028
-0.2610911712941652
1.7640173746790235
-0.000942546378241691
0.35396422557262147
1.351289305136027
0.3063037219034873
0.7721642207788758
15.503779466905758
27.80893364071918
-5.6080647610677765
-0.3993385624786985
2.868794012541124
7.7582886788938925
28.41067266031128
16.714725056927726
13.964820775378955
-8.544850083533062
-15.758646097062897
-7.935787263644589
-2.819695854855134
-5.528198205229053
0.047150021926497046
-0.00014286560142404283
2.94427086208792
7.257323153888939
100.10789815080979
148.70806598608408
116.64370926688457
101.05145829384273
81.97688373129562
42.120052926203556
12.248404930372406
50.07523073103613
87.5633745586172
28.806164470444173
83.47557162919325
67.62725566535713
17.37729137964067
35.88354664153759
21.759592401831004
0.6864798415211202
1.2455284487643412
-0.0595190143753819
1.7628299246199712
3.065653330181326
-0.0007236351817308974
0.05696049788411332
0.2504670061723408
-13.421143544788693
-0.7024370274949883
11.762606558936547
0.990619484112333
0.6277702116200158
0.00254202188259878
0.5031856856561986
-1.3080264582898182
-1.0772661542038093
-0.7803126904341077
-0.3026035229375743
-0.41892833536769436
-0.2738911054763948
-0.43762639175767837
4.150631197013647e-6
-1.2024570374940624
-52.93456135908651
-21.03070796559765
0.1758131528231935
2.638195375416533
5.593201755262385
0.7168354196566749
16.4353300297731
47.574587960380875
35.49211030049753
59.71090809215631
42.56247897849784
12.995248630003214
88.72372288410087
27.74692604130219
7.28193535448221
1.4170071440800394
-0.000608734745863945
1.1679909168460039
-0.03275496962237908
-5.947082971664002
5.1592931627868674
1.02220642130784
0.3126207847048714
-1.2957155847699409
-2.466323305350426
0.16739768349134976
-4.294580794127293
-28.772472007985943
-0.050844233600775175
-0.025899498749227312
0.06879393804374719
0.1737430761674034
8.358895476684037
18.357048355748184
54.888727292402166
8.372824736576232
0.6877235374628413
11.606682568025462
22.466818447984338
3.6079325570277025
43.26251018085405
175.55111252843457
436.11418569923984
90.24271407029987
9.391332567519246
0.1789524741917645
33.08490854150242
5.433370496328223
-1.3136613083402724
-2.5407726679336604
-7.634570998019139
-1.3667241497024616
4.4056675798090925
2.765396494109371
0.00549787276446393
3.8916188424998386
1.2921451056949223e-7
-0.04645844999237762
-12.38298614373857
-0.12625200509743364
5.958671907864289
12.97345835854397
0.09170327511116237
1.391785639897348
-0.7693259262188471
-72.43911133524865
-6.245750980576764
-0.0020303446562760074
-0.15559671447936702
14.36904343052107
-2.0049116484732092
-26.969008521176526
-8.218092422717373
-0.002964386759821293
-1.5656396780173196
-9.66635024217264
-59.85254772163227
-8.989723747612882
-19.432848290756315
-2.524277197604532
-0.22108480179752255
1.1300765478443529
0.5210315017836925
0.023617577783917185
-5.274751099740698
-11.152454069554299
0.0023793736342691365
-23.46308680057979
-11.961513029151547
0.03469808392966634
0.004091952028550247
0.8384338464702463
-11.230047079626308
-4.348093899629605
-48.325262704071704
-0.22222545833806454
-7.417912497980975
-11.373041671981083
-1.9219393596381713
-19.059337779430884
-22.704610291200876
-2.6838480831153477
-4.188404770318296
-0.162253034355874
-3.9788358296966035
-3.5022176053570786
-0.031324951631368995
-26.728277973010375
-12.48161013639198
-0.007610472317200967
2.1187725232816588
-0.6561989435574124
-0.019041630527617318
0.01543860905725345
-0.011903807258666486
0.1692551872793625
3.200299493320447
0.06529178910550205
3.302068542491291
2.111583086410106
-7.7633671314953245
-14.391642980772309
-15.843970507602643
-19.622800212701804
-19.248951435464527
-9.907061728716144
0.0007914710670316211
0.0011952146576070337
-3.4166608998692545
-33.753133828114805
-31.696681618236845
-2.8080947529439313
0.6065284356491575
0.0015563907014847123
0.004379015092461169
-2.9825664225234907
0.0033377675932461334
-0.13283086525880503
34.1376566217216
233.3410591381094
49.94254580697969
71.58848473973941
35.88176643855526
8.414653431224002
4.897472078914842
0.41726009133801567
-0.37084626582698654
12.834539011787975
-13.002204898171419
-0.007200250111833604
-43.455715691422
-4.492046722182776
-0.44392573563978915
-1.366463713947389
-3.4044718895967714
-6.448622710024601
-18.710972283424486
-32.28800886577291
-65.98266767551743
-80.74101100022625
-17.07874715246453
-18.6093197969682
-2.0700122547195683
3.776434077411066e-5
-1.2871254623371702
-16.804337226991862
