-17.806318534020274
-13.895545636800623
-2.5003213505936133
-7.166443508892337
-0.33045585995172955
-0.5371848180392068
4.468888114154475
26.603401828795153
37.36889444121544
39.39490430317342
48.510035720511524
86.64279016153478
58.88416326566262
12.967324960212792
87.07133175890304
186.74307248720956
179.82894602992644
118.6715534609526
196.2777664045655
196.83605059640703
19.326919142463126
3.7916761368822414
0.021245397994945375
7.386845425029192
51.39153685144189
173.14727064628673
40.22491785919478
26.942229760514472
1.628556790847242
11.313107717992402
16.736436212594842
0.9011958255976468
12.732170084803498
18.7375480695039
5.686137551834273
0.8139100391042167
0.3117079888748904
-0.059056124646081364
-0.028563323964588355
-0.036333314400214416
0.0008085906205248434
0.23997385766957532
-0.30797986459798093
-12.619986088985916
-12.202167785882274
-31.242185522742407
-1.7367643378434527
-11.581095002353681
-3.205894621191799
-0.9671057009173276
-3.9792607580343358
-0.0018226008812468172
-1.2726113856985337
-7.769493465013921
-2.6420856825554857
-0.00995308694607146
15.923066875820181
62.54742205930718
-0.024246845217507806
-1.113082834344895
-0.06593021707044415
-3.6063999747368216
0.23666791705117898
-0.12502318123241382
-0.0018134576216929043
-0.15596592630266937
6.072810053811242
1.2910458890853422
1.0989832076421182
4.6589496277054785
-0.27267747398750863
-2.882947567364151
1.0202277603240146
-8.695349634479049
4.548182969641322
153.567618677433
49.42403257108129
0.6969944566977517
57.48835570876387
141.78708219287162
17.943374387554343
0.08525732380566586
-0.3318318332270095
-0.39810639150751603
-26.437348001981356
-0.9122322134964791
-0.04770286228799847
-7.160991352847081
-19.87044329196789
-15.123968938953768
-0.822152812168535
-27.81291440904883
7.13519405939856
-6.612698671480841
-0.030015154079933472
-1.1683488920927505
-2.811942222507228
-19.231728750133257
-8.091065977060737
7.294770012349196
6.481019082144732
3.321479606337524
25.59538585405827
1.6516808707244532
0.039957208372566666
7.290135835235768
11.763101345361221
0.037506246780226474
0.834108899086445
-0.0004897111667696865
0.5558715105199951
0.0648456078864033
-0.18454141201082103
1.7100070409147021
16.783944652231234
5.863620895658724
-0.0005874352089746825
-1.0131968282939372
-7.874990125549777
-0.40346392963131533
7.640090724140266
103.01324128038092
15.636313102131101
10.948301316961322
58.95945445749791
8.042983593330618
2.651306655804526
4.373433687834824
-0.42932942950887376
0.616711999497999
-0.6037772320417804
1.8927589620744647
61.27402222865305
9.243213093329977
13.649390323581146
22.331872235811606
3.976335316151018
1.7874790125080804
0.23637223294065096
-1.7905314007290758
0.017320290116134333
2.31348332912065
1.7783841909720048
-45.61844868356916
-17.621035912880945
-0.052813011003982696
-0.13624897948475234
-0.016011282702277946
5.127863883210014
0.05823292945761721
-1.6106233012951403
-1.2308876222988543
-8.023525519622602
-65.97380677930268
-15.2770316852046
-27.001930540224766
-14.587202315669623
-24.403149336042986
-0.9483917691007313
-3.891041078077976
-0.4761689397488752
-9.98852643797238
-1.925499647100477
0.3048127115605665
17.27401101249168
4.796316064204258
5.19409456443208
0.010666797872808791
-0.817819305783466
0.06469009119043403
-1.8364303518612113
0.059085632501107245
-3.836165329031614
-24.615879139615966
-13.370413435204398
-13.602239022000832
-14.819489134596909
-39.68986169854663
-11.56426031847967
-1.6528074350234283
-18.89744343269401
-0.07114773453690959
0.003062254171511135
0.07718886683838887
-0.8538785502456162
0.08947906558533174
1.5472646415251954
7.909693791785553
1.4450070853775978
-13.10726237626533
-0.003205074174931355
-0.28029222580049235
-5.337594288751903
-18.395231346323357
-40.19695634462415
-5.6624378876856944
-5.864891234747028
-19.53173204148468
-53.3841663807461
-3.325541749376801
-10.094546842915095
-15.123778819626393
-42.88676182621679
-0.1613309368362948
-2.8679693805079696
0.01229380766095323
-0.4079302139187474
-0.057082453116332234
-4.376933160780898
-0.18405381582580252
-20.951085472000543
-17.756249032836816
-1.0449103371770032
-0.7315059908682898
0.26025499730647444
1.1445179081553505
75.33022246546697
32.86421281147618
19.022297277904045
171.04861693133304
136.6306118962374
24.863358008993348
26.991422820164594
104.22114715938734
50.25452378309079
15.044745642168378
79.74071387872239
59.34374833659669
22.742550000302252
34.62624052624063
30.651045542396027
16.721651677428415
2.4734579063053266
0.01889185834010659
0.4799325466406358
-0.005564267838590512
-0.45865035380184527
-0.034053221207867614
7.4368461129819465
0.778560270244904
0.5516230128690753
0.04434723477646724
-8.569390917065581
0.053706535754374916
-9.12073598922323
-41.885432315543056
-5.272246080997868
0.0003886089799136991
15.290220593215325
0.054509293627065115
0.056511240617836196
0.05450075858681568
-0.001017447859750503
-0.059977137519844584
9.248409688210723e-7
0.2836049844902239
-1.8068823238480793
-19.58246026543667
-11.741695529393008
-6.577231120524943
-0.20811911066120506
0.0005873102601888972
0.0013956876900601612
-11.937762083120518
-0.42045124570579373
-0.023534540604170196
-0.20067989089083282
0.26003022246761925
2.1216232366981536
0.0058062541016845595
2.872303516253787
-0.00044859832398283034
0.05750811740573093
-0.37199398347874396
-0.7173056728218035
-20.306981834639597
-1.2662862209512715
-10.766867656498054
-40.267419966822565
-8.60276980959169
-9.366269779147396
-5.178666114843634
-8.63063385720453
-13.500605191238446
-7.900244753547486
0.12267039024535492
-1.3673962658795222
-5.987786269955225
-13.844994221776837
-20.56059465167877
-43.33061535165723
-41.958232557804536
-12.431651184127396
-12.96755868211476
-2.3847086050809243
-0.8360257914026025
-0.07187949557152029
-0.42904540247249134
-3.0524429993260793
0.1047138707450714
-10.003213761892782
-0.00545643561880349
-0.033954197753450786
-39.380914045615015
-14.607790687708283
-17.5041734043234
-43.39886674882072
-9.371928975665606
-3.084453517433479
-0.73052167789563
-61.75196195218825
-16.612100809964005
-1.2433667000628463
-1.8309592721753507
-22.42435757352934
-26.656538693172646
-33.903739409165475
-0.018899730676360752
7.579565708163426
0.5345432708978441
1.0529622134977756
20.63615508617973
4.486480152443998
12.848903921900384
0.9074353919680483
19.091462486078825
17.642195762153683
4.492670393112629
12.250341208384254
44.48690842938893
59.755899322862454
4.378103881500609
8.785796238958401
3.391924316817361
18.334251759926797
7.2951769189093305
9.822532874617623
1.7690667513022775
0.44749687585423903
5.913235893530079
8.956001304891808
23.026942008350826
6.89687411610332
0.12891948338586184
-0.012285647889818105
0.22442737591084203
0.3282596429399106
-7.046181077331452
-0.43370593866750884
-2.5189633618874283
-0.2870080358237418
-13.058909935234878
-1.068642570225435
-0.594530187716331
-9.368666738719334e-5
-0.05229008576361915
1.5442048106127624
1.8186746829400726
-0.500726097592154
0.031225832447586647
0.7911161910482633
19.472708628965666
30.127027873498093
0.260007783584396
-0.05788504316268754
0.996135964667873
-0.28114813304399006
-8.579255545389428
-0.05820111781146362
0.0005512821982762911
0.006354820061417856
-0.38205298182161046
-3.9780531434023874
-12.306998656146817
-6.84496722772704
-11.967769692562843
-2.015174646460545
-40.505384347983835
-47.093792419690146
-66.84470422215695
-27.4861638967472
-23.485767590343883
-0.2963732429691363
-67.59534857529646
-66.89236079918142
-17.666465382156964
-6.694156380974262
-9.404349280608836
-0.19058130527046402
2.1244649985657933
51.545130907106675
11.251706820102093
4.478562159356688
0.13403763503962957
0.10000494581162084
1.5096733528394013
24.019879204919718
61.05275551137816
85.10435889015659
15.13892208640676
19.768553606104465
9.545887463824636
25.978497965135958
24.139093558898207
178.453108286847
24.08306311380587
22.77725788751414
17.963575312801705
36.61457340578199
15.892536816868846
1.3741879131255643
0.6138891263988175
17.857962026126305
2.0889928516473573
-20.01067905854373
-2.620517680256981
-0.623262342969978
0.00013960621222531804
0.5511051412596935
-4.346821446102942e-7
-0.4562842576350341
-0.008494934424223919
0.004416168048730961
1.257011010625444
0.24246825832807795
25.192200024130813
8.18578932694042
-0.38477299331694287
0.5841943794958833
7.815292715663052e-5
0.11650110184447247
2.444313872934786
-0.002059374094079127
-3.93779687489314
-31.112817156387106
-43.56468797762677
-8.324016518206548
-11.870072132269613
-3.8337740836428744
-17.29003456516821
-16.79822585302798
-8.164982209091391
-0.06159276681243049
0.10697257279994604
0.0028616119535477694
0.3690973639986976
1.6497425382101718
-0.004228571439597976
-0.03756520046237822
0.0765408214309709
-0.00013343034233440177
0.17108993448166146
-0.09268913460855799
-48.40249825922894
-15.195878986243466
-9.326398795808034
-0.0035408350847602387
-2.174008930538432
-0.012190735777233279
0.3789309613911599
12.260669398909927
0.021686948255635812
0.6000916537914783
2.501352523328996
1.1887013276990404
2.065345119498739e-5
0.00013283752332064806
0.02352768665381449
0.10216539736915208
-0.0036471231331105295
-0.093354920195423
-0.0022291576736916704
-1.4837312690701017
-0.25779789022746813
-0.5140704431112146
-1.0946919929881829
-1.4523716698483053
-10.984105824217671
-0.6541911877336514
4.519621665589766
24.744296709733266
0.18151744695873842
32.86749861014144
2.0246002852818012
0.9965202729383013
7.686858181890853
-0.2214804287199807
-6.955568698469438
-1.611524887773863
-48.83308113342447
-21.173688022531998
-2.53633980319061
-0.004496184759714565
-0.22936912937628587
14.422552041339397
6.560061554285963
-0.7468631010727873
-49.117485029220994
-5.892475124471448
-0.8578615216198471
-2.4887815902932204
-3.087950860100503
-3.3472962032576192
-3.6465975561588775
-31.409719295017233
-27.891278720750055
-1.747531603164074
-0.2876837203161821
-0.4494261398229313
-1.0262306346493204
-0.05979828971606353
0.07294019370264783
-56.39092168908171
-2.7579865193717854
-0.23375239907005996
0.016027088139482802
-0.818085541396042
-0.000571047763443942
-3.2582976750002928
-69.4812324874277
-0.40673429642378767
16.35608020907606
-2.6083843556422694
-31.758441514896653
-23.250907633088318
-1.645095423627532
0.019729402499263776
-4.844972144838659
-5.791519654120058
-0.12313038114247275
0.6477455970743841
0.00019060036480533963
0.6470219314684167
1.2129788207973897
-4.421386377208919
-10.5168618855524
-1.6536482562370796
-4.89766058224003
-3.62629066302083
-11.363825984599865
-0.06752984181487502
10.849965354835692
2.799606920093143
-0.014722002413713244
12.105753937097155
0.5981173977725084
14.726399809077142
9.6316744126248
84.33029808678367
38.581170710237956
14.971062665456097
0.14620734834624524
14.457037975986369
7.130196294709381
43.851602737094005
52.64426327599381
8.593863905483204
0.0007746552432182347
-1.5210737058448631
-9.153516641050297
-70.80669509191233
-35.85227867109973
-1.5566317012644775
-16.455353609033022
-140.46470056972518
-38.25354477553191
-3.6038222760509617
0.0952920530033986
-59.59085428423912
-0.5388226465394321
-1.523668135837287
0.016391299591899163
6.401419647473692
-1.6701961393738314e-6
-3.9150862050369613
-108.04592548465507
-34.68448126122207
-24.050088185798852
-9.904514918475007
-14.648171649675632
-25.330471390849056
-8.31633481480991
0.4403006367711769
0.44316242927991967
-0.07438817575862489
-3.2989194143473313
-2.4990100320917916
-34.68459302478159
-53.494863481149935
-24.27882737871198
-0.16910642197511463
6.185945202932952e-6
0.29599866618572945
0.06422731507374664
0.4538196148343621
22.871953252027108
6.832307975704069
0.9681342163791138
0.4037897296253798
-0.1978085715379165
-7.591527342814396
-10.990689956540315
-10.95541798397244
-2.2638345460919944
-0.4126938577860829
0.007466331543128732
-5.772042459871918
-1.1116351447267612
-12.304163128536453
-4.0808699656845615
-0.5823896756854761
-6.063519575928321
-0.05280998219477537
-1.7982338317269686
-0.0046905802182201275
8.47207165173476e-6
4.998064198115681
-0.030974201384555804
5.2799856681177895
33.20586282802772
37.022155911984996
22.749961515449836
72.9097106515666
7.002082443381819
-0.03569492752631519
-4.0628753452989
-4.754001996052206
-19.429000979574553
-34.0154046004704
-72.18880730503703
-153.53628740068524
-89.31209011966149
-36.12242038570155
-34.26377181675885
-51.183393058432785
-122.61456752724227
-92.02371965519369
-25.222309046189004
-2.649749091613316
-3.7071831651097185
-5.4156892682327
-0.0021018673623597866
-21.79861341054498
-11.15815836178287
-0.011472755998185903
-0.8618109308731547
-0.0016068161486502348
1.9312553303853268
13.009409801552787
-2.449809079395826e-5
-9.311857298320795
-30.785702240169403
-20.84057615574493
-0.826858665162769
0.03859231580284165
-3.929697662662672
-7.4151701722860786
-0.0599263652504308
-3.121860508003788
-5.502440500745711
-4.290942430001838
0.38926557667418343
-0.040697199305623835
-1.4753277223672894e-6
-21.903789498568393
-17.039094100780478
-2.5603828415478227
-6.162312419124992
-10.957085495279077
-1.3644155783833845
2.693700591513876e-11
0.09944831293147723
15.127949112957275
0.5798674620147383
1.5613306014488901
0.49215302007358297
0.49573798181240375
0.0002899353240672383
0.4078815187336392
53.01431480740971
19.62617141537876
33.87332893809049
95.19686482194152
29.346272809355344
2.419897675321774
-1.5922128033126196e-5
-0.7539168094144255
-0.000564450610409455
14.050127678093679
13.177162983348033
0.6531596886582476
0.8584040483270357
0.11441784946840795
2.5198890880461913
23.657134277387527
2.6894272568496853
1.7034751158984047
10.21326379072223
12.7209909682954
11.345300108685151
2.3391627505775556
0.9585910951152228
19.138681088888475
0.14321009285800498
6.327107059559687
0.02383205976399972
0.17129856994019554
0.20176549739154412
-0.0008567167564573052
24.35075633202564
1.12326757914916
13.932013783256073
67.57229149543868
32.69795620274874
36.91609177466996
20.237911038180368
31.24492888482768
7.27720928195835
21.38428902551853
11.685261564446147
51.06717958454423
23.22027588661881
13.790352048456024
20.839053967017957
7.557760653886502
72.72837355954739
107.38940932643241
81.18348000471343
7.7563905202229115
5.723264436139573
11.782061935231825
95.49570993841617
70.3390494105873
173.14217641824789
401.7561152901991
158.13947512334144
53.57187361489194
19.52937834532418
6.606375639424935
7.944929173438482
9.303235689512308
29.578717615424953
1.403365555024022
6.338709429548966
4.077453620343877
22.547234986916877
41.05369286736802
56.68462444098476
373.62981964587016
25.233550472480534
28.269850100510297
3.745688644528009
10.7567253341545
3.6570438767011293
2.6102137012843905
13.110501770986511
6.3754302039096515
19.52197919491417
14.245146206768998
0.09185033428350077
9.963679267291063
45.81251794282005
0.4269985650598125
5.442420622083269
8.472050808973647
7.5307008873158825
5.288463110237176
1.2127688585757281
0.04368973211052602
4.086945668370945
-0.0049603541361468535
-0.2829874097753289
-0.21348068056164302
0.20346922293992142
-0.17760820378901682
0.07359116747442217
0.4645333255494273
0.00020465591711197443
2.872005836890742
-0.010341264511779425
-0.93899040005223
-0.39926207887951104
-0.002105777884624079
1.7127690613579725
-7.510557021908507
-16.9987389602916
-49.24168546764826
-13.714096918035928
-49.384895010081905
-86.45094707669041
-2.5707680602981675
-3.408209963275655
-40.301247454641434
-6.908340606177561
-1.9701882712563257
-13.848299726373929
-1.7802354149772655
-3.7593102756126306
-1.947018246183011
0.09321078256191308
1.7034089907031655
-0.004537017281848928
-7.810195070165349
0.2526944608167034
-1.160230601758295
-1.8049323238704764
0.7896972085273858
0.9190756573139512
5.389204691245297
0.8579006831566013
-14.578341870343205
-27.74602451539685
-23.267431459783253
-2.936247891867502
-0.0019211665427964948
-0.060766157790926895
13.187778364234333
0.6785347535486451
0.14279128255071405
7.064217824892847
54.57357396854348
111.61840775262789
2.9665132583573985
0.22387382394693156
1.7419786074778206e-6
0.275451088758075
37.12428061939077
7.678527665877734
42.863913290076525
11.834368781162837
-4.891365604368294e-5
-0.45818453688845673
-0.012435388099721207
-0.21900695857812935
-0.5770949086939982
1.1625657670294982
0.5151921476877264
0.28741533030404437
-0.15293899812316847
-0.11309857914644293
-0.00016442109180493905
3.499392563595192
1.3022161584721441
26.61473861710243
0.07748543318466586
0.23437268991896615
0.07196650942337997
-5.176253039185913
-15.77590279238588
-108.85011221229067
-42.97361657207659
-4.618122693109635
-10.005279523224647
-6.9921113478518055
-25.68977662211876
-11.862794133883058
-2.3284176302458914
0.0399287835524472
3.143148658653671e-5
-0.9649505481763097
0.05968593083455059
2.903497967424531
-1.8526856014621917
-39.70931505108757
-16.453799950570687
-82.69287750319549
-30.365609770233185
-48.4552776132795
-0.04308648912488495
-4.595854987499604
-6.6160914346470285
-51.12873147881033
-61.553841723976944
-54.14566242731016
-23.37861396314982
-13.461702841024868
-28.239592373330147
-0.34511481093486307
-1.5015058608711789
-3.3199042646858774
-7.629929733572657
-5.016176974789025
0.16690441140308343
2.510268866981539
7.267003973177998
17.03546751064939
19.045261389457455
12.511536463603104
7.3601447554973465
38.58283926292355
104.9170892678854
58.848591569826475
7.444915838113551
4.862355894570984
16.49987155524845
1.2100970223767427
1.2895175234525393
11.346729539699757
12.603747641234648
0.05636077291625785
-9.068358477864335
-9.61924297488399
-6.402776747216159
-0.3908680650871648
0.12482892514430437
0.1648052868600648
0.0005339999028280573
0.515270895670967
0.18893518337607004
-0.02423043601029838
-16.656816669961188
-6.515513851778125
-0.8674890199501408
-44.27611154910152
-6.13002677207302
-2.6229922580885
-0.14149835594203355
0.0007095491969617458
-0.0009763138241108598
-2.805132174935164
-0.06907717227510776
-0.0003118442968129248
-14.593737540258731
-32.947486343650425
-1.7236608658699415
-0.1416616587252631
-6.1288086302484475
-2.1064851451084965
-3.7399205323838807
-2.5463490700337137
-1.418990459969335
-0.9710129257365302
-0.0002635148021251373
-0.10094096926346587
0.009250234179154701
-0.0027560357079682856
-0.009555656199504523
-0.04060724039624123
-10.379752905479767
-6.406657519818441
-0.6502123450851761
-1.284820324489307
-5.93501246420362
-0.0003250215801157754
-22.233056225618125
-0.03387571503268377
-0.0524048052043357
-6.860049501184987
-8.933332303575813
-9.840123976894851
-22.10877329092987
-5.904355666374063
-3.5251072133410646
-7.219591147696262
2.558282959390154
2.721265169196175
81.52987489519057
127.89203976701133
89.07459237483963
70.59540508217277
25.92923610510557
10.22383203360291
0.4608436519768928
4.668597919731138
1.4569656409296412
-0.002994192308166122
7.9309179031354695
22.07785907643294
31.460489090978335
41.680935305504136
50.64152147169202
65.86002334991092
0.9276147008128561
-0.0005177457530312208
-0.46481391030666613
-0.3007158831015349
0.6151830335636815
2.799841207001753
-0.000550963160886103
3.038607449074156
3.0766560230714113
6.314085711558518
206.55171976378506
157.45221121841882
53.50642704945948
92.86068894780976
5.30880197713371
23.421461466371838
40.02871994334905
0.11223032905914511
1.8936872990717843
-0.10405484352631311
2.916788523812487
0.01200180208514924
-10.534150593990498
-4.395503596395075
-8.202633485305926
-28.632083969570687
-24.70140801495763
-48.52147339218666
-18.51659041724732
-41.408730542706444
-47.954386543565754
-9.51570340703296
-0.27774137543342026
0.25791848797284433
-0.005933149537140974
-0.44370671653810984
-0.29843644575509454
-0.27025652980454873
-0.01865990974868537
0.00020479070348367777
-0.41651155387336475
-6.554890192040621
-1.8146757685622361
-9.17862528009921
-31.59179367777415
-12.40550202000038
-14.794714285633841
-1.9308012636173277
-3.7828547964417676
-0.2520626275872379
-1.5649531182569343
-4.600069682570723
-0.002449272164643632
-1.2475415973829045
-0.0025084118342118492
0.06643555843773014
-15.03887999607007
-0.9307783358194409
-1.737734019709528e-7
1.9859904994689503
-0.26289901524133535
0.00021515676031550203
-3.240077782846751
-1.2372761326071342
-2.127847825619665
-0.06517199285883576
9.120021380269469
2.6430124826239307
5.655288740133145e-6
0.015664451153865815
0.11623239119803556
-0.39966289168914376
-2.54675899063476
-0.822825127478131
-0.3679921946331429
-8.302314931623544
-10.576670270917424
0.0558921920548947
10.10565595459214
15.879396296860463
0.346579860850587
0.8794770538621303
25.46080949768373
126.116101222666
62.111169323465006
0.8854873705024335
-0.0007628078502174698
-0.08319870758198838
0.5561612376853005
-3.0039554928489434
-0.2223719291613421
-13.473356236483205
-0.00015481672881506548
0.14704260804483046
-7.189559625909562
-5.780759606464876
-0.03684083936355164
-2.050383838639965
-6.542605291232426
0.0009310474055835395
-0.018789729938861514
2.254599015817516
0.035778580427355905
0.8905362665404003
32.327009964341066
5.474717197069589
0.9211898309531451
0.07630524329778164
-0.33119149604190923
-3.2756610384562888
-4.720955042952836
0.6777290034297465
0.466597745436802
0.08258812346624096
0.002112425891709598
1.5010733622059196
1.0306222019851004
-7.041849712363653
0.0017495336679550523
3.1977532832159814
17.981195988406473
-0.9363711665868016
-0.1675328186236569
-1.3833410061500988
-49.313380549650006
-18.00597609591277
-4.8541077237066
0.3413308387987218
5.350326152178919
0.03992286050656003
-7.959966296806094
-2.716912572333965
-3.483104288690298
-0.02790413819399656
0.000898332949497919
-0.06599375432330015
-0.00014499330032611158
-2.148599060225815
-0.3317031354469758
-6.512539383420971
-21.34721441473777
-0.11861743759012255
0.5231889882815456
3.9849186882614913
-0.30305233767249684
-0.5660330313643027
-7.16685050296128
0.012577372297327494
50.88749071339936
28.80431832517616
2.402697456974741
-1.7940735103484053
-0.0517019709925043
-5.904826490122395
-0.4064394416795666
0.12249584362906261
0.0002866480794051249
-5.162309959136187
19.72105910597871
15.231454994877359
19.047993422522893
35.578638530694995
43.97879421506673
94.95715257934191
31.46398285072321
2.2865067791395908
42.46103661408881
0.26681255648775976
0.01591043493227288
-1.0157884508415798
-10.773400355814212
0.08619523246865196
0.13179817857287504
-0.001574932958305757
-13.71951178615507
-1.207007005188417
-0.36289850663915907
0.00041914157136659834
0.24457081055731578
-2.2487494981102434
-3.734028971710087
9.43392474049062
1.3584008153642053
5.6849719349910455
0.8828172418201902
33.802224779871835
94.26251574609357
176.86206184430856
122.11409516621099
36.68369253851891
8.795140701160387
0.00495421170344946
1.3663081987909667
-1.9087069534070649
-0.36870447321588995
0.0035413037750854632
9.141152545326786
37.01563621319608
5.8581647316385235
0.7907075429952842
22.71028786667816
20.432248245590817
10.723225932283029
1.4428687848742945
12.39510288778958
2.1847876737959755
0.1449004038004986
98.00931529591678
26.8863883503557
38.37698644443117
61.22063787652925
49.319553567188336
13.985320096700075
15.00812105519129
18.95452870892506
5.73488539325218
7.694799890217979
29.503415310689075
22.24049120865204
115.09114109630083
53.88410919295662
34.32598772881163
64.61601637058885
261.6016229084864
175.35176725347156
13.920527123960246
2.656347538851626
1.9037648527974154
3.6812932650845025
7.032805854001752
18.54663718191128
5.004823099631592
127.82341627353507
164.8696229115067
209.39414690275035
169.7362838338361
145.98164517261324
59.35506873832982
29.361862632010507
12.197794000981123
1.766894493101484
0.7818355531491896
10.803533475770461
5.213314309798454
0.362988770914655
-3.565237440712534
0.023765049215070475
-1.2299331222944547
-0.0037271720075467457
-0.6675651179962993
-0.18705765406027447
1.7981866954207364
-1.5304574346630704
-2.33920597093096
-1.0381100252180937
-11.523178156842965
-15.657348846919378
-20.361508588775127
-69.96829284594877
-0.5113341836392797
-0.48588688707788685
7.38685692053961
7.128266992472296
0.8735588073267726
2.013819515174361
5.568760209690868
0.020845023817861554
0.4468213262286119
0.09176102018385525
4.40179043136454
48.951683066912175
1.726780093229367
0.8894434448302713
0.04849598336743442
15.397774539822203
29.310519764541603
-1.9165050633199376
-6.450802774887654
0.7607051241141317
16.572281501634656
24.542692071075358
9.266913973387195
20.769593353175416
0.6521825605921888
3.0005985858884645
14.323690481273632
7.344846448137735
0.018023636214046464
24.795710668395778
0.35156600447685976
0.013232292851427886
1.5490030579896745
9.455405601423978
4.682682387934084
0.04900249051412737
0.07749493352676476
9.61050049695029
37.86553849244873
67.53057534274139
6.253431798533639
4.055617374021648
1.3495037623553814
6.934213784813348
2.6346082678645186
59.81291541213394
40.273306677913205
62.786981056469365
28.138979102269616
3.726368891202453
-0.053125614427603794
0.0003623216495975455
-0.004733938896631376
-0.20193366626477444
-7.063766893445021
-6.302955114828211
-8.07499103671895
-5.634890217074771
-3.2333839128407087
-0.11404737305275446
-16.4825802459134
-31.86975674780288
-11.419891594878568
-0.28512577633880193
0.8374750282222225
-2.935604246602477
-0.18999022837963417
-5.831353087725342
-85.40992633282958
-71.47272592758888
-39.8072779507302
-15.359654329731807
-1.0650847899686244
-0.40563413814652594
-0.0017643204016360933
0.025764051205339766
0.025882498607584403
3.0715645946394585
5.318208638130294
-0.04721486468900133
0.00028058550692486376
-0.0027101071637320685
0.003001926963745458
0.7364633504248745
-16.594909826045566
-38.51059337489154
-85.67308737671596
-41.942827710574186
-20.06739248037147
-32.332098704595346
-8.588127971472353
-0.6001998355214916
-1.5352112197389691
-45.160967944189785
-92.8248940153629
-5.152595841796362
-2.5677013406900664
-10.773994175930206
-16.326004939242143
0.01794404727477214
-0.23861106977834465
-0.45205647577829733
13.133016265920281
0.4512067693639116
0.2695865373872868
-0.7939676027314827
-5.972054469078978
-1.3813963616260991
-6.118740527230977
-6.425017659816496
-1.4416737369594101
-1.4776701436793293e-5
-3.8264078083008832
-3.2162257178828892
-49.48216983437701
-14.954588342287803
-78.3312707504323
-4.917072277849356
-0.09242844994400146
0.06869110222320851
-0.6317531324599177
1.3485352715937995e-5
0.3151339662608705
0.9560682177107055
0.15020790548099117
-1.2781533527701354
-16.000366043595445
-8.109687563332532
-0.3732748051745947
-0.3154716836325855
-4.4784711621458175
-23.4421474721135
-14.818185985757799
-1.5336560610828165
-1.8077564426502746
2.168755487408959
0.048080301655466166
-0.017402356713378656
0.00019247331772480987
13.496355276960136
6.687432602268267
73.25095119340726
43.83442830365899
0.8995518354229253
-4.457237035545339
-4.2305843525564155
-6.400790458398277
-0.10108033963934954
0.43531225892271863
12.997597017088307
0.03280983337285893
-0.735208406494571
-1.0204250005018192
-2.770202260261276
-1.1583094686224
9.901454624745474
23.219382704950863
60.44577082951028
5.663876833750172
0.6196898878191451
0.0036920714385648237
-5.499595722333043e-5
0.2876502622743119
-3.904807562707774
-0.1407406962674569
-0.18780678199959042
-6.988554575184482
-0.013206979036640563
6.35476963272731
1.0517167374398975
-0.021147173614627156
-12.068293660663743
-18.253581399232786
-91.13042704616095
-73.79501968162782
-62.511744203988094
-7.708300275865281
-8.466199113286744e-5
-1.4161509967265093
0.00010964077176606493
-1.0792725721588547
-2.3606165926330367
-26.015801961310064
-32.880717552868596
-0.9867660934888902
-0.5292916204898352
1.144168186675566
-0.0022913393343340655
-1.0198956628507192
-23.034180230550497
-0.21407719239457082
6.498099319145614
10.49473158642278
37.53651339020854
0.9973646059145301
0.08699469413137222
0.8176674323392792
60.405827444533216
24.552023099567943
7.736505479134387
2.1993129263903106
0.5198386336882965
12.532139420481087
44.37386532939441
15.645679241022256
0.8002502119418331
2.3984440141285646
0.30148504062591974
0.0037697413714102425
-3.679131118026043
-0.6860710516250923
0.8100951149079135
3.1285310409010703
-4.002848819950885
19.251972863284163
2.486825895562069
30.64569130863361
1.3112162657559754
-0.020455725169614424
0.29445417005029895
-6.814356900485042
-2.1522978820205876
-0.09325059683697957
-0.396247141646336
-6.293717664686347
-9.05291434726453
-1.8656075617364032
-8.581404176359683
-17.33530808456668
-12.211032586138648
2.466086016104925
20.274137586421382
2.265048066668575
-1.9652986780393864
-17.228792551179637
-52.19164199832726
-72.30063804681488
-2.7284413626958246
-19.384101904717596
-17.617514821887134
-27.181773842472545
-12.879593593863081
-29.38804879690077
-15.929047822621495
-0.42134996256338697
-14.275435686870843
0.3063005605956295
0.021280963171047818
60.01665817682478
18.561362353237556
5.368345229665784
0.00017516010239700325
-9.319489998934227
-12.342784071259503
-0.3523214313787928
1.093477539798918
-0.002840997318853293
0.7783753077575936
0.9059828999668581
0.09160262284385591
0.5447076633440735
-0.4230841375268796
-0.31970148626109735
-3.4593663116641142
-0.08061515796269061
-0.0010226693916956275
-11.162885950266658
-37.92815598908556
-24.77538596452566
-36.40907296119989
-39.58410698038114
-50.40274135894715
-33.28292772211074
-19.826188436039075
-33.78610579615383
-7.720039923028766
0.007117524321076957
-0.2894987215502988
0.028110080809923423
0.14956455356992665
-0.11759685096335355
0.02957461138461618
25.049350843735645
1.285624474120437
4.557269796499605
-12.136874273371163
-0.22843728676680933
-3.7358279336021236
-73.54096239776618
-7.680634518082087
-0.03261578852818289
-0.0004614402626723116
9.669991358924177
11.065833022432393
27.42044375990958
6.05862690547715
10.387607312125935
3.9616145218302847
7.914440577238466
20.507691050499155
0.5292895367783108
1.4767581431853312
19.27230473858759
50.348245345681505
14.65514513686657
5.095094453446722
2.9212906345019274
26.281062688675604
18.15460196024337
4.442455025584102
63.35187501437166
9.739550527010017
2.0304219673817543
31.65534214350939
27.958963090607476
34.167416916379004
56.45982630402613
19.466288948788133
8.571432136445459
30.29444051252541
37.1123040466
0.8626673488876831
0.9154718464842736
-0.07841981264131993
0.6525518990521709
15.946168813135563
4.094105378125279
5.7713012392939715
8.563220706068392
5.787393534022321
-1.898986624874499
-0.4879315136826881
-19.894490196200746
-7.658690343099635
0.04958430047588319
-0.0976635665282391
-14.860502062512301
-13.094167264810311
-18.085158114737087
-8.732494959439643
-4.206429981211891
-50.265518546588204
-76.96584664969173
-59.75565790005039
-30.59241127713893
-6.844051990998453
-0.04576337510694235
-0.3176146587220843
5.84213937632348
6.515580225635622
2.636311284532995
26.19849409557657
-9.285900126048267
-14.5592154397271
-72.97014902059303
-29.10361532170899
-45.68723190378144
-3.5447440027037733
-19.55355342527473
-31.700983518588213
-4.012443478732763
-8.834564816691145
-3.8387894616971945
-11.682676170807916
-5.701627805975898
-3.8657953865455665
0.056095295021236564
-0.005079901649813835
3.7989414068975305
-19.675664204418613
-2.273600053755754
-15.18230553756386
-25.66968539192411
-39.8953280692982
-7.726554188402257
-6.0571175061964215
-0.008262325428423388
-0.005021509879392692
3.3545743968463957
0.41631845266839534
-16.929017973513805
-22.533472398973995
-38.30026552295254
-12.127806134353811
-0.3132752590067882
-1.2052442739818248
-2.6710873033475635
-2.2646330810011253
-0.003469666908753573
-4.290537540233451
-53.634844519788814
-31.44051694256107
-11.039133027535172
-17.339446910060147
-2.1703862460117933
-26.684359071785583
-9.984933487451222
-2.343277225410072
-1.0819014428777003
-0.1945149076119244
3.1703037424487057
4.544469477241251
1.343429299870658
24.266731205699646
31.096109122315536
27.874870254142575
17.04407916188356
2.6424623526953286
21.67538249130595
10.07523940985208
2.0988657514018123
19.52871384768176
19.820598397344305
0.04142482091478624
2.3018494431002834
1.7207751835160119
-0.05570420393742626
2.9553137872917943
6.794944816155843
6.6565814143372215
33.145314714819634
2.9501351270901295
-0.025597187469040272
-0.11951873397071336
-0.11679681586608281
-2.861589591799856
-20.195551683614244
-0.6320185656790243
-1.3393231438431803
0.7004356756464217
0.5026388154825288
0.0010979473804330817
1.426387929414493
2.954865420035725
47.85463718760806
2.6650056380970155
5.6199540017326655
0.6370463123766525
-0.012929797421378663
2.1031964761119744
22.916276396042868
0.049945689285206554
3.4653157979230733
0.6239704717873288
0.25709761127534725
-0.025081045403877074
-0.0726784151518717
-19.582792930285656
-64.60195079790253
-139.39627134453846
-156.54619349789806
-36.53367939730966
-4.572293236580802
-0.6865597857848945
-0.4165903817545327
-1.2183423937696354
-3.964685312275272
0.22209882928067792
-0.8507407978280084
-2.8045961187885005
-2.4457149700574567
-2.1684977008151307
15.326243081479047
0.08081249849272182
-0.8899593519335358
-4.440797540964652
-1.8219110285321551
-11.919267165793201
-21.86817500741252
-4.115358475092875
-17.605266905296812
-1.647956238340695
-1.1143084102895175
0.1003597037519726
-20.489069307881884
-11.769920746300327
-143.9474634912355
-61.395501479887876
-104.32487823338647
-16.6306932213524
-1.206864818606177
-0.10166663775741062
-51.04665825979301
-3.4221702955156137
-10.970989491749494
-1.5048593989344043
-126.80635746887678
-8.551243185680674
-0.9481984499600907
-1.271745854967865
-0.7403428830669389
2.6458722059524124e-5
3.45432942009686
59.537719919288605
89.96158886527257
100.43031250758987
2.7618939417535966
13.566559399279393
9.303940410389348
0.0037087995425720806
0.28168103627239593
0.4023708797262811
-0.0024355948383294277
1.039429698020703
28.577462055273728
67.02860266954387
25.223917113377286
12.184727088479764
24.206097554388407
10.356140209597347
0.5111842378195316
-0.0016601499511714603
-2.5515403226077393
-15.39142338917042
-6.955878269909656
0.24585902222091272
9.815013142014433e-5
-0.05314752552748222
23.309398221049992
268.3933429908036
73.82576457907236
11.566054127511755
3.463232660326298
4.311968623111879
0.3498300963546677
-0.6355272275683237
0.028434795954974484
-0.47274237026324567
-0.008235032947346068
-0.735455028279275
-0.006990873600884666
-0.6183616817601582
1.9975218892203497
9.18704079019893
0.5186854326173524
31.741612318722467
0.2788683681419515
0.0003567651397258746
0.04726935881677796
9.241886720170408
73.03314366109349
4.250104402973888
0.02738130962798031
-0.0034166681780300385
0.20851627347163443
-1.9789099984732021
-0.13500653942652288
-9.992678652423496
-7.819855895123423
-0.008620832630466613
-1.0775689341825874
-1.4299726962264996
0.011039978172679578
5.20354853178504
37.48930446379198
12.28048552509206
-0.0018474995376899345
-0.08529939264769547
0.000664738551525952
3.3736271153722837
8.069289789356127
11.029847095253475
29.044131104017303
1.0069382008831695
12.454479533260532
2.098722923371516
-0.18307720811989678
-0.0024137325112954847
4.714033262906838
0.967111892084928
-2.3973145945721006
-4.800100446158486
-3.6781703262217316
-2.216405843342012
0.13517434126630185
1.015382836154542
2.570443043240118
-5.193010876315173
-1.233393602724176
-19.71294332342024
-10.360395011800309
-50.78277502513209
-9.22511069324577
-109.40100270407252
-27.615054455460648
-2.288986922989903
-2.141332779491544
-49.10769659381075
-0.7611442514275846
-3.125835785349691
-60.86117957558215
-57.21234508191304
-17.636146032879626
-14.460497872991843
-13.819341132967656
-4.551985035205711
-1.617936201328551
-0.5384793437231157
8.357320869478476
11.943715096909582
0.6546352892984054
-0.004860646118658739
-0.00015004939502277504
1.0915806959676806
0.05115097444407147
2.4669353745520657
1.8513196442464883
-5.475986691962129
-14.005080192495521
-10.716662599556033
1.3718905785280375
2.65840708174728
-0.02622975407232879
-3.5914412210961797
-11.51230955417242
-7.002895752940822
-2.063632469007168
-28.46441328342827
-56.7885748634046
-7.8028170120861695
-0.02786492046213815
-57.5615150272334
-60.94406076460303
-106.43885869721977
-6.990260711501983
-3.451913891781929
2.8223776361786324
-0.017051879061485958
0.09072906155431511
-8.127167342756891
-3.7087537478621977
-2.453896928210674
-4.978571403129937
-16.069169864207915
-56.015467374243094
-11.655262491636016
-22.597652067683985
-0.249034706662213
-0.8833835651127309
-27.19324923875615
-3.332841361117518
-3.092874145411002
-0.29088900163150017
-11.17268042274259
0.01212927982365115
0.02245167130882529
3.7661204896825318
1.1244649099123238
6.8060655502232414
8.556444447975082
27.978960213583353
9.492010815659947
3.8120539265527813
9.461088386733259
7.205984470658744
20.179162787327687
24.013019859506567
0.2661839459722029
-6.033405181363023
-17.511961477023725
-4.327468828697392
-0.04879164004326139
-4.597693123444659
-0.41335116925136334
-24.44486578631184
-5.112948475796113
-4.927172625108661
-29.897483341084964
-54.74441463085727
-43.79400323128717
-53.25664169815273
-44.69101617737419
-81.60919526675306
-5.140110361308606
-0.7392149955230272
3.884834409402921
9.956937666627631
1.4073853697360394
-0.000827435970072119
0.34181429299269844
2.902266973458962
22.818916782487467
36.48710690150834
13.260005326125064
40.64608261898486
18.328786258055732
30.620010471940308
7.219244532824525
2.0532742528367263
0.020494932968278114
-5.780689382193827e-5
0.23095208392992883
0.40859952396612353
-3.7700606709644604
-0.0088413287496505
3.3958555226948755
12.0856997855446
19.920275321271927
64.37473156450766
65.98623899606227
40.45202124323247
0.33253814052388475
0.044563594959271466
0.48078453320432957
0.03417137382057138
-7.869030142644216e-5
-0.919418762076529
-0.09253508317774972
-2.5823861215115267
1.5720492549657763e-5
0.46126525163783283
-8.131898851451032
-8.227047978815788
-2.3821104564966906
-1.6225373268371612
-37.36864715830782
-0.7388699642924619
1.091603461622884
-0.6008632155494116
-0.3945119580884006
-2.752536143923318
0.19712475751736078
0.05426194799002242
0.11773807971636027
0.1999992185861592
6.243263006327388
-0.01001616663935595
-4.0205153600219425
-53.03667371143645
-25.9894693121119
-22.69506696745265
-45.80765352439628
-0.9148418544715564
-1.024354101827161
-1.4033712175327957
-22.256057844639482
0.1744017161077132
-0.00041333526250574183
1.414929936442504
-18.012588556303218
-0.00023795788409085186
-2.704077449208834
-22.287183387181297
-4.478941188256416
-3.526190911815619
0.15577068376822814
-0.0005565251919137946
0.002326085694503978
0.0073317565038752835
0.5278719812053688
-0.7635718332010554
-9.541012750852657
-2.3326981527609947
-0.005554643109172779
-0.007711429033883179
-0.8015142518318272
-0.7641961836211227
-20.317663578107336
-57.56964732190893
-22.285035416121588
-48.329415778569164
-55.495350135183756
-2.778354444687225
-0.9372417753854371
-0.058643238770442224
-1.4599172906705105
-10.390073034898302
-11.03512209943927
-86.29855614515782
