-0.28660133772682755
-1.5021170270302728
-0.46336048205897035
-3.859918273651564
-0.5118933821297523
2.4274214548499906e-8
0.8885773183328944
58.95780945205361
-0.17953073438992295
-3.044244918646688
-15.369086882320978
0.004129769349557497
7.706276005980406
3.2432127332915055
-0.0008946965850170303
-1.2103739937532976
1.2361176787153529e-6
-0.14946830764012256
-0.0058352725960837595
-10.168885738556773
-2.639348897918217
-0.4584368953587425
-0.0015527186969476765
-1.6467047941274446
-14.573643847424755
-6.0980116001446465
-1.7756328227877611
-0.2499615473987393
0.3100377435906999
0.0006027007643731694
-0.9444655837571824
-0.017406849032050357
-0.4312779505266397
-3.8901529791479392
-20.131652326009256
-0.9587670142188999
-3.661377622085488
-8.51891930096885
-4.55427246213832
-1.888344981631114
0.0005184834542719898
3.99707992380767
12.770805803319012
46.573680346614154
91.18390388172912
166.86056767414473
199.73090833787234
163.2601297711653
37.399051341736545
44.37159983308206
27.49103376334067
6.196136291205971
0.8102778350188026
13.269238466543396
86.28075813627989
309.4463405596126
88.27553972091343
3.6700177625163874
40.55687047146381
37.46072997126376
83.7396235107394
80.14075018258175
27.73799011713819
29.907059123179582
78.72731947256389
84.59222420135575
44.74413137528821
6.483426614810061
169.0406319935991
30.0475670158581
101.7478795308165
204.32401368553104
245.19852948249135
374.33136373788545
67.8011217253071
12.989114920460077
0.0006662836557612436
0.00037922069612046785
-54.973196618104225
-1.1139676399309568
-4.350487523654924
-22.882746155677403
-0.04676597524809224
0.21059379663249572
0.3822609634359296
33.615233249466314
35.296870172729484
-0.0047617546284396
-0.8919758165896228
-11.289374418502785
-1.1797528393152823
-0.14479126406591383
-2.736170777006035
-2.9820894908059694
-6.897001979509632
-9.627176833481927
-14.205467715478056
-24.151100311915947
-18.40309017112533
-15.725485457745691
-17.386132757818398
-30.20986661479768
-23.559011900946672
-1.3750272116336202
0.000691159949011114
1.911881903567611
-0.7510606201637499
-13.529323019701845
1.2115405408287536
0.15587298100528824
-0.00032367564704383203
0.044726547975877266
-88.15093161897737
-13.089956819178171
-9.83888403542428
-91.21500241718331
-11.642043667116996
-7.125618717877331
-43.36845740645818
-9.964827768555631
-15.6295491361967
-2.3469750928189117
-0.012011880003663954
-17.996920834380024
-0.22722144688098975
-2.2696716428128942
-3.4482890664043677
-10.998455449424446
-3.1372830297737027
-1.6612416800821779
-0.09144348126832351
-0.09809807253718703
-13.397950971421574
-2.85155955770916
-0.9438791161402517
-0.0348782995516638
0.5138899415249356
-1.7196666813300601e-6
-2.5283009411095976
-17.50473069947511
0.083847325438998
3.078719871715916
2.5196896901143067
-0.004371130749689356
18.07712659931417
110.43878875096382
0.2679792943012837
-1.2497112795567241e-5
-3.252657370511932
-3.552090266930079
-1.181768840581786
-7.216833276108375
-0.00214106231049398
6.129511396609329
3.4075187394755075
-0.05219426420444916
7.7383081996929235
75.08232971613869
134.9206339117758
31.13113944358878
96.7234557816733
11.422632418057722
49.09433589127338
17.993150430798178
0.23476208256173337
-13.470249826441156
-1.2946480475018711
0.1783037457893801
-1.4789414081650645
0.0026904217219952974
1.1915413887216268
0.7683814987741047
6.396674964417104
-1.2028706498729023
0.12332163326746659
13.258960792479677
-0.3092126800268916
-0.2474640976310375
-21.47127254364108
-3.453027012305279
5.663521246807743e-5
-1.3171759203501416
0.001563138244790137
-0.23221118204979185
-0.7160513863390685
-2.278348886859354
-31.198101327149722
-0.6260306274767453
0.012565675538659652
-0.01666598290133786
-5.032182639054874
-57.176948717166056
-4.167291110550331
-8.548147672116274
-7.671563647177264
-22.491905151134922
-31.369122561265854
-35.51788726185093
-10.09174215921373
-17.236036938794868
0.0054142561259876145
1.2863061823085076
-0.06722449135051087
0.3086752343454127
-1.2244152617436654
-31.221192479616903
-16.61596903796903
-1.6514028094367563
-2.5756876467629626
-3.8863215096645174
-2.984513227598
-0.6112086179566254
-41.494834001793876
-21.30215848682936
-22.34748202881613
-2.7551816924594736
0.42547564159087176
2.690768032088983
-1.871134552485797
0.08505983250993515
-124.55810663438855
-39.92759573274815
-65.23530045774109
-20.073916704689076
-0.7294142899611684
-9.055182238946502
1.3390945957348217
-7.003190027795366
-25.10295577844089
-3.3841102290889964
-0.37783969294614944
0.030029972353476746
20.19555481142886
143.1873223632506
115.4753274328682
2.051093927385025
3.5029091422385132
-0.470719664440532
0.37758223132963115
-1.1563975856836508
-1.7312997154253482
-46.6920864856245
-30.623316558684344
-0.016789880246391387
-5.3816139249057375
-1.894975359406184
3.2216750617481966
-7.598664939174947
-16.393145232363963
-0.322753371747005
-0.14595638039003084
-0.42412733103496547
-10.738102982166996
-11.147330965549138
-27.253489830739685
-0.015740778331125842
-7.809820874792968
2.3902178146412103
4.72502753547719
0.1864414309227823
0.003303188834372877
-15.314647825857378
-15.72638647293625
-2.44334891910875
-0.00018900290593417259
-26.42419780829019
-31.113193501823677
-8.169240855001515
-1.2952374612506972
0.37778155583103284
-1.7407199041292336
-1.8583330933225783
0.1526230376394765
0.4740406447034066
10.453614859775163
29.708627959260728
0.10054882298297813
66.04925278854077
14.591039333287101
105.55268295229415
41.46220993108668
60.16356715504387
41.70131119923409
28.545742406449268
1.525061971177672
68.90672373427849
11.515218206650816
9.63651349315075
3.32882808096519
33.35146808847278
19.53429473054637
1.176478781877731
13.206801528654266
7.0995361191233615
28.6596779580627
17.363182849942557
2.4408814812700044
-0.16062192997694186
-0.3359511519573448
0.007746074815649216
0.11332580880390686
3.888816543961622
0.0015192003126244667
1.712287775988267
13.803832730865135
6.049663610099956
3.7876239285646585
1.2685824489937876
-0.43157044366659514
-0.587298790906358
-0.4311482107506933
1.1704250813562873
0.23330975441319904
-0.005483972882383143
-6.799408889868834
-8.715038220498773
-0.03334812417123299
34.80960658826784
-0.0312576057448436
-1.7172648101542016
17.366100457157682
-0.44385033506494603
-4.193765194682861
-1.8480345996769654
6.207635961774928
2.2265290029434284
4.7352136639563795
275.1559388299285
119.5733080606843
0.14876639115077897
-0.7703043261062829
-3.7581014807680475
-0.0013083832590265012
-21.347379792811257
-23.28969342125384
-1.2240888128724428
-2.191237880330506
-0.35058515690814457
-0.5080562559513413
-1.6974337939836568
-8.752423943734955
-24.096646832149293
0.12879076058274241
0.9250773449201776
-51.545400736428476
-19.201219917816143
-3.7746082007803015
7.575433734390019
1.450031788058918
83.14040621097095
17.767168261292525
5.077853811610471
-0.004317316803789524
-0.11754468518898019
-1.3425102069900001
2.553089447507866
-0.07921447441790401
-7.407157495618525
-14.450235144331973
-4.896387203092238
-1.4944893585179098
-1.6468442218588626
18.640654971599215
0.4960714077335662
1.0259592085849054
0.1250702688998334
0.24906594459762155
1.0089032707784398
-0.003851743467241716
2.577376315074045
0.08405297357950715
-11.028653614519985
-2.1637520698300206
-64.36162692385882
-23.821783852282888
-4.870371970300271
-32.13479906536648
-2.162468945658947
-1.6148497503296637
-0.19178105635672305
-6.113640107326702
-2.8246039111559886
-9.737616896946516
-44.51579472776273
-45.178176608142685
-20.47912923407176
-0.2232269211984223
-0.07619898167091667
-4.722346337967645
-16.664472035339756
-9.549777628309151
-25.460158721037747
-11.961083681821066
-33.910171711811316
0.05916901754824452
-4.473544082691448
0.006817330002936864
0.35671126358202865
0.6449845356260304
0.14863447051178133
0.4049535854299707
-0.003483008398309499
0.11509323223130653
-0.3792400734468402
1.7100986708430883
4.070049260531169
0.827472174177882
-0.20030585901155165
-0.015525455378473978
-6.025663635063428
-10.283625193490629
-1.3641839207177047
-0.4380719490550274
-0.08560815137346836
6.600953290788194
13.259477686906811
0.6456914914083794
-0.881397865141261
-0.014406690964264234
-2.40682239440124
-20.670209698495945
4.850851422176551
3.8436990674907316
3.162498297992087
0.5236984690238471
8.853941001760687
5.416586478914295
-1.0017538411544518
0.02794827431198112
-8.167690995136883
1.1634871437190293
28.320982497908442
11.327571168424539
-2.467943668127074
0.0006800883026659069
61.39445046833936
267.4137039633724
50.81797953479892
-1.128000564754946
-3.005348599791805
-9.327532075685955
-23.074319942865475
-6.770812243195424
-5.832441361138072
-0.16772700638265436
-5.612981892822384
-0.6425515328588493
-0.2841584087567378
0.0009869209247149147
-1.0953706833023555
-0.40088491422667044
-5.0259732013421695e-5
-1.2584126553821955
5.4030960960076255
-0.0035528113709776352
2.2019990969908885
0.17981168702846875
0.004863266535103275
-10.268468249793207
-3.8575893167198028
-9.459646536287591
-12.74609762509019
1.1121635142909851
3.4584604508369474
-0.11836021097222349
-3.072549966079144
3.675398107349291
9.666110906128647
46.89607554415169
-0.01331590406504469
14.919365850690536
73.88932561404295
37.18724054691504
40.512250273312745
5.99558118875521
0.3854607830676732
-0.02720610939120401
-15.164053054422977
-5.073435846815669
-2.256665792331984
-1.3645296087063759
-1.9140092548759702
0.20632839468543207
0.011142909577550077
-8.929256671960228
-3.2994812429512703
-2.616676263179393
-7.677112876274731
-8.154162880764298
-5.978432249440685
-1.822012357927863
0.00016491295615007496
0.43510104348679773
-0.09327944265549404
4.033660128579469
21.84458927768468
0.04867480035008792
13.606205646085204
0.025003117232773937
23.82269202636512
33.159307272408256
7.332281651164249
0.04944693092936621
0.33377623867766815
19.374374245882333
33.098781737198756
167.77296401674565
5.406282516039303
-1.1285349056638152
-7.713034148184712
-2.2464619189670905
-67.97546947062895
-17.431967155111575
-0.8515923171664788
-6.152323522774902
-0.012136568493752711
-13.180165635756772
1.1845951489228321
-22.004543105340034
-1.1759816807585364
-3.78516760860962
-0.40528219142838834
-0.0493774320846619
-4.6854435159240255
-0.1788468961301068
-1.6491534113395105
-3.955795572216546
-14.682735016371481
-5.393835820337485
-7.9921923876443755
-1.752993007572528
-7.345715260625959
-30.0789390296959
-4.022149924782161
-2.828623528587627
-18.73988085586672
-44.63774421957068
-44.98978598225785
-15.299920045746354
-3.9207152220617845
-0.03848687093731859
-0.10070883484250759
5.119081302520341
0.043507898594202704
-0.24453801658616084
-3.199416656170087
0.00019162179325637698
-1.632157861120688
-12.554161231683418
-0.6594726485240725
-0.007642178385246696
-5.238941992538291
-2.093732994047171
-0.2599989530023957
-5.42180696678281
6.923568600336457
15.109976751853758
5.43129676550667
-9.50893241393224
-0.019189715521367015
0.13941846879919342
8.008085209162875
-4.385821424360436
-0.1655482318099749
-3.5180402344197237
-2.6183378720034725
0.6016028905289921
-0.8027395231018716
-6.1843947127609304
-66.83138318773058
-14.090598554624282
-5.2374824337421435
-62.246335351964426
-3.181353229550288
-0.011713905235963749
-40.02106197032141
-0.41074285903868246
0.002722221756378859
-2.71475781235853
11.211099293530614
7.591994825478314
8.396398608963635
-0.18764166289182105
-4.089019565439043
-6.974873007183775
-1.2878926688663845
-9.286306553578521
-13.66336845394455
-8.796727310265169
-44.6027940784758
-7.612791093906819
-1.6979348361025648
0.4090485202455996
8.159838760080092e-6
19.677921533055393
3.527990713035939
15.34011125885291
55.4978103744019
86.72694869490556
2.80451541697766
5.744001205751094
-0.014737137271032248
1.348528212610636
7.522203279141588
-9.839601023842572
-1.8584795887287708
-0.10244846857911545
-15.262123429359853
-6.168800535846272
-22.73366701819646
-2.853582211455095
-1.5170371120173822
0.031137853597962756
-0.8357437265841693
1.932658187685691
-0.46355631903358674
6.568909827556517
13.310290347988822
0.062351582708190544
-9.895746519878193
-19.41625575189156
-0.6318738367830827
-21.88313696926788
-22.569053189696973
-5.673139083854387
-37.25609287691727
-2.1563544059416104
1.90713924278258
3.646195149111226
-0.24595617596465916
-15.569366036807853
3.2147732706579326
0.6438683369770315
0.12336312001963218
-1.4847709052972033
-5.321079440893029
-0.2569711016758513
-0.6152263566756689
-1.477086181610116
0.014347322267309635
-8.748676875182214
-10.727200744686856
-45.00468753941283
-15.211325189642771
-18.7284555155023
-0.48207932046268615
0.10918693480619177
-3.635705517262979
-6.866657752929434
-14.345689283866513
-8.146394054584052
-0.5313952461938709
-1.2177495994661776
-0.5014662103333307
-41.37527615924182
-7.899380474937534
0.3943284823325134
-9.201077184124063
-6.034070253242815
23.298982431793046
0.1523530841506531
16.817712204817653
28.769296418565286
11.54219916896509
-0.07299216172346328
5.573756795331918
19.364178908310144
47.61275867769435
28.742232081337267
40.302759427426146
103.05622123288576
248.16708559175441
170.102831444638
141.08238254249986
11.542857921593063
1.2676666302503854
10.042057176422759
0.10745702756083149
0.11075241038548088
0.17248572166260742
-5.843859259322123
-6.444527633475723
14.292839618116862
2.225398629997843
-1.3800999607580027
-1.9285587610569284
-2.815264893613506
-13.488403226269481
-15.458918156204348
1.3371854373282521
-0.002362085961812894
-2.892532182388075
-1.2944629816083182
-0.22661124722889953
-13.827067142356823
0.2192781307252554
-1.365976016234237
-3.702588225087305
-3.4011441098287745
0.001853037656763574
-0.00014042523936343086
0.041518699809054864
1.9382824160168437
0.04519735420448207
-0.015039140598369994
2.2385240043659573
-0.8224752542245707
-7.996195125851881
-3.0166524664276224
-4.4683809182276235
-47.48457569305487
-3.596648158909336
-7.5459896470084695
-27.31372470697946
-49.66560979236019
-0.0006392530376225444
0.00025751563537357075
-0.00586138317845675
3.6223381898182123
-0.008218810530715513
6.819065139642212
15.655373170563756
73.99952619242298
139.39420843543837
93.56705519662744
4.075286674483935
2.6376402098038274
-0.03817785852644346
-9.283778805754519
-15.838836806724785
-0.11035685748326995
0.08782113147560161
6.342084948186416
-0.0005513893970173248
-4.727137731728487
-2.1896734402613482
-8.043298892133345
-3.5471357945509414
-32.54718926405862
-2.739100663261833
2.4328986206113483
0.16708827286830044
-2.1367154440480984
0.011156226331278296
-0.16701850231041052
0.06523143394752384
2.516759160079259
0.1981098066638694
1.6572467819280008
0.9850083610881379
0.26183212901300174
-0.13399041518058724
-38.09387589340046
-5.922657358367244
-24.520625010181668
-69.47438115520457
-64.08737701251805
-17.35686307172825
-6.69554226664403
0.001630755174850802
2.1717389321966114
0.6513121232687608
14.028110840279385
-1.3954821463569864
-0.19309517966151743
-1.6792278868553077
-4.054372680878248
-70.37578908405334
-1.2175838963492023
-1.410184467056032e-5
0.03602805855333603
1.2820125670483504
-15.045457136965382
-3.0961770527263863
-3.404731159251076
-1.1776770447069116
-4.6313995789840755e-6
2.4393453819548565
-2.4471187014798885
0.160879645440067
10.176047385766948
25.377291094589776
10.156593018020992
33.26641437405496
30.69600400904799
85.80284721583017
8.494932865025483
0.5477444438931313
-1.903282877752222
-1.0564196277514246
-31.35794252965291
-0.27602342610194275
-6.4483547301226265e-6
-0.004063130344521833
-6.977475992095933
0.4119192153005822
8.323920186938981
0.19928365728747546
10.290114543707649
391.75414258293034
185.50208237720878
160.29486535431695
34.71430847911186
19.231606161621936
35.90514659958245
2.1082712277740163
0.7125076867878498
0.1625019211602587
0.19903167577748004
26.60644634980946
10.13603460857151
-0.6002491366218925
-37.014030704830375
-19.545571464103137
6.125271934409395
-3.5723004859857763
-0.8359603247518628
-26.344720351980975
0.009316724761123255
1.505221138761083
-0.8406867297198314
-4.608021697746174
-4.2740947529459765
-12.66481878593527
-44.61817732389896
-28.082640677875272
-93.64743619480628
-65.09409840691299
-40.36785966877227
-12.050545852543726
7.791228006885758
0.22265391440791046
31.7088186852402
8.772262946636888
107.38253554165412
0.32592229919067184
-0.0041096455660313055
0.7539368073184303
4.1187364578550225
10.5783330143177
96.26948760546182
28.190988785986807
34.755209897771316
40.70103893309097
-0.04622113265742618
1.4125932405081951
1.1032207638862859
-27.446536916097678
0.0016791198234044128
13.602893388089786
5.386979970406231
7.376377036402623
3.5854452530854917
0.009215761925699607
-0.0009380940761001971
2.91415514630812
17.525098193432605
17.08564758365366
28.87487971951626
21.705690043792035
2.034640578861922
1.9764575046129955
28.062501364840667
23.54622258116345
71.98028656879703
46.07335356180428
131.5583145965708
134.8311767674883
42.36558992275461
7.849194965610773
4.668080771311786
10.536378235434727
0.021068583690430697
4.887266687900429
0.37869348035053896
-0.2713032685959622
-3.7331172688684013
-2.7391191714466254
-0.33609611748546453
-0.04378923407654958
5.81696795170768
73.08358539845074
0.0319382545855579
0.1384639873979586
-6.557909112972386
-24.34452103560988
-0.3701750680798958
-0.3351686741377154
-8.601629543716381
-21.204971804541437
-18.7013268909817
-1.1781373374786048
-17.11085402847073
-0.22007807237257745
-1.292201061830142
-0.007477856234233969
0.0414971121116902
26.37160623116213
11.80526791114619
1.8617371056955276
53.443183251960804
3.236426024126383
8.090773232156538
0.0967309092240908
-0.01643993612587403
0.002386069282891687
34.00844228577795
-0.604407499826252
-6.297095950563003
-50.49015666319205
-27.35709472424263
-29.34421873969487
-74.44065034861683
-5.835638266350383
-2.659743683532791
-0.12952599871543766
-13.596794488059011
-9.19331219169435
-24.164897154065468
-7.318416668531565
-2.786829842948424
-2.9351378402078687
-6.1407987564372455
-34.74039070549555
-5.3021698153106325
-8.168704773730973
-10.859864907115453
-3.299255873481679
-8.01000935692726
7.814410853031973
7.19462472227196
-14.282938114627921
-1.8790376778220608
-2.4261679251977704
2.74980249663115
-0.003149774653975955
-0.17994982021918274
0.000985990050181625
-1.0434015699061696
-0.08196872598406123
4.190356460764993
-0.10263177073588789
-4.175011023233805
-0.00020464871819789957
-0.1639334948927757
-6.1258535187525425
0.3169055603887987
24.88590815523496
0.39527624836437714
0.44748720325263863
32.263869920104945
248.1571063650998
102.39316241630488
24.534101643885172
46.067996953266636
16.703342575201066
2.163988091205524
3.8663855285436814
71.40650237960058
28.62685833557105
2.0881542440700978
10.013694295310458
0.2813213116542848
2.1769870863909286
2.0382516027475392
6.124840617058618
5.968065831301515
0.4050767891482191
-0.09795734125501472
56.23378411030598
40.21874950276927
111.44183041953431
37.537850595271856
20.937781813573906
13.327414229097284
-0.46025213073535576
2.005536227267106
8.98934642381904
1.6821125436024584
0.004251939931485764
0.056292517985660644
-0.00950574678512702
0.6560770672488397
10.753034916323491
1.005591619045174
3.3731464902688026
-1.878134706230675
-30.5110711080369
-23.27841676945941
-8.502736789276206
-13.350500677841442
-0.0618137432608173
-0.5042190178627511
0.012304800052879207
-0.9137161173191467
-28.520793182211754
-0.13140981973260538
-0.0008486568911595338
-2.194591314609801
-13.984863788906008
-23.0511041708506
-2.442190348950164
0.09137233547724687
0.18043146702838603
0.020133110981442454
1.6162667454935746
10.765512523730102
-0.2649437794467221
-18.561446144901304
-20.91963418634632
-1.3815384214485324
-1.0160627061827348
-0.3475061019468221
-0.220166137032514
-0.0004656759489781931
0.2774328967937699
3.4102578763663813
71.03961294337476
124.09238886320925
296.6432751690298
212.65229838890573
102.06137680809962
7.548913109936259
41.7070150779965
8.710859923831933
-1.0428511578190867
-0.05454640918015406
0.04983607934669996
-0.01100926080711868
-8.909858843243843
-7.452540417313941
-4.302365060595987
0.004295878159986243
-8.872287647766203
-89.07490880139446
-0.39061536316836803
-4.545846216224379
-0.05775828844891802
-77.4919647988867
-1.5711546105956424
-24.299337886398018
-19.327086281940264
2.7884593946441956
0.4334247581147338
10.337571191633371
8.180542575317725
78.5531296618305
81.38896552631296
24.881101982188724
26.957141096604186
128.46860736861848
271.57769548351735
219.2911849319027
610.6546470472772
202.43431994661492
108.50047860533114
2.4270970709697446
19.761317831475164
62.44349056638314
26.64197110817738
0.032560686325353284
12.209168654524863
18.44878337948058
32.503364003481636
89.94063029233406
50.78222328749974
0.3622470281145368
-38.810147928322955
0.05425400934217816
-1.7106024289052222
3.1780302123541935
-7.55563907041603
-22.953806358118143
-36.533607240930124
-12.624468986433337
-0.28714872836288113
-0.23383936274865788
-2.3704330636461988
-9.383425729061559
-15.697469472791171
-11.405582075820282
-6.584543305861773
-6.667381693342905
0.050937653323921035
-3.4716615963943798
1.4807777998712273
-2.8875992287801733
-29.061057838522906
-0.01710181620856623
-39.8386129119094
-0.0023588492973642596
-2.013792028924523
-20.818398942710324
-2.337543553346197
0.08454419564861054
-0.4114110688056684
-0.4345616995142467
0.02524508323667293
-15.663324606778072
-0.1183478834694477
1.4031268203932852
-0.19566134142244915
0.003865912517954711
0.0002692451357619034
-0.26243820736964274
-17.584976577589337
-1.4117399672244793
12.175875286801405
-10.922735270312755
-7.411973113976643
-0.016579715821733416
16.954554949392904
17.81266627809703
-0.02007353348974083
0.027792486850938623
0.18188948759004592
-11.653689980153443
-0.2869007488213347
-0.7556285088126915
6.308248325332892
0.1871192503263636
-0.4922614209396299
0.41586032689956687
-2.4740734459082323
0.13035960807209018
16.000598685919012
-0.25361980594665895
-0.774853474628236
-1.8467480422514735
10.046484765714371
20.21056130223219
41.974123933438754
10.637336499316508
-0.08013411012842978
-0.1194053317234297
-0.8844331518052477
-1.7452759347448723
-1.4876970005888925
-3.9203658401425336
-0.009823991929290165
-2.3651571127361386
-0.7279622144567335
-8.41219922202308
-52.83360153334987
-0.30970085067802644
-1.7671493589821483
0.03542516605748793
-18.974454901919437
-6.474707288760048
0.6369995584433282
-0.624675744448632
-3.7505190404173043
-11.735686096009943
-0.7589656191757292
-24.50960298250203
-9.7999343818389
0.5437604763745671
3.2343135666101093
1.7628342639214782
79.39439500426329
43.911718985415995
4.205818490382249
-12.770089051234795
-10.88907854070114
-18.38802073023697
-7.845938191738392
-17.986049553569035
-55.89143893175603
-50.75818439330768
-0.42336650757408895
24.18954490503268
4.005808230375436
34.33308178879169
6.121603820977494
24.63108240379031
68.52083622150707
19.908352317717213
22.854499566262827
54.07193127759594
38.469296979311906
19.698122274136107
19.384708233493555
18.531168033439748
15.822931312589203
7.29802405413495
68.91989999139187
94.38447480554349
114.30630596027424
180.33670310172766
122.408380913829
18.41396789253787
199.76017898454091
42.17862345270054
142.18625895461116
280.32224514863753
223.10526375503193
106.55583728663048
89.970244618282
64.4928362015744
163.40925796775804
175.38525371065765
138.6123117372636
136.76236056439603
162.22105727517078
86.9318023124479
125.17630885120782
3.1051682353426533
7.8243703576350265
10.214614226999904
37.54905275549071
23.261357006248357
1.103988294770717
-4.04901931273984
-42.19236720802993
-16.146750391185723
0.16445176434603068
0.29901697676160277
-0.16675739165783754
-5.272248279652503
1.0053685728241606
-39.28219849136804
4.815139757636943
1.0400601929147522
-0.29366285739392606
-0.017819483377640197
-20.419352741217676
-35.769557401828024
-0.6324214696604155
-1.9205740588156193
-3.710057409956664
-1.9165027799762677
-7.768330728726737
4.282700024204138e-6
7.6017231941295735
-0.06218591929742694
0.009928255794542713
0.00014306249688054477
-0.12213239257280974
-3.678688197565462
3.113157066380405
53.3968719683047
13.890582919333292
15.345155202961077
0.056893741121061096
-0.33022244667095946
-5.276583188266579
-9.795833533622936
-5.161902397315061
-4.5758406013534785
-1.9513605989861098
4.6358156325708745e-6
5.730670968552359
0.011398747837620057
-0.26086515759886936
5.021147770379565
0.0007754988394903521
-10.381316701874994
-4.6957326721432775
-2.461153851482245
-4.83282581532068
27.381801589237842
49.73373777039844
9.946506422646015
13.621624280875395
6.827465342523182
35.340676932651434
35.528722011058754
-0.015982020358618024
-20.271840450268716
-1.0713623180800649
-5.692761792983016
0.05262433533762704
0.6139040156910656
0.8011798969884549
3.461210581367747e-5
8.403425999104138
-1.4837184821460707
-6.084316913416023
-14.024574687910908
-5.073096617137995
-10.75464064291348
-2.4041932030457835
-0.7079979337866109
-13.291885435545524
-1.4947087398549797
-0.7935125756678562
2.1149478906345283
1.802624683702433
-2.614529090253105
4.551500471717322
2.07254666374774
24.524520057395833
-0.009536548754317774
-24.2787858000055
-6.1161275349786
0.08013744143848907
-4.458439853732566
-26.562756502369634
-1.5480041627824
-30.266591151943466
-3.3823814414124773
-11.069065839153621
-0.9007775928566409
-1.3058519056656492
-2.7521293348645632
-7.610664599565367
-0.04138871934750904
-0.6923048390974844
-3.5088558817264874
0.0024111001026943728
-0.0033533512782122445
-0.030915957071413074
-11.329826903325197
0.012348609250043658
0.35269539381529724
10.217519867703727
-0.006702189172290355
-1.2116163897196799
-15.210601178960232
-29.58898819315726
7.100537044612789
-0.006309047990490661
6.834427566287489
0.18145854496581218
-1.2649860421133396
-2.2438301083440835
0.2916151507236258
0.6626831336344131
23.40606424988648
5.5688550118483855
-0.3474204251796168
-36.665681924286474
-31.818086089875774
-34.09892656266556
-12.138027262209917
-3.9501303646319
-3.7817331183466334
-33.86026067148781
-27.54475536033628
-4.403183995017691
0.09445997452464086
0.07207649339543752
1.3032130420174144
0.005512715669881384
3.7407757179253007
-0.3228459607802346
-31.878081598711073
-30.279719609218166
-10.015686051761335
-0.036210862055435826
2.1309606045025227
0.6692961533912336
0.8221423180318282
-0.01506661928173548
-1.9448994803607382
-0.5849020892093292
2.594665655654745
-1.5437042475492144
-0.24963269332136495
-41.34420546844603
-11.82806427886686
-11.98074199813747
-0.3144624520640594
-6.313394356073036
-30.285257429966656
-3.4117787281269343
-6.467877722439306
-3.162505528450202
0.30718960718663013
-2.10630985889478
-17.602391418824627
-2.0590851526410527
-81.02320238290781
-2.7095915533019337
-0.003381007740609196
4.717046256028049
97.65554985931607
78.01235224546438
74.22217901715052
51.674863518175854
84.4849623735217
31.18079389364684
4.934646406800823
25.386046767334456
75.62163913921226
49.39926603610394
-13.806656065622205
-16.718167251024944
-4.077098522925915
-31.49329120766329
-9.373711178991561
-10.62483348525964
-11.154371702165362
-1.101134378921467e-5
30.01297192866524
64.18614328658099
-1.9051084841311522e-5
-0.02917209254507663
-0.08084711200130767
0.0356504339288297
0.05186921753767463
0.024778047774008397
-3.2732888792689123
-0.33434249790666143
-0.11733245200033668
0.00038765017189314275
3.9913158871788004
-0.15074793047883378
-0.25730003968558834
0.5686149497114271
-6.6625025185829525
-4.9966522305338135
-2.8531960561793666
0.0670021900111153
0.013548454194754093
-3.811868173622148e-5
-0.25080718883497083
-17.00894827394009
-4.616532857703354
2.134199761773078
-2.960095603169204
6.893001699952063
32.93552272441379
18.02878314992995
1.2167617246242977
0.022964928225420744
0.07425307149936
2.5198942889912814
-11.327121136388481
-3.423742003710954
-0.0007752422569798294
-22.38057305999863
-0.06670875736494056
8.88731930716895e-6
-0.10702653970462885
-0.030185306320940717
-0.09662138112419395
0.012478427674314303
-0.09636632621720928
-0.03367607438116424
-5.9315151503851515
-21.354760154102195
15.378215508854614
-0.01005238922109798
-0.6907272479696527
0.8348046136851036
-0.02559578489715847
0.10428277470262487
0.2847248302057864
13.081817111843321
0.3047840888384555
11.800246937409083
16.343516426838626
8.708250312930492
56.737025628225716
98.64045940178971
239.64070516028104
24.788700346267518
32.04995537634213
106.38761579395783
74.46200103799943
13.61920268083517
69.50065691589514
44.95922881808936
30.558032030392763
23.79419920493459
0.6556395887276739
-0.1197901296563379
-1.6684690264773432
0.3577602399545225
-1.1889273397803557
-4.742825279048197
-1.750335409514823
-18.814120585737935
0.017279755396469164
-0.48349077203839164
10.647368517607731
7.485509114932811
-0.028530965673079216
-6.164276281398541
-9.978596068834191
-0.5765005409288054
1.7822413543530442
-1.363236445953649
-0.010496319487457153
-0.7280245327755807
-16.419344078901606
-0.23020499681573214
-13.663044707764
0.21059371227557216
0.7875821786471184
0.18616140177580714
-0.4244883752566892
-11.26295032062334
-0.004584605146454476
-11.824945043086704
0.00012459681976441565
19.323092909728235
31.28791879861653
219.75015351362524
19.27281583854067
0.2311102828623705
4.02033037088684
-0.009241862745448812
2.6520242504655496
9.895051727817101
0.5065214149257795
2.054896586679844
173.31946917748994
47.546701168933936
21.122511369828114
-5.349913662297096
0.07835410072040298
-0.8885781381151141
-16.009019321930687
-18.35979615530286
-1.416954648678983
1.3820756340210059
0.4908858554778791
0.09509041760779416
-8.422165069373088
0.021108420517891833
-1.1354555492569538
0.004953612464079585
0.0699869462578969
-23.98144293776056
-8.136817333436918
2.003097625109549
0.4457381291683341
14.565276949016686
10.09275547801914
0.9187167133913361
-0.001036296375514556
-0.004012257082184333
0.002471906859553629
-0.00039179498901541063
6.468480110702082
53.81319610871064
102.64920627991569
109.95163733046402
164.60759677594024
153.11694595041348
141.86145735726342
65.66991296546037
0.0003331824684956343
-0.09523924229021054
-0.0023350748616341515
0.36712533510773504
-17.16740983880825
-55.5424819934058
-5.261061268976419e-6
-21.05758651410346
-9.201494901390069
-5.351766960149665
-140.60275951240595
-43.665569018023845
-1.3433456246367574
47.304677150558824
0.04243344348698863
0.06312139880518634
21.589249862482685
1.9975552939908454
0.6904164116399233
-0.9366770496969751
0.010891285607069293
-0.45984005860013655
-13.3833404975759
-15.296106708765747
3.3132270368878904
19.656652535950773
34.91243616825065
57.030950610130525
26.534986154303294
4.560415944522123
-0.28204078680408645
-1.798588121175282
-0.18017185337079977
0.10733625010025524
1.3737428917063534
-0.220496828035871
-0.0938867189261137
-149.27962638386964
-31.643654969253497
-3.040660495253139
9.079947115591992e-6
0.1867797154330081
-0.37652255257988143
-3.9612234184241855
-9.117386372518524
-12.997929350957355
0.031879388294910396
23.499508873592433
-8.101592817381558
-0.469106514292435
0.14287955299250782
0.07381807109228626
0.4636132338965466
1.4739566514162805
-2.7175838475298346
-3.795405758044277
-1.2434849529907253
-1.1309970994878429
1.5435846056625167
-100.07099143431412
-3.6016467750676613
-1.8713782664388166
-8.969096406372168
0.07188932831458911
-10.652654678696969
-32.78666181955832
-18.959644454604046
-47.69176436534667
-16.217679947582347
-0.9351949168416073
-25.61280785432654
-13.90065195656332
-4.908150885464791
-16.526240345881632
-11.128190010294517
-10.032058268525276
-0.0065425304130794755
-70.84478216626462
-3.5743171992456975
1.0230620540875548e-6
-7.921586669825549
-12.315388620373191
0.10060945910024449
-2.327318386439973e-5
0.41533314477836114
6.580712053306137
2.924979486002555
-15.722967394980754
-1.5215507809358417
1.1808731876048257
-2.0313340097285226
-0.9773920279919092
-3.08133192637677
-0.4207004079812701
-3.7739100282816698
-0.20246690086362426
-1.9557421774381445
0.16200981696949007
3.1210159698265314
5.863740058495767
0.2682173008175414
-2.3707211656475082
-6.369220022150095
-5.690546981977476
-1.1334036461335009
-24.499612876763553
-8.424072526607302
0.4459606146296912
1.3040143112699507
19.48988488223655
11.809558235405772
0.012042305009879387
-1.5854352454125313
3.851117622448451
-5.82495278729138
-3.270459612300449
-95.03932583989238
-78.17415810041719
-20.310740856750776
-23.02600251501879
4.465761410643639e-5
7.916609056533264
1.6424896714367332
-1.3110585674093844
-0.5044007815317028
-0.15556925307591046
-3.63603062448645
-0.5041869962443757
-5.944486673552517
-0.4380905546985244
-0.003035762257876373
-0.22189872503341299
0.0033958902865268864
-0.0004744775969410795
0.6368110341771972
-0.9949836511286382
-5.589316337748935
-15.286131846694166
-43.32352455023617
-41.52440141030847
-35.98985843609932
-16.608629056485796
-0.0006680261665882989
16.825258604401416
2.3169450421133253
14.274650153845554
18.863271805237957
10.434851680435775
0.0814881939186128
-1.9360219259666793
-69.00579207763596
-0.21069708630746511
-0.4916022728133659
-0.018066865461181535
-23.445767895903355
-2.304598436447049
0.19179479513242578
0.40625582342922273
15.091848029497006
0.7668203292073252
3.703637190975379
9.610276260552729
4.508556684581497
1.2811042187246513
3.550544555519003
3.2964326152934773
21.43444718033669
0.209915461986901
11.390052995023819
13.230095089795626
26.28397201582545
1.0176479804175125
-13.698495138032138
-26.15680604376886
-0.13022100553637345
-4.364431087617624
-4.849114057774526
-98.13889406493476
-0.7079545583358222
3.889192854364643
50.90022615858621
-0.9143024235975193
-0.01359616773275887
1.2196729224680833
5.040462807800221e-7
0.11457424655235511
0.01728614412648214
-6.129222075025651
-18.364412470034473
-0.032033778545646846
3.281094261295916
0.6239572674880677
9.3773790378924
-0.08124332322545445
1.8544588756762923
-0.14561535831107575
-0.4796811458275558
-6.633739897318134
-0.0032907059579050406
-87.38511650074368
-16.17587086679037
-2.320444887495808
-19.645327645073923
-43.226398497814664
-1.438262321364349
15.565748858694509
1.6997695966281832
-0.1723065753084158
0.1871686897181897
-2.595184277727467
-0.18461202162916973
-0.0001959518260113498
3.970767707961197
4.108372716152846
-9.64494284838398e-5
-26.373736690936806
-77.8455986462352
-65.14688019939453
-10.83179499980548
-0.038993912996823456
-8.029061897953927
0.0012103562312902104
-3.9428669726839187
-3.790133955597781
-2.560159316160835
-12.48442306854339
-1.0209608817683795
-3.4963061011108825
-0.2632034033613735
-1.0292254742054696
2.002720896043919
-1.443985610917651
-17.702064379297966
-18.77421862771497
-7.989954248498258
-19.857941347460248
-0.6560724043929146
0.0006600904079906733
-0.027384071360852552
-0.10022058997808615
0.013447054577686168
-0.01322259717691666
-5.536056149687098
-1.0014611389815404
-47.82093305653569
-2.8642382966668527
-1.9493636394783076
-0.6156995648524154
0.08385426305241009
0.02507831826092017
-0.07214526211162556
-0.016337701592222708
0.03033274458411356
0.0003641366051176279
-0.8885542523480483
-2.7488456679268025
8.461507262171153
28.259632156621446
8.628917790596029
-0.10356550286208545
-14.542256547699965
-0.551939094576846
-45.92846192771011
-9.180887287353466
-0.9250384329578402
-2.083941886286835
0.05224718729697479
0.12056916744958181
0.3978927162267226
-0.06785338559246204
-3.3580898784702753
-10.943381019808475
-3.127295833792818
-0.09972212502493943
-0.01643279379523749
-1.4461648452335125
-0.8278464395878927
1.550398288610431
13.071938184393984
4.197223690437423
0.9281181044466831
0.07753296894019884
-0.00018821727767895843
-0.9384582985076906
-20.840316193842813
-2.236495428983494
-3.050313845814509
0.00788723061201869
-0.5469521214271067
-16.059563976012125
-0.0016075596314293489
2.0097895711545437
4.813121142385718
0.0748236177839133
-10.790253569977088
-38.7458087791855
-8.771599574587196
-60.45683842153169
-3.882171515104727
0.03980042535272928
0.08498162208168732
6.559846201502343
0.5581220027749391
-6.73126196093197
-9.668192167438173
-0.5824378744875723
-0.29363886280916085
35.99686906440598
1.0301802612496724
1.8609664921251412
0.038477655278432325
34.06786153705722
-0.006734064976289825
17.406046776573838
24.301792970693636
7.587329495957591
-0.6323919010511291
-0.0012317686098236669
-12.092395782563333
-11.178088790284807
-11.862028569746792
0.461587563010426
-1.3275598976945384
-1.6830907435793692
-1.1686808634818993
-5.757673885005937
-94.58638137820591
-11.259143216135952
-11.812003152875125
0.004350081526716835
1.319209685220068
-0.10339911027587671
-10.456600041272909
-22.949943935273723
-24.44182166538596
-26.055002979241188
-13.775873476061545
-10.821451346623432
-0.10452673928336549
-2.7867091514019324
-2.063096865650056
-10.361273950629636
-8.39147730323669
-7.4654473804421535
-0.8126171907069198
-36.221340593712796
-31.366964035344584
-25.72490556997837
-20.048818809097856
-16.36586817413214
-7.361352098245917
-13.08382041822763
-0.026749188241113706
-1.0840605956886256
16.287490355773112
-0.7834557958071175
-16.117838789472124
0.005317146200559051
-12.975137433390206
-43.67128281202592
-0.6253181402809382
-2.312076593877132e-6
0.04114408769284581
10.56692084853952
0.04380088842563396
-6.8486819642915435
0.007003389914534186
1.7116733575300187
-2.0740343641892163
-0.00016435942685347026
-0.15214279006281653
1.0584301244218708
-6.286530952491589
0.08861639088808189
0.4105404113215273
1.2885063735895375
0.5051787179428597
-0.09680838187336446
-3.678742365985914
7.879064643689286
-13.501590513951193
-3.036965004993064
-8.67469921382985e-6
5.863107035472638
8.550362956913718
2.751528484261543
1.4299174378458013
0.04072930674582116
-0.0030976162578978668
0.022065556743112093
-13.044362891173035
0.002809322788295802
-5.491606006256802
-6.019806933816951
-80.10082118681511
-8.780898501734008
2.67553698986445
36.07529043319323
2.013208159109935
-0.30366355557240926
-0.1428978557709506
1.0007029195811548
10.242542387022887
21.56237383561001
246.87041187016382
80.69415501215592
226.24468828346448
72.03900059927292
13.203393152822242
41.14227697342257
2.153455159493849
9.53140497905984
6.958617327145965
0.0020991499046991717
-0.0622497887850809
-0.1251134880096714
0.5744057220214601
-30.214377492960057
-30.00387646188276
-8.402592553646043
-0.33033726615615544
26.698053255523803
5.219015771167725
20.17203751690189
16.262740705489772
18.25865788948502
37.961105308251696
17.720527737605902
22.140660640189463
50.330881032946245
56.20258155668597
46.24692852737522
57.64378394866765
4.427618007272715
14.702181720529104
24.305064848973924
28.481293811726427
0.3529721148332645
2.0514136675654178
10.823269594258962
2.489115543510704
-10.850501420433579
-5.021180036514286
-21.41222140601468
-0.0006310401555711771
-0.19884190730385573
-0.21477642869883198
-5.28854411532005
-9.455844806668152
-1.9597553968851187
-1.7703589740742727
-0.6849742283049158
0.1334240607532573
1.2181670307794168
-31.31824655149876
-17.24214385388946
