-19.967597559092816
-10.544438158654572
-5.2754543744809475
-25.78169147636577
-3.7161942339590555
-0.01711280123608293
-7.835698678657942
16.73057838266305
-0.0030468306251841717
-3.4237604940496817e-6
-0.1596984622304641
-1.0329180947523142
-6.546664388782803
0.019564233744650394
-3.109861158490616
-4.77557490552466
-0.9293692946200065
-0.1879990704355567
-3.320192040712195
-27.63916450057863
-13.205901029220696
-0.6572495532581493
-0.019060445161359466
1.251518502601042
-3.266798009735749
-2.5792248259138284
41.3653506803773
-0.6084767660217314
0.00954184756945797
-0.14383534713960847
-5.891655447502162
-1.7553657404424565
0.0038522786856359584
-0.9026953418966954
-9.44027832077774
-4.673426393191986
-26.97078148478066
-25.73175739340104
-90.58958628714907
-90.66043415199285
-5.441627977669598
-0.43782640858492394
0.076015902225856
-1.8636958953503222
0.3989711456552216
0.021218626988994554
48.883047789597185
7.452434693848951
0.04086362044030218
98.8896527394805
13.567854916463794
26.625910694245224
67.40979007295239
22.99417544091999
11.77136993654003
-21.248002201255254
-6.659139663793674
0.002962757906756053
0.30984096557304375
-3.2448100180754973
0.252737002213671
1.9086695630275547
3.080427718673028
2.232902666643072
1.3715858028334544
-0.0011503509631219599
72.11008559443
17.610029592921077
23.679369217745773
38.06346279212758
36.130596485065794
42.39916456851172
10.123407365154943
14.816444766946425
35.627591033508075
0.7362830580922368
1.6193617233396098
17.001301919254008
60.0801298333322
1.1454724410143815
0.0004540018667769745
1.280822420007026
9.25306298945578e-5
33.636875253548716
34.55878290571404
3.5629315812645723
41.43651402101576
31.618354506511963
4.136471656489103
3.4778886422920934
1.3670621157315161
16.55859752978869
162.5076794852094
378.39274825257985
403.99569529972587
520.9222366387809
78.58661215102457
2.489152367363581
0.6452016789777131
18.78622534207424
6.206299965185185
36.10925599829586
50.0427183177065
8.805569314803307
-8.198884536121154
-7.166616123027028
-0.17199112849463133
-0.003972257429781668
-10.711192291725128
0.009301791977661478
0.09577582570309745
2.222647694732144
89.09745641155243
10.769234116627574
0.10409640326297485
0.0023470080943096493
-0.004287955278993939
1.240609359323467
12.439260962424667
2.9796958667430906
-6.237672432726286
-0.1891953625861112
7.15957943277498e-8
1.1192369426765412
0.3944454535274869
-4.994371156425727
-1.9459828507459411
-52.68491229835002
-1.408706444627159
0.7276895267652308
28.185825570173613
3.263995152832409
25.807977736769104
75.76608516606059
197.967253483548
25.66937994096686
0.025613858834686663
-0.0024770398214138327
-9.292056377722414
-0.00043082589407766804
-0.2639919559043395
-11.155198602653256
-1.0029515713879054
3.8798181760353017
-0.009950151995125443
-22.425887070429855
-35.30991211022603
-41.1318168706099
-39.29182069930132
-28.60230013812394
-40.87931822171546
-7.608655155267593e-5
-5.256926913206847
-4.166229296111633
-33.70455365179653
-0.7633653158634895
-0.020583731614101732
-2.5827639911768445
2.952965719647225
0.07118238734446929
-0.2901991122110058
19.882674077025126
0.053439019888632144
-0.15849730122393338
48.11675368033785
-2.860124587716294e-6
-3.5702011766545527
-8.702533835100253
-3.0457607898822623
-1.2152517562621794
-8.686001451537154
-24.430050561268317
-39.36967251979409
-26.009161091222
-23.500391350707226
-11.400910125269904
-37.488673764214994
-11.388914979720548
-0.24541251311564227
-2.464272019601662
-0.010970703947201555
-0.7925677496469417
-0.0005727096837386322
0.002098415937663675
12.178323517872792
106.37536018061517
47.311949303671845
40.0950267872409
0.2917756268461368
5.466599868138014
14.450503459036284
67.54336335181229
0.527336150104302
17.236221747482478
7.9063811034744065
11.501042257178318
0.6984713218347622
0.18386442351306684
-0.002283501062417552
-9.42751908187908
9.943599326806098
44.22722322462885
132.8899853194234
2.486230563090528
0.6473910255631257
0.16509806169328958
-0.0026950050633138905
-0.3606644505906834
0.4634397371637905
12.726542194215552
1.061498836180145
1.410139872114643
-0.08143261813520321
-0.05511056604203522
-1.3738258086742836
-20.216973948884398
0.201246343241043
-4.4198560557778475
-53.414079553680686
-9.886114859369886
-23.201167941848322
0.517460177483721
-0.03940636436840373
47.93223517555473
8.753274067535743
-10.993162562937066
0.3168281967431573
-0.042559615828126306
0.36815806829927705
0.9275416135560475
-0.12447058473189569
-14.547837272363353
-19.305832576656908
0.7720383019828214
-23.503099350488984
-45.705461090744485
-15.807300653363106
0.0007265844107549868
0.04948804917475131
-21.310296168366282
-12.216680747245427
9.205221864220298e-5
4.261609793114646
0.003053346206087051
-0.00031463074358158486
-5.613908543960331
-1.1494825573457534
-2.0463368360290355
0.0032877628734352756
-0.0294029069325582
0.221327014919869
0.6207191333653106
-0.16336406579392382
-1.1311070347219228
-41.85163481239507
-17.72986920110317
-22.721776143050214
-23.832967728774864
15.031950610159619
0.10069437871498604
-0.04999306579250866
-3.5168927376785164
0.008183547531012365
0.004536866636647057
5.1555540685893035
-5.93589614889117
-7.032450914031838
-26.47860968001031
-0.022512592835007412
0.03559874847763404
-0.0004189619525053979
4.984275290152483
-2.16606166077967
-22.620977379961587
-16.12481642317343
-8.833783033294738
-1.8008509058403839
0.42392742914785
1.7793548183819747
4.5267234933987215
8.230331283672118
0.9557828899847184
-44.76368907640437
-5.11923727072408
-0.043944490025833324
0.005513554144676825
0.17499263080595753
-12.899018911546852
-0.0003685468113215946
6.6711801758366125
0.00024511167863647607
7.068505629092492
5.705458917782523
8.007527694529767
35.92850219824913
1.2610104186596474
-1.1492505506029802
-2.666032973067932
1.5432112649720118
-0.26821636828654655
3.22619276455311
2.482525732065485
0.6657420632664691
15.239291847760594
154.2973313642346
121.23035158528087
56.01883753710388
20.016333641148858
7.101368141843388
5.4169499387550575
51.21136752973575
25.80712803219981
34.80720797765331
86.86889839573767
291.85174882845115
205.66955154884027
144.5677961457043
438.9245518887366
94.27843458107702
135.88575562621332
38.829649284521324
44.72720125228656
51.09167395043801
28.703455412135902
0.01334521536663386
-1.6050745599002374
4.0783173698529405
7.684745872798334
-0.053618463120139744
-2.293625807074348
0.9143970066846944
-0.21464602646942693
-3.1405099117136253
-0.006707204388125487
-3.1747137280839577
-28.339930599749223
-42.70840280580703
-3.3904789422146995
-10.936946350296381
-30.44847315652922
-0.009622674879401556
0.0004653310035236715
33.156805507229784
-2.5174262311665943
-23.62003414364036
-15.356350356703622
-0.46929047652774414
-0.18022821088049282
-4.912232921123922
-41.49310276745197
-28.10436392665173
-57.1011931803592
-2.4267055932177573
-18.872325399827847
-10.088997618720771
-0.42840796764040256
0.004034079712880048
-1.4818150109273436
7.398625026162733
71.83585085900093
26.75959695133943
0.2507462469911903
0.00018281419367545033
-0.04154970802883928
0.1890049083960934
8.318357313248525
71.35649497704496
145.20536119513437
246.9657550472149
38.91146316779249
8.137959042167264
6.787787159285481
8.62167569132279
5.459176605835006
-2.582712079496828
-7.10484361482017
-10.884154100281242
1.025803362731139
0.2514503779563837
-1.183561171742915
1.9941795743935684
4.846884638782536
26.32341771899877
8.851365515490349
0.5497837357113505
-0.08921409955064367
0.0020064992795486894
2.584620962335945
1.700607156144067
-0.007964969963849178
0.5138320324168023
-1.8481129985248828
13.521081121184439
1.5592557517467034
-19.302155034858693
-40.76933823577534
-28.80963734723183
-36.38384802787729
-16.47622094030391
-66.92553276682652
-58.684978176427386
-8.350080591198674
-15.64642318260544
-17.51917119795864
-4.863231202225137
-0.0334553528877506
-0.02378089807434206
-2.7931026553230693
-26.06087948418443
-40.70429776495726
-7.0027965724734536
-0.27478651160017364
-1.0498496656464673
-51.07080637244157
-12.963949680725714
-2.334620375498804
1.6293866137489292
-0.012508781826053462
6.980052762888252
0.21469244398731815
3.261762685390947
-0.13163512712854702
0.3961758683784165
-0.1413601337942652
-3.1160608772915244
0.4995638878444814
0.05546316645178988
-2.262674971308913
7.819976477284656
8.993670197600355
21.91713896505787
-0.42855184463909723
0.020866123551177538
-12.07763121936898
-25.04918230774164
-6.666099051268645
-11.111851616243253
-0.3077488579646699
-16.121336928382433
-27.145833910011017
-29.259764688347136
-0.5115830623164603
-0.5194027376134722
0.018461604963438436
3.3576957176136606
2.0752614671374086
3.0696303058810384
0.8809584974728912
0.9716102867619087
3.7431337337976527
4.517664404295844
-7.77282337955082e-5
-0.09258222287866436
-7.069977465693443
-14.624247219481639
-86.70703733795492
-23.704152142540522
-5.854996082502727
-4.6623999069720956e-6
-5.6964993029948054
-5.2556304947025625
-0.8025033061488128
26.479869376445876
-13.756139426780008
-52.08513969711624
-48.57628460724205
-38.69613690163492
-41.954330415264415
-29.96272498535865
-4.622635006624431
-4.5423996634116826
-9.005372903937475
10.312888702157268
70.4348610117981
12.930377743208073
-2.7373108556489445
-0.999118043436994
0.2360492030513108
-8.0158226796947
-5.279860671362616
-0.5174470955072064
1.1152776465744874
0.03458281636851189
-0.010880986738374728
-0.029543371425675303
-0.13819002593082133
-16.92797845478413
0.2240667494016279
0.5432856849131248
-0.0042369042680973435
1.1803627807135226
-0.008781265662918673
-0.24169690121020462
-0.1596852026176079
-4.985406832626111
-5.023769241403837
-8.730799332533996
-0.19507180324417372
-17.5901249485778
-14.805883782050683
-1.3550788332090042
-10.616990538435406
-1.0343017514729038
-4.309086426390615
-14.223255888781557
-0.9964560912473208
0.5000945327512657
0.18685071613184226
7.597432909966919
-1.8275532620296977
-4.08411710198078
-66.34276273593133
-79.41808043682398
-2.62964224552443
-31.58684693554332
-15.113721258221023
-8.329166459558442
-1.2615283651842963
-3.3013150012246313
39.134648936035504
23.182564860869775
16.703506800433704
17.658564100680422
77.55061259692599
92.44312837630747
152.25123864677803
31.03020209676098
200.30343064816907
459.6608984002615
92.47361932574913
171.21628945854698
109.16807790374646
5.942899574801263
1.2252273932941952e-6
0.13678522501850687
1.0396040124535817
2.215537066190636
0.02070221626742647
1.8479566086431611
-1.7221935182909565
-1.1608937148921816
-1.5716983883956597
11.751824741587683
0.1208803236909787
9.722509536853224
-0.00027208667886066993
-2.3215098149297466
-69.73174588494591
-40.489153568729904
-17.474435899235495
0.42613565688828964
-0.009008617424791799
5.866481457169214e-5
0.014720455520296289
8.98627817103793
5.8195827174669885
0.04424438707376544
1.4645836129152887
5.618445118000831
-0.3541055777484486
-3.156325728557394
-16.2790126362779
-62.6773514936733
-11.303259669728428
-0.8612053361705518
-7.692305289711376
0.7715159768609919
0.2643596614304726
-0.6288819100585678
0.49684307489888657
-0.8173965597964065
-12.132704844931888
-59.12961016061443
-0.9948838883585149
-0.6401263962897749
0.03159750340670148
12.070773360100093
-2.46829705357867
0.003577083069376886
0.4545579728183651
-0.014160284540381157
-3.660472628846867
-40.852553354791
-38.55942434169102
-12.322326583150048
-2.907928565792823e-8
-3.9497333665402876
-0.2311040989607121
-2.7392905461117874
-6.626440288892831
0.06103805375870737
0.20441098839253188
5.06496083435799
1.1971927876093362
7.063262074288693
5.215899606777905
-1.2461210509978093
-0.954051614910725
-4.603701356273634
-3.1043099769919587
6.571008054912532
-0.000438483701493653
-0.015902519602105005
-2.4414625011299838
-0.17390514236907895
-4.822971625271366
-3.90051801680712
-59.40791027952491
-1.652811845692784
-3.602888995200547
0.284805488649021
34.17226817268308
0.00011507264078493889
2.2143003381143687
14.833843525138677
10.316946354919857
-2.951639863914235
0.21594743430138288
-1.37772840436165
0.008886426057428927
1.497180060410471
158.72896876892355
3.897636867042692
3.4716783280571275
8.818786781579908
32.63505881699013
1.9008267537971617
-7.112785056498729
-11.427794313040787
-6.474212566522146
-0.000662970722124827
0.26926124012909397
0.03837902026877737
-2.550266228668984
-4.574442643406459
-54.58489465931353
-16.596239382175668
-0.07747984200229384
-2.457030544650987
0.3294799325870265
1.4346874214685357
8.132815217579044
0.002865073191020442
-1.9906055268456373
-0.21402376108202859
0.9566147609848114
2.7951225101042003
-6.018779891548916
-22.259570332457645
0.27764251100006454
-0.002794010864109388
-40.39524419483157
-16.345682939721982
-12.707915534272784
-0.009684763278782203
-1.7538304794275525
-0.5269610796127965
-19.127574948835658
-55.41326691725697
-77.62990902149414
-0.14588922463662196
0.04596660058528611
7.411004266285509
0.14171289778357646
-4.236022099013797
-7.336172255297618
-3.0751617323000233
-4.551052784595112
-16.357310369002786
-4.182467824861549
-10.530300235978677
-69.8728648520088
-95.1964620439789
-67.90754869380665
-2.976712275680263
-1.6136185076975853
-12.380382116399996
-34.55582618392542
-13.329508567074724
-0.7024433030209172
0.6385099850961833
-22.271601209082117
-69.48826266038209
-47.381178913849006
-32.46077229877763
-8.424593925306008
-7.19764250961792
-4.269353950569575
-6.800613108533549
-10.983497439298121
-0.4514405755869318
-0.36684431180402177
0.11675002877934196
22.789206451408987
12.519638081623516
8.265654843088756
34.98673567703175
117.05529475337232
90.7668440787325
8.099384557915236
2.5753415217225637
-3.1828084590878296
-4.854748628673824
-0.05269464215547508
-11.048363533607324
-18.24498843797384
-4.827587042548788
8.121803650611666e-6
-0.454239233542254
-9.40001779245176
-33.17808452281857
-0.00904696498252218
-0.5633916520727587
-0.28180712877118586
-1.0105431060411252e-5
8.920559577515736
1.543827678144746e-7
-8.552219436070407
-0.5592363208249606
-0.4542962867975462
0.43252409446822704
2.7235449877128994
0.08691126183817469
0.8965217533080503
0.505187563804679
-0.1068908755436622
-3.786780358894934
-1.1489174080043043
-8.881042651267926
-11.405433956361337
-12.485609029984902
-6.447938049982643
-13.216331407967157
-53.68165642999945
-0.07675805740759249
0.5019751712331888
21.051987233208234
140.68050214516808
21.64095758818939
27.492923774187993
0.5943380371428931
4.46300541193782
24.9750812722476
0.9728956554274433
3.590356840733458
22.705932547757186
74.04200160852349
2.4110479847186124
0.06117436859598552
8.11983770573038
0.017483362508454326
0.619954275379489
0.8150955459294268
-1.4681888619841446
-1.745170943127334
1.5736739008379204
9.822680951023695
2.8010602784915015
-2.342223374984525
-5.638949855689971
-12.908769805224624
-4.623757893484016
0.04241177402643438
3.629899530632131
2.3566321448364067
-2.414496755049433
-0.9600246515012671
-0.14541282969596112
-0.1869295277099018
-0.18311426556992663
-8.44150220271135
-5.430134858358412
-9.939398592928106e-7
-0.12108127231103873
-0.3320310033665165
0.0005206085845319773
-11.401257360281617
-0.014775306941671468
-0.8382654020385936
0.00027594629969342953
32.034414759349566
0.41624637654561986
74.74426587112029
0.11759221706395032
-0.000505502912415812
24.380294359312227
-1.0214789312996673
-12.337223434724457
-20.438119499032503
-19.401964617316676
-0.0007494740618481792
-0.03571760624046511
-6.1805260873378245
-1.586840860370446
-1.8770282672036356
11.848264958867386
25.128571541085652
29.987039692775497
-0.00012577184405061174
0.3392325798696604
0.05768862099230724
9.274853304599526
10.391630898686834
18.184943985600636
107.61853212519635
145.88127049583764
4.894955097413227
3.4657532529155985
-3.977717039833053
-13.225882825705389
-4.068792457886692
-4.542669014504577
3.8145668511191095
-0.6561936418851052
-48.73353622529209
-0.008541896095288846
-18.581960853662455
0.060419410786997904
28.294943902035513
0.0001756344866698163
-0.915579311244653
0.09555166885045957
0.46766158683637404
0.020759456992330918
10.20315878246714
42.36904323940404
26.37570535693917
1.7023220135763506
-0.11241771663666648
-0.011024646267094132
1.6646331237141598
-7.832370912170707e-6
-16.853153883805426
-24.086045104904354
-4.98821634132573
-8.918568311453011
-0.000229655439040734
-2.2540721891532534
0.00045352593416540414
-0.03095799171890516
1.1855631609795154
0.46515987961503796
1.8107685180452096
9.039340388015365
-0.6656109095144271
-0.4412089038341303
-0.8121198073279399
0.0029129089676523047
26.64207415311418
0.00016471224704693062
0.004578991577906747
1.0896124722846092
-6.569947583686467
15.13590372917663
-9.773254166177125
-2.5070133170946987
-7.963338186859992
-9.139334431315637
-0.10863655339103795
0.005249980345329066
0.13804483736883555
8.435857621195902
-1.31904301790022
9.642132939081165
1.6980538324351508
45.28129731703211
126.5751842400594
174.7208188911568
75.37978774189007
29.63667913373867
59.57087697383477
20.10255491756694
14.25945781094134
11.00344362560038
-0.002396576453508481
-28.315386842258675
-0.0033105170032665496
-23.102763186668472
-27.33581645268207
-86.71097200620632
-4.948494710894647
-8.955402142620551
-16.519414255604733
-2.337803834555431
0.018603479617660318
-5.9758497353069755
-6.727887523657231
-5.860664106936345
-0.5579439354812795
0.0009499972073221224
-0.07072975621569962
32.883112003349076
1.8500585659232778
0.039023910587562605
-2.6895687462370486e-7
-2.9104018897123565
-0.2984929140100618
-7.746381718100666
0.04170627081599111
-6.4974741468537145
-15.768598286098433
1.3777454415019053
-0.0009160037224993304
-0.027845040386585702
-0.11822184676952534
-0.351104035617431
-2.4143374708290875
-0.8261431973064143
0.006831224087831068
-31.235698525209482
-5.228745382589364
-6.077373934371838
-39.786946189487296
-0.7727443000583047
-0.01536381370360932
4.328004922911029
2.526886333686811
0.0004962077929281688
-3.932662431040823e-6
-1.151000267166723
-31.694350289845648
-67.09750891164768
-23.789671162910235
-9.425458316103764
-115.32768262452315
-47.440112465123676
-45.05628146504142
-19.24807415486397
-11.304968911986164
-5.912878834304666
-5.741350480600715
-0.6538009860861775
-5.651274017149325
-0.33180536109123243
-40.96431070399471
-13.112827958039713
-12.218171108096675
-2.990966797309664
-13.308146300826907
-10.425779221723406
-3.3592722775549904
0.1358751604583123
-0.09601037564404939
-1.5266493411641073
-11.798885221393533
-1.9468586662499268
-11.220047318827739
-11.471632564512062
-0.05087264121823608
-10.768996844794886
-1.9675692390570596
-0.00029341180053900725
-0.9382001182861787
-1.6546950242489213
-3.10253581621207
-0.44095267118161385
0.47278715922801207
-11.623921984106012
-0.10752646191398933
-0.1640019552275417
5.767907805796444
-5.260284760729585
-0.4060189912234184
-1.0162760960508415
-15.187961371462478
-0.6868118040084933
3.0781801206152593
1.2921116152877725
-17.670183508744234
-0.009326996661735852
-4.239893312226878
-7.411916953778619
-0.9404477359504594
-0.019927148162450465
-16.732137261731182
-1.7220207373183272
-10.050394147404596
-11.107568258143926
-5.3214200227202095
-0.2157402623633964
0.4020222239603104
0.15812623640224963
32.577768080690426
4.9548465433788795
2.165946714121495
7.697596548529769
0.11156658739411443
-1.5326736907911358
-1.933446425870228
-0.07952103100447955
-11.292030565946293
-3.3256848042597347
0.25962430910431034
-0.8049044134834177
-2.2484671596361894
-11.089010064620155
-7.104029667455224
4.178776515619083
-6.626362727295257e-5
-4.146155640509984
-21.793664895673984
-10.960812423254865
-32.11362581244134
-1.5605740145354666e-6
-0.4896304996439959
-2.2917355228741556
0.43157349364113295
-6.0354491063556575
-32.3014234122255
0.1819237640676381
3.5001389259815
0.22422781930078625
3.585001770932715
-0.10207711083512913
-3.261372163457566
-27.847628246546982
-7.685886185916603
-5.125173025897556
-26.47268558028582
-13.470284943130272
-1.6922707127717522
-12.341651514832462
6.29180300764217
103.22545266350868
19.37176112069052
-1.553919642380748
-7.129069194021729
-5.968489297505934
-0.165226415625242
2.0477130822124114
61.041171907492874
27.40026231536987
166.68962215788318
78.37731211977611
35.0091993457497
102.03987957556814
46.86634670831821
56.247448788271676
48.53687963212806
75.99236381018703
27.510333137444935
75.24565899727423
105.70305229235439
1.0381558804392044
4.939756496871001
24.629720147454922
67.55289536641288
44.777123358852506
4.662785232712506
1.0833863861270123
-1.9238527473248908
-0.7847540628974461
-0.02871497316973024
-19.80092813457465
-0.18443097021700863
0.012113468757908138
-1.6892467303371284
-3.826912385599071
-0.2651006963296113
-3.121476035914943
-0.02898381250911698
-11.06593269181302
0.15838509201029374
-0.0967111205312742
-0.09540449064993363
1.0342362647739243
-0.8703058263390591
-1.7360188772662
-21.725483223755457
-83.8013979095587
-27.10469010344116
-2.155992156692953
-0.2459365420285738
-0.0018587789062696027
-0.3282521149513299
-7.941578265604721
-0.6078372139543253
0.0008251947820268408
18.275490413927976
0.0001004211933445348
0.110187637182739
0.09906615598162025
1.6101308662275247
-0.8250381074966303
0.0822394707975705
6.555311392376448
6.157291828427395
89.7645560712674
5.6698972322035806
17.75715103149192
31.95347056137951
54.30960972150486
89.69428437618109
258.1353457963433
51.11389748271845
83.24994505045925
49.61145797376383
63.377959016161405
18.973631940515137
0.005063914781345732
-0.45504503528648116
-3.2259006413134026
8.538436210213854
0.021706521426178852
0.010555857554848945
16.106710268345243
43.86349814031096
61.10717474778541
63.06870531572799
0.22239935566167182
-0.0018631936798516012
-35.929120580350315
-9.88850777891678
-26.64377245800824
-4.485744981530662
-19.502202140632328
2.0479282958294944
0.15012059750492515
0.5622280945423576
-2.4309437478427194
4.106320499342527
2.424091270465396
-0.062823400899177
0.42648455893702986
0.3945371919845517
-0.7624177538018235
-27.55092356864726
-15.78867610880359
-7.681983623130083
-10.46534130873821
-19.15170458131708
-5.370015033490575
-0.5845069812624688
-4.85023250513229
0.7341350228986113
0.24278560034945665
-0.7872198525436335
0.7218546663727681
11.492490911914867
0.010139218677511474
0.3729003258932696
2.891041077677987
-0.4244110721046605
1.3585975948240664e-8
-1.3185712194753694
6.994821183868352e-6
-0.33289583150404545
6.134351771134918
2.491514895938924
4.120405555798593
-1.6760477101578133
-9.107672413534596
-14.033035510542081
-0.1392313920381558
-29.79963466619771
-2.8128851884364114
-0.1239235307806104
0.6324922355027048
-10.850004111219478
-10.540735299284098
-24.876339238405595
-17.819328255801395
-1.929698201600422
-0.38757014834061027
24.201907743121062
94.25096745436113
4.133631649258122
-0.02009018301470888
1.657582126415343
0.2943149074537477
-1.157438649048046
-0.042229765996378184
5.996451534181866
6.962368219457986e-6
-0.2656913175661516
2.033818017226489
-4.094010798489773
3.211735208110214
6.2870648494140156
0.00021897677240331897
0.0005960200288483232
16.989820558689765
1.680694410065225
-0.014657065421724878
8.737887502580609
-0.3480776080307799
-1.5203379386296583
0.46444245489536956
0.7219297286979747
7.63219646109023
-0.0782121461297028
0.08792393537310661
-0.29207566216930314
5.132271013823807
-13.561414486795083
-4.305550066336219
-0.20412161991830532
-1.6186223558966848
0.0187892057866756
0.8503506333568367
1.1322909208246592
7.0807200874596665
175.65317900884338
57.5433877369323
0.10537449597240317
0.16429676635412022
7.692044386173301
5.9251513750945195
-2.3017622732917844
-16.129095648824823
-32.42431535965561
-6.8970600775138005
1.773621477021841
-4.665659525989375
-1.234184889676107
-24.562559677214335
-7.231300302921506
-1.833191417378115
1.1764549792512118
4.349395253676223
8.216687436876555
33.76248711237977
42.37173143426185
13.008444487118027
133.86217968117555
12.028913173820897
0.7274940037253849
-0.20620667645720317
-5.278090213276941
-1.0832898159391509
0.00029177081114684154
-2.8867622661601224
-8.139274767433138
7.097584808264898e-5
0.1094067290840854
-6.85463791906183
0.029626103760494744
-1.1316828522291397e-6
0.0013170734467663834
-1.0170137653658027
0.7008196933693112
1.141169751890834
-0.07462080675484513
-21.390093228235855
-10.357981273274154
-15.113209766309593
-22.391729056676834
0.0016893576451817082
8.333991483853618
0.09908402168638497
-0.14192669900782126
27.20356597196403
0.11561971754385941
-5.733788760814807
-79.68631298069428
-4.9347926174616354
0.7050628545622922
-1.4652476350168036
-0.849575106103707
35.78642953867627
9.069076663086017
-2.1592297742821955
-0.00013714915970742536
0.00103479024009383
-13.587368854861149
-6.721248722296736
0.1291922897079284
0.10222909632590108
-0.23532161439149576
-6.028004728506885
-31.99383207312545
-21.889147872432293
-34.02201545462561
-0.00043847046759503365
0.49153422183579926
0.027590854095298222
-2.1071765781526466e-5
-0.2906536097675473
0.21365362656698608
1.5793593893929851
-0.04272502656839519
9.095238359159069
-0.3261201798076639
-0.25318640148226934
-0.0953551425013068
-0.38053520217573916
-0.7075416069912159
0.522718500766737
11.047366907486502
64.62547940724045
54.93037777088847
10.186777150595297
52.60777403389239
11.290434234073873
-0.0004180787126968393
-1.3990102479615847
-18.189904858140732
-32.550079474692886
1.7525406377662567
-4.255955857664637
-8.970035439181803
-0.0003070332406507977
-0.46664000126603644
-38.49260764261021
-0.16336756589534523
-1.397904388962794
0.003977009099604698
9.351764896656865
0.06223514009259818
-5.31826142220039
2.2482906731411383
0.16344415714828875
-0.15320949135995487
0.9098856938766386
0.15238243687893913
0.2521228859724456
-0.09093518992709865
-16.08879523056077
-0.6248631165507629
0.012476586831499856
-0.219268971170423
-6.53165476633397
-0.32839218695981937
-3.549446662579752
1.4489463924008128
0.011569183469845304
-0.03438010910004365
-5.805866582712028
-0.8540786682175924
0.0024568097986916782
-2.8541869024951194
0.02362115592761357
-1.1343106811802977
-1.0133361908344392
-7.131295123050036
-7.380210495280137e-10
-2.169650557925774
0.6035399222972242
0.36752767639549344
4.077777353935579
21.315915616972912
14.924817788659418
44.417819444285
166.44554389135573
100.02933554109933
15.337810868985384
20.501106715817492
26.914045803077027
9.690896352787842
31.8650643635786
0.3676772052683556
0.10179371664960819
-0.14343422315646148
-0.6512505661295271
0.0016433124203708463
11.494618134047872
5.817469505723702
1.4456482113356715
7.97928481234689
5.9353062285193285
2.797313904450213
4.049942963971893
-0.1961795686297352
0.09794378971845145
2.4867021393237208
26.795467923956316
237.71093006541378
260.701791388081
78.55898084602616
18.790503280268823
112.08578873204891
65.78194631402275
72.67630426845987
71.65285974726145
85.32729897681307
4.822348159860532
73.51582568093934
43.67166711091406
20.852115708452928
80.99146610832155
43.69997396846904
164.70677168124942
186.60129215109512
51.43688503893348
34.042005357375196
76.07206347651582
2.582043029829356
-0.07543065291187084
-1.874029753147043
-5.498431015094199e-6
-1.1406775938660894
-0.12299681775617724
1.274942740632748
1.517111480748438
18.864982455344407
1.0670805571125161
0.00015506173978795015
-1.0291616791734832
-31.964297778010526
-84.90221119741221
-38.044763752587194
-12.377365263120064
-1.6306391661836495
-0.5676399944158382
-29.45131915501775
-61.345562327800636
-27.816860926384088
-18.367831791237062
-0.7239624608745376
-15.671957286402911
-0.04548020561955786
7.3713560708737615
15.009782016211624
0.09131301493589598
-1.6191296326467288
-14.883230453750215
-3.4347642165046826
-9.78371782762917
-31.72490671109348
-9.059079696190603
-5.5624106708296015
-34.82352555461236
-12.359355723658716
0.0010194755272789182
-16.624857984661144
0.0009721053319636525
-38.18519805870377
-1.060544643746156
-0.19548223808494863
7.4610666311694835
-0.7742051171746719
-4.78231306883678
5.36513784789242
22.064901068639614
30.538988264066354
-0.09164962871760819
0.12404539901547701
-7.3963822281339455
-1.1856337069923952
-0.8614128988488639
0.00011682380225668528
-0.0115170133953477
18.056831013248416
1.351387336755529
3.1756922741149447
-11.319466710982512
-7.39036209953657
-0.16670999760744235
5.556440965198046e-5
-25.44147650677522
-52.75157031866868
-98.79205827027721
-42.72575720540544
-4.01835069599348
-10.279564244789198
-0.00020074376564578288
27.132129070177
12.54751844030984
0.1253517381419309
1.7953822123054408
0.9985664199678068
39.269662765952106
-0.0006459280706816841
-6.752435443039773
0.05241481326665323
-0.615213445470589
-0.00290922644369209
-20.272118951037353
-1.7156716746794785
-0.10929004540979813
-2.7561153699553187
-59.83016846811563
-0.4099520630672914
2.101421225594589
-0.05153900656738854
0.17979686431182995
-7.0241949044481515
-63.857087628556116
-96.97618520452741
-15.161203748108935
-0.0023548670485104084
15.892525204088878
-1.1918521270534543
0.02130544516154352
-0.019644759504960346
0.815057142205785
-0.056082877580351576
-3.5100715441877117
-3.2872889146316076
13.13075305871304
3.3426891374688155
-2.6413940233772593
6.222720805918649
183.46791488434778
0.0010779415710227848
-0.21604827194746834
1.3465047250070563
103.49427383078523
2.2699337202723894e-5
-0.10546968346077623
-3.6242316339818683
1.9353013484495716
48.41783884060899
8.640773872258642
12.344773782036283
-0.6736966416481519
5.944939879013307
1.0139096412077562
3.0454802357837463
-5.426304726628209e-6
0.11701194121708722
0.007849406284440905
-0.19879427358019247
20.932878890373022
0.3471291468922027
-0.002684596899899176
0.2020654957081874
0.08571480208837974
39.27941025636303
25.114060097328398
111.29440568977891
163.11113767154743
360.98996575319075
93.79892284118077
83.3617835059609
41.740424981404814
1.168953310908374
16.157773264349355
3.658435828703309
1.358356567215263
-0.47512742107958383
-1.5764500519345517
3.974159526388116
0.09620332122149489
-0.5827460034232426
0.9529402134363686
-4.668110598170314
-2.201309056279371
-3.059145443755447
-0.6095292727141898
-41.466009237970496
-4.570480250629677
-12.551329729791036
-15.35513040787404
0.002506624906036577
-0.03287494994100203
-36.86948104741081
0.13080712845313158
1.2700761706499244
-3.5862932139510675
-0.5024596469716958
-4.324676767367993
-37.23156198091837
-7.5043184860424255
-60.03758787800238
-55.660090965389735
-9.357029844038388
-43.131600418354445
-4.492412756613145
-6.958323830449367
0.0006375983376152976
-0.4502148702116186
-2.035649771157515
-0.28286321515073143
-1.4308206754857746
-3.23631232836209
-14.603167211559978
-11.166613994258443
-1.9588972876027142
-0.08831625497152527
-0.16985907120727442
-1.2795894164296664
-0.36035468013756333
-5.844104634813383
-6.767767648927865
0.5482898222808097
-4.518375236878371
-4.6291807185434095
-36.04682587169633
-1.7362061750533464
-0.15673992085693683
-0.17416493073023123
1.8522140229985267
-0.3502191527453417
-5.913202742881197
0.020185718008387074
-24.662626802083864
1.9769978276831004
33.97231303877883
33.25432229700167
62.06524864681703
12.388711249899048
2.332659991830295
0.6019735672221115
-0.022082861617132278
-2.271120147670999
-22.406278544976868
-5.590063596342938
-1.1241282927964593
-10.097748110292523
-2.470566560595287
-1.3881574961399532
-0.4968839531450266
0.49359442725634983
-15.028536653562314
-46.56555926653252
-4.878249232389409
-0.931289076174213
26.48898598533395
3.121282953609904
-3.113487542375659e-6
8.963803404673946
10.73942189567733
13.972359909105498
27.576210550744126
7.0243946590586654
6.099532984494256
16.722944789853436
59.19781949194994
316.82188143884173
99.46964843792739
40.75231495207315
15.73399723781518
27.873638799754605
35.17272051515107
93.10751180464034
176.17561339450072
232.00719694706447
218.34636762262193
198.54785101826695
549.2373585327078
288.07940180705083
466.6884020074304
273.9651292707269
123.2054562622702
96.80992356015898
1.0694904022980343
14.188659565068289
24.607987406132334
26.811138590813798
11.80879863550368
-0.03852347332069672
0.5700342607505584
0.3388547648636623
-3.707798462151208
0.022504601632339364
0.2797616883241121
0.007999352762791007
-4.285288140753891e-6
41.1977478404874
94.98201378921566
13.102829958389608
0.242059820872887
-1.0056865925003418
-4.881347906814783
-0.06693646818794263
-8.940169488122166e-10
-0.007392440246506574
0.4254351918250522
0.1587561313094181
0.01140422285554821
-10.232471320834106
-6.736914551706896
2.4869505750834957
56.16411101326171
22.97571577223209
0.4404384786237975
1.0825142757996842
-0.9805781865372057
-15.907118396865844
-4.573170930020191
-0.816851336256216
-1.370498602923907
-0.14100584997514273
0.6657911219537784
1.5341072379377598
0.6637831951894384
1.6015226287324067
-8.871676173709503
-6.244120294287473
-2.187658896120624
-0.03301190559926148
0.06452991295813973
0.0765836907645674
-12.091016330049245
-28.980125561741616
-0.0003815180226379726
-55.19897679288012
-3.5340383850052057
3.6969025393156224e-5
-1.1827934454822993
-12.493239082625731
-8.648505519857308
-5.6881660160358525
0.016411204438674054
-0.047420274030635264
-0.018429977993032573
-0.008871689098973557
-1.0170888180169961
-14.040201383932414
-31.37636413389202
-0.1583304178716839
-1.5586138306745823
16.380818915740925
139.13241469835475
50.02519354091414
12.471734044110436
0.07707624556227057
-0.0012443467530516374
41.69130487432596
36.66313933398193
0.3656575974134872
36.235609219392835
135.3308490759384
6.673086714667555
-0.026020267988420893
-0.8741145399597222
-18.536918660596076
-6.849714070508551
-0.1703741481803021
1.4585695453752885
-2.834610821482544
0.001857882376830118
-1.5561005093797096
-0.2524828598145503
-8.488039185148466
-5.611345974757214
-0.9664045890301992
0.5674328788628442
0.16641909210221098
18.8969905383156
0.011951983791413148
-0.2899057177397383
-4.87886551162958
-0.6537359108182839
-0.5040066559603977
2.625371656869061
0.9739500605194372
1.1017943642742631
7.339796056971173
13.927225745626197
2.362304340272577
-0.06414146571597865
108.60278611797247
106.53690721087897
14.382635727966164
11.323337761786355
23.704722493783972
0.2417488143105739
0.3284488274177988
-32.246169280857224
-1.3297085083553692
-62.78563793857398
-35.08244017517114
-44.403936601283505
-40.800450156078405
-46.97900124483214
0.350097045167596
0.561593879514219
1.0406338250723286
0.4028786854831824
-0.0001980714015455312
-41.27645502795957
-4.898600006151082
-10.225003697557895
-17.468295102312823
-1.2832427549730734
0.5169550435282635
9.024502520310747
4.633115677647932
0.11164364587142389
-7.069383689432947
0.30407872296715927
-8.21806612788866
-12.502620681152061
0.027121704046170227
-0.08738383432336654
79.07197308125772
21.102782138176817
1.6285093253454628
-0.15033498665299577
-11.963031971972063
-36.58184807676807
-16.28457334365508
-0.00040661730015877475
0.5305577374111711
0.7350698757927769
-27.893647703306744
-10.235555694012499
-17.964221015030816
-7.861580830895419
-16.233941581788702
-15.903403364932387
-16.69480829590932
-9.393134676276546
-4.333137717574498
-15.358640082102717
-4.272035383888543
-1.5597664820629467
0.3382218278201848
-0.15026160621194765
0.0004314689717758775
-1.1560836409707123
-9.085035407304794e-5
-28.202707709368237
-14.660389334476811
-17.819889638754567
0.067550482795393
-0.27006233694863097
-1.5025868665589357
-1.5948474586310375
-0.06432637530946217
-3.4375635698175775
-34.76877010723341
-0.23874826452551412
-22.6801415368679
-16.55967850077637
-55.331020189212815
-14.382235406981701
-6.709124228470149
-1.9707469469394203
-0.5188985046802738
-19.256072926700952
-1.5065853373231144
0.26444213877866035
0.0618364187808221
-0.0009118137109226013
-3.689976721693635
-48.68650852390857
-9.981089559141076
-1.445757766317848
-1.4197881194402049
-7.42303118171248
-12.34947596755558
-4.664635599630801
-2.2152739559294696
-0.786977475915375
16.662761998528772
0.9987168815208887
-17.51175162709569
-1.4965932445213364
-53.14673596965037
-15.665670371390828
-3.6225584155621635
-74.3668267569767
-6.963833102778109
-3.2192764796606554
-2.686987827913436
-6.351788077141724
-5.096887867203425
-0.18103255735199633
0.08533698318398884
0.022924679442636434
0.44490243433734195
0.4687345610756822
32.67035937160797
28.03667607266021
0.9939838292963148
4.397774384185275e-5
1.7946471613542578
-0.830519923515372
0.1580821402922574
-0.1512004677550765
0.015422141522949915
-6.3104896482134025
-15.315160997688567
-5.829498776153803
-4.150376280111752
-1.2170379162630123
0.04159984076354114
0.2696916095078512
1.0827672101861747
0.23786846263099948
-0.5257768171615311
-3.283874523500591
-3.6999000228571384
-13.373344167609737
-6.504332647499416
0.8067631781957326
-0.14012106365247962
8.994644298262499e-6
0.13756639237712143
20.959087082722196
0.002128055819499157
49.19622379679495
0.07257537580201807
-1.5839403774835283
-0.04522809175878224
-11.709230941020623
-19.225844689803466
-10.019256890505766
-93.76399822425896
-33.72918718605305
-1.985737001287381
-8.272290879010372
0.02677371516246612
-1.203944564903791
0.21385576556190258
6.426931348642387
0.27820630758318604
-1.9249650914823913
3.815233339417043
0.519775772805473
-0.35313008235623894
6.198182114659191
-0.1782516931839196
1.4140093154110407e-6
15.29679221267075
18.98320194008742
1.6670889649541676
0.8742070059103806
0.0060103091027026235
-12.056641353674918
0.03040014038436733
0.05424708011750424
-0.9984939663026347
-58.25977785229348
-29.914334205311466
-0.43462555722015184
-0.3962094515512938
-3.0270657981608617
0.00012007865808753547
9.417170167887894
7.341781304455476
-0.002205514738595265
0.12646373460521373
-0.26851477642302873
1.001060549520475
-1.758100113617902e-5
-10.817364219117799
-19.01588539739826
-1.6715969492990463
-5.508462542225912
-59.10854099657917
-0.7851339447487911
0.15934336724769416
0.0034981868212431017
0.7626328178209333
-0.1850617758077874
0.8183015696019983
40.91274017347676
300.4320306155507
133.8124532735742
3.379838675888937
8.951542029571943
17.896168630846834
0.5451445900752214
0.6529427892682453
-7.0743508032466424
-3.5836605083700412
-33.222300220600374
-0.3622629351424724
1.0401238894007074
-0.012950188831928907
-0.6092407236021108
-0.43869732427561103
0.12693129251559918
1.270083095888837
0.7534773888957614
-0.24874499561693475
-0.3367095945128052
-9.113853000205864
-47.660582089259066
-17.429760966683347
-5.100117188127554
-0.3153229947354856
0.0006570663043224576
-0.033341913782056955
-1.5639737234351514
0.2368514574265025
0.024372948210540517
-0.20676003590286268
0.0012814527141795983
-10.960778563699176
-18.94154121277575
-4.692233320528561
-25.011592259332932
-0.14360279353633873
3.129408844335004
0.0037627101992716507
1.167784859193024
7.015907576525053
0.10284024691267407
0.00913757778629556
-0.20495285707380434
-0.05463840772106676
-0.00023426553809826608
0.021294289730370092
-1.0731355969971674
-31.538201912519217
-0.025647424024828214
4.707736428728073e-5
-3.78848502840896
3.3825603009704506
12.399966112622618
14.480638337356643
2.324861147130541
12.432965362427323
85.81476358998364
348.3648908051087
