-1.5071751705847485
-0.3146520474747411
-46.687626842419284
-75.13058608688662
0.07473756305615364
3.0968102337880397
0.6964209276777313
-0.07652012151989004
-0.9433746273647501
-0.26910335793518897
-0.08816252460248367
-0.4978736995711506
-17.975811228811132
-51.33873087239453
-11.804689275807089
-11.30043691015956
-0.058017849995683525
-0.8199790178346341
-0.19238333271390437
-5.954346907060839
-0.1919793893491633
0.005885211048010501
11.397159785173843
-2.9769927458255108
1.0937045107234566
4.193731013090257
101.18104346923526
352.9596239634372
104.18569756029893
218.99793822367639
55.51217125321678
36.55967616184586
87.92313679893712
-0.15091850128642362
-6.371585750604536
-0.6738101912203647
3.2112443319302724
4.92064341708881e-5
-0.28783024958688286
-0.5017857637350682
-1.1201112587918518
-0.6585814794263416
3.894683403262194
10.894800421147503
7.163058345239657
5.670356822262692
-0.5279259131168048
-3.4959522502996414
-5.011399384001446
-1.2374956651101559
-0.6260080572504442
-4.466759855439919
0.001689370957615397
3.564653466198685
0.4950512289176257
-3.106621356244876
1.507750610635304
9.892133019488037
-0.010844061577696332
2.575030029571248
6.327906886284251
0.47622214050085737
-7.219426785811612
-0.24678828673291986
0.05601569437793589
-0.014877589316508708
-26.302634328739035
-3.550976237008052
0.02396815436204605
-3.1653303618042217
-0.2931006433505543
4.68377531521564
0.6018522675315356
3.891389509572534
1.555811789972854
-0.33674784004318303
-0.04995410044598568
-0.03737751389228369
-36.3842879689727
-1.6533174490473044
0.023058310526611888
3.96430660155551
-3.7954419069050562
0.12061567567933773
-0.002828418674660688
0.34791977290642045
-0.008914063220588455
-95.31783531022359
-8.220481646057173
0.11429698045739124
-2.491444567195581
0.01244823833832627
-4.543888444369942
-0.950388833327566
0.08991034036088237
1.716703632670207
13.930279762774884
-1.046391841484558
-0.6950871378844226
0.004403575002282715
-2.379560784516249
-44.260664585061434
-0.28290330501638916
-9.344309767259695
-5.532726434144058
-96.83222889092885
-1.2782305030772607
0.1630990266816757
-0.0005741030590615126
55.975200433506174
176.05564150359564
117.93386073783253
3.9454339893558057
11.234564382366152
13.693390812129257
3.3938857592204497
3.7323147648245114
0.0008761225500576767
-0.13403230858642218
5.375783214519322
-3.9348942980443113
-15.630144577478367
0.011174923802366689
-0.25343195455050527
1.595839137371282e-11
190.73352949941062
46.90736089587552
-0.2544591815392364
-0.000899098546019048
14.171928552038374
0.6573798215570952
45.89631213798794
82.3071675726934
3.432842597850792
2.8069161149807123
-0.7964049451959618
1.509734597470057
14.923558425784465
23.01049429193774
23.854563657845496
0.010268881288983088
-2.9226045713749422
-2.584609875450728
-5.240463710713891
2.015411162711215
13.242705619899233
-5.941130937064947
0.40419060049224576
-0.578397119484575
-3.4380766442851973
-2.808402307103829
2.870523332331727
0.039607605329077374
-10.067466608028615
-6.465280211286016
-10.167220605242905
-82.09326674232442
-0.025918289793964273
-4.905234141479295
1.3082766244182829
-0.8198041342344096
-1.3685418013307875
-0.23659741118460728
-0.46033189949432124
0.23496591151347637
-0.2872821773743297
0.5771367481850106
0.6440231410265173
5.13816135628642
-0.07513377397794137
7.83907557235915
0.5276878288420269
-10.742117382591061
0.000487225624035716
-1.9964601693226
-6.008377871539697
-17.114282332026722
-73.69729746737735
-22.354128028088713
-4.341459087214084
-6.8074050633347785
-30.20330589690584
-128.3587055477387
-19.781374872196352
0.026603454519305788
-2.803453075409006
-0.004138831724632028
5.657464660807291
-17.462421647820094
-0.2136049067571655
-0.9801932905723085
3.471795603263665
16.2588133156995
7.343530606519824
0.7327555395686856
0.5070187231834854
0.0007714581176399162
-1.607546999861705
0.289163774911506
3.1195688375949296e-7
2.255811539019196
11.639553323657884
3.6606740237488107
-1.6777295679049293
-1.4427547624677717
1.1201901080590709e-5
6.835726892484788
54.30558946048189
107.2793887510642
151.8788936242919
211.2022392365671
1.1740330313476217
0.5101060295094226
4.174229667150031
0.0351654161473245
-1.4548087735905357e-5
1.165758862280163
19.94193957480247
44.028222856756976
3.7824576940116597
-0.41484668560266785
9.965354366942183
12.45488575828069
0.46438437345659345
0.47976827126439214
0.0703883985984051
11.163141690276989
11.454012405442516
11.98162328003799
13.053074989200722
2.479109025085264
2.8395033021398524
-6.422580872122429
-33.45022211175408
-3.566689656679564
0.3433224700761564
15.06602635742883
6.472570802964924
0.024588018776089897
0.6794585140828671
5.593887846591091
-56.20673212863094
-28.581107487715176
-0.5358582434422505
0.05806189141898014
0.07822266332167652
45.75199665727986
10.358743248521606
19.140986230581415
0.21663721466341734
-1.280257755501412
-2.119038755980798
-2.785471761233476
-1.627139228842402
-23.678643579212462
-35.21530808994836
-0.004836764622422734
21.620767825590903
-0.24418262082177367
-0.7532598140946745
-26.83010487782744
-7.276191667307511
0.7364875805359775
-1.2329137088464859
-8.111412619182476
-4.8806363070480225
-0.08177942670363623
0.8328038178542778
-4.31350701494887
-0.49068895169571014
-4.940447147995411
4.608221615278694
0.9005121720998778
8.618175771171957
2.282927256825705
-0.32562190650240536
1.2496899915795234
1.7852628717351697
9.248823319298545
0.9217404821611429
0.39546047960087966
-2.4137939654977636
-0.3262852052764957
-0.46618618523755856
-3.606453602599788
-3.553666817230081
-2.105174379742042
0.005961134943431804
0.07260281205222346
0.16962984450811674
2.8075396258005307
66.78443920916088
15.149929001053891
3.4270180748131795
-0.8395962768402306
-0.07879748024016177
-1.0082736936629828
11.977969532544956
2.707650167843202
6.28307326031556
-1.071204185869156
1.7324626440095503
-0.04161254699276076
0.0023473417598266766
-12.639477135034372
-2.527152025716999
-17.76574457410062
-2.48819162230452
-6.324663043752467
0.18310585965983378
17.24089094803397
6.866418673837876
7.830070190382733
0.48787151002279705
0.08598025172134677
26.0934040981683
3.4937114597280075
51.315654251554285
158.71775246086992
50.1042814195894
106.08972400179715
399.6830026607153
226.3007668373883
464.6171318784468
114.01998575243495
356.0549236637549
117.6815981484489
59.96588401639172
2.323215897320345
-1.923421780634153e-6
0.6938641683579081
-11.87946803468921
-5.1063765623845985
1.8203458196896642
19.856594788137997
0.8987653067559289
2.6019205463437856
36.39751197495894
147.09609646762533
47.93320860761977
0.31067518684036194
0.34926892805283993
-9.13857446690604
-0.019875857059275144
17.45190925009971
3.109031835584845
4.672772114316431
17.726317561469067
18.330360213781013
-8.363227954917745
-0.024752324649335602
3.120366861436326
3.1694622202464533
-0.0002268259000638338
-0.6030133732472212
1.1545379266261109
15.280422353550177
0.25417325325861645
-0.8998932427279396
-11.222942405583852
-0.006357119577313148
0.18900823977319903
-0.11139445030780579
12.427399015591702
8.397927932340673
0.38523582500007464
9.810765049510623
39.76765337485168
-0.013038111487976288
-0.2186461458597199
0.02719789438054395
0.7854057739915663
1.3753624358451677
8.07653344257609
0.003947666668847006
0.1165048922191004
0.053988047132701396
0.3707640517592188
-3.502664268725526e-6
-17.492146800283162
-17.904387407376312
-76.77324958336735
-0.4091561779033173
0.477286548174778
5.251478236006815
2.769636569665044
-0.7304760084618258
-0.13340073763158675
9.282055048326212e-6
-2.6604785697315045
-55.946815667438464
-24.364568658294406
-43.4228484770696
-6.5540007679886045
-21.341498460339757
-57.42427929474496
-5.588377012220654
-0.26734644844827854
-0.037681224645174274
1.0530777997138214
-0.39262116593682245
-2.1919796995766023
-28.26567701033021
-1.591560248482899
29.804647684529737
10.524245700851539
3.5651704935648483
-0.009087534003253343
0.49873551469642613
2.598366244939943
-0.0034256367540195735
-16.081949210294944
-57.146403099945935
-4.312505780487637
0.7913562362506937
0.8814948459091054
49.339849601439965
29.26833010948838
6.160951243067204
11.59608077000738
4.589022497817858
0.4125755287936497
-0.9073251913279232
1.1938983935048422
2.0344570758039633
-1.3641235913020502
22.552516222521604
37.492814323029855
76.3164298522636
8.406912930682234
50.23338820743261
0.36222341651972156
0.355551222039462
19.20084896899869
22.197878280553883
11.770932033042225
0.09058590914679146
-0.0003176920518638882
0.8615196864482647
0.9838967115884096
0.00018138749928434843
-0.0076996556612881455
-0.02113203027899475
-3.1280758436416525
24.09278857899122
36.014978690995086
0.06187190092010989
-21.78173808722738
-82.15435248279802
-6.322904776710549
-6.080981061992449
0.002297566097432146
0.3849955080841504
0.0031064641923328777
3.8379181379939133
0.4802492911629417
-30.246073139170914
0.5675321267235949
-5.411267999900279
-3.495630572122177
3.091473772279913
61.432635346316076
29.079001095971325
1.1264382027622184
-0.8449395205244821
-6.843520522808604
-4.736955308279008
-35.94421315781938
-2.540961868544473
-0.13092104317607733
0.4003678765107134
-0.0645349525691725
8.43194642562387e-5
-8.933592063404673
0.3408454019627065
5.441638376281905
-0.7473985066914978
2.7204772271180198
-1.350253873194741
4.073240157078664
-1.1209620483692974e-6
-49.381373238418675
0.17820663030002723
-38.56660911811027
-17.528264575857403
0.001085970329389852
-0.0023273348382351006
-33.72850841878062
-47.451161056790724
-0.5179811453872118
0.6238813729764509
-2.3000018776561366
-19.1544736904231
-0.04515718192468628
0.47821318904945687
9.51715748804752
-0.0001507884757233919
0.12361917626858326
3.8546798479605076
38.006459888278464
-0.00031354987497307695
5.008062836331237
2.057150788267707
6.195399825033722
-0.005936119078959097
-24.7947713443381
-1.0662296792060757
-1.0741951581651157
0.08567661771339631
10.577694507046743
17.135285626834914
-0.72327104030748
1.2692758591286506
72.9136008495276
41.955167280013455
1.1134330334944578e-5
0.6117935347720371
2.855359304158388
0.06653517375388449
-1.2782857910441492
-4.892425815167348
0.5124413162926211
1.6134849370331132
0.020121658091244447
-15.968182156346506
-3.7137776856621305
-10.696448313472429
5.967401639295585
0.2202742428042486
-0.5736397131819968
-1.234705525282595
0.0024462486536961725
-19.90401239438403
-17.49093927338635
-0.6736565772219805
0.5885569816447316
-0.00011851683090288304
-1.8800645880712379
-17.814641425464316
4.0655077302739215
-1.2348261366824371
-3.095896537706222
-13.180797792146114
-9.823118447913421e-6
8.562196930246623
39.107690670821825
87.11331120110806
257.88134867654793
559.0186515487303
551.6218073181595
224.00927933976956
61.999552410741245
5.256600004077084
12.11051115303554
25.36273959641752
15.781411454010671
1.088336540144824
52.49983113138938
68.29347937923585
11.830123353719431
33.46740061034102
93.32773408061124
0.11141768673562878
3.429881686433209
3.017860944025857
-1.1222255406436579
-7.631841405079674
-19.496027172253104
-3.3654891665688798
-0.016936962089652355
-13.206450288659685
-0.5500369216702269
-33.45672619369292
-16.032990006752303
-15.416133389387802
-12.146011504589955
-41.26088976019851
-0.21931717266287012
-27.326926689158018
-6.336788519975589
-0.16073200461802495
-5.067853446562668
-90.30726527718213
-0.5417218955621246
8.27300516008362
-5.9490766132718
-0.9821578141148514
-14.870388563812568
-40.515930341770876
-1.6149827560314691
-20.078468617829166
-17.830653860720854
-0.42258141812892
-36.82733863765756
-6.1670856611976905
-0.009700841335946528
-0.00011381763334428615
2.8419309438764064
-7.981597854898442
-80.03203276685552
-23.26642932888763
-17.804925190446763
-14.849557233968362
-33.174645916872244
-1.4929795591345545
6.048903269812959
18.879373412375593
32.183293891225915
-0.002099132133310231
-3.201540371883732
-1.2281305617103575
-1.2017487193285834
-2.1222424921015697
-23.50207460531835
-12.006094758215097
-0.778397516331399
-38.524602524766266
-4.565996789972397
-32.98075510895555
0.15960782825532255
0.420459495439363
-0.13784158795873466
3.0260720706611344
-14.448205946569214
-19.960802748555814
-20.987584405352354
-2.3422777181941856
-34.09309045740924
-133.63740654835678
-4.402792943675748
-23.2833048614485
-1.5286781288613212
-4.1134993909941295
-20.599096825726747
-2.2425433889904154
-15.401135046918123
-0.39626541496046697
-26.617155535044674
-0.0015095787113842006
-0.0009678074109956213
-35.06191923245087
-18.92061083211887
-1.9565438284804697
8.108540740200217
7.086197194011548
0.0004059571459658483
-2.381808329522085
-34.59905771526998
-0.838191185164543
-20.395340187580974
-0.5684482187452817
-13.122031789449474
18.919045325276613
-12.790085668501764
0.3081544458862134
0.0022616224910379074
51.00670353339527
0.02734671722540304
57.54617255086394
0.04753983466264247
-7.874974340651516
-0.022296845876767488
-6.273935157609957
0.08704117591773668
-5.646727114882614
-0.6822595561115286
-29.565041279515373
-13.784966726673469
-15.260461787941226
-13.497175782337626
-24.409969582431774
-0.008966626987452193
4.611336601170844
6.946768260177497
2.9162669273468658
0.4825726309053261
3.868927054644818
5.635491483488536
0.34276860024704686
0.2513898112323093
-0.38475471289378493
-1.875973755983422
-38.26950080477954
-2.6613444757190456
-0.04105941976210557
-13.272238861342986
-2.6860457431121376
-7.334243875277699
-0.08979983062636256
0.8119006833302742
4.135097558419435
4.0793203487350125
1.5064352950008626
-9.18949703633405
-14.307245876610798
6.647654368751865e-5
-0.8992621304452325
0.16935807260039035
-7.9416853359954676
-0.6407394482085675
0.13393707867510649
-4.122268552305068
-3.7764512782395645
-2.392165491749839e-5
0.20406734877735125
4.697337027078438
18.249605134646437
10.720193259570474
1.724253186105098
0.0023501851809010176
0.21294228806702636
-5.187712969244043
0.0001014491687679657
0.12243740399227437
-1.2810887732830196
-2.3809827423892975
-5.170352230762435
0.4474190462718793
-11.493217121288353
-1.7944280541370667
0.2608589258992327
-0.0534538270774583
-3.014934604495825
-9.009357124156535e-7
0.1211377277211426
-1.413540067895709
-24.5393045763333
-0.07541320167603312
0.2837897635735756
0.1434426982367087
-39.69823478518475
-0.02416901454506442
-0.21539716903512193
-0.5527525102591107
-2.143978734476746
-22.161714811081925
-4.580039211554983
-8.543310662848485
-0.9160338083082138
0.00021564638107404488
0.11558068787050946
-0.13255568659925143
-13.403824404026517
0.45709541227259715
0.16138945999334633
0.968861755092617
1.705720515493433
7.604560951765947
-0.2590550932388068
12.407141152423637
39.87599403750592
8.868949648196319
174.6723362922198
116.440018655777
4.9154275667323315
4.218741631688612
1.7502909883131161
62.62228115911129
4.604954441367835
8.042417304179223
15.292986761455186
0.19599996270982914
-0.9831540461958899
2.578485109580662
6.294610844200261
39.44514481459959
3.2449297512433875
-15.572484658692062
-2.534275216786602
-20.075825330744884
-3.992900785081369e-6
-41.22714065534491
-7.808292126971947
-0.01037433700896009
0.0006714771140763539
1.2178461114501726
-0.443164230117884
-0.28421933557359713
-0.1350401788118638
0.20050221104112634
28.356402304735028
31.855858282978076
27.45402494371313
21.386564033053027
16.357316040209035
0.10803095674320098
-36.031291202816696
-91.84982922852217
-44.06118692613763
-4.572832326556737
-56.51775857413712
0.5700391586460979
-6.680837230101314
-24.424768097781147
-10.80042544419531
-47.97494655808056
-37.43468911663513
-0.5031920963060174
-1.8073636784998375
-2.5251534673779202e-5
0.7999760724167092
11.447082070193893
9.441070058642765
36.107605303517104
24.493406668119405
1.1980920923678546
-8.891279989362596
-17.065892694744917
-22.18876283436291
-4.785202003660915
-0.5066599143284486
5.299242881987175
0.3366117785064498
0.0015205420903376397
-2.063044697577774
2.069614576546066
-0.05177206781271508
-0.4527303546496499
-0.04591524457840561
1.1199645662431115
29.924573413992775
20.67987437696388
11.182102959269542
5.319742641580455
2.234888433044604
11.12217444029711
11.515208627103256
-0.0016964695707464362
5.508761829540089
-1.6943855870764
-22.608845253014316
-52.63012786012997
-26.746359194958718
-3.414756260628535
-44.88839624838592
-33.94451002743067
0.7810262605667552
0.6850493823004786
-0.03141271076330157
-0.14207298392372286
0.840680064971858
0.03008462547483093
0.3338707239879392
-0.08531736847056104
0.5192285645899147
-23.28574465794917
-0.04723546092196228
-1.8316367209709001
0.06072439503996873
-21.811865178415157
-4.259960789283775
-16.829943779322935
26.19809811917517
0.23507151624365505
-2.4980823204724154
-13.9647061883325
-1.5023829817451735
-7.54614497871931
4.466241410585063
29.428313633707507
3.756698520967966
-18.997903662801335
-4.081865269514378
-0.5686031247705784
-3.7667522242740286
-0.24754083989935216
-0.10108477452215575
0.06068006352936855
0.00969357800449304
1.1675279395427576
7.322851777986354
81.94164853773883
128.31301383638825
1.028746963824872
0.03849303914411911
-0.07898962516699666
-0.24406819899960067
-1.3971134713026683
-6.1364361203654365
-37.99340552981546
-6.4900338044960275
-54.68645780040093
-19.607546768839658
-59.728434171100666
-0.0037198754378055436
-2.960032521149398
-8.064658031213353
-3.7780589050777906
-18.4438899905848
-0.8306206111621218
-1.4478323653257648
-7.1036284546591295
-7.813927674095384
1.3696815623276744
0.2016761825432355
0.9145744937585334
0.30463526942301355
5.8044229569285025e-5
0.03690585524770939
-12.512420277667514
-62.977343700248454
-8.673104764970187
-39.9930267443712
-75.24454855102147
-0.0019924057043292608
-4.561056917077645
-0.08395403053212398
-0.026110313152614112
-0.03281845082378564
-6.45203686529216
0.038160296422268154
0.18011149947642352
0.1910208298419657
-2.3737562851371865
-2.1614981378118975e-6
1.0601943338323323
-0.2590515582274963
-0.006945047073472608
0.22446865321654463
6.723142174600916
-0.35629683674836793
-2.917554561024431
0.0672530336089234
17.567190861352096
34.33292813255556
7.985110714498808
12.640110317212972
59.50031824140136
29.8634011436877
34.3131959274288
7.687079378143537
5.934729643200746
57.2595287275942
3.995859624108397
-0.3835299274192586
0.8885264431482642
-0.01834180443679449
-0.9488463219411509
-148.6020387292291
0.10360385686247539
-8.579189507311456
-1.0573750587397042
-5.586113780454907
-0.041755386648258425
-0.005111609775320356
0.05630664913441361
-1.6539070849876214
0.04180308566007516
-7.959532683413277
-0.008231952933271475
-7.121956146188304
-21.19581974244304
-7.2210310712725985
0.016317559222329685
0.0023467003464380017
-3.3331694823142533
-0.014820248092252663
-0.5956221956003948
-3.877073332262778
-1.3839952580150396e-5
3.5627497014892104
-0.6359119488012782
-2.239354552355271
-0.4909129513195487
-14.840904407989218
-0.3690121197378143
-0.42119170239272813
-18.852333739335126
-38.305281302173604
-1.046601533449034
-0.1410931693521088
0.3918784298305145
0.9234896303973626
0.08516605608869607
3.2678670914572625
3.705629686298461
-1.8228134546198402
-3.07714875564114
-0.7872129647493235
-12.817933034581962
-3.274295210137081
0.13375928155669875
-1.4882041289978296
-2.747307840357113
-44.609379826850116
-8.80792297307636
-10.014636704003424
-2.0082344952396993
2.1797900015608844
-1.595068437653229
-0.011145293416908737
1.2277568605722873
-1.2507502870056257
41.885925599973376
123.15104631001756
9.4454511072388
1.547254724234142
0.012802015798086411
-0.011511630643371447
-0.16137172479495268
-10.954983076539461
-27.320046659629547
-85.76064006028948
-15.213946118765994
-4.305428576304193
-40.3845947385852
-0.9342051020469548
2.889112697299167
0.14858905986814488
0.4917044165464283
2.1727479898061173
-1.9895880485713293
-0.0013987625899476
-0.0023020677499394756
2.886346777166042
-6.851733155191388
-53.39442372015472
-7.959875692701286
-4.171912810943562
0.30711586340209945
1.802369520260551
-0.16046212748704744
0.0006056167025665169
-4.612849709473174
-22.076617796257146
-0.0388938410250722
-0.12868328937818405
15.625702946586786
0.06608156632697083
-0.09062965373108398
-17.498679593768134
-70.02173032199507
-0.0014404538105702329
-0.11260789480135597
-2.7839461050262813
-26.072044312002454
-29.070449314511553
-5.919336616751063
-0.0002474301444781786
24.114374206865847
17.963253589655153
0.6610894608851052
-5.36401757226882
-38.166105549635525
-0.22261233260965102
-2.4781902852604065
-26.180073179351957
-10.752663105635525
-24.286590880211243
-19.67946901085176
0.7438946663028765
-5.276051579948317
-1.0941227889654042
-12.006947041809417
-1.7296640582051659
0.03168994235243546
-0.1818105029421791
0.41832375029500357
-3.548533023619216
-2.688114099395667
-1.667173461968507
-0.8105517309139604
-68.07798744644343
-3.278626434807495
-1.7810403665939525
-5.122339153658794
-1.426843136517878
5.429067402810706
-0.5482168049509003
-2.7207106617523276
-7.667027710499379
-3.04403652621803
-0.3400624758312432
-1.491214498037198
-12.448176020025125
-34.466779811782466
-79.41678104228794
-112.93756685221148
-4.189299053610197
0.0100459333417026
-1.708226309633529e-5
69.88376946563857
12.201795518964023
-5.467266745885616
-0.5835528086274558
-11.237374756760381
-1.1770914138779753
-10.969771674261718
-73.7945156005164
-25.767967130759956
-2.563355234283412
-16.305531780953253
-29.569542459525582
1.7047988319188296
-6.5819020839964
-0.2918680670576869
-0.8111319880788335
5.449597822180263
6.689852446201223
4.921603158931958
-1.6856543792491787
0.2994205422489114
0.3071689138895049
-14.045279273063276
-8.036981181606247
-32.44892576100812
-1.598460191380339
-0.0010894835207331584
-46.055129007293
-16.26351660665247
-7.142347775729327
-1.355846050300831
-13.730465418371068
-0.002593346587608875
0.30020146542281995
-2.065063464585995
-0.7172975629695604
6.319257542750786e-5
55.3635962381562
247.53772384536984
39.2994025937466
0.1572400702504142
0.2576741090911424
11.420246687657198
11.072254791712302
-0.6876950291156011
0.006469972339901234
-105.16709393149964
-11.580302735342704
-0.0035133897397996248
6.0691420200926345
23.129825136030767
1.8563683028041704
-3.84175415839841
0.725008891345369
-0.0012863979280171478
0.9179485310091925
22.287820413774412
10.164317911172365
2.4031318942855253
0.05538146357901892
0.7800815971582722
1.0643914160949692
0.1156156453567328
0.2609462709602155
2.9105320920223496
1.4087697824675998
-0.007059629097366971
3.408419995109669
-1.1582884548698646
-10.837340924032134
-0.161231698850151
3.5507550723536454
-0.004680994031906525
0.011623040301678903
0.08808788585056548
7.446125348674092
2.74001088705906
52.18767036953805
22.692843904873147
0.643850603706839
-0.012003758653934618
6.235314784265438
0.24541923100445384
1.2085403218619843
4.047292535266876
-2.9362946192511283
-2.4376838795092324
-1.8222197959928748
-14.87740410773816
-33.556272022470075
-15.707085555240727
-1.471174434644696
0.04888015286749766
3.9850715029704364
1.445144751858882
72.59823689077552
7.9083376010327315
2.233887221849879
0.32986052786026054
-6.294997132970852
-5.426471527228596
-51.72204401383341
2.0750924871695744e-7
0.013140357764238813
-28.07367980592969
-13.429272445378373
-1.8287291509726638
0.537914166976495
35.74601804872132
90.89004175187638
371.74573498570373
74.3375186242508
137.53115017839946
235.8544900548131
0.410864346390379
54.59770152758019
-0.04457420591397026
0.3314598458538999
-0.4252494141755554
3.095574298055088
0.9236213579492483
-1.0691849380589915
1.8121191695592078
-14.263679400511853
0.00625606310704133
3.4502781906718227
-0.023437398467515455
-2.8744179036126752e-6
0.034559683664631406
1.6185287746096124
36.55495384855087
51.585941796698464
70.26007850297071
3.4559964952070583
-23.386765316441817
-10.347389606893987
-0.31610243565633633
-3.5299348005086326
1.8762213486157444
0.022600195311435187
0.1350327109335841
-0.12565966338848888
-0.28543436869786915
-5.642165262758079
-17.470625230514077
-0.8097881587120893
-72.04424797223734
-207.20970438417623
-2.1659178515166304
-3.388958592893061
-8.437610950810317
-4.378855553692516
-13.021813321974578
16.912844508302072
3.972687677904353
-0.00575359769312794
3.079089573080525
-0.6169779482376959
-1.5667250492999363
-2.007379826199103
0.008929201772913758
9.960404044763973
1.743810914740586
-0.6533093136399853
-1.1305298632611398
0.0842250588376373
0.1083907032708115
-1.8438263980879908
-3.7886710544427755
-0.00386854583887304
3.740452546127677
-2.0933340841464827
-0.3062073047590351
6.72576919709894
3.280253554339044
1.3132048858575607
-13.468425716747703
-25.520166205218924
-11.958493744398156
-21.210478027721802
-3.037957815635703
-0.006093035557340656
-0.1925282570009101
-0.08135692344772863
-0.8983492272635515
-1.7353182388068689
-0.0006590501253027786
-3.2730878344238516
-0.361784980325744
0.4952112581500328
-5.278943259667402
-0.03112254661634513
-6.6808083032945245
-4.290448152245241
0.27230468385231293
-14.75914490133494
3.042587859596161
-0.0009439701028714506
-1.3009535913852068
9.390109774985088
101.38512568071391
51.83481208924548
-3.077048054935373e-7
-0.08989477507316493
0.004635166565237198
0.9486135866520187
4.161140953036082
-1.3486057011242847
-1.7318123427892906
-7.620813449703275
-10.81563554878579
-0.21437743367365197
9.66837962323842e-6
-0.08608644826646222
-9.35502848524929
-6.137152337246656
0.18261381723621292
0.2887637796085328
0.2668979334555228
0.5160316346636055
4.332960211737777
-0.044120017986078994
-0.14527340978915743
-0.26604219888017666
0.6438157746260456
-3.3239372087147455e-5
0.03156733389240576
0.3723087579655473
-2.6616494473712757
-3.7731865610615802
-0.005665029710727833
-0.1368139084564332
6.72386700207135
-2.71402142853941
-0.619865562090149
-2.588026367688467
-0.5658630806788612
-0.20843171702086571
0.1274968397774779
1.9679365091127776
19.199054999172578
-0.0025176298736983185
0.3314880010375589
19.1154771030566
-2.7007716736630947
-0.2989183591868867
-0.22106533636618314
-52.123203064566844
-15.886028660500301
0.0031233670594106736
-10.769629187844178
8.77151485573102
77.31948079005686
0.683395011260449
-0.010481817838262636
0.6942771642491508
-0.13000458682848712
9.165651338078755
170.899432177382
71.57549750589212
2.83106789911035
-13.14668948933539
-1.2922266936823439
-0.5032531427801138
-4.130042009263073
3.5743554534665005
0.55591643164364
-0.8600699132372589
-11.94383113961631
-47.45422162012787
-42.9235625318556
-46.67578296178624
0.06219614257654015
-35.94646058615512
-1.5802724554859295
-0.03939334190743673
-0.26565244525373155
-0.015069158901078872
3.9864368461183
-0.055530611171595044
-3.6842434647686453
-2.197025004648735
-3.456613982450827e-6
0.6150018429807516
5.008479055972357
18.030789242615977
97.48333817386488
19.601158774922006
-2.584217662554718
-33.240134354182274
-13.703631937306215
-21.35519408808423
-4.393093808263922
-3.458124209240693
0.18481360589873055
-6.7972867751074535
0.00566995482095389
0.006755018871326992
2.425612288615606
-5.737022549242435
-2.0799007161725216
-4.849348752799909
-0.08883092112806588
-0.015301239041377977
-18.25502905576226
-2.795368086023328
-1.627942724478791
-43.44569747866153
-2.05249231418101
-0.07636926732007665
-0.7402468319317299
-0.002856369771317955
13.96382532937394
-0.17735640608286513
-12.489665441003517
-22.50885005430352
-34.20882224450431
-11.14302698063717
-35.668607103992585
-0.0008611204683919655
-6.4901351697443
-2.0263611346683796e-5
0.03235803018100956
14.342152105653815
0.4327239144195141
21.939822615998466
4.2281024813756956
19.661106718968824
8.252419298018562
61.25857338067166
1.239444436694441
-0.08770401584585219
5.519938423688528
-0.0014454418425536321
4.367176365659876e-5
-9.422841936282506
0.037234671080522565
-18.92989678126291
-6.2462864518185315
-0.09780140934310887
0.03652224791047049
6.859062270433098
43.49743896011861
-0.01677557997740465
-0.07078776511561699
-1.12909388748746
-0.04120830986055105
-30.158938697188624
-5.310611735236567
-1.6233131848754345
-0.031399899427878485
-54.25679788867368
-8.91709474134439
0.03428925375768918
0.08115922635953625
-15.820790308215214
-0.03672452572591692
1.3257845347323611
-0.006179206267480652
-0.02291039329366057
2.561606638856072
-0.0358685267340294
-0.08402140213638515
-17.076545439971255
-23.655938887950047
-44.140691768203816
-4.2237894247435674
-4.007694747132685
-4.666570128558922
-0.5177927666850212
1.2055826450798477e-5
-0.47443274842059235
-0.138640778730242
-1.8207506075371593
0.02261494262669603
-0.014068058903016926
-5.444228781101568
0.10247226016246021
0.8221570817783183
0.25370960138022136
-0.009537740839832857
0.0022471834384092722
-1.8150013798088724
0.04766613740703228
-38.11724479473169
-7.935943562750547e-5
0.002285741637354234
-1.3082443296208106
-9.588527994261636
-16.108328598503387
-6.271842948846335
-103.27397889674548
-6.81177365683248
-0.010873407286521189
-0.2541919444613178
-0.0011644609671972413
-24.005008631663134
-3.4255910194326034
-0.038630766566354544
0.0048398954333671714
10.123945969823518
1.9484763291610905
34.95886246722245
105.35645958893953
235.6501108130765
82.89370329450837
75.56834379099209
6.555520880437331
0.10871219080987737
2.2737018891119307
7.568386061759096
7.371672421136133
13.305821051035124
5.513856359358945
0.14176644675740246
-5.269218075693996
-0.006069200644028527
-13.002914731981518
0.02889186469467898
0.036422859829713126
0.01017008263924213
-0.005997757324671556
-0.10047648305507988
-0.9198610339762507
-1.039805340863642
-18.3117831375943
-0.07785993785563002
5.389073663650331
-0.1397792949716961
-0.3864735371503863
4.1647446377565176e-5
0.09161442932497028
0.0017862093763153246
0.7297147192829888
-4.646056586927353
-3.5918464208163696
-10.358088052863023
-9.973591032257055
-0.04765103464129354
-15.013332949725546
-0.7995644418566588
2.216181906046095
16.29460113076143
19.361619262159493
45.33322988256605
1.466714136117455
21.934516143644807
0.5967215229193671
13.200021644981664
105.31263430841366
143.1193165822373
61.21613570152656
33.165977234255486
253.66988622783532
203.32866700993284
29.885195553731077
0.24323211909078934
4.307077198633908
-2.601843547626195
-0.6649960651217506
-0.029592944960288737
0.9451419722086521
71.63972957282049
64.92072154434355
-0.3905853028802825
-27.380281599347175
-8.279092602679373
-59.85490270822902
-72.97090853487583
-2.4549903046868895
-0.024342886721317184
5.863870002133334
-0.7173783182365447
-7.141730355969625
-23.6476465785344
-3.8964344921412852
-53.71650353187913
-9.166891724461326
-0.8862125726990564
0.026787816160638984
2.171146359025119
0.8514332320123315
17.011319380684693
74.38381394531585
0.000978110641745028
1.9570559981852236
-4.294165884200879
-0.23453557450606402
-0.4753291833408561
3.0020806416723467
-4.372919485654205
-32.928612229281065
-5.07355514279387
-9.060522154753377
-0.08139873431170201
-0.6315971137706935
-1.5571069254171706
-11.541395533412182
3.661270563287992
1.8266600712510126
0.3611496713241151
-0.009302076552050611
0.43809195388741
4.87900640595147
1.4395636509531162
0.2684108667455762
-1.0952656610801297
-0.2948269378759222
-2.263757282354466
0.7806585586206942
-0.3083512648252121
-3.4624944783518417
-26.089204302115792
-6.161615731647132
-44.538795775532655
-21.597882207611647
-2.646822414291445
-3.4327420379004656
-0.15237871359340321
-0.3081231232426851
1.95533064735012
-8.368298775886558
-18.136852725403912
-38.15331780338722
-8.835864551441167e-5
0.08678437186418803
-41.07579363011162
-74.60454367761311
-56.12213951699649
-16.73302249419903
-3.676035213241351
-5.839183728380951
-2.4840743394537013
-24.06498151657355
-72.43138629073054
-22.81294923251749
-142.68979855617442
-22.521315265591987
4.633876020724116
0.9427934931038984
-0.05936710422337607
-0.24869842931583902
0.6488285126770884
22.69005515067566
0.6881178015547548
13.196069898186856
2.9507612114972823
1.5279807804142547
1.937039361642249
1.7444555365280963
-0.06648270508047448
-10.07337223456339
-6.90305360075301
-1.2370229052063855
-2.6514402932578154
0.010476330571025295
0.6570775712548426
-2.7916832509962823
-8.130917645016604
-40.68186629679878
-116.87718695838686
-34.82731726509539
-13.92780512424
0.1527550430512788
-0.0001906216629458223
-0.39174373395324935
94.07679437803694
1.9909982190046764
3.1553256878184195
10.748831676770765
14.993501044287026
2.459526933991869
0.019233052774043153
32.762287375432024
5.583694857913825
119.87872252410861
0.03309760444058842
-0.000694750761437323
-0.00279591305776187
0.00048425372207814584
0.005208352062985549
-18.43685966018062
-10.848061216958579
-0.010405655539943512
1.9666189184389256
-3.0069599233792417
1.0446108867074304
24.795047392610947
44.452550872516724
11.131450039563154
0.07731230379982101
0.030573690284030237
-13.55493805274565
1.9951247673658759
0.004816510721269262
20.6674605321169
0.05471702782737891
40.5478559660123
-5.563604394003078
-0.00603599788158022
-1.1587982880507737
-24.699159066952056
-1.452099543592409
0.055150543644496654
-13.865600965645076
14.83328374091781
23.593483483951868
25.83673378735058
6.016338101992454
27.35219678503533
11.858340783618388
1.6699314524311184
4.933272005653201
55.08462955587019
1.5960829786226967
11.534850939746157
16.327178384768377
8.841311346679134
6.626425886362023
24.709215827617587
116.4969442084088
172.4320164280906
61.58693346405311
10.241261398301278
49.814638466261364
97.97355382201515
125.9668903256094
84.3917975395987
106.45729297163942
162.07488407709405
247.7093487365798
129.5227113126775
163.61102012288183
46.37216645079097
125.90998852125071
57.217729610309
138.331107777227
17.897416121409695
52.827807618728926
51.97858413973984
31.75903050773148
33.00532459097356
4.987129732711201
-0.756169484000885
9.852336243133141
34.11138807433015
21.785639396457654
171.5380326234864
244.59673099090506
268.0495203458577
62.240429080309234
64.39634204049335
11.037148281571032
8.159953344570441
38.0793886535394
6.612899734367973
1.713699781115435
6.734856739136204
0.11297466849386441
0.059548521408258025
6.030021513901292
42.622853282275386
8.352029232517017
10.48043955887361
65.08362494438394
7.89101036105167
3.1596447839432975
-3.096412126570698
-0.1294226199387662
-4.800584175668947
-0.8416529291410039
-17.03513589065441
-0.47540765491309134
36.83609150540457
11.888379736111048
-0.01966403012102892
-0.5631007367761403
1.662284735169407e-7
2.476413451845623
24.349737911227553
20.227478164501342
3.3320923282162767
5.651328568068744
-0.07544754819617473
0.18917043006837453
1.392768894162715
0.40591596510629097
0.38209935061952316
-0.002011681949256901
2.208151722797075
-2.2437972026847444
-5.051713253076454
-15.307643896511978
-0.006694070924420107
-2.2383815923647266
-49.27134696020071
-8.632229688700983
-19.454785938150376
-31.886905516212543
-20.149742566166967
-26.494628836740038
0.00895092963631807
-1.8453945637465423
-3.687404196026053
0.34947480064178993
-2.699778286389393
-10.377735106736413
-34.6814468672648
-0.11062921006623432
0.3920960533858887
-7.3583984000973635
-0.17121864898406208
2.249990864750634
18.75138204295864
-0.07026864581228598
2.4546010581289224
0.0003060355479573428
-0.0033013330689890914
-2.832457262254894
0.030170421218349813
-0.004006474471904231
-0.14346430556572695
15.799844876288187
24.525669366397352
-5.146611164757932
-58.46197821033384
-42.52684337852416
-25.184967788184366
-8.078099402791294
-0.16057979771456427
-0.15306588151446868
-3.1431746052782175
0.329533462534843
-9.849362884386156
-1.8867769595185928
1.4663146718264566
-0.051302785764622265
-0.326935231817875
-10.256570998305785
-3.8974273805775623
-0.3739484964119226
0.06475364891926222
0.4281861710716974
0.163019760553446
-0.0157783401331198
-0.5148114795876496
-1.8038644108625639
7.616239820159225
0.2141098398621581
-8.315559610560296
-25.70165737068073
-8.106236304679452
-0.25408681268728434
6.557582988433493
-0.0995993254283889
0.023247542908796093
-7.257346226302519
-7.432940684959177
2.338445387276802
-0.866957771150236
0.05096652071348947
58.28118354122404
0.6452912360216384
2.8291499195006935
9.579587296472953
15.67811260868027
0.7092489863625964
-0.4921838005211359
-39.56107830778799
-39.878805304563585
-0.8511125979113737
-2.441328422937156
-19.068437169832183
-16.03244449636195
-24.40393398063682
0.7375739807194586
42.58540652705006
0.1830710396795403
-27.020032870492237
-10.636284610289545
-86.61507233753679
-40.4576704106352
-4.243294031863601e-9
-5.4358787347057484
-28.61453409788392
-1.3514773133887537
3.4090665118435197
15.548055083294624
13.151855181996138
0.6982324940802878
0.28793466275524193
7.512625730943234
0.7397154452822743
-10.729149874560546
-53.08139089970678
0.7907547136482813
1.7757836895364296
-2.075826011126097
-1.4067045963493363e-6
1.1009749364477137
8.032240430809003
-0.19605511857011168
-0.26206276881218643
-2.993269124473152
4.276892339387522
-3.298592926661902
-0.8148952670153585
-1.048078268446283
-4.310823040819795
-2.8306414549188275
-0.12253427867762584
-9.515251736397456
-0.24544679495195715
29.619911006483818
99.45689776146367
28.845806929068587
-0.15867235416402012
-19.511230413530505
-2.2890382295083906
-0.20493355955543247
-6.734580683164898
-6.168093472944765
-14.32367937952237
0.014830372024116729
0.019439708364111814
0.29100783029855065
-2.3275024352873004
-46.61350001951571
-4.675245827569126
0.7939228735329326
0.7901271362555379
5.565763054230434
0.3249803460857891
0.09480199344343827
-0.01088556904608695
-9.118409793945926
-0.12870399362106633
-32.49063157886274
-12.942763165121105
-3.6921090515829262
-0.8121797101928855
-11.27355619667278
-3.9088719758313837
0.2461272251670891
1.053793101869078
-1.4725881087037613
-33.65937486595684
-4.491211874241641
-7.693517817501672
-0.648877935746288
0.05608041020708244
5.971227930270741
61.33264447098719
39.93266218638586
51.92398314651778
119.448711864913
5.321941328361709
0.010107789712666513
-46.21643837659531
-0.19224592111505104
-4.724296569181164
-4.083006624938888
-16.070770029843583
-0.6138652111628918
44.981888713656275
5.830903032285257
14.790843811864608
22.935748909667353
-2.1162803823911487
0.00538506345562406
-2.056427325162231
-0.04887963614131226
-0.08103077895001466
-7.46733903556376
-0.8101031166325332
1.6792656711730727
0.026939588795458956
-0.04794797182848956
1.1781037674335266
72.32185630866387
16.379863685705164
57.01733791356646
15.473752650681817
-1.8696383932680831
0.18409874407071353
7.459985246748602
105.64734892216323
48.96889873214479
4.522504875091571
4.425204647811523
28.183565254833734
1.9014502994688296
0.7223133024572197
3.25389300851632
21.977698573391976
5.398408360370476
-0.010709642800843345
-37.28316093880475
-43.31342822429636
-0.9920058269690326
5.366752610626277
-4.88480517137852
-0.14882706372825763
-1.412415854573347
25.884811569104485
190.94424474625413
33.025531798313544
0.3357338389618309
0.04483519154352881
-1.0562824667251431
-0.7646265824243287
-1.7629446574868572
-0.00831576793292289
-3.018215488667506
-2.8649635789892742
-0.026755226435111343
1.5401525742010551
0.08699249939145628
28.284555473041582
