0.0033662391217837546
0.05116269342807007
-0.0007421673797107453
11.412955247230883
25.979685088032753
29.32482802434554
51.492865643405274
6.971289001670224
-1.9979383564760005
-0.8062410007887613
-2.5247011439054328
-11.68760839563779
-0.3719516677365566
6.200697674137568
12.624448515808151
1.0021543179546901
0.6539047294803069
6.822249434714687
59.953158761169355
70.90837359666808
132.05296266916795
68.04543906361366
24.186441433191664
29.052021949630035
0.16512913211140007
1.6927144700076735
-0.015498841871586575
-9.343472821503218
0.001512455513548924
1.8142352601941794
-4.330261086710557
-0.22419709028615603
-22.408245224899574
-12.452430222657995
-1.9757697840462582
-21.03088014984093
-0.021631549606406005
0.03476250077350632
-2.8932240192939167
0.06358229344199386
0.11163150395082083
5.531895505579786
0.12982435762543612
-0.43509709397808055
-0.5180022404641131
-39.44589613206971
-12.437257435410512
-16.115983279307077
-1.7425679577024724
-0.13776006913111513
0.006602825679716887
-0.16279551417965335
5.1548721513412445
4.345069771759688
12.785059732008664
21.945300248483477
37.20760730316577
104.21692796520928
233.33602828438134
209.2892838060747
152.1845440017684
149.03324659561557
14.335283375607554
56.71552266559123
53.55701980152943
37.98919572540742
109.15749095624723
3.28341544701938
-5.619822043012842e-5
-0.10074969024545662
-3.8743402698132994
-0.05900343783103101
5.207038057030429
194.69056221621648
150.6417014559849
147.73755733320704
196.98437669927316
400.7727399564908
489.47287466665307
70.65011368657076
102.71947019258461
46.91464111532352
74.74213088605421
3.3480912017061812
5.930946751048283e-5
0.788702630993022
2.6129990312834876
39.81413287793257
23.536524488187556
6.372958896677557
1.5658436303046155
0.20331196703566987
-0.04823147923639966
0.016396368888738962
0.1503773843261253
6.210607914009459
1.445423641507736
0.9297781151499761
0.013351573847253287
25.00302165701741
61.963460109579806
9.585137470923918
37.0189859084785
31.693850041761344
9.679876154001807
-0.0020306716814541296
-1.6223221642548045
-0.096136495597285
0.041843834571912854
0.00026439428937098116
0.11591279035916525
-3.851817152537395e-6
-12.103252861413214
-15.375755057952697
3.2416034942651915
2.315633144019219
-22.100194782204074
-36.05353760142744
-37.136176401424144
-20.69498276472161
-26.392763222912837
0.08060169022677219
-0.22401365898594108
-13.139659304726793
-0.02393962052845552
-0.6479179101508731
-0.01415178996678332
0.0719373120908804
1.245738168870035
8.927981969647828
0.9127696398329469
1.0613460706943751
0.036597988596857874
2.142289758217139
-0.01731406921149402
0.47052436974351647
-0.04653157420963471
-12.071414551477737
0.17646620926759818
-3.50656182660344
0.5203131229095096
-18.489548713918964
-7.3920262520400275
-2.316961129667065
-108.57690342191634
-130.12930728606563
-57.498091750494964
-10.722586708716294
-0.24506563473480827
1.2344700833443685
3.56145262094456
1.467475499608779
3.4045938299874736
7.564683425222734
0.3069011277063724
-1.8922243196367863
-10.628966864891217
-0.5301390977723964
-10.071337592695297
-11.68326876822502
-11.686454555953306
-2.2801400523457747
-40.58580878319366
-1.3257717157109503
1.076043866434407
9.579533447731125
-4.474530947003334
-28.40311216511244
0.28424242537850386
-8.718139614740064
-17.34334656054831
-4.006961139692967
-11.14205413554504
-23.07542716913741
-0.165459332033885
0.21472620227073996
16.718046290667196
13.035127293964125
2.4032993071924778
11.057802897449834
0.1542707794771273
1.120888802531541
-0.8747589831206719
0.5667918238523835
-0.38870111933388524
-14.190645931123974
1.054737826738577
-3.973853638485974
-7.257875801121776
-10.549854180150701
0.044672270031494606
-0.04581473769825466
1.6486720470422849
0.266325499993447
-0.01706876998757054
-10.218076615960603
-5.509230353870301
-80.76207274117328
-12.41384349775046
-23.305056057860657
-13.063432050122545
0.5024098163358431
0.01069555369195555
-7.918745319039362
-10.883040661311698
-3.5883369000695473
-0.13930156207808816
0.13798661704792287
-1.7632052921557184
-0.009966201190766206
0.6789063473190593
-0.000649573112583933
-36.539768409571295
-8.328174426755233
0.007354748677423954
4.416066137476504
0.6588529145445091
19.572390890508373
33.66743621423555
98.02112727753166
162.93458093969858
49.69068772707889
202.61312049557392
42.97654807631133
28.74663085844754
232.02326044206356
5.942961875940432
-0.0005687827021881703
0.02463524005999984
14.600528312853179
0.464401317295657
1.5710439269508387
-0.1537193933161534
-0.5745810704388253
-1.444792464067273
1.2083132913364432
-0.7562697924040832
-9.279817459543
-59.43600186885072
-3.3788118881160956
-1.6067302487022084
-5.121671726114408
-38.40732893214764
-1.801852869017293
0.26149653434276293
40.54715639777145
85.6341293956206
37.266093780628495
394.1230522902773
101.34813411806493
20.478814558732203
27.456680154148074
60.40641537985953
5.129898063173033
18.38586400461609
279.0600294724259
140.07869506721653
53.85535935550529
0.47265789377139833
0.1794955533682509
1.435643382743008
2.045449317020853
5.502938780624793
6.308805000823775
-0.36503371126653844
0.9690097834284419
0.027147466908449696
0.25925093951480027
32.355791779148035
9.853704575450086
0.16805465686442617
0.5139670935698145
52.51178736070216
15.099669094671
0.9963242352564736
-11.604397270381419
-3.914787531086654
-109.22861634332953
-62.91781471214638
-23.830163059716437
-23.900127013618114
-1.380131290953945
13.507237957815898
11.176432464234384
-0.019449243459631716
0.848801143764352
4.797243814086644
0.3665279373694652
-0.004366481144896708
28.58809740578411
12.730647931038398
68.8722282004436
22.713507284734387
0.16790481664783585
-0.10654702936711055
-18.73390458247397
-1.251376762554903
-9.691924359125062
0.1523976025328113
-0.08154844769958247
3.6493433885999336
0.14597708467735154
7.976191676771552
46.28544755714502
26.581831665601857
27.53206383397383
2.6678829889046245
-0.05448864669963963
-0.2453395823962168
6.523708883063237
20.82880906004004
109.1691070713894
95.71003500669133
143.13529663877043
86.99774749850314
53.60240090991755
61.45161462041917
64.66822422622371
18.121238370038938
31.228463022344993
88.90249691632962
131.26927709911553
53.7970447368647
47.284540332574764
0.6808097276972556
2.0547291773440617
9.950648280221492
37.33093325719895
17.24437339996278
0.8180087521671843
0.1433986077526286
-0.0811605300306091
-3.9811721434740925
-0.16688405551713012
0.6233013916155103
5.5908239793895795
41.044244323891355
-0.0012079404301578542
0.004832192395539798
-0.626237378774598
-0.007196173723122851
0.15386751095709808
-1.508592420132973
0.03619228896599266
-28.44019822918956
-70.1251676103286
-40.6424462501964
-0.73122794495945
4.627397065463344
5.713607433581043
0.029598257325518414
-0.9887315727415071
-0.8424783347839491
-0.029456886219843357
-0.4307944642064064
-0.6184275234557363
-21.27688874289726
-32.71138100438365
-63.37062882597098
-10.422596965315803
-0.23629448137994544
-4.89491895211655
-9.102938767206647
1.1271633749290833
0.05083579248425824
0.0003275500635160465
-2.974668830582751
-18.995191507419708
-1.2658440749929065
0.6720643259007089
0.0076438391394236
-2.7220643056295626
-13.079981068795062
-0.8545662969206111
-0.9460952040132352
2.5110039668372433
4.200611109797349
-1.3484973671471863
-2.0491885692896648
-0.0013827479404725151
3.4547885349535328
1.093525344206859
0.04995990135534479
18.61157986054387
36.02600550291425
5.075461681224952
57.167693724909306
38.18112231663678
76.9461732214633
42.30996086556497
91.03489985217067
38.68811268865372
23.944481841114087
2.71656320307136
-3.9837901454133258
-11.52953159569346
-0.0003545408352916163
-17.938325207627297
-0.9714970045033336
-1.23971168338229
-1.335328954298971
-2.296363737141808
-3.3183191433247083
-0.42949360447001655
-3.541851288077143
-8.088856722075695
-0.7643706257011138
-53.57402537813703
-18.251002482717755
-70.25206153121948
-11.422074190399547
-10.968589486067422
-27.882388767835796
-12.915773218327232
-0.005611488613200232
-0.40970107210571277
-44.94039484098234
-51.25037698603115
-12.01135030715258
-5.145886367054063
-0.38981109027489885
-6.32945363414468
-1.3733280162462902
0.00041977899900529254
-0.004485275770277023
-3.375458388171018
-1.8025498372870785
0.17829644704629538
2.314038446725678
-3.8180504251264424
-8.73444543594904
-0.335024049318328
-7.619115327596887
-0.00943499598650556
-2.7595439710873326
-2.902048405204465
0.000512890829475609
-31.218055053891607
-65.39743605286175
-41.50499788400941
-19.071892194374357
-0.38823173252828475
0.013172153422369751
-25.80352778506555
-0.0036918135985779025
-0.00047281263036956836
-0.7457757257683439
-10.416722686956334
-1.7724910095099276
-0.0009868469180021927
0.7232874403631459
-1.6075920451553787
-3.081317565293624
-8.60225764284553
-2.362313115905484
-22.40604109399045
-0.6804393031348648
-9.98449724422956
-3.469437677865883
-18.27692057967606
-36.86879892676161
-8.154423306055614
-4.58434480679922
-2.943195798184462
-4.890787815136263
-5.268646213892184
-9.232311315799098
-11.587721536292776
-44.32304445922654
-20.14408013169841
-8.64239553312231
0.33517800014639565
0.0006018819366448831
0.15662457767195723
0.8759487562443262
4.666291697273528
3.168483904961288
-0.049426206217235986
0.6243675358446951
4.37706523356328
-0.09770782231489734
-0.4960171446016076
-0.8583271920112782
0.0766225902285646
6.763982314210042
-0.0032736068577143562
0.6031873472725434
-4.415470479691584
0.0009898559371893149
-3.070298696459704
0.6831895294070247
-0.003392283278719682
-0.00022511853036573864
0.0004534811721003397
1.1698095785523006
0.5818790271182985
-0.04171843913477017
-0.005448526562753708
0.904276200684241
-12.030342271994636
-29.935064797666094
-26.388755026555945
0.00875692995469039
-20.12581452145132
-0.5921343128658375
-0.033234745034205586
-0.02644521990375498
-0.09947022540745697
-0.5083922320479362
-9.736095323922584
-11.411725417730638
-11.615645819214153
-17.4258455307844
-52.817410619878814
-0.8405245240000577
-0.04572511057036203
-1.9672053227598718
-0.3956505165479402
-3.765247477338492
-1.3877720822941517
-122.51650105883715
-103.21523655406725
-32.602880534070756
-13.853486825939262
-13.369926622548677
-10.093204129979263
-0.1724882618385189
2.0657458525352776
-10.8772231626383
-8.96734589205205
-5.643611158472687
-2.350099994710589
-0.0826495566336837
1.6485303566033636
-0.26113662131039245
-1.1389881691400532
-13.698971753811444
-11.53161043338187
-0.7847823449855453
-3.464561847112042
-8.176385467554187
-32.021738037267774
-4.602955335490448
0.23179182027478248
-0.6539537480844841
-0.0005559432685799656
-3.63105568901479
-0.571822248539065
-0.019274811651739502
-0.2934328933645447
-0.12672548185159138
-0.015695250656786865
-0.9481951429010563
-0.03840352550083734
3.186631795588152
-0.01093021980324187
0.07600020330357686
-3.665331098853307
-44.82673316052963
-10.36442609273563
-5.378821077601196
-7.590889876575492
-2.871951932301846
-0.4879797873623411
-0.0069466487697779
-17.28444557194683
-1.302284203413249
-0.6484885846029225
-0.1311922417305414
1.5949838673384569
1.5028481859895328
-0.9735913693307678
0.18785671635404969
0.005372386967587343
-0.06874298777425035
0.1612629065895824
-4.024058607070497
-47.763001173713086
-6.036642516727254
1.5538651540912762
10.819809646308968
0.013400571677107426
-0.47033788753708644
-0.7258502902757995
7.997703163652704
11.339061972854696
47.429040959097755
25.590056589305316
16.337776343936003
-0.047247430734738305
9.234588527203464
3.604740416251925
27.76149652316822
46.66897322890873
145.84943084328165
129.35483648180266
119.22757530905363
48.4913700293951
19.051171122297003
-0.041436470871334216
-6.31424792233051
-2.8168555992384063
-6.779445336761597
-51.579626835731574
-28.247415290476642
0.09787307190889201
-8.10324072021574
-33.963060919562835
-6.050359045082739
-10.84605650965767
-7.623982970595905
-28.900757338155138
-6.789704043632433
-2.0358003407635112
0.00026903525928370664
5.0750005241938405
44.79830495407835
15.83819317794956
0.11040919670636413
-3.4796803113199695
-6.903858142172366
0.06321990312832182
-1.4472552434060313
9.044449131310218
-0.07843192551974901
-12.915187651248187
-14.641637091703798
-5.292940034502025
-0.5406863790799588
0.00012052978054836953
2.730304350967609
0.12813420773636577
-1.780804123120115
-1.750676574286427
-5.454168894979307
-3.178682934790792
0.014164199197493881
-101.65186007977765
-26.752214161627844
-34.657460900355375
-63.45454925021724
-38.457536290257686
-17.462484963077106
-0.06410545842533578
-8.910309679833366
-0.05735698817055175
-37.84597660268674
-21.15191445034754
-38.53933529937379
-4.061312179868419
-8.753188821475307
-11.028470431505129
-13.6024977432789
0.025743178222740526
21.068247846385166
51.79239107796524
10.403117408945095
109.43293525744485
129.63834257166718
151.41172172602984
150.43767563373842
44.70190283329426
16.915809509917704
0.0807231333858627
-0.010509577944692794
0.12137121852154809
23.223441453728046
-0.03872410697289481
1.8510857871202377
1.0717589765373259
200.23413233459868
222.33760991975487
317.7574049337736
240.34974423655115
192.2853071576981
189.547043631581
282.42327133418564
40.44363845230816
0.6414035713958731
10.844884868545472
11.499517811245289
19.9811639841254
0.5106229318704432
-0.0027932800380487113
1.3134413719556897
1.3516860193191138
-0.1287070930767926
-0.01925441302257097
-6.4424718750093
-0.30901018095615573
-67.02428156094132
-34.87972425632178
-10.535975565135475
-100.64389230524485
3.1316265890792825e-5
-8.775370350224248
-15.866422084932005
-25.45808054038216
-37.80439812663994
-15.246919044002219
-22.331485156336836
0.7507813838067139
0.0008125768154872223
0.898882714701123
0.5678419807339078
-19.175033465648337
2.3256735370147235
-0.3596686437666335
8.334678768524567
0.777530615857305
0.14399254710554477
-8.31727436359803
-16.119761473323138
-28.09064516863704
-38.519666586562124
-19.047244192009977
-30.035222352211203
-4.226423127659883
-14.577525631364775
-7.780042645571971
1.747054271858912
-0.14558187522307592
-13.900057213808923
-1.3298598322066806
-4.831683479622144
-1.213165498354976
-0.27718443785424357
32.317698121684735
73.9083126676435
49.75305770199307
38.57553255942642
18.032943307631115
2.1544953956322384
-0.02766213670025336
-0.22806855809029555
0.48012041100961445
0.2333570861053706
15.013771752076588
3.5183183435157295
41.44314695224002
29.328325695361354
0.9759179235811608
47.53064459402685
65.90189897281947
62.462290684908496
15.07592838942368
9.344455472554914
0.5351946625905006
0.5295316784500965
0.0631696004683658
-17.65893379455074
-0.002671832450175971
-0.04665951825074759
-0.8447591438061783
-2.0586540227122203
-0.08775514575024357
0.7779026964782788
-0.01382385640995178
-20.284234946430036
-6.344299595444372
-20.954857600704287
-0.010026740298515363
-0.9068167203085544
-30.48506085538062
-0.46127427063600973
-0.016075572231789643
-0.15779076454521573
-0.09205203480250615
-2.0025534354995203
1.4457779364760361
-0.29028710727766677
0.5231810753275207
-0.009626075176828442
2.243256600446279
0.10921034648774634
-0.11189632003614305
-1.4788325287042452
4.3439255882599115
3.528973199253385
0.5654400870093096
0.3528791369940921
1.392086157405526
-1.2124753659394594
-6.067825349193193
-0.3015948266411392
-4.507255563541759
-11.048390667165503
0.06980116662204384
-17.283518033422304
-2.3720304861268753
-9.4876080991735
-14.906741960741376
-21.463597636000678
-0.22160303345273938
-0.22446169940769245
-1.9817375753673618
-8.721012573576202
-1.2634928130632679
0.14362752899307651
4.7443082909753835
81.03719306975854
1.4905109592430972
20.45711378343793
10.0011967715039
3.5843351103373835
44.893596186039964
24.3811352174224
0.14617409076087567
4.8709515115240105
0.721970407505517
14.555458778436657
51.40597242096741
66.50088031605995
0.9286248775563666
-0.10237242334857419
0.0002506180719578671
1.4214372969746205
2.0741479381487276
0.00012219159439229836
-6.2238351635338685
6.705165465162935
15.304257949681551
32.70548166842445
29.679161448449946
24.472954790428577
38.600332600864
55.190871510869776
46.78285321359784
40.3756074035327
0.6335436355768935
-2.746344100953849
-8.04504614320142
-5.663993927042278
0.03687390527550216
-6.839562550595195
-34.68766864664784
-9.917800553375459
-9.10368473551161
-27.76925376803946
-45.55552559279256
-2.0761636241469117
-12.484178392450588
-2.506491419291241
-8.888256027730764
-26.073958439330124
-68.30191460464448
-11.667449769341273
-10.72780697283021
-30.437318810569856
-33.02793728192216
-3.1015973949715083
-0.00017764150528603207
0.1159848996519667
6.684564813354618
-4.0161779344413935
-11.589148572617983
-98.54963364900739
-36.31906426065111
-50.27111284454554
-0.7423185866263776
0.0034642974266987066
0.9989436460998088
2.6635121593850773e-5
9.028080301222403
-0.07578692701171164
-0.24525567101957096
-29.52884534171034
-5.0240203588734715
-0.062298704724942686
-13.221558112764953
-20.489988278913643
-2.3534679908463687
-0.49333042037155833
0.2799492685397686
-0.3004702890234717
-9.382692557281866
-68.04490701714882
-39.18021568585608
-3.1623260195849956
0.008001486317524861
0.3123964976753041
0.037440672343589915
-0.28067886050531365
0.17386838012784478
5.779073829801716
56.82317981509869
56.90617820140579
8.454728601865396
0.10162680577395854
4.160383419067282
11.350620218133432
-0.049411367621638565
5.185879969597176e-5
6.177865103023131
1.5127524219835093
50.147159640884475
6.100429112490758
8.464191782996425
1.351491809853839
8.369452349877683
4.788542415808142
0.6572011871967662
10.01207444954717
21.923593907027968
113.06575750561865
80.67576680399335
100.86785149955993
19.427028650993623
1.1938447311245406
2.671653064697638
-0.04106942899055137
-0.0743098553567361
1.1862654803858068
6.8048664807123735
-0.0001221544307912566
0.05947179294745113
-0.03584079066096597
-7.809732709527674
-1.4377306886388133
-0.017170714769828208
1.423852150869813e-7
2.054480472102141
2.4824084764929273
2.7778078867626292
-1.0396973353160603
-2.2859435769867233
0.0003651921623957826
-2.235356351350866
7.028585959622647
58.03236726591122
103.5077395546624
13.086372904687495
13.177414531507669
4.469072645397878
0.2505446814217964
0.1496901883381856
-14.38682184258132
-17.55044914158683
-12.290742308947427
-23.48895330229529
-2.9157571951583914
0.0034214825297723597
-0.00894184243856755
-2.5391025228657123
-33.750824259095054
-13.398985013271272
-0.004785214359113886
-1.6746459404619107
-0.016659991399065578
-0.2863044310730158
-0.19541105355997584
0.04387763271453084
-4.079345257113693
7.229153984737239
6.474438457106769
0.0008836171795319998
-0.03666734678849179
-0.0002594839701493262
-3.8692975818944784
-9.542719453157716
-13.855687280467484
-3.8011032497544623
-38.43827557482957
-6.424165865875127
-10.922802183586622
-0.1827121088846162
-3.0996346023519257
-9.38968277617548
-0.05753537784572484
-41.07331040426181
-22.420568152007334
-0.6957352678801901
-12.41285712100799
-12.572436431936094
-35.21499192451546
-60.44161200256068
-42.8884226320494
-1.0098983295816701
-0.004919555119610266
-2.8803566906663325
-1.478262084748079
-2.682021004464687
-0.09992546843279673
-0.0014013756777232272
2.741328461624168
0.22427400697390015
-5.118439602083633
-12.728284697504895
-4.301682732965301
1.473291176439441e-5
-0.07028273774543345
-5.978706477153078e-5
-0.21293589057607396
-3.2111651209264127
0.002717594302632259
-3.1318290376228766
0.016099934617321475
0.7274148822764102
-8.829450372788175
-41.83513673045777
-46.34298327097918
-1.8143219050282635
-0.0713645667477123
0.004248189324613565
-0.19958727442646923
-12.659931754102793
-14.709017305713056
0.0528368550309462
-0.03275694336697469
-0.05731505159355134
-0.022288872775225035
-3.645460142195146
-0.026370832388090074
-0.03821822285637783
-0.044369456308914035
0.07428666547968088
4.242034273889286
46.37368295934526
70.01696945066726
56.39157977902562
122.0039961604846
50.161585000635654
189.80141225341114
73.91100471322757
-0.26820932653294055
-0.0001206771980113602
-2.163423124310957
0.13628183895740126
-0.0014749762681856389
-0.0017068319877020744
-0.0479085608696681
-0.012485686254230436
0.23311338235635465
0.12572250502269705
-0.12642842624808243
17.777884421175447
15.740734390077893
8.363217160405592
28.254163425206475
7.036600149822319
1.8043813417587693
-7.558390958409363
-0.10277223210973309
-0.9643841101074435
1.2750606739882702
4.654857900067375
-0.45814442629684693
0.15973997729948317
0.11941573260631096
2.7833210774640142
-0.00731852523902821
-2.8545757795583087
0.00015902301332351883
8.483156682058917
17.365135817113764
6.433185810446738
20.78929718240978
-0.005372932975588825
-1.5107148643499821
-0.6693398186732958
-0.0014713696176772094
12.72754128672688
35.77148450340871
19.864506091826186
-0.4159246321354149
13.572800761185729
50.382688563682805
81.59917844876757
54.79415976122163
367.7503030139789
358.2854564263261
65.34040183432157
41.56030749375778
22.69236977066998
0.0678931408017549
1.279693761421193
0.06856553303944976
11.693519232776895
0.4623796206457016
0.18228953497555433
0.808419750599468
-0.08604707619769474
-5.485197812988457
-0.5194015175143011
-35.162489803440835
-13.844961526458833
-5.659049990307566
-17.504506584743265
-14.211661932751735
-17.204992714324433
-0.0470967751536046
1.318544936355816
0.07752780820384107
2.339552840978926
0.9075793662645206
2.188748086337778
1.3203652975363012
0.4619067429158929
16.453680119749144
20.062767450292267
35.147083014609194
30.270117974810155
-0.08722563377235579
0.3754224554872058
-16.267476092613027
-0.6210772368644281
-0.6125130761817971
-0.26025707842464085
-0.37425328889026344
-8.926250817552607
0.1583269674839698
1.1678725242922758
-8.231266275501616
-0.9707040426489059
-4.505292654854252
0.012245634622456808
0.07020113140585729
0.010165465631820084
0.003294970118568243
-10.06101214053282
-16.992303070028186
-0.19737383981245737
5.748028524724012
0.5813564333145719
12.082849669447878
4.643645048610156
5.723360227762267
92.3879599239853
180.96944976756052
332.34608721861315
209.73052239457806
328.3950321523365
269.49949844388453
125.28166794444203
126.884954553246
292.45183655996317
266.33642346090585
239.22853033770818
48.784149115916705
26.3505136846497
0.004075315457244525
-5.129120925419771
-2.3784382220658764
-3.0438622144409306
-25.720556529180012
-11.953700591974899
-46.16232724086809
-0.14273243310868136
-4.324645200519618
0.5579652057478635
-2.147301847863553
-0.6382534600078164
-41.27998954712781
-20.422030090782624
-22.97519307471971
-21.651573063847344
-0.2278096055163526
-1.4887345184302674
-1.4690063072477235
0.04179533664168818
2.870919203504907
21.53603095118451
0.1586476364843766
-12.06325990788306
-4.8250842664572895
-2.609818496776496
-0.2589382705081715
-25.118788164901343
-7.85423989011464
-1.4584811596402185
-14.034674728509499
-6.684663876346277
4.120844610695099
15.804812438208753
-0.04883086687693137
-0.004479427672366695
-0.224190642865253
-21.146781207405738
-2.416594241800751
0.08642623861224222
3.7188372828893312
-0.1304847074991737
-2.8215236804231925
-0.3264701202706228
-0.9659360438997557
-5.507917204331873
-17.59282420461242
-13.28441306246459
-10.608311121964721
-56.60730184073795
-49.29007285274551
-7.079554331170269
-63.0129955849842
-25.763016963997668
-41.41746364643549
-8.791127206159297
-3.998228349901264
-1.6154815796274173
-0.5486081806709978
-1.3614665939863548
0.03746539640247626
-1.0088011014283267
-8.83889211959875
-0.061897219482302465
4.4672678486438535
13.966758763327222
1.775945112738836
3.478249536843683
24.10161744202423
24.087073025639476
0.16710651270088053
-0.007567442975267031
-12.577534332226541
-16.546132753046003
-7.1695523692734735
0.13950514156208552
0.2007859195128734
1.9755025209521544
17.722714798418355
20.613457959665027
16.96168276707916
-0.006932476843786217
-14.10868822505484
-20.807173781600707
0.15260420192376234
6.456193952396999e-6
-0.036519383013278575
-0.6018218294158532
-2.401864755201436
-11.284947856974359
-26.24774804998048
-8.422100520682003
-109.64840120365824
-14.98588373010903
-10.55289156260731
-25.82308161282168
-7.237583672717239
-23.65642785316374
-28.35332334622825
-31.38585458278517
-3.487249053256282
-2.3228754568523566
-0.007375010324364087
-21.977584206780676
-30.981354255284263
-4.22399418953792
-0.02989948527277666
5.0449258724158096e-5
-21.256252841690547
-11.204138642420546
-6.456872830964249
-0.3788991527967362
-57.43883267986072
-0.0001607560725275743
11.492397366585788
-0.007775996999427874
1.9548005017052315
-0.08276910701016053
0.4551326639386655
9.791816863384673
0.14276765293024574
25.079195244995375
17.22385377404958
1.1574386464884645
-4.358759738584899
1.8893861540135901
0.39582635491665297
0.015529922943385474
42.43236733774721
6.2933616986144365
9.478091825004185
-0.9824060775892363
-0.019468695141446876
-7.038762991325804
-11.166339876486822
-1.1907212962089746
-0.8708531408963558
-0.11990573787797242
0.012883190500190236
-7.9477407694238495
-0.07145053750884406
-5.710619135388856
-1.1268512382630427
-16.541850094221356
-43.29565046098084
-37.39500375793845
-76.34985902577834
-3.2010750415356104
-9.218319471966504
-0.8101363824143847
-0.031052368227566938
-0.7087503332686178
-0.06088354751724878
0.07382146118426602
-3.183521296400107
-2.2520373513326364
-2.4078255853412918
6.124360396279823
0.012760665461973146
0.789227972296204
-1.427390928661493
-13.590092610744243
-29.03618709077195
-28.361258273876498
-32.21955151961973
-18.916220984479573
-58.12599405003941
-90.69846600940163
-38.69542642688831
-18.145257237977848
-2.2201077116475627
0.28440218535785855
1.093334965580079
5.8264088925305035
-1.6495045760052875
0.1942397350644541
-1.9397728181140563
-0.0010445235974267315
-1.4845684767076337
-21.84042747590182
0.4736331441787999
3.134756077388782e-5
-0.6623688259281533
-3.7159997437865044
0.0007515623996015942
6.214499249500295
3.944310595085803
0.7810785355550823
4.594114835753893
-2.390963683710359
0.029974198247370555
-5.9086833507159175
-18.014388619281757
-0.6905958427982123
-2.9785661863119812
-2.525103099722065
-0.26123498559305636
-0.007664584068881131
-32.401920353867496
-49.27950310401244
-5.758018399465177
-8.943972364471563
-8.062502864929868
-99.00752901861944
-27.211697313025624
-14.549333874315971
-56.109802179893066
-97.31539280189827
-62.46086982558669
-36.87508148209381
-12.416714646552052
0.019530424611119826
-2.861038002903152
-6.603361655089756
-21.578875618990743
-12.096224295192394
-15.36248331205561
-6.369553027558669
-5.9047944118985285
-2.62599109222915
0.019043171687311334
-0.00782417668057449
-11.278913989794676
0.001578899127243563
0.14868282958924536
-9.511607279989539
-37.83203482816696
-3.6151843315175634
-2.4219489864578314
1.0259731043733653
0.11077518774260929
-0.20432062648409918
11.39492118885595
17.466074703462926
-2.453925790294526
-4.339938671837553
-0.29719510572875585
-4.200126159615856
0.0022002862794111735
-0.9062518033142888
-1.5478254786025656
-1.4132979384436422
-0.34200097248943356
-0.0007599987752407785
-0.09865867376377019
-6.72742296926183
-3.8610324868853243
-0.6830739817597126
0.02762705410521135
3.442861194750451
-4.496440047433448
0.4725484851698622
12.51899060818695
-0.19317571008530698
-22.451931710248495
-0.16300700102808546
-0.09029010861292631
-0.5222525526951757
-0.967553202507298
-0.35270092983798434
-3.7686353362084706
-19.502541847588176
-37.81553636119193
-0.7885775290290999
-0.024868146037920202
-4.095588578406254
-0.5290701798035015
0.6304308247776128
15.6842682782511
44.32264918898244
-0.5476477019621311
-0.05518533322472057
5.013071647741257
60.65395591096699
27.857888467424093
30.15539822505333
59.324965887434544
7.457327204244053
19.118493737041607
3.6647886085737005
3.263524344470443
3.147377021215205
133.780505941093
119.40734603436172
6.409449968653135
6.096912319582202
0.22090593109010098
-4.49352947650352
-11.10251906322017
0.9220136054322094
-5.608870350185758
-2.42561869380978
0.01233891800135035
-0.023150138112239975
-2.2833514886670967
-10.470412926409463
-0.9770398477936609
-0.009919332252667336
0.1255538266619988
-17.52030789617939
-74.1236255701682
-8.7570096001642e-6
-0.15933469057927854
-12.800205377590736
0.0428604003438681
2.561824623045587
-2.835197451013276
-0.04040980138124676
-2.31739936925539
-0.9463144573462849
-4.030244850381075
-3.121677817244294
-11.761278309509398
-54.81843526901688
-93.46023374451285
-101.45446596793136
-26.63440859350137
-14.71079727015605
-25.27005373732188
0.013577038966210707
0.25476033612584476
0.16494831499468804
66.48613121025076
4.395051544883135
5.860511327380957
1.2294481561775488
3.745498431373756
23.751307095734674
32.4054883676105
2.588257329958125
-2.182536581631126
-0.8079042682695545
-3.985911913822269e-6
-22.260933710541956
-2.1141402490098637
1.7279105801296952
0.32868982977259675
-0.01137843331282769
-8.518754921966735
-81.91727180426997
-46.54082475112974
-69.86431063761582
-15.230465832643693
-5.1996010985372
-1.6533866917757636
-11.421801577214266
-4.36302480510861
-4.219397662333058
0.025325072875713964
0.12044585027799784
-5.748530062736021
-3.762328687614846
0.218125164917174
14.962358651820889
8.928909704609646
0.8061233805681375
-0.03594513945171038
-0.036836209466464695
0.0013009644636622743
-1.8997352835983046
-20.565426767621922
-16.018104127639532
-60.326691833374674
-4.670531695903642
-4.770247258170154e-5
-0.01950784349506854
0.32181762018221766
0.13234115324168716
-7.573166198454192
-5.40828775047211
-82.85709275663102
-48.94628492519535
-0.7753272780903511
-25.21282567317765
-41.94166808025205
-0.008171452336323985
21.305921614465973
13.338532401328049
9.812284542680116
4.1186601116359745
-0.17253991527883325
0.8038823285779516
1.1677310186937013
4.072963303393602
-0.006246872206378643
-0.08910957398716268
-0.5712592270695742
0.2641881270470909
6.686422565095821
53.58405192288129
69.93561426608404
21.354520869898753
77.66669570251217
18.8833170867109
0.5951213635962775
4.496278635468408
1.8228964545733517
0.344899112490281
14.029995708744387
0.1053377171092629
-5.386887445588457e-5
-1.6192627427612647
0.5247226777100517
-3.4004559978070867
-16.323344742195292
-33.82727525517193
-0.0980547529626609
0.06106375087567899
-9.270796301208144
-3.0525404537082745
-4.134414431767716
-6.448703464595319
-8.1394509535453
-13.17688684114723
-6.694331615996257
-4.802855125325348
-2.432475622536937
-7.428412327273922
-0.035507643951037615
-1.864098749537842
-19.476703525244293
-56.0588702236443
-27.62232498512315
-40.462338282435425
-17.246046588777038
-26.510483389943637
-1.8209462198189184
-26.20724955479341
0.3274634339729908
-0.09918238111679457
-0.42328150580392176
-19.96010742874067
-92.22606027057346
-72.42725544200339
-40.82482208324189
-0.02092613199542687
-0.0689283528080869
2.4847412325282896
13.567472107380686
17.28441571743591
30.362829900182607
118.87604776536308
28.127319586261507
24.190969286975495
148.6094039666118
142.44103311370088
274.65911065510704
311.7514744706128
211.69770615902783
155.61584333606604
756.2531679268823
372.89259168150124
122.46191095230847
17.534517256120527
11.230430345036167
17.768211370379
1.2943299129644268
1.2320243845978753
0.2560319833326515
0.22084162304577207
-0.45486900764999566
-2.8748265562390194
-0.00011000765202716645
3.271144686100299
-0.00411184997060302
0.735057743385842
1.0542438837902595
9.299947534760092
0.1233814618353982
-0.10236127401738135
-0.08384180695006381
6.341173058080314
22.814394897967087
39.68877976339193
24.135501955462882
0.006445101610460631
8.516768453719211e-13
2.859008158552719
1.1804070298283218
0.48471255089596527
1.1604236981772467
-2.8245403342796316e-6
0.022273147757637488
-5.02397240519324
-1.3884391661526705
-1.7740966140155054
7.729509016247594
19.084668614788033
0.024395767813104784
-21.654054449885027
-1.3391562747592454
-32.22248560400236
-24.277020899805322
-32.71511986359274
-12.857534131267256
1.5285481307949425
2.4651414684393878
-0.9322671554271769
-0.019776313169860466
-0.9450416347871903
-2.940643259291162
-0.9079605557990311
-54.99426045680717
-53.3632124025469
-39.803995837359615
-72.57277643857671
-76.30232121591307
-0.3118232814768789
0.0779809571830345
-18.40831096869737
-73.45848763149759
-17.0802981909573
-0.5406202774460092
4.226229896010229
2.577667409568129
6.584308683812141
-6.706812829654503e-9
0.3901016242145798
0.03862609545361045
0.07844088064421068
2.263807709729274
-14.07260922278556
-2.31029024629796
-1.660941839531395e-8
3.5165441218682347
-6.946996118898968
-46.691206439685224
-7.696896539904594
-6.85582496089253
-5.877825948728709
-0.5841128265950891
0.03980472160398898
0.0063381357212248515
1.8975337136487875
1.564835010844925
45.49928156396518
59.48179220280347
20.221654506061824
108.4789157030044
15.750726387287344
4.654165205991884
14.26123296684254
0.7805704113164847
0.08707269088760235
0.9286041571402626
0.030088239208031643
0.21670999316447606
8.9508237859329
13.006361441460996
-0.03846454012028886
-0.2802799771842733
-3.102718999505218
-0.017377331194450594
-27.63473219403598
-0.043520480343003105
1.654566346623983
-1.716796198997088
-1.214106131509573
3.754689815924589
3.0540488438729914
5.260534341117212
54.1347508138974
15.769315356869036
0.5233635151319593
-8.014181252558743
-4.039099805903929
-5.93119148585419
-5.25957430713188
-1.4754494682523935
-13.419271612606135
-17.59693191766125
-1.9628268807552534
-96.49553265630595
-50.91033659575896
-30.7380004109681
-8.15748190532127
0.00013641688030469184
-4.661699066328902
9.767485102558124
0.029170135823493388
0.8745780257228166
7.153219040669043
35.03994766539862
13.304169406751372
3.6819496881066125
-0.07456850911718145
34.60431550100043
8.632013863982127
10.377157273496746
2.3141320580325013
58.02740877087579
32.55771490076837
6.398684691886314
-0.048379847567692195
19.804636446628493
-8.787784346716219
0.857427454001223
9.211621640874924
0.019791904892012876
0.9000247682610437
0.23696527013125074
0.14827457891232484
0.0007895485535073782
1.281519524399237
-1.1079839260589683
-0.18742150538941996
-7.42362761762989
-0.03725161142987947
-6.676395663132833
-1.523428733516783
9.99054410547722
0.21802931543788479
-0.9289059106410916
-4.930651912977639
-0.062891214264856
-5.033918183513077e-5
0.036031353405363724
-3.03091386732304
0.6577993312347454
16.976249517644938
15.505154737249473
3.929217138359465
38.7452201401831
35.014287786195936
5.14400035239391
53.283849077100356
167.38626266801873
47.41071398063344
38.257926505180265
27.162537728602153
11.513392078986149
55.364902620808735
2.950620229856902
-0.16021156941616632
-0.868236419095025
4.764857038717546
43.06194890135864
6.56111080942203
11.170449900225782
14.24038469133642
157.42588580598283
4.649711674818936
18.47307609898212
26.335491851281688
79.6723671095658
12.29712973049479
23.573989464672874
64.09372479504064
4.640702231109228
-0.0018148487775721661
0.07804880780179542
-1.8220357034405328
6.946104411994564
-0.25795346101028
-32.06988366578095
-12.146833183369772
-0.46719305145980383
-0.0006090732044163724
0.1448562046635877
6.831782732987765
5.716489533578442
3.2279293242925764
0.05720957141663261
-11.616399793328824
-0.06757262953158136
-14.487024561969484
-0.3306575338288409
0.0931172561786465
0.034929712457805955
-17.716292503096305
-3.170847771160747
-0.15257548083121006
-0.5989809842893962
-0.4809155557890852
0.2036681397935267
23.190176924691414
-0.08105244040692841
-1.8421326242135485
-0.05076817519342223
-7.373454961843471
-12.119109594072286
-2.7608431334905457
-1.6148550162254132
-0.4482469395210409
-0.35560153698263297
-0.04573666575393312
0.03370727835093287
-0.2438354568658437
-6.270669602603924
-1.026159642471704
-0.0003412222840692313
9.926544142426165
6.372583519084184
33.25841607990787
0.038850485647954264
0.007737424441970668
6.903508433133643
0.9340476454347831
-1.5133083149426736
-0.1650299140578873
-0.9445549660985988
-6.365659552053833
-0.1825192345174762
-20.69402718138539
-90.54650479782678
-53.55862843257466
-15.767487519477047
-32.307544942076504
-3.6727054078131594
-3.7779570732936465
-3.1490316538080694
-7.284139026922286
-27.83217260519667
-0.1581301748344983
-3.749636980848219
-3.0778865328830443
-0.048009587202123664
4.947693478810516
-0.31290215301365
2.3461281900792925
0.026413535374654698
0.042905431044782484
0.005440624138236829
-3.861490729679266e-5
-25.055841447457173
0.322993615665659
5.4853157726636494
0.044156052626583855
-0.19310575659184306
-0.054769433285408814
9.531735242388178e-6
-44.16687106138832
-4.446917174839469
0.8246412545939875
3.5252130072212338
0.1739292753367387
1.715700019888915
0.04033822341937314
-3.0894099573068505
-3.470428318277184
0.0019909879378539382
0.461741505359636
-1.9283894407388178
-0.00018021108054068903
-0.2039953538531268
-4.450144582042115
-3.2594475785289934
-3.6430680931383552
-23.428315935800992
-35.2654485636585
-6.590033827578717
-1.6824002013127002
-2.1128209521646193
-9.055052994007097
-2.3745261988164326
-32.96630926594128
-18.927319123923105
-5.969308227783689e-5
4.261448500955942
2.4786830809607374
0.07643093141042229
-0.2467262952605412
-2.202760217285133
-0.00034581209622890356
-0.004675216043160652
0.007474645795093761
44.882740466693136
46.289281435079396
2.5330222240369236
0.7998558799190036
33.100232411603656
7.52110000886905
0.07616079577717622
0.29834728272722605
-0.3280672309102493
7.236694877200846e-5
-0.023887219277854196
-0.7198102362248039
5.601523063965494
-2.5869412027841694
-0.020591454512271234
0.11982405681508765
0.0003333813683884746
20.607711772663947
204.89320049687998
0.6782277215798904
9.63842723904406
-9.985380890442425
-0.05816719412107449
-12.753954938122831
-46.77741682649146
-76.39273331026477
-6.843190895569013
-19.756338662909876
-5.0044992016982555
-4.753602016587539
-49.97960617134609
-39.9298630617508
-54.18910435708483
-18.871919126522595
-12.636812636720622
-8.286789770635178
-0.29187750067806206
-1.5302258213653883
-1.9641578671670188
2.239751404745716
0.031804491793596686
0.114149087033581
1.4316527059713562
21.513713146990675
23.531283516697652
-1.4036480418814783
-28.058188888913392
0.0635765889801159
3.3305298557865033
-0.06951871672744414
-0.08091891563249175
-0.02738148943974563
-6.944114064837431
0.11012086164362944
1.7933613390068335
12.255112312959204
25.41012202323681
6.750953551638572
2.6320991484593472
24.53104465413471
60.747911532096495
204.0830670597682
238.95154460199896
119.72318093440889
95.04544782917799
25.583361503193526
-0.0012639090008971625
-0.08992284268372902
0.16730100273041024
-0.543259270263672
-0.0678578082577862
0.062199566859498005
-0.13413574472230702
7.63461941499181
9.424205577530596
-0.019094840046797033
-0.24616307099056367
-3.057898797454366
-5.331935287984496
-5.968748604622099
-0.0862926612908292
6.638478944696113
8.31740639259903
1.1005005330299757
25.488935401979248
10.485144694858631
4.711052648644741
0.9676889242385811
-0.0032984075897190884
-2.2356629851835246
1.2210096309992082
0.007988033544557765
-6.460206399620672
-9.938364611912254
