-0.08587562752061133
3.414482098048564
-1.4034243656224512
65.64570562546146
-0.8360534505381592
-0.2873453707465754
-1.7096740178818512
6.432347964459971
-0.6919713906912704
-0.015994701851322752
-7.962418386783806
-7.414746053598347
5.4650536893883945
-1.6132873707126112
15.079978631075596
-0.7489399268714726
-3.0006440940903585
-26.210745443423846
-0.6646605502766808
5.235247955811278
1.2501483264912159
0.016051726728779993
-0.05857500271285542
112.36635714475453
0.4796043107587642
-46.88178473865644
-14.211217074782304
-0.3206098623540371
22.73268395131215
-0.07392101237265261
-0.0009056260044765632
0.04577797420394721
-9.292400887390354
0.14138436089248246
51.09065855230255
-79.92952444747449
-3.513036449627181
-6.984743534570271
-0.18697955836535615
-9.218483625151185
-125.41404048884408
0.24139029124902175
3.1528772772177316
0.29222298108079087
-16.046740694420922
-1.8028021711904518
86.52634583431559
2.5120235193131624
-0.18187778816889888
7.184957220903836
-0.013032155582710158
0.6631223579660211
-0.19902206601490927
-6.623977469921022
-9.5659640368577
10.045160520253006
-29.1229923321896
255.30975177524542
225.1768664664501
-1.8728237492851765
-7.367000539909124
0.3449546106553939
0.06475984655064528
0.05770243758072935
-18.399486887321096
-14.482317203665586
-67.78508384260769
26.423871454154263
-0.007432919457343871
-0.2776189763833874
-0.637987147611068
2.703556102765864
-23.57291430149341
-1.5180245051886945
-0.026732200303611422
18.880533446689157
-0.4612527101893593
43.59999475766738
-8.871413110443017
-0.0022478208779848647
-0.012860765215817825
-16.44931406242369
-0.10291225834786913
-0.6044921287354665
3.782549645815255
31.040285376508024
-2.2555535086566643
-0.3774112969920026
2.1469598405759007
6.262103854780849
149.70007229206718
49.67289378101302
-2.4800946236085485e-5
-13.404199886655915
-0.4321706874828155
-8.025602308023466
21.317959666551968
-2.947675221349745
1.5754120517248353
-27.439144060584105
6.544872206053425
-20.980678088702483
1.4107948187182087
0.5340580599628733
-1.8085563401919766
3.411891077426123
-2.7052487442076263
-1.0817846595006948
2.0781859489449017
-65.34571405669205
320.2943205684585
0.3998263407999714
115.51769277787803
-0.005453191251826034
-11.170490317777665
4.423511783488997
6.440478119054611
-2.5422937672079255
5.086155854066134
-12.57696654447931
0.44679781180483896
-7.190037487739656
6.546655559991582
-5.264970537744814
-2.0204823131531056
1.306972870818647
-0.4857307321866005
6.319212115370533
4.173580850646455
0.03563320802922623
14.198638277460907
-56.95785476816697
12.979915224559104
-0.2766995212243722
0.11587975954186068
1.1493865984742233
-1.8766367745977113
5.091344713873932
-0.1158445576227963
4.408782599078789
-2.8723124958251205
0.0761390381322928
0.002274052418441545
1.3973560830240297
0.2675383729476561
4.352646388319833
35.69084622381053
-0.0757126902796833
-5.856370340307241
0.02571210678537388
-5.604936089498371
-11.118052559355275
0.9311844461191695
0.07822347827799692
-1.942898986358282e-5
-0.04511409467240793
104.22961662641875
4.901147428570509
-40.034000138201975
1.974219751827695
5.242336464951318
-2.0309358622268006
1.7524667604905058
0.8643632169835532
200.63628805667503
-12.286001157752109
0.12431508363724644
-0.054051979596815555
0.00481467314968207
-0.06366386423918872
0.5039588026729249
-7.637274227325285
4.875663918441709
0.37891200386039225
0.00870253350677654
0.9671434621250621
0.32685008923717274
2.596946495057645
0.9658848292213572
65.48769886171749
0.1807941386993999
-0.0007143712908744663
0.7047810666906548
-9.619619102503874
39.9307677800249
-3.3698980600546564
0.06015020563406148
32.66265986354997
0.088782037234619
-2.343271636844952
-38.44323779956391
0.7266561143063794
-12.27133863052501
-0.000812182323523685
0.3372474365623943
0.12004869778062695
0.008547264099522977
0.0019285137620118427
-5.6341956170077605
-15.516353371732524
41.47511943937795
-1.6374886303862102
10.234524885073231
7.765415691999681
-17.722553636753975
-15.578279052221168
-16.70721608154411
-4.664941604647452
-37.42870390939845
-0.04487697053808755
-0.4329869069467838
-3.095474551932333e-5
9.414451442935777
-8.852716104232556
-0.8862510594912584
7.001921869659369
-0.39436719040083723
-9.952254392932028
-1.8460448407235963
-4.291253468044475
5.567175980437429
-1.5390584295024974
-0.34271404006668876
-2.909007241770285
-0.005232182913495802
-0.0006919380021929846
0.10391976479084616
-2.8436523653396235
15.754773695055276
0.09117249930830092
-18.316707883806426
7.008099957125516
13.15601889588146
-20.51982004678768
-2.0690662619225595
-0.013650069084616289
-2.0592298605385833
1.1602140914194363
-0.6892448864123263
0.13402160416922335
1.088909920582306
-1.408433825462566
-0.004981485349883617
-8.973222891784135e-6
-0.0885652987936051
-2.9032369781675302
-6.299554302924416
-15.102616684077665
-14.248136038924812
0.0049617442434513916
16.26853800929905
-0.3107261117240716
2.2752152250871216
-5.238296881205079
5.427940786616977
-4.804026887844556
-4.079980260635429
-4.831552943450352
174.12952899052576
62.14840054003461
-0.09560737119618602
35.36385750603757
0.0007022334262582775
-6.579040628544557
0.0005822952680201743
19.94895910791496
-0.4082900777611625
24.591329155503512
-6.6306793315724315
9.292298764522133
-19.47211738224212
0.7194299665570572
0.044274839738527555
4.279058083048521
0.06328657604046715
3.1379215493361183
2.366313288327215
-7.073444661001144
-12.996111389659172
-6.198290897343484
0.08318949066460062
-6.6371186198403045
0.4127644370094281
-0.00042414741136250145
-0.5618365561224704
0.2618346385684903
0.00019755138749492492
-3.0943760684756283
-0.558654658185998
-8.912809700141997
0.19877667584182063
0.22592042633565768
0.3566048702676198
1.5253831885101734
6.62866771757598
-10.298315680184468
289.5685777198495
23.82348828785952
6.647480059900636
-3.2931240678758478
66.4219357202358
-3.599453847220715
0.01826513774800725
0.04458630212600178
24.058756318570264
0.20001186075921473
0.01860043132140337
-0.03656633207980242
29.146474563945013
-0.8688460371653635
1.1684892389740145
-0.10900802571927036
-8.956931320295498
-9.939388233043585
-0.1098149645010252
4.292085995550529
0.6345029930821761
2.2988631551465906
-0.23633840958743202
-28.558054849941612
-3.8250764754490074
-0.8563450628555974
-2.9777244414689856
77.36087389457586
-15.870619994456524
-0.24650418913493694
-0.22294940649714773
-0.001552674856544671
-0.6743091008150728
0.0117512320314592
52.32825494338428
8.233649179554025
-0.12222206321510574
-7.344678203880807
6.440382175444427
-0.09221577483848697
5.763980225182144
-0.8766681525353872
-6.883098388271993e-6
-0.4330445786599149
-0.20471757125072582
0.8619149058743147
-28.354302771266052
-0.0017838968900601442
0.1084639043719737
1.093599625609009
-2.342692170345047e-6
2.4965887976684704
-12.009650206792458
5.222810447695318
-0.635827450006417
-3.4338544479667443
-1.8341942259024473
8.173049503078145
32.20322371856107
1.23658937417023
7.2951580325709555
83.66688438845682
-0.0004593167424433563
-0.11415770230754427
0.39139924798767145
-0.37058228951345085
-6.003855100905351
0.031149548743093766
8.10538502569368
-0.8342401214204062
-0.1212818197873642
-7.252402591590896
-3.691554125897309
0.014130559448876576
-1.3548009058090948
3.1890136740318384
-0.5708200531936923
5.316330209697161
18.450776591843734
16.62621070192215
-0.016936535115555814
1.1704468277308675
21.375681486230047
-13.15003906632418
32.68778104790952
-1.2483792526667443
4.076854481238954
15.50351144226114
245.57450966443906
63.733465693831164
-20.997916431128775
0.5040956076808837
0.045332938878144484
-0.049934649612735145
-1.8483648489041928
1.4342569137193932
-3.4340270285015073e-6
-4.85440391399141
-19.419299311764046
-0.9380652660403787
-0.8583485210390169
-2.7436931371608755
-0.6115802908767722
-0.05734881066547203
0.1097975334466533
16.285882956432015
-1.8853474375156987
-25.887205833422996
13.471349566187495
-34.26245564845561
0.07978476708678489
-5.861115515489804
9.101634833553458
-0.14363495188681258
0.02211346381477729
4.1109576326901704
0.004351101188773592
2.8533950912952317
-0.054545503326491086
-0.10584365704867255
-33.59596143144679
8.635175240517608
8.510744734345572
-4.535658937104553
-28.421206802246978
-0.19686540862405713
-28.08577673853062
-16.381811047552613
475.945048200491
0.02494012422871119
-17.055897391086923
-4.063524409352908
0.0010655258050087184
0.009662361074999981
-0.5505051473672826
0.487600674674391
18.412192820424156
-1.1753824463974991
3.7266039622504117
-5.721048221578366
-0.0009642931939598214
-1.4659378809426917
-0.005558741178387561
0.0951952353630909
-2.88197543449571
-13.34967373755953
107.02062480898344
-3.7340405851242244
32.845898436939976
1.0221144559121618
0.12746958089945654
-1.5573194399938708
-1.872925764410457
-11.712060851936856
-1.6457067693206362
0.010498613016662495
-6.190241911231579
0.004878137326031733
0.06159901571661242
-0.021914901483338328
-5.6079009805404884e-5
6.438677132991
-31.35643184289989
-34.96324462979068
-2.0209344387529105
0.0008761990624439671
-3.602896116348481
-0.03615472474758773
-114.58640636235565
18.226989871351112
-4.58429403825819
-5.377577458377859
0.9026715197553988
-15.590914699282376
-4.900743939710527
0.3241004735154143
20.881323806586526
-0.5463085708074155
0.017849290309201297
18.653059439525986
0.032959794332286976
3.530534758612011
-8.856199007387545
-0.2573162703739711
-0.0049187889503783284
-0.07188089581318441
-0.3168190451221769
-39.72807432378443
-1.0265642410479894
-1.805613200740036
-0.10864953607837448
0.01234620496511726
0.07784890982764747
-0.0029241220744940437
-0.00010011339093879709
-0.266948770592856
-0.13427612288383625
35.090683647946946
-10.995104024897433
95.61219668975322
-1.5685374289624325
51.784274860363794
-0.294513865411257
-1.7382208132886219
-4.572651672137351
19.65024179859908
-12.382082200982904
0.5680036833208969
-7.405901905384638
4.044138269933365
23.307536479266957
16.318856532536554
-0.3061431421941365
0.20692439594041495
-2.3838458036419015
19.940801237831035
24.191118068093438
-1.3992001401359402
0.43228649847907447
-13.100610736468827
-0.0017434223203407122
129.13380578836353
0.016225241538412514
0.33887866116719567
-1.2530367706603756
0.5693861276877924
-0.07018177292529632
-25.471698416909714
-0.39221978564511484
0.34797043821258733
5.415049034447238e-6
-14.909422777644666
-1.9490650965777008
0.39432171211099953
-1.5991769324301106
-0.11037405065272392
-0.07646659835388936
-3.82012219196186
1.3273403354937672
1.2897194578860227
-1.1657001914583311
1.1243446437399878
8.768386248722535
0.09502273132047591
78.04936365549965
-8.479824997411713
34.70359201872022
9.776498156133457
-4.204402522828939
-7.328921821387524
9.549611123212488e-6
0.31256571565905916
1.056976514136946
-28.861280121032802
0.0008568023313896031
-3.1521637688903668
-0.16059970771765605
-0.7840767783793833
0.06597640931266442
-5.429101681417072
249.5523959634766
-10.481108082369477
-1.4329786749415405
-12.135943847674561
-0.20304841118108544
0.3611266699390039
-1.2264533818442311
-0.004736075023316733
0.31291563545510404
-0.01929130889927851
-1.882184508514946
-3.8739267904809385
-0.04978187650463387
-2.3301467441515635
3.9086663548790055
2.205446941950274
0.11586298048258503
-6.319143564533302
75.29009309503493
-8.32175548443898
-0.02009224469432514
-3.1737960749879783
-1.3271943077204804
-0.5154528914987617
-3.494317908879358
-11.303590972158462
-1.1056523227367727
0.0069963042011797595
10.43483353607827
-0.6593833503964148
-0.0016186005297923692
0.33609597720470435
-0.004376435605334919
-0.7024307587548085
-20.50386670353494
-0.00633380976532619
-11.160119963980963
79.46360800362903
37.251002196444325
-33.486774352289956
55.32191685675037
-0.028441915776836926
-18.649174498481134
69.85763120263468
-8.908452435892145e-5
-0.14458965913796767
49.73066320883113
0.4820230267035078
-0.05303338180887795
0.00011076035604680656
-2.5268354099843062
-0.6007411030169887
20.776470712208116
0.0896851673726781
1.146037728106737
1.072395191507034
-35.24547854329597
0.02598851451115156
6.078604096645137
0.6196578034246188
16.367988853190262
0.42488487835653127
-2.6663327803340584
-0.03478387976628274
-0.11690913481426778
-29.790079144576907
-3.3560240505505465
77.22289284071518
-0.014141255197594075
-0.07249789460568813
-1.0796154672159288
123.91263076778188
0.8977794824253265
-9.26014657565322
-2.8849120182346613
-9.879127467221377
0.02861473375758994
-0.8316568737264992
-0.17923149904586338
-10.324690443935117
1.8620986168736793
0.3810094161125327
-0.016096382654185466
-2.0354999410162438
-39.87535934860014
0.9733863102750829
-0.2793101636776881
-1.7436400312655214
-2.2214987939534415e-5
-21.532492599532056
164.77229829939557
-11.477187835365152
14.747969487896802
-22.123761200040846
-3.9927564843997803
0.00965228865965391
-65.4235882893837
35.59864692318092
0.05690570862388159
8.24801762673703
0.040703633695368176
44.819339607261206
42.57674738131297
-45.16064584882694
102.46826467962948
-0.4085165741923941
13.145030302408859
-8.610036046291189
3.917081303562754e-6
-21.41621434461987
-11.656706359471217
0.6761767146315342
0.3156526486014643
-1.7775440074221847
-0.1915201824046534
-1.251835718666806
-0.5871902547709815
-4.504402172753425
0.6473162462018643
0.18991788751929772
31.847710018544124
-11.83463081960848
2.4192670399051894
8.25011216999426
0.09978900069010802
-17.245127864143058
-1.6157087605071858
-8.573714607197608
7.303360001724401e-5
-14.043413396185018
-23.225606212198144
8.185324261863064
-7.582831766483361
2.3915673585599594e-5
-36.511833431494715
36.504644150348135
-38.209323183752055
-0.043583880199613734
-0.0006480778479242523
-43.61684178043713
-60.494519371035025
-2.246091960526354
-14.709002957417578
-0.9701574372880735
55.39538477955121
-1.8734459702435213
0.0026820909962872925
-5.729227685625563
-11.026453686646848
-0.027451703976502605
-6.080930040266473
7.031748030638487
-1.388535889638308
-4.697531887865564
33.44574397335762
0.0017221715702345304
-0.005506675745877864
105.95613859883173
1.7729389790240428
11.845631704301434
-1.018121489032106
142.81285889693044
-9.144580405638433
-0.003738960479801848
-2.095609499946105
4.087695257025236
157.65454801647337
4.497040024460484
15.451889073236798
-3.017825208508611
0.0013835563884431745
-0.03145185432147181
91.46537027148479
0.00013436427921162993
0.005284728494092929
-1.7184731146490835
29.88813513202781
9.884487446871008
11.435664508687225
10.04857593152444
-0.011982691676549063
-0.12045273411913636
-3.80167440943627
-0.21683035395549866
1.832940314057624
0.20699208713610723
-14.219044253040803
0.17286804678734422
0.1147179122486254
50.888299468039804
-28.1507041363624
0.7738968390615621
0.11320642074174249
18.093969217873187
-0.8172633547632939
0.49019426700755886
4.69988360490503
0.018373323223183403
-28.380351466818748
0.6310881157811489
-0.8847334185408804
0.10970864346450819
34.941627810336556
-0.42065952568644616
1.3102511252127924
1.783122129637069
0.003426134676635761
-28.402055338575494
8.101774000872966
-5.400881447075732
119.32295814247989
-17.888582084382836
-0.04746461992855647
44.605982558550814
0.16060450698506604
-8.598123010325532
1.4915799232262248
-19.114090847099433
0.008482081056588797
32.04285723678343
0.0005022752682262644
0.017592923496186904
-2.3379467065777972
-1.6134136377751949
5.858217763395926
-2.617670745508419
0.13009997054864278
-0.00287866623752559
9.433780962756394
-0.00032348402657031124
55.93307002588299
-32.161945028887274
-12.550569116199416
4.4485917479950645
-0.21394011123934778
0.038925857385933064
-9.555969019537612
-0.020162771589516376
6.3366635611762865
0.003068014752107997
1.16851953838141
0.09447681089469497
-6.6366062555417615
-7.53855523024762e-6
-0.36424399702690585
0.003673294765033967
-5.206054245946589
-3.4928575798022217
0.10246978877169183
0.04358890554807082
0.8694619364397418
-0.40874821633349007
7.036281062804155
-0.15879577454057667
-0.024006917570473747
-8.103051413902127
56.10062646295465
-2.9068041644692446
12.245942124872093
20.498229098465032
-0.046346037200963044
9.39555055048886
8.418370927854626e-5
1.8474111934700428
-3.507990852576026
7.357201081309195
9.797728894060123
-1.2751756054223646
-11.544055444499854
-0.018094353167233374
-14.095737064420796
-0.0031406122279971417
1.2316859101499422
2.6461144004193624
1.7200957944924927e-6
79.81980255223557
168.21926245236259
-1.210919859938817
55.791758211624526
-21.772743508561497
-9.034186195777158
-0.7386019694576544
103.45084202048973
10.184599649842262
79.6538140141843
-0.001469897287427531
-1.6257816550140451
0.017887735571976777
-0.0764055914804903
2.082884570508456
-17.94982265545715
-0.7604145116067508
45.0343581946452
19.359424579952545
-0.01155434996934993
10.811171470107451
6.948069882692849
-1.1559064609370633
-8.788331345089968
-2.430865956256358
5.538946995847617
0.02205695701640202
0.01160918235373723
-45.722740437677366
39.0187762770233
13.35670930197003
-2.3064686726700008
-0.6698231897993404
-1.6074630743970788
-1.2601339659851738
-0.002407871728467972
-77.80361810201809
-49.96971890551149
-0.027505028014839953
-7.730670444139798
1.2028896105706285e-6
17.73522996868289
1.2634825853379703
-12.454590845928465
0.5104070516576841
-3.769251729868663
3.6821193298559884
-39.89423324359426
9.312178188231101
1.9195768374714487e-5
-5.991800937904609
-5.3174134663968
-0.32778319370562237
-20.89678454414627
-21.78816724866526
-5.22001509323391
-41.76451123127545
0.8984501983278425
-0.572280980117925
0.06808812560854867
0.6817185445460843
-0.5437590133276345
-1.8893156745114454
18.862785454716956
1.1686580288098394
3.757099247585478
-24.612170022771583
-41.26185485502216
2.3451549552593716
-16.101447689524964
1.1329838198556792
-2.1590422673094203
-5.4545873796636934
-14.09406682791687
18.42044560697771
-0.009198036825396407
-32.15055797108953
-0.006946863649922468
-6.080010182511251e-6
-7.881945151706599
-0.8631362434348004
-5.941052706239765
-1.0495919950460852
0.5361220841168702
-4.043435087773061
0.8073940160863454
0.6998874217769642
1.2369032192732679
-9.727321753244475
0.012185088784041086
-1.2264000075878292
-8.97074951570808
-0.1642371937574258
2.756841316235036
-1.5694261570001078
26.658032208480716
-0.06456442130406688
0.34878077641236227
1.278351999343925
-0.7284521951471498
-3.152393848903459e-5
-0.06731748417168774
1.239363759781229
-3.264557392241691
-7.037599688508757
-2.9162907007869343
2.494725154744606
-6.798599552251529
4.275764832378874
-1.24157826551333
-3.302269459075207
5.313681246917684
1.555179561341193
3.8395237240879263
13.040606722241069
-0.022885991690583116
0.0022373245936873442
-5.822371477510909
-36.41209305985333
-6.083975945497673e-10
16.833228057219983
-60.40906076812674
-0.8591706974535266
-38.74869391115581
-0.1254523543494437
-0.0009463516161640906
-1.4271663299788422
-1.7152894438774813
-1.0941913146005748
14.77413328900119
0.04016036004528279
1.5409579826823976
3.762457611617784
0.24628086290044143
5.679054050217846
0.030199148640848748
-1.5179091459313905
-1.4565414992145793
-0.10716945400847301
-23.5222593981112
0.32143122791207057
7.600672130068401
-0.0009135779824716307
-5.2859593543098535
46.755895636782405
-0.0029522984484001845
-0.3410896888149517
3.847427815575333
-0.0032385624945892996
-12.00484229992266
8.780910611254699
-1.1613098637408907
-15.729884716596189
79.46491069032115
-0.014235347480544629
-1.675036007727842
-0.06946817903327154
-0.7286392530070919
-0.0029193752193816735
0.1291639983161457
0.3736848437489708
-3.7295561005519935
11.101948372395574
0.10130034817491464
19.34956263872555
41.99222083151224
-1.9096967561687264
1.7908159938408545
-18.00559164343476
-10.622090712249024
-6.099399031694883
2.9021608741494114
-0.006501133310252348
5.01109887735963
-1.080405913254084
-19.758034171010383
21.646195962778286
-0.3400056486508716
-34.68267225522042
-31.564947262594433
-0.4266090277736666
-0.001186466354156751
-15.783002541677066
0.013585898179725832
-32.34224700590718
0.0010683793156003733
-2.334146678850886
3.942258046954408
0.18823310485524003
7.48688320869645
46.367786955403226
129.1625826275247
50.92232127394798
-0.19275633399237282
-0.00038447714893355216
0.1653275150171634
-2.0430979412631967
10.327498927373192
-15.483422120324482
-13.486663326071866
0.9659436999742516
3.8649558733081806
-17.43760157532211
0.8753294480843946
25.558958739905332
63.52990167874917
3.001166412320659
-3.580940697747223
5.488295886550724
-63.67265042072071
-0.1667597500743501
0.10775206984143058
1.4281985341737233
-11.395132689271769
-0.08091339559877328
-0.4562551199020499
-10.238117580657754
-0.576400797980523
-0.005062921491503668
0.8414638032976505
-0.047920884033160485
3.6390062674436723
-26.019064132833766
-34.08704665674659
5.468826449335362
1.0213519303576142
91.74434733565207
0.051093552944369444
0.052665281920062965
-0.09144669608304568
-0.006717159904048153
0.5552673004954706
-16.842795852824494
-0.49545105714870236
0.00058522858116117
-18.587171135669045
143.1533583977377
-29.060128151802463
-22.96336984472448
-19.882060893704683
1.9352219621400393
-8.908427853473329
-0.4898040226078342
0.6482108943615588
0.260161326478173
31.390447295547897
-13.46781775326216
-5.475870393227234
-7.968042975930991
11.636092230947357
-1.5165243575886842
-35.51237806698116
4.239627208883468
-0.4603638671346955
13.54057404543923
-1.1658272694421912
-123.791984508351
-18.490428540859575
-15.061108721222833
79.34493112636468
0.612170554868407
4.117622246357809
-0.9586204835983965
-18.46537657468671
-75.08028338234308
-9.557619809021226
8.625754138135155
-14.55674867615611
4.037347376994029
0.03422703609600786
11.359722316899562
0.4831322964777732
4.404691401374537
18.994759818866395
4.706530647753313
-9.359150453188391
0.48236501385548713
2.8132014898409405
0.9031843030614594
5.080090089281796
-3.13226909832778
0.059819800635401967
-0.7170621686676119
-0.08653964119855864
0.9404710106326277
-0.4643680220672323
0.9546167830302307
-19.61323737059857
-2.059768121352017
-0.002772807950128533
-34.735035389339316
4.886389373752199
-0.17072533566542908
170.98625579128276
0.009172724522733622
1.702332585942045
5.464519312199061
16.917905304616344
-0.6353117854191743
-4.4139046822374635
18.301763713517616
34.3278372193033
0.13388686136478334
-0.3420344437904618
-0.7813402171184987
-20.874287194412464
0.7310143794896148
-6.005645268430014
0.03422962061427084
-0.03808023566392003
17.259687934567577
120.14426439536753
-27.732506729016176
20.859818900465896
15.933752711670321
42.452009217549204
4.654111813723426
7.26863392713071
-0.004479696446953376
0.2736787252305293
0.5320229712755341
0.0005970698600159795
2.273879057291451
9.776854199127913
0.13451936805896658
-0.8352902623506537
7.853480897166818
1.2662883120439274
-1.304894227048214
35.16336238205517
-0.45154824434038693
-0.04981466897173529
-0.012347442003930202
1.120598598602312
0.00010837362565178834
0.011387055961898245
-0.012836384331892365
12.538277691316935
2.961286122286845
5.198238705526266
-3.1914650946133554
-1.5912330647302295
-1.8274591268837712
-18.312590421551533
-0.027784131164725823
-45.88101048295052
-1.3711068164247793
-13.989768637332121
116.75991549226796
-18.73458302634592
-39.48620758003543
2.601372952544096
0.4513896360255031
0.5828723676070924
-0.006084251161912625
9.243772859129104
62.756514790129486
30.121417172009746
-6.0231501016214
0.0028116299911891216
0.3615702235256205
-6.360786435474193
-21.227535599741998
-2.5268347985392126
15.621080264287698
-0.02957463267342983
-0.035988091154168025
3.1021802552976294
0.32293337145767265
1.0447681849636257
-1.2314560999425375
-1.6247546782481237
-0.10338756214406036
0.13662608307426896
-19.46722267494523
-0.02207505337029642
32.29272282321632
1.3166398681855513
-0.03472026221492486
-0.15671151815167209
-1.6915335752074767
-0.0262616420529483
28.492583560207535
-1.259214040965159
-6.284088289030184
-2.2622071003424185
596.6457363509521
0.383562474387271
-0.06632370214198063
0.2307961845852114
19.250170807670283
-67.54232486601005
-13.866929246197673
-1.2594385757195166
0.08824361327915524
5.94675141013941
-13.232288805337742
10.090852335670823
2.6806422482884518
-0.003329893295871902
0.8330215442957687
-0.2594936266195309
-6.785847367617587
4.219704331904189
-0.04731050744900268
-2.1105948529143084
2.1489675967090767
-15.684437171678388
5.7116009711807845
0.743058030864944
-0.9338524407828699
5.7630866503992415
72.8637651775716
-0.7594677841616827
23.14707569157746
-4.853973102794515
-0.02275468293947316
32.342401252527154
-5.8123604973350576
1.1648639989593583
0.19720107352479027
0.8324841608233777
-18.821276046028192
11.712207865674305
-5.9189770223527995
0.1250174158438346
-52.97652168003053
-0.5076028496599465
-9.155565648224382
10.332797196631276
-8.346254577318684
39.08037314219981
-0.0336350203222534
0.04545517190646984
7.494433528207158
0.7725503595923495
-1.5809747797491351
11.640592205654396
0.04658459093552713
-5.234553034620747e-7
-1.0501830307478335
-0.9362040044659276
-0.013334726509483053
87.82469512646767
-0.0030173510452386936
-8.719506879514126
-9.114211819733976
19.258031165640872
-5.832720620857835
-0.1046537126620039
1.1358752322370822
-11.96427408474469
-1.2801471206244275
62.1455177994102
-20.654134877636473
-1.1589441242705703
-0.017083108347843528
-0.044769086623689905
-35.75365694388168
0.647316789943976
0.01872738124668221
-2.785862415943694
-2.264028315310275
1.5408404827184127e-5
0.011180015324702131
-0.07670072054583024
-15.12294423484927
0.06314887829346241
-10.402781204569353
-43.499795444181736
-31.8093008575746
7.2446122302874505
4.961618677228133e-5
-7.846188764987891
-23.099805665083085
-12.371376279252466
-0.0044874326616655405
9.897140977455402
-18.959472363716312
-27.326261320463907
8.446906330069616
4.823659502826996
17.55072847195729
-0.010272406418851672
-0.8549227043895143
-1.7519546107793984
-49.475862024446634
-9.826810523722804
-27.177643766203477
-3.794427798384071
-4.315387741886884
7.692042041944605
-0.15875917806823966
-0.08137690987482397
-5.585515724176712
0.08816896223437116
0.009544847248174063
-2.8786441972990926
0.03993792752170871
-0.0005362567981582557
1.6445974881954057
-0.3421239640709191
-32.84408407102697
-0.01310160957407616
-0.004890635529878573
-10.280085564449145
27.126046657669203
0.0035989711909377173
-0.46545005269071804
158.2422486853085
0.0003702180080008418
-0.07559810841993145
0.10042922115945274
-45.13171856801188
0.012677340687581185
-1.7966335949345396
-0.8550528531010866
38.913395735066516
-0.31437895071609356
-0.040908013804091176
-5.294863619324024
-0.005537591590709196
10.36514319214937
0.03693584279551656
24.406720000608637
0.17103507758435565
-0.013664910973315314
0.0018964344509482065
-6.240115964759286
-57.737260256271355
0.24564708629228563
-19.16560170983812
4.563497487183453
-0.15693375608449533
0.21691720417916235
14.26372503253286
-5.040159071588243
14.156339433261977
15.576835861109803
-0.8886747813198526
-0.08616046700719064
0.00014014326252558367
-13.73670282172185
-0.8714554692902304
-0.00038012598778534157
44.30025282831368
12.61612241539419
-0.0015958764065107732
0.001601481521012897
-0.006999792936884004
-5.8704235948240715
-3.0680282010100677
-0.6048913944372716
0.017559297788700967
0.005473788470860369
5.285652951002146e-5
-0.23714219839566977
-1.339710270718523
-0.6117712749547238
-0.03577472501222319
-60.67158729020556
3.5893493588946357
41.07432244088728
165.44272054498637
-0.01803024119194025
-0.29464331720772535
-0.001767381938757999
0.6014279487166416
61.50711603681156
-2.597477690057061e-5
-0.0009342466741166056
-8.27084095408498
-67.84883999058411
0.09389075577092192
22.38744335369506
0.0009303611791483392
-0.057841035123260526
20.278000855176167
-0.2287145455165283
0.5408116702459185
6.970564983643498e-8
-23.04932416044454
-0.007542405521520346
0.5382697344110171
-2.4579990443605095
-27.45621589453328
54.148325216711754
-5.847161447406339
-0.5321230908960707
9.534971932180897
-1.9586336803337623
-0.618708481719873
16.291172929641924
-17.84080133201158
0.013955243807512173
2.0984024622615434
3.2150600215389553
-0.02423946840037094
0.3047804037571359
-0.0003921584961622248
-1.1035538768370061
-20.61993686644089
12.525490971439492
-4.597060852265541
-5.766497337806194
2.2845935906639916
-38.05893352986636
-6.848066837296812
11.945371499843837
-0.08063004802412592
-0.5690507849058621
-0.12635173175692116
2.0874922077380407
2.056473356503004
0.11002664367879975
-0.694511511261079
18.325252985302484
-0.9875175686247563
51.319038546979776
0.03724963369518032
45.745140839916075
-19.573327739136637
13.588688862010471
0.01682533945862721
-1.652259963414218
-3.0466171871799435
0.47625474985624094
-0.00950546272272501
-1.3888471117376682
3.8149811646332576
8.883643138977229
0.0007509903473086699
-0.07162788707311152
0.06890035511086284
52.79103640484534
-1.2490009119269097
-0.0017607425304675152
-13.622454619040674
-11.88598824381105
-5.308301245034071
0.17837074816921314
6.435165559916022
-0.44953002357751143
-0.010821607047190342
0.011616645752623856
-1.335271160910433
-0.3574202641675725
-0.0022665879082413415
-9.042815219081204
6.138568343335079
-6.286421018609851
0.0072807260917418185
4.527380728469845
43.39837833239074
-4.605517451006901
0.298147466374566
-0.033341430169622835
-2.6001209664693654
-6.515365143399757
1.1290734933498194
0.013871453158923141
31.44020211605168
-0.016492516344230646
-15.438195544095606
-23.448052572039668
-0.22299909356378153
-40.82900674643517
2.7884663096130833e-5
24.587305031168164
51.63456189657988
0.22830042839915385
-9.134451568462977e-6
-1.7229328671442143
0.044182794235590094
0.003336387825399953
-0.00021936444409501683
-11.948819440465094
-26.183407482927823
12.087022071685304
-1.9940566426780297
-7.104559260535721
-12.389802985371075
3.6053929651731624
18.8224904989639
-0.063663285068293
-0.7237445395156185
23.07605740214207
-0.5331879056838076
0.03063280225909728
-13.407774933750455
7.132649985935571
0.0012965159666255075
-2.7757142015164864
0.12666117743712582
0.010557932205655582
-4.293004959577689
-0.06996168747885617
-0.001574026792975672
-3.349001981293407
-0.48731300774015635
-0.3339436469348957
0.014281249839834148
-0.6864152162411924
-0.1458622006572235
-4.643698477579427
-0.004571753136068518
44.08110877543724
-0.016637100671151882
-0.04254426480873489
-4.633127639212374
3.1017635258148752
3.277769391813995
-10.646521541373067
-0.008789838511502526
-2.8173821395346814
-40.585898862245216
1.5848036959735998
-0.6573711069986423
-0.5137035942113969
-0.00012484550066149428
0.004448033265057157
-5.7977560892809e-6
4.20269476408353
-0.004704527225995479
-12.91718508169013
0.1739432863377899
0.5841265088988522
-6.218999194043204
1.797740946554996
0.7563334758624005
-0.013088731215748991
0.4834424401096589
-2.751563585398692
-6.496856198005436
-0.11747216331403146
-3.6435240059303484
80.68951214729513
13.275618870738551
16.136848581704086
-5.979235013824808
-0.018160936675037806
-8.700868286399173
3.3082197159897557
-22.952439725747837
-2.086204722970354
-33.992550152214655
0.845409122892898
-0.016561109972181753
-11.441154290094918
-0.24483976992430234
7.244873751837481
-2.587837210340461
0.9511104550245338
-7.441806573948629
-43.07232191888099
0.008861416909382839
0.273466524025202
-0.08024207029199246
-0.2059123555195869
-4.256405185107741
-1.5326406655461773
-0.05115147360078095
13.867792568612906
4.887727763559591e-6
-5.452977292845914
-27.158564054961175
-0.7037479071095138
-10.327592474804064
12.814559906336038
-5.376296409296604
1.3940566745042213
4.003584113357106
177.1413453804482
-0.006456766583389092
-2.819588823369259
-25.51341932526805
26.71285240999103
5.086933876242225
-5.623446290401104
-13.531701662334
-3.2890111781344293
-2.564666749153376
-24.780162168773646
-0.009000885144312043
5.175673247003938
-13.405404170157034
-0.0008709164803580904
0.416353705166499
14.226506513050545
-39.88130312743492
0.01208131217585099
-0.06647604667572435
295.8094414547763
-29.498486994324598
0.2699958158596548
23.35115250622696
9.617522435390885
0.11762671760522125
-10.247531944119173
10.032609602271027
-13.765064742799517
0.0019454266342134622
144.81656518823596
-25.536605787096143
4.696455033018864
4.5242125929514625
-16.15002919172078
-32.172864859106205
3.8891974133581453
0.0014238363779862401
-0.0706689424660855
-1.1159955662148304
-0.00702492124131552
18.163155233077358
0.006462382095225072
11.634451792415264
101.91136059206956
-11.442431432184476
4.754272025852979
0.36960052599057647
-4.326219390158448
49.70246961610909
-0.11340156322929808
-0.600687534657507
-11.615470821958098
0.14697780732407867
2.469245483649819e-6
-13.560284363556425
-0.18899318278369823
11.645767073138044
43.95706883745424
56.21652816839055
0.12788637121025845
26.566423978998948
-13.52210047673666
1.7079553844346573
3.6202710537046237
-2.8171143863723547
19.883335531238032
27.41200261815767
-1.6149185289671637
4.523361405581715e-5
-16.295239378809313
-0.2594961063686774
-3.061202854344643
-7.390376527688687e-8
-3.8558402641776364
11.763135180807948
-1.3093988055150696
0.21406219942074306
-12.88224300687325
0.022891726145749722
11.791534823507154
-0.18655916034378928
-0.015964235024174527
0.09068720152062315
0.04073291783945709
-20.19108351066041
72.73649876261568
32.20025760538949
10.227869588083216
0.011579090902923372
0.5626481369307111
1.5134710723171634
-14.22869630408971
0.20325343251055736
-7.193774045211552
1.683813936751453
-15.245496602336548
17.292279891332168
-45.08611270153747
-1.655067063272612
-10.24314190419214
-20.26292974239253
-0.031697818942130744
-0.2262083632495044
13.611030229208641
-16.47945468178393
-1.3430766080654624
-0.05017983229409496
0.5906314702583817
-7.77131366618623
-0.6571904993609889
-5.482796324789575
-2.256978399126722
-0.125926384294045
0.13053456349672435
-12.177298533626814
-0.009243626986706733
0.31812712582698394
-0.06402672803046477
-0.05251529671252287
-0.03563311127097881
-1.4581795607457717
0.1982004761678271
-10.276020856224099
-0.11157824783155103
-2.1298813814182602
0.09692989642613237
10.523322345467504
0.8507704879061855
0.9689297593838917
-0.0004289830528744209
-2.0657945004921645
0.6223148930029697
378.97907238217476
-11.32962522683473
-2.079191124209895
3.1330065961427516
117.76332504958535
-0.14830529559630787
-3.2108799027883035
52.6099511457564
-14.712843318634967
-2.457858954268192
0.11865812374950549
-38.91231312721894
-0.19453800712969746
2.902496343725302
0.0002249631907909846
22.372280848838194
0.18721011866623433
0.2881425345131068
0.002149514493157201
0.047757627067718016
-1.4860581891756959
24.274497152264104
-23.0604614149825
-0.25020333186653754
2.441971936658204
10.687699277336948
2.6364765191979505
16.74803734052895
11.933559715533793
-2.611119506570808
-0.3562317191253638
44.53970417645944
-12.698599393308534
-2.4168236068180717
-0.0010673508691674638
-1.5662667316380852
11.530613692448641
-0.45108285981603974
-19.935899705230526
-0.8146870328541157
0.5885817761278024
-0.9503547316739923
0.047436619253211035
0.0021125448834429118
31.081412632996386
-7.444027012588161e-5
-0.001148924422400479
33.34805906745246
-0.5565577217309281
-0.0006783275324955028
-6.783323917828631e-6
-0.007357295796309283
0.2524554957369453
-1.2424849211387086
-24.736361601553494
-4.477966447978441
-8.734448151925386
-0.014722297099575742
4.398947964224478
-47.82082032283375
4.398542190846843
0.33193811302382814
-0.44393895457700633
9.222129137987036
-3.3680812441484456
-6.691132567823502
-1.8919834769176198
-0.8881175063518155
-0.19752271818233116
0.01054957616353863
3.1439932303427476
-0.0034988541729652003
-6.415153570435612
3.998255982944843
72.24810547386092
-24.735068143097205
-0.4024839124726736
-7.172398419442368
-9.338404393484546e-6
20.29848762680876
-13.281550186226236
-8.60826793021732
21.21792502908713
0.028503677007736098
108.49644726527123
0.0027935138723027423
5.574292314028412
0.024755747398247083
-0.05476001366725487
-0.5052089323806132
-15.273086112475722
19.189317151945236
2.6881500915051366
1.8879864294239954
23.76700365188135
15.105663342035
-0.055535075790426845
0.07308181676530835
-24.175256861093132
9.384708934315645
-15.813424397160768
0.36042978235263656
-0.021308753602062715
0.29562282432417347
-0.3861792609707771
0.0021509578989987303
-44.69511420939568
-9.908481397002934
-1.1546431033077045
7.655700036960991e-6
-30.192130910952322
-0.09907361351368729
1.5977691521664747
17.00354319821466
41.83830914968209
14.937939139192828
-0.12593739987423247
-2.2438663081358823
3.4825390884796983
-1.5301776085143388
0.013880665830653376
0.5533721068639937
-1.6452310991825685
-39.493881251942405
-5.204710689047004
-4.580036583051151
-1.2670028353567682
-0.01096674863550749
140.16001064485454
-20.454030172078554
-12.357618464615614
5.745489483939745
-1.992051541748319
-0.9032173549297248
-0.21187371775055877
-1.0742375429725963
4.328736361465402
-0.09784849390269529
83.9967669281354
0.00022948457968365482
11.70638900852362
0.8802897679088322
7.676009675653054
-0.625759442494024
3.721350442145972
-20.56996598939564
-1.3311859211284442
1.0351068256240377
-15.879613068862412
-0.041058792906155585
-5.7332249746303825
-22.09203836991102
19.197471198352428
29.718913490210358
-5.707172708385739
14.960410203749108
-1.8026071517341702
-8.840236412772624
-0.08988101528099886
-2.9318903958635327
-0.02520158372902635
0.007526063473475898
-44.16078194315871
3.6803241155767235
35.983500739511584
-0.18107892365235626
2.445712551598783
-0.6207907634613308
-0.46445688187402856
-2.2715152373116467
-24.845305603179185
0.0006229953390010648
-0.0020471228207150087
1.1094034884702988
-0.02184650399901555
-17.61064632197861
-1.1388855829858933
1.359342403853095e-5
-15.906960654592465
-0.31201606963054934
0.034619390512689655
11.211035258982902
-9.607458228548403
-1.2847261986206038
19.64541621248142
0.16448336122508883
-19.5333522656864
-15.333926484059871
-8.37708992552673
-12.08649932028173
6.392678275694527
6.24476415727875
14.577950937448124
0.010230084243398864
0.12056593636888328
-15.0705153657226
15.11404216439505
-0.014467693551733466
0.00017296967533756945
-10.031031296424437
-0.18247422769684216
33.61556564066959
-0.0048409253904423315
-0.013672601158486048
-0.005045173289088424
0.043434972488136936
37.69755146725234
59.76341763939917
-0.7077961700564012
-1.9419032711193798
0.4351466487778264
0.014660594269145273
0.02566384463495208
-0.3778058600933697
21.668863783582406
-3.86196143952457
2.088288275047221
0.11030430826297524
-15.879670530659052
34.351281606865435
-1.0979823901401242
-0.02668823113122479
42.71523513358229
-2.154303499073955
0.013049396020043083
-15.810070651878053
-0.0006651523771975758
-0.023780328598053183
71.35230683658125
-6.823877343785904
-2.333726405568713
9.45439392418149
-0.005415132361556993
-0.665400410938368
14.955174496166185
23.05967515035191
-4.165523930378274
2.457296530183601
0.0006716239946822997
1.3201620189961656
0.7128304376849112
71.50600489105614
-0.7019085473714572
-11.367038238735718
-0.16576945813810773
-11.167477133194517
0.0017402097840200222
-0.09715483288854242
-10.839757603293958
5.469263168018598
0.7670233269978193
-0.6300904224318077
-1.888710137103754
6.670378925437178
-12.622503958161234
-19.285555719984398
-0.2261281242517115
-0.009888823046845834
-6.440615762059331
0.5809145937113548
-8.787273530824175
-2.3499027492826055
10.430063871303936
15.75504718439344
