0.3804213751141482
8.839082580141897
107.1238202076456
63.31548095573951
39.263295050740716
7.231333224241272
-0.25348848315456196
0.43198077644197197
0.2504287218508133
81.39433999639161
0.049190081436084276
5.581282175447842
1.3261470331154954
50.7937819995906
6.663300768030003
-27.100226237836022
-1.171141169813291
1.4993257217730307
32.86801995948477
2.456851378881463
-0.0054052801506921
-0.014074297154321043
-0.0008739532527833794
-0.9169813952210608
-0.07905434089121184
-0.0015567164959977746
0.25361773526666487
-0.636661194613455
7.444498972535531
36.01197158034227
50.85893634359468
-0.0007269739649594508
5.169883391889395
68.70121577464575
1.8500696127586034
2.8112166456674985
6.096626246134242
1.3286905559424027
10.004904430223522
0.3471826232183436
16.074959601257934
38.152659873367035
49.64378573573465
-1.0964541509012247
-0.014205044901182042
-0.005345109257688925
-0.2698038440743414
-0.14962266310490685
-4.352626451092759
-5.946391024101856
-16.472085906398178
-1.2861931364976995
-12.895891871299986
-7.237454675505444
-3.961954983695004
-0.00013452490730623756
-0.04881859156647206
-44.23387020290057
-1.7776047735524692
-9.256102479848535
-8.863048026936635
-5.626737332760117
0.24428216782013062
-0.00015101359984522872
-0.5596786814236958
-1.47378776559992
-0.5801461054181973
4.030457895446774
-0.0014894213444797413
0.6486474315978992
-1.2122957304270396
7.281543758477632
1.6665636875545087
1.9149313007805955
-0.4065510978887247
-0.5121672021150788
-5.6708440480491635
11.631977633553058
-1.3717199811637342
-14.19836223899623
-34.05370619903252
-6.733894672090117
-35.35268616353839
0.25533404984002617
-16.36852272656359
0.004616440917364643
5.32664852465948
0.058372887989972325
3.0807788680021146
-0.18145954818102317
-28.969584396993152
-3.308742705577211
-16.86304686507122
-4.299591902796652
-0.018614066692072453
0.768107465530605
-0.09449599545827074
1.3931817560791274e-7
-3.369405057232816
-0.22678378867775997
-1.2530357128878693
-1.6643844829396528
-15.104562029005704
-17.756420044364457
-3.304173610970561
-0.45845672839464996
-9.985260824552025
2.836804250277514
-9.098762495187465
-1.553006423592498
2.804857201078264
-0.0007930824268903584
-0.000244165159038312
0.4710920454976691
0.06512369665141278
-2.764147229745714
12.318657032868703
22.712466979597973
44.9456664432844
29.618218656627867
21.34459131697262
16.015531416379847
12.0108263392698
72.16399309955341
204.70856184238534
34.65399204835802
9.169183340275731
30.823772662302556
9.504025971543962
-0.23357168348965263
-0.13838762570566715
-0.3079289771915614
-5.851578614121908
-0.47012986562768305
5.046544720798149
0.1464891325278298
-0.0011046582368233143
-16.715413080743044
-0.19004303608827322
-22.860999587567523
-33.79481480625417
-0.08898265817458019
-11.369331761900277
1.2783950589596362
-0.0019996461234992676
6.358701953390788e-5
0.004368682492352981
-0.0005555508005261141
-3.4143214134805584
-0.15708827321155183
-16.705302056961767
-19.95689480564469
-5.692889775936543
5.721125889857604
-19.507365667732998
-2.12148516691926
-1.3772936697590292
-0.3207080341777139
-8.169332826762558
-33.687583129818
-0.27815270199531456
-0.0008296096718255211
9.754531259659311
-0.00017553500966072764
-59.3809993238348
3.5447641096361346
-2.4303929665317463e-6
2.6165540386000194
-3.2192488015875784
-0.32838051113137634
0.03773021111861359
0.9572769713472505
22.931645590633735
26.52757650020707
0.0003635685476088554
-0.18830605602496187
2.5249064736064093
0.0014900295117106213
-11.053734752442034
2.857940524885944
-11.573495923776484
-3.6070215985560785
-0.40152976502040033
-0.7342291143088284
-6.0742439921712945
-3.0255170691754913
0.0038837075175265742
0.023843249783634387
-0.2013272550028976
0.04629036065989578
-0.021610163254527984
6.476546571128873
-34.676074346467026
-18.487511899621577
-0.4179536230933444
0.08755298217130272
8.054546257228347
0.0009179693874036288
51.21659041703634
-1.0221770152875735
-10.697610224895744
0.029574490367185464
-1.3439911908448738
0.0001684066546715938
0.35185077093913497
-0.2702459636405401
5.089010034502913
2.1529648358942817
0.06641204197625757
5.114713930881808
28.114977598548663
-0.007688158314940884
-0.12364367553188897
0.26267510845637027
6.070237411964654
0.0004560887140525359
-3.8394213742772982
3.4330871384726267
-2.618445529006116
-18.297202554546203
-2.673615897206448
-10.66823767197912
-63.619940684781845
-36.29730228801442
-2.8824760376408007
-1.5885478337686856
-0.4244394012316125
-16.07239962572613
-2.9861810452155426
-0.6194463775540717
-24.833983116757818
-6.620263594169481
-0.03635553065943257
-0.4667736417900615
0.058460930910329216
-0.003468363149086333
-1.1325957054834714
-0.17266589541397953
-8.040606356629528e-5
-0.3154005999307607
3.6708871008844475
0.6631731871236101
0.009442134116960314
6.883802951852599
0.004964214702681557
0.04903831016658206
-0.7978733414234922
0.001036355496409113
10.971319973373694
14.06867226399662
24.427089511047704
10.02346188543744
11.46649708660899
0.3282245161725444
-1.024734823613375
-23.795316182159873
-3.982261208206359
-18.809811108585613
-9.63767149389902
-0.29401839588800466
-2.5297789076460893
-0.14895226853890803
-5.972341430639819
-4.1006821484101295
-0.47835737731393324
0.22368274131014018
-3.130050081658618
3.9086390902688795
-0.07901871337175646
-11.920808891140583
-0.11341362185148662
-0.3840408853958227
33.19891746169861
-3.1831183831908796e-5
-0.04513169971966792
-24.472132841224663
-8.397735407793608
-3.6347544077377907
0.016302241122048734
0.07913784631445779
21.06134740504314
20.12053464195142
15.279949812657964
-14.893783902736608
-12.25041697857563
-6.299705265096943
-0.7577704415442498
-13.270374191512218
0.4571068901938012
1.8713806287042887
-3.2853548901466696
-0.006395374063733017
-0.002666571834489307
0.7758977439869051
23.34213242549106
10.068303132692455
-0.30042013837541387
-4.097395346798492
-16.31560465277507
-0.5539792928881481
2.05484941873342
10.380867844892961
-3.3420179125657192
0.0004902732626431167
-0.0106388465078057
1.2523102722207748
23.214193544822958
9.991711564747458
5.65015197786129
0.8901680428030226
0.005023965260435046
18.4027750765514
-0.0002647798184322616
-1.7145237455467897
-0.008255555556103383
-8.171978429523708
-8.452917656920361
-0.009106774662456076
0.0005380081269452658
-0.23290964604598763
-40.243902480241836
-21.60799484192248
0.6813811714508622
-6.766412649118285
-30.777432580068474
-3.061019864011035
0.0025386034402120816
-0.6617274696274322
-3.8288619287987298
4.019191467972643
-0.9232077510130493
-35.83568970984797
0.39295587382725
-0.004288242186934974
0.00010775439228079879
-34.35940172154599
-0.04790107191102432
0.0003057651682621399
0.022869173720320726
-0.10064452663036534
3.8215793625393286
-0.04610070105570401
0.717821124084833
-0.0025493651250112744
3.9760693532258817
0.24304978909150474
0.7567567883521216
4.446135453356943
16.9912347971338
26.3718641012287
15.797813200347607
0.08241245842604931
2.9021352440119602e-5
-2.9316930806990604
-0.3598637824916582
0.019673339796291243
-39.3087957972967
5.92607007329375
6.26276382465671
24.818616690739077
0.7079013211869258
-6.662804950689602
-8.656987081390643
-5.512324964584971
-14.484224984089208
-18.00515908499737
-5.567406233437107
-2.8846003512110188
0.0042594443103585585
-0.6654636728464335
-4.082975687761742
0.4701521694278065
12.937734609794829
20.204471646835756
0.0011846738425220886
-0.07793959369584337
-3.419063149495541
-2.8100563883059513
-13.954062387326323
0.12061795974568584
-1.6255389193040255
-0.005714011556506197
-6.002951124601366
-24.541931870255027
-1.1675114381607965
-5.80253995293569
1.3949479000809804
0.3791205914424058
-4.296512676403097
0.009948086206688498
-0.005903220217296892
-16.181026219231953
-38.68485658113083
-1.0796975384882823
-14.153989827037845
-1.2612492191900588
-0.03137744193945307
-2.5529742984987953
0.6545796666681966
-1.8395733019197098
-6.46070392753038
-7.905833608842995
0.1174647873459065
5.648474228560136
-31.455627559578932
2.3403224238180242
0.06079806956591764
-36.53660648430425
-0.29695359093679663
-6.8075369678846664
-0.05712353521761334
-0.3307222806778707
-0.17243314740336288
-8.399287855345138
-0.3830406810822704
-5.5709587037173955
-6.253470051022455
-15.418609294279582
-26.770816971239803
-129.0648390221303
-15.40570510591757
-16.457269444062877
0.0099260829368895
0.5346101834645512
0.25209053078924293
8.30344692858576
-0.5666395201143208
-0.3322690857720282
-0.1375729558390016
-4.91611339610968
-3.628946501878981
-6.511814988454992
2.5870117476065095
-0.5182571630754614
-29.79075218676702
-1.8417914678003744
1.0100603507210228
19.72113278304666
39.3866966109299
64.62823209087325
12.19722239492777
-1.05482499695869
-3.947447657911868
2.206335533130372
44.276041292028395
282.33311008374125
4.2027339218108635
-0.5026723717874145
-0.17748238106786918
-6.498221656361976
-9.534491025300243
-3.8741229516065365
0.025131081169475242
0.48510242659440145
0.5430248778170691
-16.74588019007916
13.278859891004112
21.785522151230055
52.30914771340407
38.43826720524424
5.375399890126073
32.25949879418652
4.148402428723092
10.43953766913984
45.93472034566616
0.6808946036221978
-0.00041182717803533883
1.1464339538409478
4.444169299217107
-1.1401676493132231
-0.7557185298489554
17.756545660959347
8.93623219388765
33.75491216757964
104.44208700402763
404.79016608059413
127.4839821460082
57.59929272866462
209.2250409842344
279.6281608578437
310.0683160358407
255.15144489365403
16.564761924876905
41.85982479615073
8.98493127151502
182.0554204154062
14.377869090065047
181.2241077951623
207.29244496405167
60.52202884686468
109.56843874706246
2.725945396099685
21.76190385230624
5.880458551957317
66.5850412563357
0.0011534819799509423
14.122270864238955
96.4335786113814
7.3194786294856256
7.521780263481481
0.18075278701702976
32.58386871827141
20.09196007641528
18.091815792679718
4.165507207981163
45.25847760439324
17.84484020569396
7.051885622089539
77.45287877614481
17.541102360438018
1.4957480602468143
4.8819790096817846
7.714760238052851
9.129850397281446
17.61472109804208
25.251856969387067
73.65016919086159
86.55101546185287
9.872478028293763
6.147873528768403
68.2648713584995
7.229544984595315
0.004351211267368606
-7.507974356916899
0.6667664667547818
37.90071401919707
18.151374726251444
0.015391823165761827
-1.3583580376155986
0.9886704614614914
-0.13329110080460857
-5.267246357595386
-4.9470881089009895
-11.038494738693267
-0.06411995475214252
1.2895955433570885
0.5082069588665653
-15.386240347499859
-4.472978518992156
0.3548380142733798
-0.05875977893506735
-6.277815484992648
1.7575020163510002
-0.5903279133562869
-17.088091609714347
-21.46275679333612
0.003838054930777742
-0.6772573408362492
0.0018124522185844734
-0.6447796415622598
-0.8686152382149113
-5.532597262602841
-0.1454245353254879
0.0356247024681942
2.450558213417035
16.762129011359892
2.4317174258989582
0.7708318268875154
-0.3123470376148434
0.0007722666963065299
-7.4317481841131
-28.866975489722332
-0.3980041043444532
-0.7592674179338457
-51.07106350263507
0.11677093236225713
11.156769792073112
-4.213029179846868
-0.5640974528973934
-0.11706029582257478
-1.513043635114557
0.017790059213816628
0.06660444773883817
-0.0023116424763395525
-0.021654822107584605
-1.6080927548443604
-9.116712178123136
-0.014912385604286675
0.03630367512955499
-1.056251999093696
-65.91472278776166
-0.8185084132677366
-4.164032773219767
0.8667857424376393
0.45309420099943165
0.04233011351323117
-6.175717560131234
-6.204902043665191
-9.268929741648886
1.744203830174298
12.721587134027207
27.93118283453699
0.010088953267612548
3.0431176564187226
8.955799062687573
-0.010861987582779275
0.023991639747018467
1.4441391561865413
112.04783911825501
-0.24637472046121736
-14.744230420369634
-1.5196476203858433
-0.002631300003011387
0.051613616656466715
0.28533019582513097
-3.897026341381588
0.005632178570674366
0.0026552062360105924
0.07502462700412016
-32.670678249144665
-0.3777112138736875
-1.0654139469791941
0.00030444450151099296
-1.2677478447497699
-9.99026471258281
-0.4055516173006872
-5.180549657094505
-0.08178648956665487
-46.33614578400379
-1.5292998043541615
-0.013113697320689248
-0.0951188360009317
0.24747746195127343
69.42260295334187
0.3137982933255072
9.139789025497944
-0.2117580941870673
0.17396222137086978
-0.0009217340782130113
-13.517083711853425
-15.24310546539704
-4.8059441564930285
-10.329446899714121
-162.58018248955628
-11.439980010172484
-2.024873834253328
0.45494124590630886
122.88513316646052
-0.5454586692365797
-1.0521590557281146
7.961414205996125
28.540236178451966
16.801787740005693
2.5921897326954197
0.11559220346683045
-4.047499183150055
-0.00010391131070284189
-1.5213374620250084
1.1408874769507293
0.5484278618105657
-0.6401891864747137
-3.63684634473743
0.02039396699188703
-11.351283989071739
4.16454002847269
23.13422955798488
0.0683752902962715
0.04693136795425558
0.3160248295319319
-11.583397910551394
-15.649987256988842
-0.1747268887633355
-30.865228499460805
-3.513989215194579
-38.97494855943172
0.16108854882284054
2.0966968979200096
-0.7874251100136325
-0.22256991587620548
-1.7625386355603645
-2.3741708188263155
-1.7706196433432935
-11.728640859572605
-9.464720661982987
-3.8697700124361187
-12.098144882698271
-10.451832110940805
-0.10228725919126519
1.1186744233951849
8.778056842708278
0.0011040460698751107
0.5162429498063559
-0.16402456357931788
-0.05489355135429396
0.7699678670950927
0.003214703650617191
-19.93509453928535
-2.3933193775251014
-6.875550175183167
-5.064569632307591
-116.49790327723925
-44.3551649430276
-2.5848005940887213
-67.3451012054112
-33.691353370246325
-11.746609995795735
-0.01713333987871401
-2.0288634262118483
-15.929263580344701
-26.62598082290801
-20.850902173259406
-1.655871189382457
-0.44959464316085795
-27.128167944832608
-27.700785596709864
-41.697700389572844
-9.155405615666833
-0.8903719610050184
-4.997952909599037
0.06035411215545895
2.6961231654797624
-2.3055872613067585
-1.5395335279988263
-15.935001072431767
-66.96959472840088
-21.428748596294902
-0.21327411103756735
-3.8098141890499426
-0.0029661045811561113
0.0016101086983531469
4.0744206173233675
1.197766989396982
-1.7119346044278971
-0.01118632995441056
-18.824287206405998
0.011630621827349578
-1.0092899572282168
-0.15943743413305864
20.842167128539884
24.065397895722192
1.2421265172242852
31.554330627755835
9.824445512118482
4.193155441642536
2.812165060801372
59.1867613174088
9.059766958801818
19.857252287283696
0.4217926378117375
-0.0007601874847286873
0.1633163341444833
0.08028787814536711
-0.9227097021885561
0.010664153571525377
-17.52191775566689
-13.724365368028497
0.6129399031423528
1.7048763311696595
-4.3065856449807915
-5.128652053484466
-5.768111353489294
0.23682971960119853
11.56744213255813
7.1982406694879
0.2935479679803109
0.00011290384543047695
1.1479074960051405
7.622049922946964
0.7079507079041392
15.102401572168082
1.7645581875591982
-5.882940210115414
-0.42597623794406875
-10.969578721123076
1.935209607646917e-6
-2.9179378980174557
-0.23429094153493987
-53.34014323551938
-7.6601604781942685
-17.757061825795393
9.864843615111178
1.723399487188285
57.80540801201051
51.55468197434004
62.458235626577164
192.7450496359878
127.81647687894056
242.17038027115487
57.48874793919897
83.22848347299839
1.2712077245092523
17.12130038945291
4.743030067332764
0.5735141801155391
-0.008267413840211693
9.912365877055759
4.418832863923251
-12.306960146669505
-2.1010861953967925
-1.043076637521686
-3.6372804295871872
-1.856657292072345
-8.160981625399836
-37.91119065755112
-0.2843215372068493
-0.13163758449179971
-12.422280000933045
-55.707572200040794
-18.04275975875753
0.015382524716659712
-0.01115999859636976
-11.481476725364818
-3.913771786803856
-2.532760247327478
-0.7623582633215291
-0.4317641254301784
-4.724694436589168
0.21076227853617618
2.804612783681231
7.899457650923306
-1.9245021990621645
-4.117585627225033
-0.5028045661799693
4.649137289285867e-6
5.054271777811276
-0.07178997579288048
-0.006562591276463811
-0.8171336480397786
-6.569006918171175
-0.024136121716587182
-1.3545621092200013
-17.7389801927529
-67.72449220834638
-8.137846585392086
-3.3464094818109733
-7.906633586122096
-17.540281227608222
-17.422716031137742
-0.10701318929242706
-0.13143767572030912
17.017590111197507
1.0400178215403968
0.6369398602785509
0.017420338370292818
3.253061352894749
-0.008339070333455382
-0.0009180606303397976
6.013500984597739
0.00034418640098290044
4.9102630887780565
-0.005673389030415945
-1.9443426183316
5.956818406325925
0.028710929583740698
4.19606155079433
-0.005912885897174729
-0.09610488326898975
3.886350072171436
-0.0013953524464694806
-0.2895941655331667
3.8738150614152866
0.2804765378498036
-13.841950037184967
-1.8911524397885793
19.091599500721898
-0.032374154579981454
13.991134711368343
23.90007096678243
21.325113622358582
0.1448180886980156
0.6334463583022968
14.286856765249489
3.659894761693665
-0.005098295220673899
-0.09973395521367819
-9.089804205609997
-13.64594239971038
-16.06664402555617
-74.35594466687232
-40.73037667702245
-100.2884247742956
-59.210787210772
2.940656125885132
0.03749994495617425
11.077664546071126
0.6676856679794947
-0.018178471961127797
-0.001258933582646836
-2.2486249518847417
-0.763629716749082
-0.38417630927834506
-0.430034734019492
-3.960212203187224
-0.9414100826014364
-0.40903739387091204
-7.388145781983736
-12.343027594173073
-0.36003078257630905
-0.06349717510084389
-0.27458022871713494
-26.676447500664903
-9.213580125306358
-20.893459034392666
-20.98127785798212
-12.763560266851815
-1.8890914439344144
-10.287972492139218
-4.35804682085833
-13.970024788107347
-42.71402691037909
-50.65284094443848
-4.482528211666151
-32.40970486449725
-13.583484890055432
-14.385268405257518
0.004703012469293134
0.1937454010518857
0.24292004061965722
-0.599560662708706
0.4673099020938725
-0.03578689267128726
14.273976487041923
25.21430639705266
18.631007922051708
12.45247322280349
233.12402676874913
45.7861616670703
383.5426675843637
-0.0005560446312789224
-1.6634320899403348
5.782880322310905
-5.881909245749448
-0.1636002834011207
-2.18858032119368
-0.036121437088439436
0.049644419049020345
-5.554531446664511
-0.07716478620216859
28.4885101011456
0.15365780387712313
45.9372984928923
9.191437086573105
0.3489230843725187
0.05770195342967704
1.2887115141853138
-7.543547038109856
0.802513476123376
0.0010479563504851798
25.455630692731415
-3.192626866451592e-7
-0.00021110914502322486
10.556908010389241
-2.3015537431139667e-6
7.072698429585547
0.8432220223847509
41.18385723932922
3.9249000355594172
7.217908849620891
0.25433672053741335
4.567769372044275
50.271732375071466
-3.9056199586903024
-6.992230085773877
-5.740113831707247
-1.3854992050032993
-34.73195019690782
-2.2890168991336024
7.079633744744646
-7.839571092707026
-0.5138363696401419
1.647613837668551
0.2651947458405051
1.9488620748732453
0.004261703610059885
0.07121117578776144
-16.880609251276955
-0.3957488639096171
0.10954370601141802
-0.016238194550565754
-0.09066615560072701
-0.0108561425627953
-36.12674968094835
-5.1512634879704295
0.01642819738712416
0.00014749492358956523
0.001121504303873898
0.6872805591716518
-3.611496562983799
-10.254598012332933
0.0018299451014592693
0.00047418567413118324
3.863402226416411e-5
-0.4941780334595047
-1.379783967078708
-14.977041341973475
-10.068102435468353
-0.15509138398085057
-0.07576856706635479
-0.011842154418903541
-4.951569869139376
-2.2636622148000987
-4.462807754124665
0.011573052712166519
-5.36968439439392e-6
-0.0038024787302025145
1.6842192385484955
1.9827479055949655
0.01019827418066977
-2.9496140306479277
0.4598901209237538
1.500383154877387
1.3896265727265096
17.2532785328546
36.18510960797102
25.082119786252346
29.776015416983913
47.3000195653319
253.3627164803754
8.670596851999813
32.80160898103462
69.37783843349213
147.32595882986922
221.84191862568375
279.2317367863329
132.07589840024067
137.17222230429698
66.18213347264363
97.475863676374
16.364708628866467
0.9877654327148278
6.5991652852578975
92.09966089817763
327.61161561267664
39.47574407573641
21.610180864834277
42.740109839102765
0.49910983394029435
-31.346357017848952
-5.763175489098538
-7.58225303155141
-58.48459369498544
-36.04895984635869
-9.207705776608607
0.7824963867751114
-5.6088435554147466e-5
-0.46091337130345655
32.377969042981924
1.807453215761281
0.41713416767646183
-0.0002912268959785609
-39.61763843581252
0.16153366848904194
-0.0011113526853204804
9.723991737958142
-7.695843421404903
-19.941709527565845
-13.434887924962792
-0.5193627924552746
-63.287889232038836
-6.1093896057900645
-13.315693499108157
-4.863868597982321
0.10584344455804623
0.04679664548051907
1.9999647061418038
0.039774651673410426
-2.807500014026199
-2.5566904539255693
7.514586560911341
0.021739306287157357
-2.4337943940374545
-0.42305623517752206
0.25082335965843783
0.0052571703964039524
2.4571743394150274
-4.580504777935898
-0.035999776709932915
-0.873221044573602
-1.3832170910898851e-5
5.468852997595164
-0.031968519926428025
1.1837942106174564
-1.0860547116067536
0.4528431594541148
-3.801348835822722
-12.818056108918435
-31.06541720051475
-54.67622234230684
-4.922939310836434
-0.0026121046255920687
-21.033941171213048
-64.07996885177846
-13.558000674265006
-0.6000663310169907
-0.44967489434106106
-20.80736386852841
-14.262253852603562
-12.640269003082746
16.636469641114484
0.12325132058417942
0.39143004782390606
-0.0019040830899109745
-0.17828767453482644
0.15688345033841777
0.48431475030208654
4.800859203254301
0.00046442342798317694
-0.024659161410870642
2.398747317955102e-5
0.5567935170576899
8.645398592194413
14.485437461684262
21.27849824122855
-0.1324476956996164
-6.211686680997947
-49.15024963442476
-9.103855855904268
-1.6131405015249156
-10.45420784514507
-30.48291853802547
-6.5602096733887
-4.691091410849471
-1.5508334788863092
0.007074933867185176
40.04450412882421
186.07468729684823
219.18612311344387
389.67755286318265
18.852877814721246
18.266283224670058
0.5894675746816204
4.7647621624659746e-5
-0.4989387176863817
6.327394825693348e-5
0.003629903706860994
-3.4845860464903424
-37.67075406283817
-0.08332398475340942
1.3265499284018114e-5
0.17461458395979976
-4.790486388453349
0.3295243110750768
-31.99379276601087
-44.91122493394367
0.005310525281519588
-0.7099953122440551
-0.004700036165668797
-2.1218185085081327
-26.045831720870794
-0.00023121300354623614
-0.08401535064090802
-0.7851798137650015
5.288205118190691
-37.516002011740575
-0.010619509417270745
0.38769972501475436
-6.439695646754989
-54.729538726071134
-1.7404347225507821
-2.2244360960064116
0.04470031157988864
0.737095940014104
24.744047177092494
0.8293601168613846
0.024916243699215943
-0.012791337549746276
-1.377082578935419e-7
-5.19965411559296
-8.41200412200746
-2.5722334316553916
-20.685303496100836
-40.82071306102839
-10.827235419541138
-5.656568761331889
-0.06939318746916612
-0.7610404218676257
41.54885920819073
129.75036622609628
-0.026292177948642557
-1.8868187982646931
-13.419634384231388
-12.6061694809919
-1.730655142302773
-0.0397646209208726
-5.730831101669225
1.2276378321497643
0.28729698939988735
1.6943037296163312
4.563751743424051
-6.187606791995683
-1.062543090389736
-0.6003731699673115
-13.870361622887105
-1.5940714683473987
12.897231338510556
85.95207363488097
64.62169180638737
142.39843478621722
0.042788448353902
5.141282418930605
5.147183816860325
2.878627389346969
-0.00028009028659710904
-2.327221763313473
0.00036027826590843384
-6.279556704446535
-11.937901357557752
-0.20052458115446128
3.863197441915159
-0.09880014835281066
-4.557265743020348
-2.146713697826763
2.7614830777376786
8.493165901960047
0.13434506498768406
-0.12028050839819733
15.274040766569913
0.01765538908052425
0.28708981113992715
4.655368808990546
0.27913360352826266
0.010555860744291067
-22.63077280731416
-30.42697186338735
-0.0346968715532101
-6.833741014423819
1.4031598506948253
101.99232407937195
198.86377272049597
4.856390288942641
2.003671266726487
20.680196953829896
50.87415929197314
283.62278706148487
316.25603321024045
61.96309753885676
1.1857010140653903
0.009063893328404068
-0.004107891194979425
-35.02611486381386
-0.15643661277482
0.06528895155462343
0.9861457206580309
3.7379254993159763
28.271644513793124
42.37407691144609
36.365052077400655
4.0403224319410915
-1.02762926847426
-0.38233586092236393
-7.2894662900361435
-11.610190378557839
-4.834100597680319
-7.504104355395026
-2.130696960832374
-0.027421572186012416
0.02835766602348158
29.77752088394418
46.545376804475275
57.36425948771218
2.5563706789224567
-2.206078855487725
-1.355989744329223
-0.4844153554416565
-21.678670928406984
-76.84605474636008
7.479059553761271e-6
-0.004179999932479108
-0.5207261301870957
-30.802078270159207
-36.094897156788555
-0.46609499326215775
-1.2347291708645953
0.2219276079314277
-0.8711811939089055
-0.5591269876464291
-9.583194810660578
2.7242023054633213
27.16661788842434
43.37489946074515
-2.596311788473827
-0.005353320063463956
-0.1819633289827737
-7.878658158364328
-11.486424585042254
-58.638174464408436
-0.23864597669361257
-0.37397552266946466
-9.547518085589095
-0.06324308571083978
-22.05647806495426
-17.650366815856938
-0.464962498597695
-19.77184730071927
-3.447826116135767
-77.57901501700785
-55.18687155777714
-90.3625340994114
-17.825692522951094
-71.6260482632799
-37.14818036912149
-32.59554135083844
-5.459567685849439
-38.55911136992863
-4.88883891872985
-2.8934512210090033
-0.0034896019263579168
-0.9087824147838914
-28.61203923254192
-8.02912819704395
-3.90916335998461
-2.4156984685869003
0.41998804419333713
7.853270465258883
-0.0003071897359901151
-4.221366385171228
-1.1986937722925608
4.533361281643357
-14.520206367829774
-13.229782344205974
-12.756128891258761
-7.182223519977572
-10.085535232004316
-24.822943799919862
-0.0024017917078980656
0.002913672888089516
-1.2368954222171938e-5
-1.7129863212413396
-23.556607042439435
-0.012471718452350348
-2.010280275807947
-37.98181402425073
-0.7820724845365334
-0.029784837423186133
-2.7229877057942757
-2.923637712506656
3.074429515526717
-0.04480943130083941
-49.549385639168214
-15.289666473754291
-2.1781418440919746
-0.1544088560176922
-2.266658355239584
-1.0135897840683097
0.19106669784323804
-0.8716219761192451
-6.466367931126357
-4.368250707537515
-6.225709883737093
-5.864480229729217
-0.192228724225723
-1.0710323316443764
17.17324853572991
2.9527750245086275
-1.0328381531295407
-24.552479416137757
-16.956499944526183
-0.3321997013576644
-0.001483571048050575
15.489818165735086
0.1528219603856539
0.45331419460551997
-3.0552387269939842
34.092253140272014
5.264317072770137
1.5052710488529282
27.690933626377557
0.820200613895765
0.22912480089760853
-50.05818136533042
-3.8212689022192214
10.142400326587314
101.39137897754918
51.60029755488754
22.9431566644213
6.273870645979947
88.86376714585712
22.70889425698668
67.18905939862132
5.473664136923501
111.94420432211733
89.91890023835367
13.901908212111202
87.49140721263994
174.21055517972843
0.01184974930035255
10.78164906413176
-0.15458510003456863
-1.938898145586924
-18.138509437431097
0.04256284286252203
3.1747361305086805
4.845520692122167
4.017911569063553
5.490413439415311
14.335710690302141
9.053774154562664
-0.005392405023466987
-13.176846928165926
-2.5168682875253254
-0.43751321481677324
-14.812918968675614
-3.885925483042779
5.5925861020053125
7.482776367135546
-2.1290136822815415
-6.606242339326036
-6.1453969518734235
-8.858741057395596
0.83847671046957
26.12869783869954
3.3489800540701684
-3.4452666120638216
-5.667605900304939e-5
-0.1038892966928621
-5.853633269402402
0.5121776056357844
0.3865506952045061
1.379174057328568
-10.085702194562334
-51.194103576193314
-13.856055530615981
2.8503535168240823
5.107543067113022
7.695757198881147
28.74137021409529
23.18807496123495
-0.020496818657096582
-1.3293012989054533
-1.0983329084467257
-2.5056829512634944
-7.587288512654227
0.0010409416581011962
-0.05015299569392203
-0.47256350614144266
-28.4869743815137
-25.225277482420427
-57.271646736216994
-0.9604505710971838
3.060593950227617
2.863958813223211
0.00889407274388968
0.01068320366299678
34.761847637977596
17.246153141093938
12.513902740489138
-5.058672645042926
-27.58500974986199
-0.9468761428241581
0.4312568362330079
-4.256966427795983
-9.409435178386131
-5.891201242264484
-4.848773170474149
1.7218624192118952
-0.21275872535041981
16.39514226818707
0.3187011236256892
23.087573192598498
1.5208076025824995
-0.18153728836444027
18.086741589761115
54.4932631904547
39.35134787861141
13.537957684520704
16.98590534763284
10.809497755612155
-0.4745410627245965
36.89028626703267
0.17116904063364222
0.008103291672667056
-0.035753382949003
-0.12663643772487387
0.013803202848905377
-3.2207193785533725
-77.99688612438283
-67.50718148607537
-6.199777662155244
-13.803065085457495
-21.511166273529813
-74.35738322430251
-10.86320003477943
-0.482831098230117
0.18901957957258403
2.1807170911125384
2.206629551019239
0.46844360114659445
-4.5360539716614605
-119.04072083551566
-0.9028818429657016
-2.793707287642928
-2.5230799346711095
-8.283660212412492
15.90405402834301
0.002481969887779697
0.1685174599124971
-1.6365949239878392
-5.066765723449866
-11.827261295290265
-2.510264023690793
-0.2243456028549305
-17.84944160321714
-1.72782926763533
2.02875667968612
-0.0026851666337120847
5.577854725098946
-1.500835958754064
0.4290281438708748
-4.065324266605119
-22.075836537110604
-0.02024359975119616
17.19711841448005
0.05349577050421309
-4.689888755071798
-0.7657842825308769
-0.0015593157788127562
1.2127487582369434
0.052596810212812005
5.7348982643893
1.272247976535153
0.15857181219647362
-1.1376232251307383e-5
0.5880598471893241
-32.777560350786274
-0.010524663964908877
0.4199910209703667
7.00094086504873
0.6976243643041806
6.244936214134587
3.049438754411572
-1.3341288282431067
-8.728156986264654
-0.4750384865900373
-0.061141142790714496
-0.0067121734286954915
2.112296588570359
1.6381782514178578
35.05120900607224
130.99762208792498
18.984092997495633
68.58614618617077
11.295527525792291
-0.11903245305306709
-0.0014367515623165668
0.19800323972823541
-1.8387635519772674
-2.1152502262655153
1.6809579016383864
-16.90321419962378
-93.82483474791567
-37.089613291300324
-5.133639650246779
1.4456507507032026
0.02870343923858641
-18.304256186985096
-34.372969097231085
-32.17887042873591
-7.953271008779123
-18.080682871632423
-2.7704675861944086
19.873327100125813
-0.22488293484368657
3.898577754797444
18.327302529832977
1.2750225633678842
-0.004578751245228061
-11.765416044750776
-0.12497412961719535
-1.3975377246637746
-0.4823385351378961
-6.9177064211604025
-12.876628737993343
-0.16217626769005908
10.149650554328996
40.59187158095415
16.652659125719023
2.357550852677023
0.6350743656439005
47.95942950971131
1.5485802422968886
0.1704691747122622
-0.832827987724965
1.5136578521973107
-0.00041022720535858874
1.011615656181211
2.176441265200534
0.0001406561045083323
62.99497921718972
1.9711934653740615
0.018585190882801066
-2.8783870042427084
9.904275856769033
0.3370232151690178
-6.007731217242515
-6.753299796736999
-49.57479922856449
-9.968352277576257
-7.369526773063686
0.4192710856330051
-1.757007765414297
0.2687965553863247
-2.568170066575962
-37.655250879755094
-5.123087712282745
-26.076987915246807
-11.769476568721595
-49.000157281614435
-53.50195117996783
-17.454356770940826
-3.198895487994466
-17.33644021142501
-1.2542867966403721
0.23647442096155172
-0.037703975214982546
-3.47992454747929
-8.717009973222556
-0.0010968849116633288
0.019845606139261892
-7.010345914968068
-0.9798318141181912
-35.26846310706696
0.0673744313847262
0.17444390177511662
0.2766934519907112
21.925908006126754
6.50700916565891
39.38401727152089
62.11924424741546
65.14763039710333
0.0020420757362662975
-10.232564677125618
10.05421586276013
159.245595023137
108.79183235510436
134.45049231291
106.61068798560159
62.03125480953731
2.7566039486816845
0.3875296432366375
2.997497578099213
-6.698040159586042
0.00814383691334723
0.0034501416856113866
1.6514266696726418
5.38287188682702
-5.464850731454125
-0.028179732312331802
2.9990751453083595e-5
3.1773224536278257
1.764521689913852
0.20025777795931018
-0.8059558392572872
-1.2776403824023934
-39.402470832969726
-2.1521897031163792
-1.3456021204461555
0.2738600870611986
0.6986864571839987
2.9086446425236088
21.512386676812124
0.131470225265697
0.05978973209629072
-1.943665973511595
41.890238853641485
17.30403081124378
0.2632030751986756
8.730918572987004
-0.7198156966564517
-0.32545117411188174
-3.33212614775288
-0.3976000275826675
0.8046328528593056
0.02747383488609281
0.32456903065101295
12.529819664042856
-0.020577402802550132
-3.5908119367002453
-0.13927798189348828
1.6072139600183748
-0.0011676999590136054
3.567880103996447
-0.4647190214035151
0.9108176109749615
-9.097867502862472e-5
-13.247251331139127
-5.947743098226911
-26.447645691226317
-125.56349503682878
-54.56187380936988
-7.28452363845221
-18.22459884547096
-1.2169995901568627
0.11673475723473827
-10.545676501510215
0.0001483176324611779
-0.3142918658792617
-8.696623002452117
-8.144280505789597
-0.05137520680333401
-0.0006228605697898679
-0.00241363939443171
1.7180717728848982
2.202897850406352
-0.001140918851723695
14.288115365484721
3.1286777554323333
26.1054374605578
9.522010287009614
0.3181060287982792
13.897118143591983
4.446574058318779
0.05229514153200998
0.0630452761498424
-11.57115920104099
-36.89907059519675
-8.143498613157757
17.524036401528733
4.2967785158618055
46.19079686205835
4.353879818798899
67.92395011416554
0.6514193729533133
0.959461065314968
-0.0021500882200636224
-26.18987802147988
-33.09958418358112
-23.87234881193917
-0.08580151512764927
-13.391747817985749
-18.857350776100223
-7.111751938057685
8.61883774116209e-5
-14.569570066023596
-0.5792075555051002
-5.085659349198542
-0.3414646319042385
0.0009233545084580408
-1.0174044893626546
-20.169047032788146
-3.2821410378673392
-23.26646887239739
-8.262766397952062
-0.13228003927097995
-5.411890826191865
0.019417835481504008
0.03646197233066861
0.9717285435592526
-0.5794959022814322
-0.046959214063105444
0.0743055106759605
8.289197980967636
2.654087821324519
0.0021393608037745663
-6.158647457689416
-12.24341327146629
-5.278914374152691
-37.11600689563797
-17.18792500143689
-6.4987924958037935
-0.24058512339836344
-0.8102552830735855
-0.011255303628265628
5.684617221275421
6.764848727493761
0.16937963422657595
-78.40700667172594
-26.55864642421817
-8.393209215831538
-1.5824958848560773
-0.023972209455577466
2.7401174185963373
-0.12598325999813847
0.23030486094565417
2.140494130259995
-1.7388754979137353
-0.02910083035960383
-49.047941276130025
-23.330642816977072
-13.698030584722584
-3.4248264292185193
2.2330836403684096
0.407373120534748
-0.021341906252145378
29.917411679779327
-8.37104766447285
-0.008592932719108798
-0.674568363417132
0.24523274601098666
0.5359432394148763
0.48088664788833824
48.047591204443705
20.68029774518008
22.135046620502088
64.86951764193614
60.701626119588745
14.825873429393408
12.730846529766817
59.54092772551575
77.02546189316611
97.67002568945016
-0.011405920887796604
-7.205361567848153
0.02121286142637055
2.4898522660762556
97.5279469625982
35.0201080211298
41.826499161499044
64.42769614629334
5.716636923079378
0.31790689336555944
1.0110197307881168
13.31646715836137
7.157971080325966
-0.08122321518695438
2.879441260244026
22.033423170556578
-0.005140640599977069
0.9554969194479275
4.3606893577563834
2.1787306021417026
-0.03335116839284731
0.9142240036408231
-0.17053326575312733
-3.7035479430691574
-0.443197315069629
-4.281073973050699
-20.74809522055951
-47.611656223365486
-3.975029037994483
0.3863869887069996
-0.06777045041343449
0.006044214096222998
28.186289942574927
0.6675852359670122
0.787455067576525
21.42132961658721
0.05013740902966236
19.832471260234268
43.15369595603585
35.77868344527519
0.008108637781386778
-0.03270529024443379
-1.1196611965002783
-0.6800528645937477
3.56059199805034
4.0486611541861555
77.76115819418565
-0.1884979502133329
-0.5457437372907294
-1.132944024702076
-0.8081615058668542
-3.1537902637309387
-40.03656809335667
-7.788988074296135
0.2557667999228714
-0.6788444232052258
-0.10768244929875566
27.16800066963914
-10.804646621396442
-10.513585356746031
0.0004349308289027433
-2.0156064704074756
-0.9139476119564567
10.227432083964532
3.0946682405885975
44.22429317559757
0.022502520889135763
17.462285657595153
28.38642936410262
93.6157244341247
55.272162929374616
0.0010892387715962448
2.459752855718493
30.105596095031167
35.13477907057525
6.816962682317116
-0.15940300211790578
0.8079635250146563
-7.9666052577649245
0.0018437968445597973
-0.6754441207807637
0.0015215492654364379
0.056605623612475134
0.027246776743265005
-0.11732245470935151
0.00815211960423961
2.2989670195033494
48.2653411705723
4.884408774371882
20.563123782842574
18.875456471535916
1.6108301338076896
-34.6855508653449
-1.434662687753001
-0.0003622389093666977
-0.0011118833543037414
4.011248989483237
1.6379491267857382
-0.02150048614307175
0.6437725495765132
0.04115925487233008
0.011084273860307995
-0.43551947649130807
-19.02789066130295
-16.426196385829485
-17.399624996498122
-2.506124320286954
0.12137775204614493
-1.1004475337813746
-1.8403367177089616
0.009575134600442419
-0.02462427242771066
-2.705360976892112
-11.647333908377057
-15.864283119314777
-0.07541156687191591
-1.2502735595322356
0.10017753977441332
16.451494565995446
47.23118482246099
6.534653994604321
-1.831487554952172
-9.895765928968522
4.9752053991311085
-0.0014897242149715343
0.0006814374390605072
0.0014297361583713696
17.564477781147517
-0.6129449975298489
-0.241526571878377
-7.734996093983934
-1.9401359311154909
0.02869630305252822
-2.926142879142008
-10.232789214845573
-20.02305196896535
-0.4169914619174942
2.035149831047853
-0.08370859116925883
16.7203926265295
68.3586522067147
-3.4546796284708137
-7.294744728003642
-11.979927722873134
5.533411496775263
0.05627507796948659
-8.348721327595477
-15.13227685957142
-0.021335274171441702
0.7037264215423773
12.500009187090336
0.012687532132009516
-9.79823427424625e-12
15.337399036372048
-1.1152491392900628
-28.84698456348746
-0.5490455020915018
-3.4306854639843904
-17.785101724553037
-2.5608126688330253
-26.65519683668406
-3.4915684476427926
-0.314057673148512
3.150963876937273e-5
-2.0289216010546243
-0.043906367989666795
7.846095909501215
11.470230471257175
24.610458132147105
0.4180930770914498
-0.874852837966552
-0.029543475621969375
3.4060732767334967
0.00046594219158088213
-2.305356006441304
67.47017688237078
2.822758273745227
0.47117110370325005
35.88153039534541
25.00257186134553
37.72005758441622
2.8915183645463127
2.60334959196027
4.552099605204548
0.5245009165496086
-0.2606114298096388
-0.021584670304957726
9.121505080724866
-3.662343767865786e-5
-0.4686279485471291
-17.265637910261546
-3.781812068182473
-0.47772979288470013
-15.206089045038743
-11.899073611806946
0.19178299794377582
0.11244083559857415
-5.125628041888065
-0.0069085295458195
-4.859482193179937
0.006476992491409799
-2.6129518848772677
-9.440268497816096
-50.0122509867485
-5.812244849451325
-5.006475224895563
-9.154579262816178
-8.62773989979434
-17.608114503754354
-33.277264589473724
