10.750547377449886
4.175991949070851
-0.01881791893295145
0.12604799474306658
31.789904564797133
-0.08577280601106536
-2.337752759680424
-0.13208524385951476
-0.5721244959619013
0.6345336511956424
1.5967432225422824
159.18012480864695
0.024166386793265292
-0.093504746948738
-10.828398445234141
-19.714880151522834
-3.1489336901041134
-0.006202569995064247
0.013101294228533263
-0.1468601563952183
7.2235732667271035
3.108753564952201
-0.009824140390108304
0.09345557702969133
-3.5464308557035538
-0.06203281675922201
0.5485136744154149
1.173995313921999
-6.68922926271139
-16.794737924220005
-27.645265105531088
-21.345610234965065
-8.315306394969708
-57.14727469535848
-11.939225783831239
-4.754824319791843
-1.065234854290112
-0.02155457794203464
0.010234010302316965
5.926323813590826
17.634332544841953
9.34144869028077
-0.10871309686217094
3.5285903913051566
45.47681762677863
4.849835751801201
3.2784849983404136
4.604176290868841
3.139498288091522
15.616909615232963
19.3940768884188
-0.0003969505943458896
-8.2539355044014
-0.011125906861140625
-0.9908056601620794
-24.15275128423373
-2.2652450408332028
-4.746233191319063
0.09861483322323536
1.763368537685713
0.6019208293828611
0.11490345434772624
0.08871227254642322
-0.009045049781731509
-2.15754995111022
-12.20876129221134
-14.072153011137711
-6.753374811298581
-5.875366818662591
-11.7626804556984
0.0028802458891017913
0.1639190281943727
0.000307220100319236
0.12023318151814313
0.12729232625377288
-0.0003036228467401438
-0.011616614939151502
1.0317607728353997
-0.5396279842737671
-4.820369424971931
-0.015549272984376873
58.25599667732492
7.20092388326005
8.205849979093376
15.527530367980726
0.1306172982693429
0.04033673016652912
-0.465348056279733
2.9944362500892483
0.24351349401794056
9.883657106080744
19.780694456858175
18.324437971443064
0.06165554350258555
0.06750723485091835
-0.014264886191978937
0.5523862131472883
0.917813634678769
4.729010966492584
23.090346973774473
1.7456168144373412
73.15958708241321
208.67017625786823
15.77779483897292
77.99230057015629
3.6140592832141674
61.0447867662028
37.52700301658573
62.355470102383144
36.174883581281826
-0.8878874014238398
0.6236032855471949
-0.6889370509071042
-0.5001367528480121
2.5345997281885206
1.6329093317523118
0.1432551150240887
-1.6245396107513943
1.503658501536265
0.07229296424715692
3.3694367737956963
-0.0035485133255161215
0.15963685159156737
-15.286237451500005
-19.353598471874644
-1.6002326493361536
-0.002661452186487568
-3.015746429963371
-8.014800858679678
-25.589541100118662
-41.71330877154427
-7.845057258408914
-30.272295719525577
-9.946672838486185
-104.20931233039101
-97.86107144654267
-2.1477977135294335
-8.26634609254416
-83.14694269669914
-70.99044260259016
-52.790911320776836
0.11988393897861281
6.879379554466895e-5
1.3354582528282006
-3.5911698662504152
-0.06468224637864108
0.4985263166116082
0.1785515954774503
-2.6448455218384077
-65.59173911316839
-22.55863910533061
-2.2116656973007243
-9.541654659536151
-23.36409347698773
-19.798500015199437
-14.876216047206695
-5.556325079295373
-8.189884447370392
-27.575780101783863
-2.2651201004743506
-2.5288311559400896
0.2750119622197177
-8.113002958259846
-34.41638900452357
-4.776530517963751
-19.777971584177692
-17.183247500487667
-0.2693992674133572
-16.890488079174528
-9.814145992561203
-47.52264876393955
-12.137173114507936
0.0018433082824010271
-0.00021759285922117212
16.909345222578917
7.645887772166883
5.560416700316333
-1.3485114411848331
17.044308183621258
70.3739366055786
33.372134482610875
13.880314867655414
67.0609742937043
7.48236060539453
0.4078206438880211
34.5832452005346
85.21540691135235
195.06147507721403
261.97860252758016
23.018977909429374
14.495182965912454
20.52068768719059
40.68752265204525
19.80961628370616
5.7428098851228135
14.44012419871873
113.58284892785346
57.481275657240296
5.5244442066347075
-2.7875682973554796
-56.08197519445602
-24.828226192292178
-15.079640735586656
-0.22635837146245125
-0.04741470758522487
-20.81271608052113
-4.6852523197246745
-0.7046376257626502
-2.265251665366031
0.00879894934717926
0.06775975229688397
3.4117366656979553
0.3751082846766144
0.36184035762191175
18.136896163225934
1.090002346268048
48.19567706748113
6.2027577090988455
0.00932481237005715
0.34545693015221
7.979687509083467
0.8613984684676761
-7.05460620183603
0.780529088185935
-3.9127092402275725
-2.967765830046281
-1.9307829466856825
-27.97093152887157
-2.576394500900302
-0.0323689398701752
0.34354758606882124
-4.237980025539195
-0.00012572097516613088
2.48931307625249
1.3386288980251593
-0.649413340531413
-49.753670345587054
-72.84187606920554
-43.35287688577661
-19.505022108756975
-1.0014447583398877e-7
1.4938881234397465
0.0005330195733295001
1.3914677670338016
0.11759686278993049
-6.270569818546168
-0.012429419319973677
2.3910639770497637
57.63152317539672
65.51943131728086
96.91502205410912
2.5305047874545332
0.38562273855061424
-2.7973560824041948
0.019191498802854604
0.3125779827027313
0.8573915950246639
0.0036160222499376036
4.236214720530306
7.3752199070708215
0.4034910456107304
0.10125038186393213
15.070161463194717
2.9041798129471386
-3.88827091065601
-0.7767522323533124
30.452765347129525
0.27277137801211393
13.174959048152331
10.435821579227522
5.262190126488265
50.445502748538665
24.70248120852267
0.049599201700982344
2.889526730633037
39.72019813353501
18.868844325550135
13.467279422008776
2.035078535378167
-0.26744163040758157
0.10833910921369165
0.24781415619147273
2.2588215140766232
0.0007894419325320998
-1.067799251156861
-8.161169503578487
-45.549667979393085
-1.1883410480927061
0.014268128196786077
8.436296276752064
46.72091988713822
20.02040147584957
16.017508487555578
0.8612265886690493
1.9290598753925379
1.4796207301546918
40.434459740194
125.60470845082885
21.377770245331984
1.5715452638352603
2.1989853454110597
-0.0406130295997322
1.4551584095034578
-0.008942043875825695
0.199397735639627
0.4996200148668026
3.898976840873422
0.38034194484301176
0.8650131603681785
10.536893682338869
8.326621905143732
0.02169308497852472
-28.40398459982913
-0.0004273949275343722
1.1296183034815894e-5
-14.01853383143897
-1.922424518178642
-1.8132939247197053
-0.0005605804401607576
-4.737441629838761
0.07936145410246892
0.0007322607783525966
-0.024075180369459468
0.7863405437491211
0.7094560489469538
1.276616943667026
6.548672698444948
-0.18477243108075672
-0.288412353142592
-2.2122709353944496
-0.0001668139802798049
-0.670338335671692
-3.491765066004903
-0.684745901657381
-3.5457129075085736
10.31151078617232
0.3435959706405941
0.008523771960827823
-10.712363858802874
-4.375720675160649
-0.42670561905780796
-0.09274058821535398
7.176620158065901
0.011882373499564919
6.073322171062862
44.02305049924932
137.00805417722881
0.18332186348682203
10.817002107162942
5.423065065148742
-1.6006606909630627e-5
-18.353207014031323
-14.755398825225384
-37.58629509474305
-27.664238631995524
-14.831425894462482
-0.006605585055605507
-0.2140834464022151
-0.012718439331674127
0.04527306171293711
36.90363677575007
1.0486948043971722
-1.9155621780707104e-5
-8.426409656989959
0.028329752508826526
4.281944055428375
0.4112855269654749
20.66640976160422
2.249481687633505
0.00023799600164957162
-19.96892849086688
-12.621637159243653
-26.57671915228993
-1.9622860503682322
0.008210103341627386
-4.594697848040325
0.6640122651839373
2.6103303994971716
3.0347151376285035
17.219498273731197
0.04369840021027241
0.8400760038830565
9.779195575906446
14.39597518494431
3.2842999220146925
-3.252189954973273e-5
2.984934463965827e-6
-27.3381552937105
-23.896672482154226
1.788321358898781
5.009698999517375
-0.15063080878013774
-5.430052531402347
-19.57340997960734
-0.24005025550716597
-11.198629966112998
-0.012080864296331395
-5.906838113247183
-5.799947971465269
-21.727215136228644
0.3787824364416408
0.1028053447103784
-0.05290125800021377
-2.8009011664337375
-6.818613000749396
3.2760252765208935
-0.06172690924522724
-0.031594974682480334
-2.311634749973509
-22.8343418679668
-12.30998505268589
-1.3500994208081103
-32.45254807004325
-73.26693597858934
-66.93591294764276
-35.190969832219324
-2.576222087319339
-13.74433418447217
-63.366273719400084
-32.82799512480144
-68.40718610773318
-14.947116325686922
-20.116685569754413
-29.746341381214613
-18.727399089354936
-8.36296209916046
-0.3344571534081235
0.3025883185299466
5.389358703139282
-0.006031805616154731
-0.03144630976103369
28.544075952757108
12.092510258069458
0.4464724795304929
0.2709858446029927
-3.09864642686659e-5
-0.10120711187265813
7.925981057094587
4.948065731331862
0.09681152953006758
0.10717467273199655
-0.1256871897973846
-0.0489753259202736
0.009915324640355166
-3.3016810271093553e-6
-0.06665222445591255
0.00038123876835056644
0.05221067049788954
13.904081694708877
31.353594464682356
0.5760565002168464
5.338683223105912
65.6213874637428
50.26177606002936
4.051519452055839
7.469068055165842e-9
0.5147772005972904
-0.06114536736533469
15.551365300052304
10.461516127937267
6.3647591394959795
3.952744545662199
5.258651064884483
8.366311969610845
0.15526550049586474
-0.004812694942148483
-3.9416583327996344
-23.5203826459248
-32.41249413965215
-0.1116401810747432
0.0074659806735658365
3.7494814310379976
1.0421832396684512
5.272755562616202
6.699766811126558
42.05180194588875
10.19330784601516
5.640449547084483
9.620940727725305
16.349304848380946
0.35429589850267806
0.19367155504654224
9.454581188926777
46.29879786659106
5.928879705094723
0.1026154608425096
-7.726995737574073
-2.510947419779079
-1.1590608876199746
-4.39387493960316
0.02079175314516921
-0.03403343926865449
-0.0011248169296924613
23.042296595907402
-1.3279696582107243e-6
-0.8165972756184555
-0.027503607044377525
-4.479396558079682
-7.888495235867906
-0.32278802642237037
-1.0224434975508838
-7.612106141199991
26.321880320820963
2.978570193579987
-0.6944262894509377
0.18277591263524934
-0.0799368003412048
0.9562752835002629
14.491867984522917
12.099611960868003
3.6403098175769135
0.4332505330498268
-0.11978549434331101
-0.00024509350913330024
-1.773172069337693
-0.5971696764141887
0.041268191794896485
14.198878215794183
-2.2075512460320904e-5
-1.9127508297597247
-0.002137892320222732
-0.23686378671063524
-0.1596021185860457
-0.17316002294522206
0.6842788861919543
92.30989648293257
226.5929713941197
305.4798214544614
198.47228573387298
209.9905791122929
383.29192338353874
130.09340503821727
50.84317945623998
28.061011552291497
0.030914226502835984
1.432081298865801
3.3674226804048817
1.2528534672317363e-8
-0.12608486716988324
1.0674305505080242
3.029449045228008
-5.424478262110029
-6.979433462467504
-1.192439243883664
-3.8815844876835174e-5
3.816474669793934
7.6544129671603125
4.608699039967585
0.6223952823552227
-0.18883735944676885
0.6860974007045624
5.029635605716292
-0.0012691634782004218
-0.0013172084834805278
-1.7856399208936884
-24.589540125065017
-0.32212802832386944
-0.045997163421151184
-0.060735279897576336
2.4754250714295756
-5.345559561021344
-0.5358914805156492
-4.894701261073062
-9.148627822298263
-18.10895447564371
-7.400889759098905
0.021280494154366912
-0.21863542446118905
-0.0008051099658949576
-1.4665509894194872
-0.0050950262844968106
1.6493415261329516
20.148776235436905
17.903963847994476
29.466781542324714
104.21366468508957
43.109368877937904
0.20872187632905517
-1.2271522433873712
-8.68309252153643
-3.4329931949250803
0.4659202843463627
-2.8876661942393205
-0.23167902676922195
-0.7308375032001023
10.811276480530019
2.6342458747003734
9.770548788727234
-0.2903092856716158
-0.3129392569807083
0.061558386415205744
0.1133542676069231
8.62268449501327
-0.5352736982466383
0.047323798432502825
-52.75882749124455
-1.207007207084478
-3.21643812235631
-0.6727433968966212
-10.835909081819999
-11.728525141698256
2.292571035174138
-2.6443907524459442
-20.32752917799441
-7.2038192984761675
-18.791121686391833
-1.5142230901696583
-2.161639389684178
-3.944336446305079
0.00032347791952093695
-0.4456679407640993
0.0026778349688801936
4.0570341648738735
-9.736387092505177
-0.48519093753958403
-0.4712007118841149
0.7580795389214904
0.98975694062087
0.006141080997993301
55.11991595373441
80.29216883386356
291.8139390466411
70.21275012454248
33.004425699657276
0.7142392919859951
17.102252399213928
12.200859757579776
31.563711660110734
64.13401605197375
-0.2867268830197042
0.6989039977757537
12.23361515383558
-0.7084564445367496
-3.3993450421201053e-7
0.08834409372871384
0.17262104813796042
23.93916683514245
-0.07780201220543023
-0.31743478199989034
-0.20074829056547192
1.5612295915203864
0.5788517294262759
-0.0007931267033784851
0.0156473266451799
-0.23298868599920067
-0.9428312158033249
-11.504025306979008
-2.158644448076389
-0.7070721058300564
-0.008004306749861212
-0.49452963012514983
-0.6322665533643956
-0.8592127101743245
-8.997900814306371
-5.834461140038903
0.0015191074034281097
-3.358579753574756
1.0586609314665467
4.081002549535761
0.2859552831588793
-3.2162172172232517
-0.24183690746209627
-5.8349870738733246e-5
-1.7250656295156008
-10.577409446114538
-1.8416685359790619
3.554411581583929e-6
-2.1061959852073042
-0.8107969999778155
0.14521462646062583
-1.3822691385116592
-0.025946371847036537
10.886308051681295
2.074810759000741
-0.0012273757227538782
-5.54228840392345
-28.313677496141977
-2.6487636298310733
-21.472230950612616
-0.00841573149958587
7.617159465774995
0.0007917143734947398
4.997986457970614
5.421669509792848
-3.3121340253727274
-7.238075979733211
-2.3852694779826892e-8
-107.29077339275149
-107.57896112858359
-27.111232587693234
-3.916441392437249
1.8735408635371433
5.886953644603907
9.316827113321189
29.802122851931784
13.935147633368317
27.099969461095146
0.0028910626836391316
0.5987818606901889
4.027661614392673
-16.006107569360278
-26.33566469894152
-13.409615110019436
-2.6562777659884227
-24.774504995578702
-0.6209232522052972
3.6150227267940087
0.7055142273271585
-0.004441129809612359
-6.4186204296136475
-1.9649249463706182
-1.985283848313896
-0.20193568812730456
2.0518993855611547
0.09410380835941758
0.0005115567807283793
-0.19527445951090552
-6.378299549719248
-5.8659895976311125
-19.68386630173999
-48.432088935876315
-0.08098037970838705
1.385552972733906e-6
-0.005401131424135299
0.001365774470243707
0.16374901935803388
-0.6018864991120397
-0.28004227121818964
-0.037756720804874036
0.19568895035854114
53.82087974040825
34.42864528908821
35.61862089919229
8.123699928909025
12.797638232923088
0.7863848773716187
6.451852648764209
0.32991892399573935
0.8499572733446995
-0.6893210589029269
0.05369688473200896
-0.005888692871914199
-14.429138074070908
-0.0007767519907306022
0.0012386001092799912
-3.7752767968097993
-12.083498524307727
-5.212037040811854
-5.150201941182615
-26.625925366678285
-0.7149074913748238
0.00011363592048860074
-1.4889236358181158e-5
-0.00031534641817802746
1.161147372430507
3.438168597250792
0.7466096554033337
0.17312065094755938
-0.6708001784794975
-3.4965757488399736
-0.9923622445482327
-0.18005808417670527
0.000148315367443907
0.09372579841620753
0.023526275030749503
-0.07739802138998543
-0.3119529555618856
0.00944043100917197
0.2683286732470576
0.04819461248592564
0.3154298419918904
-0.07391121845335115
-1.3315136416373312
-0.04243040449535947
-1.239744987692297e-7
3.402382068125284
82.3670988510933
70.8165899918694
114.29866135040774
14.102709686794393
1.0307882431604032
5.3897342038896064e-6
12.924683608987404
1.547043582908225
17.17043303978966
52.986677478900845
55.33296023900876
27.531115690660666
56.45491920440464
82.3395733385668
135.461077273305
2.1207508747503803
32.70595049222139
10.414931880500733
5.785408764349189
0.0025016592390274127
0.09140560255751937
6.058274502046984
0.0036477169191763384
6.816208813396326
0.13481632751905126
-0.11167936089474542
-0.4130971302133607
-0.6799804121262049
-7.9602413374146135
-0.011332180919661969
3.605778623569156
7.84764476592319
-0.21743790815971195
-3.0538611013721115
-0.23938121720663427
0.5536967639563741
0.2798487365200523
3.8034202906249988
-9.906498576949726
-0.47808014565096163
0.0009234393306416455
0.35093425058424066
0.12185396825813904
9.066223931173859
12.923804923840915
16.539666266997834
0.15040784914596503
3.635398980251184
63.182558768338986
2.266724149377958
0.4987002454388399
4.218411530217804
-2.823835479335839
0.3736299661793045
-1.5210092178413261
-0.954833606439804
-6.39116388672579
-0.000272882793241226
3.9769545660129694e-7
0.40698157157166825
-1.5721109146295473
-1.7280129647273894
-16.24916533705959
0.0007120672904558454
-0.1888502176422366
-14.990978866036107
-4.837895987868757
-36.3597517175613
-3.5050069432504225
4.920434567139387
0.356025288649505
-0.003287538995038377
1.2780923616827622
0.08863418446708796
0.7057639140700105
1.942390925068724
8.761963396756983
35.47863401629126
3.4090745168207413
2.329484895973554
1.7737362056451629
0.08916308192601057
-0.4776491928614744
-3.759568450460637
-0.4926351521872587
-3.5716178393583546
-8.448356715518877
-3.076380492255671
-5.557613030400613e-5
-0.0640316809882203
-1.797933656236256
-16.555213671376745
-0.008299940273873619
3.02155979042886
-0.00046445656763387884
4.74424319904464
0.0001366440409820548
0.002104682920557337
-0.6757474272021615
-4.241031949140628
-30.161240131142485
4.8966797169756826e-5
0.48829190859340627
-1.3010165653728074
-3.74737823727608
-0.030561414661547423
1.8946972496915606
2.7376835718870534
0.42719179529862306
0.8891324962559805
0.5899165923504571
-3.065743733796075
-3.4213227250179767
0.05319104307689581
-2.502951589810236e-5
26.46082576716719
0.12070549884147179
0.06030433777574075
0.08196265876152053
2.7616058087580235
5.007243993318785
14.679289745281377
26.138856506276184
0.16908750437696057
-4.898036120161021
-7.7085427382640965
-61.86348663348378
-0.1339709703010125
0.00880271884691782
3.307343202953337
0.07557973476919781
0.8818365751631084
4.297066126634047
-0.016823215964858303
2.5125132034368685
11.882663507887093
7.526867245145646
-1.801360614686485
-2.340861571834474
12.407235707536383
0.7681155282415445
0.06514847156104892
-4.401308860759202
-76.54728724361779
6.698359918355105e-5
-4.1729033354778045
2.052051183957421
-5.746513210136429
-0.659275191474298
-3.142780626936494
-30.882368806159814
-49.601287407037795
-2.555079334111613
-0.4442715580483124
-0.7357152882961224
-1.8299972025531372
-6.353996907345831
-3.8150984310238994e-5
-0.20345163802311017
2.3892197464522633
-0.0028386369978529846
-0.008706893288145372
0.16322434587388682
0.05980421072581989
4.768026904997237
-0.3314770182268655
0.5895499163300867
-1.2301520466959501
-32.018960050484054
-33.43998244207952
-20.92526849070738
-0.011039393733801568
-0.007930160298448945
0.001956656314597239
0.37101885471943796
12.59396605244794
0.7586168134484133
2.1554894347816536
4.458877066116747
6.955695556203268
0.00037280897845512196
0.5945602259094951
1.7907161647487486
1.1143928375466285
111.61790690067396
14.769962915674471
12.345379487522257
-5.080470802258263
-8.130040542771521
-5.245832036412953
-21.71552436558896
0.001963278072528531
-0.364367084223964
0.8084999045899727
-4.731898736677834
-3.7946488360300244e-5
2.4817126807092538
21.88992088563521
8.831451752491128
2.1500286482276687
-0.011660145374124282
-17.176608415200867
-0.5228164617822018
-2.498312784204801
-7.442830862222899
-0.05147629060981144
16.36234803724835
0.003264513214086163
-0.3058651562111748
2.7121482729703774
-0.3998776040742997
-0.8526803809289769
-2.490833925699212
-0.9938191636509682
-46.764312153437515
-175.09595033243943
-26.826830917300367
-10.867330131864536
-6.7086507189407945
-6.111599722847688
0.07050771155439732
8.093285918353526
0.15148925182176848
-29.085019429972693
-9.581452483422126
-35.713628234711756
-46.58844312125714
-11.968258189935852
-3.1639455241585686
1.0258743865738993
-0.10633046748083595
2.33596229936128
-0.843290699423681
-2.3909372020965685
1.671938889650701
-0.9852461721859187
1.2357859780820484
1.8930613111619747
0.7745185842380269
11.578728243743562
-0.33372536497012173
-1.7585290530199171
-0.2605024607956454
-1.9426983490379286
-19.350188898749487
-9.988819475390814
-2.899076102478578
-28.69952773009711
-0.1493849728246081
-1.5847687219174231
3.078197430219714e-5
0.8515663924842879
-13.962715746824797
-17.985279841471506
-9.859710217752735
0.1962612748434591
-0.0863770371511023
-11.75985720457134
-8.962587408873073
-16.8051231047373
-20.15894072946503
-14.873269597541261
-1.373203338826967
-5.511666664729563
-0.0352575518565967
1.2368162366006998e-5
43.82540928229291
46.44092654926862
44.3687704226154
0.34319669227999317
2.9164664084869694
-0.12440708696378604
-6.766726993868153
-2.3884421837056258
-0.6384179712198473
0.9902960574057587
-3.1203001007121904
0.0007299617384160859
-0.5516102056805641
0.00015580093531927756
0.014996294024790031
-9.457026751302138
-0.0007786991909219348
-0.1470996340964341
-0.9791792963031559
-0.01660428276377084
-3.2907518090909442
-1.0351839470893527
0.05245935761229723
0.22184935460642483
-6.685270317061267
-2.9198596470209637
0.19473777566520103
-1.5138940399756622
1.953566242128286
-0.15492961943296807
-3.270495071868081
-5.096647219868092
-0.08079907325048588
-33.79138348651739
-0.25462620617718135
-0.2137475962127062
-7.5319922548288885
-17.22975677154399
-0.8010110708591305
-10.270597806754987
-14.89682446440297
-42.65013372582256
-0.08761293079901482
-0.0016632335604045716
3.85331709475621
0.0009323677481756301
-2.6321205090254205
-0.28204550587785604
5.270477609395448
-0.7568478618241973
-0.8900568985405878
-0.05241199589449104
-25.00429077425461
-45.12575768862636
-66.78647137760926
-10.457620397556429
-0.02095823822089267
-4.852636901179521
-4.790594430262786
11.526959353178913
25.510087741366526
80.38238684629958
2.894677819841802
-1.4473127374279082
-83.30759131354837
-17.39107530253202
0.0022287622044116972
-8.569600356898704
-0.8567791147718987
-25.930304639274787
-2.745705166525505
-3.02643294012769
0.24776568678604174
-12.899248632282982
-6.025547063338643
-4.070626108709068
-0.22586183255220751
-12.34743294688709
-2.4773218067972573
-31.597829366035164
-1.7172254933177449
-3.6417725376213686e-7
5.379529976208391
0.07284582859155872
-1.4546597071569685
-5.437842207740814
-4.203207141193654
-0.01395728325045118
-0.009054344872817015
-0.021677783403875005
-0.4878821198340618
0.19777046040364374
37.440341996257104
4.447641669778218
15.223639923571467
1.358902422509769
11.6585480555316
60.30657548219501
29.375671535729953
1.5427839077221823
-21.63738924439022
-0.09351748799954575
11.168764433627432
15.773191410267634
1.805774142096266
0.9950948523052403
8.509811080051016
1.1248389958296579
-0.057135533161411685
1.1930206939636105
-0.0027616520097995547
-0.10973655290311884
-0.1413816730834165
-5.216354345185499
-3.3087927342777883
0.7720071666911906
-11.051465791770866
-20.998794590053762
-0.08098678466593089
-3.0422599630175657
0.3890192542735058
-42.89820331667505
-74.05093007180866
-85.74735786231673
-52.74833825946544
-8.286926638397048
-11.273411989891
-21.76670985176852
-9.34466237073539
-24.37130272107161
-9.015195136536892
-103.99250805335215
-21.534518723956463
-0.0038539052207540035
-0.08792825433950521
1.5691448713389564
6.787537229338182
5.980169128490162
13.23246855897359
16.319004611382333
10.735122279200976
-0.0009720967331371312
-2.2043972552283186
-5.745789254054711
-4.120394908897751
0.006796923207875594
-2.645756323782122
7.6036751229748285
11.481005721415306
6.035698128521046
-0.15271257701440769
-0.7645117940364864
-28.39716276906699
-7.4703423840832865
-75.89874863933424
-18.711991179357923
-4.921943462107128
-4.744998855822536
0.0025654821895537794
-11.181948192578025
-3.922995694449634
-11.801388181916225
1.4512837937916523
6.160670739251343
66.90492146922651
37.419740395713234
39.585344238795855
10.2863253965009
4.096089088285588e-5
-2.805206477869005
-21.264837568855018
-80.15853137903055
-10.594233276570925
-0.316933851100811
-0.00014167092001308366
16.07853772107124
34.95339916398332
29.346919946400337
4.424360471957586
0.02223967074627929
-0.041469230401750594
-3.1175031104843933
-28.619985604530736
-2.5214622801963045
-94.35212501953096
-5.7016094034026175
-2.1524809633996593
-2.557244131874001
16.079742108614898
0.007639538454888874
0.0017613478273438312
-0.393334334664686
-0.07909650106689813
-2.1723731598894465
0.013583515031179279
0.879242814470919
0.09590408752903729
25.62047399450332
16.7577956161479
11.92589026936109
2.438997708153939
-0.15910048664562532
0.16448729133733422
-1.759952238108777
-5.275723927413588
0.5015383027562045
22.647549094355995
14.44095734864136
3.4057830022154545
0.9638412406431883
0.9457576958960177
0.03944988975516801
-0.14151657586165736
-1.2555546047685553
-1.6034749283766574
0.002170487911713466
-0.1253992348550155
-3.1112637050077554
-7.906994564379456
-111.99630806490443
-9.662301680416531
-0.4871714385263023
-7.508943842563502
-1.209148986082874
1.746653168710673
-1.2854000490882926
0.0028274795922325438
-4.01506909236953
-1.4025733960573983
-25.13985781861368
-11.607602896151022
-0.6662863571946216
0.5667966142257855
-1.9175345039089315
-1.1658309264304345
-0.005706564766542175
-19.389336231071525
-9.420147835938927
-0.6465919838286346
-4.5622738461909105
-6.774805496808777
-1.7402807580762238
7.160655878183532
-0.030689875300998464
-0.2076009747832743
2.9894293808574575
83.85705284317405
58.05167319235227
70.32523320513579
234.7150411961152
35.62178111806445
8.787588106750073
1.6500665733780118
19.023574203822704
3.874808365097018
134.06490288855852
46.56092906015803
47.8524885842907
0.4497205305744387
0.13047646507619132
-2.20522316221181
-0.11790766274851756
-27.029789792986833
-33.726453499642574
-11.997251225491649
-6.873423940816433
-6.4036393776491956
-29.343100576262067
-61.89976512979848
-7.305281473565049
-35.02025645617718
-39.18795741168081
-6.323183753212428
0.14733613608036109
1.4577793111744255
-2.4904739399634326
-0.011382059579103035
-1.5667562547488618
-11.147720072085981
-88.17024735114299
-113.01016555215013
-0.04097130369714953
0.614948956385103
5.008915758580726
3.4027237596255673
39.45259692145928
44.44378676975832
4.390526293025898
0.00022719834944308492
20.582209614094232
-0.06339956269396312
-10.278709262881858
-7.7884189362713725
-3.155865706378272
0.00041424755176789886
-0.4217612997290904
0.08286979372720042
-3.3618220408770454
-1.8842354425593837
3.4046865017258225
70.31628416241259
1.7658596718182427
1.4567746863230455
-0.08736379406506875
0.09765719722441302
0.06820223000525329
0.007587642293487608
12.945272163865582
3.308806497248166
0.13478171966313743
0.0015906819854008276
10.502623946252694
0.2374782772800565
2.3530266055970315
30.08675206897593
2.1973286217377006
-2.5489434920217424
-0.8466914849977837
-18.05218632368831
-43.52884154918924
-2.0296916089639874
0.013271077037212519
0.001978735602659506
-0.4315449971964111
-31.963665504809747
-22.46130179934421
-1.1098945261110549
-28.927701933954317
-8.318727477590995
-0.3280301218838463
-0.028913408868339777
0.1763265766827757
1.1828531735253789
-0.10063147171157506
-40.43903742774562
-29.791734024679428
-0.049531220357236984
-1.0508153941028469
1.5934762955418385
1.9349035828125563
71.04540460944622
4.874374346757895
37.61163450054103
12.625607452363756
0.12295312490276261
1.8236111813075175
-4.441702824460738
-60.21163802485477
-0.00028859377240308026
-0.6157180422670931
-9.137673359996786
0.011776364154570469
-26.593356620495342
-3.413867905695767
-20.20734931736283
-0.011832749418165159
0.24135422359822983
7.095897959577597
7.6284167888526335
10.973346481332413
3.369933121899467
-5.012259355970017
-14.982759451763958
-1.4748588844576338
-0.7658445724451182
-20.654860352065466
-0.2892808037212293
-26.286624302341362
-1.7472622240807396
-0.08792743938512741
7.421706575625653
1.5418455286514643
-0.00816599106774307
-0.3067104156183532
0.3759451258860336
8.64421957556786e-6
0.04133529184305953
0.6637906329206246
34.24097817206504
101.76121784053728
83.31092552410352
13.567541649813293
41.87926402899445
11.874282491572975
34.24867004467461
8.309472422281354
-0.001485590690348732
-4.196413745593239e-6
-1.6571140339899042
-0.19149836119211167
-0.04481360781668677
-3.620131829645063
-13.820099260138901
-0.22885810092702497
-0.04232615964331793
-34.429158203980734
-8.029107458701747
-6.1489712062514545
-2.679947750922346
-0.012940128183636749
-35.16727103345014
-12.552980929878375
0.09852727992072577
-0.41061284379046475
-0.9744259910727736
-5.070329451547297
-36.00570213948192
0.07715928907724436
0.01139649518652408
8.505065247896747
21.024904530292503
7.5030048721814655
0.23965800525695446
-0.0012032678017600852
-1.0599489303807272
-11.56655868478374
-5.6721319504647765
23.542346520053858
3.3828539194215552
2.528233714595424
0.10431744069365784
-0.4977130883663468
-0.17925684294777516
-48.46107049528983
-6.216363227621231
-20.72856099110229
-1.1715210086318366
0.024056764303421352
-0.002255799282354279
7.563794232351115
5.365212697835202
61.29433781711593
-0.28746478277542603
-1.1588824585440918
-0.11728352576020445
1.1856945960555505
8.437662403531647
0.9659196506839403
-0.0058743967318059444
-1.3244799392649225
-17.37731703888751
-15.928947282587595
-11.883395315718365
-4.775759353572563
-8.251928682350826
-0.2874129584863241
-3.225999006226471
-0.03393599815020808
1.280849362032553
-10.19406064639637
-4.168515364332547
-3.8821959140623132
-0.2127453941847531
-2.238092221234689
-25.045178314205383
-1.4161955060865288
2.530504752883683
36.413742948803836
3.608638201995558
9.634493281282005
0.3578094954191234
4.237654379052625
0.35553957508890005
34.55774036043452
32.899560403254256
37.9911644001694
58.5220131934615
90.03647295483454
70.70348159305978
15.802256949970346
23.121492503281697
4.482164812447442
6.2337908598521325
32.366236468688555
12.94149019507922
-0.0009862770931218946
-3.834619286621394
0.6158990967031736
-0.3975346237862081
0.013499216272402125
-0.4286145141807927
-1.2347666998705509
3.595684774259481
0.1433655003147428
4.648462125834417
9.371350531610336
-0.5073795846859118
0.2195509254649962
1.759451670650365
-0.00010841300551785338
-1.2874778289301647
-4.1026041729542495
-61.6233538372345
-12.759723981083859
-0.05947023406931127
-0.6297623840288256
-36.34935670477916
0.010934483220835426
-5.180093500360287
-1.5514302123636938
-0.0006834928988592264
-9.07733861602883
-0.6572825576953529
0.5070132383316088
1.642348867362406
18.898733990155346
11.045906171847001
53.14220314977366
11.635149653623811
9.511517890916641
27.632961519455232
7.655056958288031
15.237163801015052
35.059569129625636
7.778158758326885
-0.07428411065616897
-0.06478949594762343
0.10070334152979862
-0.3454301305214672
2.7499577659005857e-5
2.716652660632916
6.313665342148884
5.1863020403801245
0.36646093316641526
0.0008697810817422676
0.3389818864778499
-0.88784167881045
-3.597026800384996
-21.63337070688164
-37.14115630558949
-58.104488947844686
-32.542045589067065
-4.699036072426773
-0.15406429255812124
-5.737632214749369
-0.10431107361955441
-33.96511763558604
-2.598154088097593
-2.867021823607473
-0.9738898614212146
-28.279021177798313
-33.134139428519056
-0.028670173572109325
0.23113214679834299
0.00604806484345904
0.08848535266793686
2.207041305347653
-46.92512620166672
-28.672140810202222
-2.400567231188208
5.870800588150666
4.433822083102586
-0.625633524151168
-3.270803474153171e-5
0.5481217972536784
-0.24473488654587386
-6.226130148293409
-0.0025531821982388136
0.05386438293732286
18.602554318922625
54.91001735407042
77.13343729168308
0.8717085528479595
11.27252327082192
-0.11297085861016101
0.030849352216084282
-0.07609926148744461
1.9915187905278595
-1.25654927899904
-1.67159584322534
-1.4760644223719939
0.015322008737133408
0.9582778562721519
-3.621982137452298e-9
1.8949242459998887
10.643094631354623
0.08471591076926352
0.3767692448056534
-0.0020721173196787345
8.819377594828453
0.0059562675901274455
-0.14010480490576488
-6.43336919643813
-15.193952890259588
-9.037792146197239
-0.08105888870803679
-10.126795535956406
-10.042126188966535
0.06209069477824106
-0.000540053344980279
0.00033732915585521126
-0.3502089811407848
-0.49909782999064606
0.06734498061253306
-11.625440642069718
0.19701988596286948
0.01580340558459213
-0.00497566122027646
-13.420614394034539
-1.3585103654926152
-13.461215743474703
-0.24795080524506916
0.5787844783238241
0.31963538589845486
-0.09303838046004008
0.8396790122091097
0.24564592005547312
3.506819696809283
12.453033303846162
0.0026325982573110105
-0.9273789854921655
-1.1233626197936393
-32.81709244892306
0.4431652135463696
-0.1872734594997356
-20.507762008299142
-0.15599467936605277
7.712455128697425
4.4914483832120995
2.249637171405952
2.580622981146167
15.558673542244078
0.040321585576718395
17.93335623270477
36.455293009284965
1.3084330600647056
0.6597963378803845
-0.05478777119577282
0.0013727081812241779
1.366682164917221
0.21353911700959816
1.073889884726465
-0.24432069659832037
-2.603109715925781
0.32885261569553353
-0.4459782629317774
-3.908441047737033
-0.18491395685893516
10.324186867611738
0.32198521273971864
-31.71356215465364
-47.20721757765602
-7.8486139056795645
-1.628268777414825
-3.2899305955877307
-1.3154118481258799
-0.23809147557071353
-4.123851456679064
-9.674928126182522
-42.67387102788268
-9.300362983672049
-5.139881583993083
-0.004381180323249122
-0.28262285248264896
-0.033233047601064124
0.4806760268474683
8.952791983477695
5.517461730436207
18.597122519618733
15.49576606912119
0.021021016610150593
0.4441514981078013
10.862620803188479
0.2590796906284549
-0.3640058277271095
0.06674047453678161
0.20748303451658903
0.21750045834593082
-32.79336843360044
-41.860822747437005
-37.04867582455039
-0.09028485685837437
12.587759019521915
0.9310975757947069
5.813548834647836
62.86834871536151
4.233953700867042
6.969658329219574
-0.14887158548002713
-0.009152709377042241
0.1365202080986285
-0.23452829904328695
-16.224493864869224
-0.008287913659478622
1.1545745907203389
0.09191732581121151
0.01365400664280078
0.023264808927209814
0.9289493054747511
4.999187536177231
25.845356510860373
8.602431631984999
26.475192971433056
28.189134086155203
34.052349563295586
7.241536252375634
2.061973217829345
0.43818410383097783
0.019820436175038342
6.763268700651196
-2.279593772868396
0.020945415329867247
-2.081661475433404
0.0001538858454296801
-0.27498269023787114
4.496387575532656
-0.008248528343931394
-0.18209691060709435
-3.2719854166931914
-2.1386570663322426
-0.0015139942829312618
1.4928035656430032
10.316895117298905
9.427303520653583
46.026596194675975
160.54611903488487
187.94475143612823
10.994875919229848
75.35740625165131
17.49149984297425
29.369208005871418
26.30582431673648
7.263018971103141
7.927319818816705e-5
-30.07137429679967
-12.263984903892245
-9.220953110916957
-20.82357072893566
-1.1698554064331146
-19.815554683418313
-0.06960645224071745
-0.04441184222117993
-26.489718378811553
-42.878538211565065
-48.59111716003805
-0.0037765542275217923
-1.288920736192724
-2.3885358614301553
-0.04980067837555705
-0.9110362038670197
-9.740256228998204
-5.900402640900854
-0.18157180682874258
-4.014861750064396
-2.9326834511499458
0.11209058002855249
0.050767692545202595
3.904637944177128
-11.9304019126069
-0.5009144359629387
12.703615209494327
0.498579695143568
2.121321555408221
-4.938624074605862
-33.6663733051879
-10.585591880470908
-0.7125321876755083
1.1169788885659617
13.540081390477665
6.126295402351041
0.6250046796149257
12.261906216118684
13.552695725142732
74.60357441148622
259.370337336012
56.027271666129394
0.11792978796793831
35.16951173116799
138.31214869091502
99.82794300510487
28.057892975420557
13.641799050398756
9.13180909341289
16.784470555454053
13.719326269922322
0.8025253993369283
24.89525075240365
0.5152460184008016
8.301072917918475
0.0020140570871215553
-2.179232369824673
0.03830293123526863
-11.016515366462166
0.5887443878625941
-0.027861273473547145
-0.8813390535706637
-16.238464796869764
-35.65958264027675
-3.6388022625402687
-1.8167817810133224
-23.249655961804127
-0.04818919297027718
-4.791269847720316
-0.49321444154480254
-3.1315761923388554
-4.223228632099213
-13.644484869706634
-0.005687204904029056
2.684421097419138e-5
-1.089621093618606
0.0015351552263457185
-2.8224318246447626
-13.194509663127436
7.305792404146557
27.458499706606027
7.864996228108653
2.97035210395384
3.722589820263232
20.97474316644927
3.0130717508634643
-0.23245516879952607
0.05963461617382706
-21.466257898595412
-12.607370778200275
-11.716634380709285
-28.211287846515255
-18.976006567514283
-11.00374964370076
0.015545409429924406
0.25824497361210763
-1.32267303376054
-5.741116874576212e-6
1.7990545897471726
10.26567361180557
19.854239152069542
18.762023204717185
1.6954524881762125
4.572464478881093
22.516102738834753
100.70473728713641
2.565266800709577
-0.0022997127633269535
-0.018154980094335894
0.15087977261700353
0.001338270599726267
-0.7061457127000184
5.286755904749772
-3.0589754563188536
-0.8830919897344509
-12.548420006922786
0.42320628632377166
16.253020983828144
1.8298255631018427
1.3242491491096704
-0.9341098253614014
-3.6384519229455266
-0.09928024416116434
4.1048015628597263e-5
0.7829683663095333
0.35735124850651656
-36.305120749153076
-0.08952497390301212
-15.932648902527262
-0.06273374716312892
-9.443839036838556
-0.3550971724861121
-25.48049276430592
-8.246888706311479
-0.2633877482034096
-62.45396283235018
-12.737761618048959
-18.260382464201125
-91.14890464936421
-43.01836047379987
-5.939949831429544
-2.0714206710586143
-7.661113786854225
-0.5627616416362653
-7.514756307613629
-10.232626186660026
-1.112190430659859
9.72119018699104
0.046622161096452855
-3.262249483078894e-7
0.15275730340922594
-0.0006494483240128931
-0.0949765926776376
0.1083696448708487
-4.270856366811103
-12.47921850394766
-19.29958647083847
-2.2033239122050805
-35.51684630928922
-24.931033215250245
-27.709774216130054
-1.206249883468592
-0.3578944094539746
-6.963775576096571
-1.7137173195347621
-5.455508658969821
0.020396932975647916
0.34389669162065456
-5.428054547867804
-20.189966596117053
-40.039241594070795
-5.935773281317768
0.7065045564409285
-4.834056097806991
-2.285173787030636
-0.002206493799422969
0.6492282190939639
-1.011631527800385
-0.6365693528565969
-2.070932820239231
-0.2879003486894004
-1.5654278801996184
1.2000331274769285
0.019279610230894407
2.7968481998904102
35.4837214677476
18.8343104706756
4.047156446426683
3.4103112505967488
5.573826422705756
16.921588278545986
20.709230521224992
35.546323274345454
15.22660972252007
-0.006383896730217409
0.07069584606289649
0.17528825856951522
-0.4132242335596361
0.06800420680478103
0.1629218807723795
-0.0003431238962623165
0.04917218842699487
0.011313371461723004
-0.6338272501339496
-0.0016100853423627463
25.203142736788514
74.99299381233307
23.253517853933214
1.164239613427808
1.020202055218363
1.1511158662350909
0.26357350371962734
-0.0011620020025361868
0.4788010258695017
-8.947924247953312
-16.901909537500988
-0.2605514667615638
-6.705926870990044
-0.3954784955374691
-6.955789736310146
-31.142829470348122
-13.143252776233997
0.04635928098323954
-11.136673999479134
-12.755345953325554
-2.0663179724743537
-10.606005656746966
2.748950141323428
1.5302193310053354
-5.667385799335246
-12.40445966971909
-0.4644820697341813
-0.07257001810765622
1.259358170627235
