16.247994544659722
-0.7037532417653605
1.595474370808792
0.791985569201279
-0.1169103520919688
-5.004713290442274
-0.7745757189333499
-0.7968107614327867
-5.096879036807541
0.0791224954182515
-7.313209016548876
-23.57568757698332
-7.017351820864985
0.04218591728838112
16.267267586431704
1.5794744810553496
0.00776017154040026
8.305566388213009
10.783930194701616
0.5977538518971319
0.008731081810698208
0.21833294545300264
-0.36763545152878857
-0.0021898206453454137
-10.212185424837903
-77.13195719099423
-130.56329418526644
-5.964035130687685
-11.084934856857096
-89.81125436886731
-29.683667929591717
-23.732264170789744
-1.8902323838912174
0.5642707581879771
-3.019619109573058
-6.6035259629296785
-17.8624527590291
0.3401509047604959
-1.1422333793912862
-11.378527042347917
-13.497249485457441
-0.020556345984037286
0.0002899591809438158
-2.3351972690071463
-10.754088074439462
-0.05150044542691836
1.2930187333634915
-0.12056519121622666
2.6306407892841315
0.020945104742557896
0.4798703876661357
0.5852681709503662
-8.333892328642543
3.733769397480951e-5
-2.422487003555807
-9.260949791394417
-0.4081597463953437
-20.517035348484153
-19.03362116199815
-3.280449055482558
-0.1605179016342351
7.712568730301783
-0.24628071090131462
0.0019151274288650303
-27.34811865344712
-1.5647881638448107e-6
-0.0003274476641490763
-0.8877899619140011
-0.004998920966625451
-0.6448541110543792
-0.045079420837295554
12.900598267854486
-0.08321308250630956
-39.78530569425907
-0.5197501841538993
-1.6582107985289005
-9.256854705040967
-3.006886309856464
-3.114000674423842
-0.43476574480543667
-21.499408698408416
-0.043234638353300985
2.627605768951285e-6
0.16308029883157144
-0.8056383134019435
4.9635467802855215
1.1329726358190177
0.0011441095224895652
1.8608608909898403
-1.5488193966277704
-8.438440816816592e-6
0.09130565679818563
-2.5231190493197495
-0.030257561011371715
0.050477120409107505
-0.46449812023612064
-0.0002952222945479426
-3.339706896418034
5.829790250638688
-1.9486026602167241
4.471230911111247
-0.0005537360887813422
0.05104859734055121
0.5063678093534703
-22.02173165146343
-60.66426387221354
-6.985643508613715
-9.602286121198047
-45.19768284885718
-12.075061335789396
-9.653449335945352
-1.1419188067601653
1.2308115128773436
0.0027910574235239464
-0.859332326848492
-2.1378039679836625
-0.0009841553855349664
-1.0448239308159317
0.09824971280452888
-55.44937173200777
-13.153959785788023
-28.74141322374628
-94.45252143314393
-204.0360996587902
-79.53201488368578
-9.055632709997743
-9.149286697854855
-19.603478731733006
0.11719426531551284
0.01985315331129128
-0.0041984984940100405
0.001570891937037739
12.98070199505787
2.414631584948686
0.2086467732438102
0.007641854738073437
0.060119659760521776
0.12201046497418117
-11.510914415190022
-6.028990691581833
-2.9897296517250402
-6.5222613920450545
0.0004365706475420222
-1.1418344724872591
1.5146339674834628
5.2699568282182174e-5
24.22651456081698
20.703590059984005
7.096148078746322
4.312071915427509
32.942153133793
35.9029183303134
2.5337082006846554
46.06206285948748
9.517587481423634
0.06266393148408267
-3.4684212357599358
-0.01021631905712097
-28.29545902141475
-101.81351796305975
-46.478334891979756
-2.134352851874319
-10.9710237541133
-2.116921837783354
2.3634393418496633
0.35205308486595926
7.465096179044493
-0.010675485753082926
-2.0932957732790713
-5.504152867250593
1.2384361844863874
7.813403460666854
84.2780382355687
0.5058562955870668
0.802776150890136
-2.5111519489043417
-24.715104017925256
-19.634793606600944
-0.6602066949925511
-1.394236682743659
0.9538248484939768
10.787336577683005
15.862046414938128
56.951892783237476
0.10578244669410958
9.187614183320639e-5
0.16764681944748583
-0.02452703146747053
-0.024536865441402975
0.2009221733338407
-0.06485802071921588
-0.31455228073820557
0.09317082916827861
-25.041278520300033
-0.00012830015863912416
0.4321192700076104
-0.006209796122421776
0.18900318492580526
4.674256512970339
0.2045920203637357
-0.1768009965035415
0.18702122890742037
-0.3447344955800489
-0.03472142904746819
-1.5681179004312503e-6
2.365660389208529e-5
-6.78453654233133
-0.7991798441149297
-0.13479750199582688
-5.192335367726832
2.114770276700319
-0.007005894476177536
0.27075441319763366
22.301511412374285
3.1299746724190065
0.00014622722206769764
0.02559343417968725
8.037383153328497
25.913932189546188
2.572164749630146
31.100254044024965
-2.5066189436465454
-7.654590438350072
-0.5412179926147291
-23.784667791860045
-2.1614865316913017
-7.515585213101232
4.281922249390862
0.2296208299817229
4.233865938097183
-0.03429352143738864
0.12720394101557048
-4.396779348934952
-2.399596688799451
-4.199277469844426
3.539543151470421
-0.00020441950671789476
0.13991403819467832
0.17382576111508966
0.058520950268799915
-5.486243789817377
-0.7626944803288921
-0.0868613275215781
-10.978974114080732
-13.573952468464764
-10.06362683416753
3.460526803284158
2.5964714513185787
6.141016753172919
0.17156666220145997
-62.063160280742274
-7.0343118081207825
0.5540294695409982
-0.07024324653166307
1.0040398758560414
4.99869465870608
8.549317712405026
9.548203255294359
19.29525500599341
0.1782428910239243
0.4389418427411056
-6.744414521698156
-23.302283570082896
-63.946364039585426
-2.3573460149907306
-42.34992505995416
-73.24495640880237
-5.665949143861345
0.2622146796490873
3.698257145644903
-1.934783269713662
-3.784391715502031e-5
0.13345068165876453
2.34570094185302
2.121088939612877
-0.17577425163074228
0.0027576658512408645
-2.169610230960908
0.030453604972288422
-9.101709881784519
-0.1023946054447645
1.6657317962549616
0.5738913182657901
0.6263350436942597
-0.522674726864579
7.966620946267101
5.296429854070744
1.0212964754197575
86.3203381318072
12.353106995319893
17.90222761970634
170.5693300474944
167.31696602939633
41.32589656336906
59.25715284319773
16.927107623269045
0.12210186421474103
-0.16006524149340104
1.2821560079715402
0.0717359954826579
-29.524767012855197
-27.60661611181917
-21.61382513805298
-6.757595971032183
1.4559757067471375
28.58501707692375
0.0033889461445091433
0.003494458750918111
-0.16687757247777105
4.4862454847882
0.25425529138486047
-1.3730708769226003
0.02445091792562622
-0.007294714912341033
-1.3353181267170881e-7
-0.095310770580285
0.02909940138112452
-0.4862245630792744
0.016849891665642693
-0.8724440876734371
-0.3535825230417714
1.5302799503164801
1.594260729718617
0.3050796214117066
0.28075552099567197
0.12536397376674968
-0.9750654734134433
-8.161062734544595
-6.192423199512034
-0.06591980579696555
-4.638708176204173
-0.18267842380288868
-0.010933106160714495
-5.909111019156395
-29.06631037229085
0.16686049775475348
-1.98001683509168
-0.0001677585551746552
-14.196008188207784
-75.14246302690376
-6.884071875921789
-7.898434636219238
-2.024556843121183
-2.5066130198307635
-18.6268693563754
-23.36934263719357
0.6366186422877456
-0.005216246922098982
0.34630272457368144
8.298814625041645e-6
-0.03636188726372539
-6.220895519970943
-6.109971905728635
-1.8416508740769257
-0.15108552279352874
-2.643764508274041
-2.5765125261697204
-0.14536274628876691
0.32237503405772977
0.549765477516568
5.70313692833807
-0.0594297086619519
5.243377906287239
-0.45020172618946525
0.09752309851550557
-7.836528359267314
0.025197678567190317
-8.403925420189912
-38.993964000485256
-2.9366631687186415
-14.12516490713743
0.0033094787017810805
0.8060333624623675
0.17437689266122794
-2.019855738730953
0.13846397936207827
-4.481821232097723
0.685944528846398
17.7969484115148
2.4373651458722208
33.733036016234955
-0.3904448287928107
-14.302239346127942
-0.7542306422531299
-40.32026099339184
-34.063595604656875
-2.608576980028751
-2.7746292345876715
-0.3961678995539119
-3.439313107629787
-0.003878007170476646
-1.9235723642231144
79.79574343618026
172.65103912799708
210.5281766167
610.6571587685379
273.9976107847409
131.48314884724593
11.439054961723125
9.421196239188593
2.9051536046732256
0.14502402809387493
1.7688631203511844
0.2471303576841809
0.007586069028510669
-5.11199015875689
-25.55461094896829
-18.344478670096002
-14.84123322239445
-0.977881435579559
-14.560199655162744
-5.465402351228936
-0.12311493406108008
0.4023984163989812
-16.040543403123017
-0.0929685628158634
-0.6548294806590509
0.1260242042403906
7.727221452919874
9.888674333232162
0.004618184380356377
-0.021606073740149452
6.661488504839317e-6
0.3532047165679618
-0.00010117567588063018
-0.7132732210683599
3.543270295974955
8.755044047065201
2.8774951407207636
-0.04824169880257943
-24.89021975564022
-6.300641083742155
-7.397040385372248
0.03248212630808867
0.013089289893949823
0.0005694901635786292
0.0022417882555946524
13.800373550607146
-0.009808306273784725
5.206259605900092
4.489613877418816
4.523024643071345
-1.8029989119570162
0.041862368335287024
0.26136640584509807
-2.2958153147740994
0.0025409542053654553
-0.6147324291752082
-0.018826423111006782
9.495341088997275
64.445087384947
180.0815540820999
11.185670551451263
13.114869166078535
9.460819863055173
1.8508560324288588
0.00019982039987428637
-5.676449722191921
-2.6360625036483225
0.017825862054288585
1.8576857782751919
27.244345131797203
17.251437078812852
1.4498967721322324
3.494994555847487
4.510684611978619
-0.013519825935372745
-9.211266001383256
-2.4617912380308926
1.597272762402631
1.254615003032824
-21.411564414136414
-0.3114514354479735
-16.63043444595586
-1.9080936326211821
-0.2215728196545652
-0.0030560998849839486
-6.1159096167621545
-0.9255036299604049
-21.035628654329848
1.0399380766240647
-5.484039441177894
-58.214461538346676
-7.49986163401682
-5.507595323663445
-57.436043967991594
-1.3148742870718533
-10.925231447246729
-3.8068815474500646
-3.4408925255214853
0.747164961488546
0.0075966525500911685
-0.12374623448224438
-2.0988099538887437
2.0986120626365294
-0.08417841858186648
-5.352092984296032
-0.21657939890708786
-32.20007434599975
-31.867795237912187
-0.8586771145346884
0.6591189640198473
-29.308810998600528
-8.243811070525448
-56.01218883958717
-2.0957312905610457
1.6383622664206843
26.732508040510865
-4.116673896709977
0.0007144622171347773
0.010886344802131758
-7.839370640748015
-0.6567711580765324
0.013843416526149266
-1.1682639808428286
-59.65328906616688
1.2648637865073638
0.7544311956872356
0.3458700594154212
243.24339160793366
65.00039767169666
11.2149208707194
0.20445168590813864
-0.002575821928901162
4.07241070853437
113.72052257265292
46.44109896786197
1.6030745112736082
0.19911521532624202
-0.3822686074109077
-10.527354598728943
3.166426899741608
55.50402902546051
38.620839698382106
0.08765459612851835
-0.03475638018190741
-1.316093406322836
0.03311061590943598
0.022027212702457843
-9.983401515552456
-6.296378977063083
-2.1477459612418164
-6.335228813080279
-18.684999429607746
0.31868777621751526
0.13233808523956647
-0.9854857610703418
-0.023667259380369444
0.07525759999345073
1.4653642058928602
13.613732236474451
14.314300611865026
17.712412218186277
41.60483773614589
101.98893974570089
4.120079714514501
22.749201056275915
56.255721480673635
85.911078572877
0.4998974402928273
-0.03101966489770956
12.987563269631973
2.8489557189923893
0.5340449049183548
7.145883879208414
3.4745698079213074
1.3716326712216926
0.29688996793116873
1.3596935252429514
7.579233064022935
92.63496603010236
33.665533299034095
0.22919892693937938
0.15294347962512064
0.003315212429509482
29.0997860670397
10.682839432202337
0.10667068802860008
-8.048673718581938
-26.721562439014278
-18.762112331819054
7.855229626854355
-8.0612558046667
1.1507512013192283e-5
-0.012626619869732734
-4.056249410882194
-34.70371405791848
-9.011582685657402
-19.25879831792427
-22.61849740188883
-31.476910858977295
-0.1674154250672874
-0.2846609973773794
0.6888316386615946
-3.0550487306342924
4.109840507861896e-6
0.8769405000318548
-6.407749622108902
1.029872256213
3.827615782266339
8.61183962207197
-5.50936259386817
-0.0836993678662495
-3.1822080242835095e-9
0.3865560214916564
14.608553165817428
12.595353496918655
0.016552951029660447
-2.7272792562014265
-4.843581353914851
-9.575676889265123
-11.34801410556591
-6.1240244730368305
-2.1084948291628387
-18.80178296560498
-6.685700008906377e-5
-0.07438265076036592
-0.6561385281592896
-4.112756830379961
-0.02584727664450117
-1.114260479487809
-1.0555941353045781
-2.7190046332738502
0.43946400929996904
0.00036293131742253415
0.011918602937638856
5.261625438364481
122.0000661542308
12.914026214571454
-0.0001458152980106158
-54.97927843800034
-12.542522929273185
-1.1125197770577264
-0.29220270721970876
-7.629606127477923
0.511461305569633
2.9550263688808474
0.2269473134246948
-0.9433602721622706
-11.679996462387606
-8.080160458724967
0.44955669831470363
-0.06636792358065854
-4.526926037165049
-0.44778386320471275
-0.773194803230159
-1.5365702074303877
-2.0780884314214116
-0.1500259398431164
-8.399255716550176
0.42440830469068686
0.12597454866922142
0.009120567261909919
0.23980287244454782
0.17448411520559112
-0.14820798028250742
0.0016432900828760955
5.329075911167676
18.476119796409222
3.381536249050929
4.179401195367153
-0.0678226203024274
-15.962805573777793
-6.894897395663588
0.13253955504380982
-0.34048813508451375
10.042584129328093
12.003100005783528
11.3948707467993
1.295896068408821
3.674545322661743
1.7590636329175409
0.07391695465909717
0.732423976671888
12.220659575002944
93.97219441194333
1.4022556138674958
206.15915343378742
163.09494752623942
72.53839115158642
168.8275879646659
163.67169719661734
98.8856931811533
142.68141281476088
120.12501111596352
125.98980578907705
425.8189969122305
142.86773709347221
146.1735098933302
148.11338989962928
39.853454326350764
20.9693203184956
65.08267559052337
79.571958388354
7.400484840469502
55.532985545938736
165.07199981380018
79.91397336345806
27.304763343291505
24.1709736808809
79.94500288071227
16.28771383181073
3.8126422016409505
3.9937511101350123
5.519686296159724e-6
2.361837576120338
0.6237577257283876
0.10451568452783495
0.22710517513208847
1.9549834501102294
0.5096252170039636
0.007219534145353772
0.1663665671288668
0.010181105628764857
-0.004351933216353156
5.724487825629829
0.3627628432700782
-1.8295415619895756
-0.44528045668443045
-21.260732943519002
-0.5311908463746133
-0.03838731187668833
1.9061960720133218
-0.06856927291983464
0.00851646939365003
0.016771264540917402
-0.7940951783845573
-0.04223118222465335
1.3532860872942345
-24.465629796974824
-40.00375650858394
-10.646506876182661
-0.898597798535107
13.415204982099358
0.004310786640126657
-0.020106411815224472
-4.183028475630683e-5
-0.054227277838638704
-0.4588590447459335
0.00043867203562540636
-0.1408074372698454
6.791324914790983
2.8342863729078713
0.01980127867307442
0.04428055382173757
-0.07617253577207916
-0.002031935766810387
1.1309274523080326
0.15881423259711197
1.5225138343552869
-0.014760837285277715
0.03365083124221437
4.956775641261184
34.303836870720104
0.001929029257780362
-0.004990054388967727
3.6134349030617736
0.5277249887048086
0.010314992032605245
0.1178789586223118
4.910145476626795
0.0017991213603182922
-0.9227082034905466
-0.31691274209178044
0.0003378868297140393
-27.92409805180058
-10.758287007789708
-6.178330032014338
7.474384809458596e-8
1.2440827257435612
0.013771385979798762
13.973928611550074
-1.0299359801271546
0.002088827922852987
3.9267507751209463
3.713064053229897
-2.9125313411697853
-85.25255961530864
-17.420700894839683
-75.25492562429463
-9.162629791808852
-0.02939409242220049
-0.08485873293770928
0.6704883688039185
0.8707243140286831
0.03979440576485052
-2.524695721300051
-0.002619119204836394
-0.10554475028180066
0.7376385516992161
0.14117427579199118
8.81195575002291
6.64619728848359
-13.668212044513638
-10.018587431549733
-2.7262865866498225
3.0006305845474198e-5
-13.796478621342331
-2.8726009425638463
-16.772229956929422
-0.08958269211520836
4.9630719050651795
0.03545883134730591
-1.374139613649277
-67.32873673194673
-3.6558004971919886
-1.5745574586802498
-0.07880747599791425
-10.073156138371592
0.07680470363578491
-5.0190520370646245
1.0127208804574859
3.736901187730758
1.84291747757412
-0.008374426304205606
0.21852035960618316
9.394982391000802
1.8909448416012662
24.401835010623206
0.0039035443784865495
1.0007022695576036
-0.9314647620006761
54.63014098669928
4.4980667510005725
1.3454487751185509
-3.7296766962959493
0.3169265110852695
0.9539164178155807
0.0805921446596408
47.23273439014595
90.16530582795485
5.62027886041788
-0.22470211331406384
-2.4731248693260577
-26.66876087769428
-13.073360685441536
-3.6990114401377103
0.10239008205097365
-4.630566475783404
-0.0035650124971367296
1.545725395823777
0.0037007345243841223
-26.579659404383964
-1.148185779351196
-6.146845544696938
-3.72817436188911
-37.146306701795794
-10.799380873621029
-3.36857838792911
0.013389157003040103
0.44104680533879065
17.78143512706851
-0.5685703201952034
-1.5879395403099648
-19.122643702268608
-11.281508518087069
-9.804403869922211
0.1556134334011986
3.226320718351244e-6
-0.04736986020342739
0.6812704014060524
-0.07248261372498692
-12.868509644946698
2.3878070682095816
-0.9585471376630056
-0.5665603308645067
2.824670416022113
-0.001107855696923362
-53.0772689864644
-0.05368073620004631
-0.22388588450286903
6.308888881134447
42.30550397986631
53.32272246061541
98.46979640514584
221.36747636827542
4.950722346363876
0.46787716022774495
2.4288848106730714
2.9866467565316865
43.40278751807777
0.8730259117558726
3.930017080817799
-0.6206316342726943
-0.039698148521030846
-7.972659679415888
-19.470960944308747
-22.970358424427214
-4.64164107206777
0.13380140291544587
0.04146874716813162
72.83636377448114
31.24407551418327
9.384379675309651
0.13560716454582586
0.19955972422890716
-1.2863841469544293
0.014762458354392265
9.32375582942266
-0.6878859890357167
-1.2418496152732195
-0.2153054864233153
-6.441313468657973
-37.53488125743205
-7.369349745383294
-0.3615842780837069
-0.005633979015149012
5.198366783728552
25.098716774355594
1.2041242114703842e-5
-5.890704728927158
-14.691221298090259
-3.2191863326351355
-2.7707225888934395
2.8263540187427423
0.8423725960845425
0.3520818260035195
43.19782389139018
3.083447888773173
0.010002202467967085
3.299033279059154
29.870484110597076
8.896253617689538
-2.1188584469605294
0.16363508262663304
-1.1738734360183896
-1.6690134712147215
-0.1413225815802302
2.8724391315652977
1.1659804077485405
-0.11123922168065377
4.838041471273739
0.28615424621657637
0.14129545391673443
-9.294992977224716
-0.9762648523499157
-1.5850382552734723
-6.876350752089325
-1.2637208839285368
-10.948558803931142
-7.367409851699242
-22.972536906053378
0.00012653164568007536
-3.545801858053726
-20.776774679929424
-16.347796333903325
-2.33477869646497
-0.8896946177889161
-45.18098756647834
-15.262063821913308
-1.3669309523490933
-16.58382953594828
-105.20715239495546
-26.695490238058184
-22.664593820756625
-0.0035591009252394683
-1.1531471042705189e-5
-0.2022186203639749
-0.21602120556466625
-10.638800880351077
9.944493893666982
8.524316381570491
0.030308204792242163
0.0004237526519124639
-0.06575365891634749
6.000325543000373
-0.29347609122692614
-18.003693604505205
-1.806416102626722
-2.449314561330639
-21.061349913724953
-2.711940170035307
-0.0018927256566522198
7.548177317099431
23.573690971098483
21.42383661126204
6.273718128208384
21.148120461541996
-36.9667469523592
-0.8272502912294727
-53.041264370814815
-59.36759707362307
-1.5612903111563599
3.910784643767389
-0.014002019222011544
-7.3646477550282
-16.026779593014194
0.7231314233697123
0.0016749387416328794
-10.627879578540693
-8.98867913490719
-0.8639581338783323
2.342420482367192e-8
27.410408440262483
1.4192835307201752
-0.4803887838803665
0.7388190885497473
-18.402934912259372
-1.344434588166654
-13.60872168488542
-4.84673791543802
-0.1138849985278653
-8.86167471544133
-4.827642234558811
-31.11570350729972
-12.795769240005061
-28.080185745379477
-12.170469711966826
-17.32115510687126
-6.318880123972054
-0.7607230658125924
-0.2591759869669003
-5.953639893178293
0.26350526079578007
-11.242330104159702
0.8075367663962905
130.1490237647269
125.70541208223773
315.516468922427
38.99177089726501
61.61081589666928
58.369375000745784
87.10027203666978
140.69115800108665
153.74573283198296
139.50216599377455
199.3564942738267
66.01323653774757
61.42070734344649
16.470443939089
-0.3648694436890552
-11.64893776819666
-2.46439051534642
-0.3596984548114487
-0.3623822111380744
-0.0022771381631646885
0.09565554683587402
4.377396797937099
-2.3227561365888447
-0.268717553159671
-18.14550604664374
-14.091841398384876
-15.492058678316303
-4.1733711800596325
2.4771437352501575
0.5328886396747089
-0.008296633394155152
8.080636093442266
20.712764606148024
-6.451661000230633
-2.1482257423829942
-11.10107246977338
-0.04133525740710642
-0.45409225898661004
42.98679189409124
-8.913145245546645e-6
-0.16941122135193096
-1.2365448409316937
-0.1903747916360611
-2.239577523919172
-0.9982729066846285
2.8125406935550283
0.025203142179634815
-32.88787030076109
0.02492543942592786
2.105486122782211
3.350776397443033
-2.5414396120781917
-21.643300427749956
-0.5936426294832735
6.086663605783487
-0.24982094475494274
-9.352741836426095
-29.227448909608707
-5.577572901983197
-12.328263882303503
-0.04344875433178425
0.7150120657926541
11.189130325366678
8.811899869312786
15.908753169914567
70.78513749574559
0.21567102604798946
0.0002802558443066473
20.889231982674787
2.261029839451373
8.566790861987405
8.559845777904906
4.29208122370526
-0.077117421341199
4.93477087457262
2.1041627358461352
0.23193537206217074
-36.43593266500614
-0.6842296969674426
-4.559074849587601
-6.4390908188145035
-8.195082048880074
-41.75490018638536
-0.1025372914944728
-12.057848588238894
-11.036096265848373
-4.000128660502428
-26.564470789631244
-20.5135702640041
-4.626718551981726
-1.311757091495917
-6.281246081850623
-0.37656441295888543
-34.008828672984365
-57.16985901865222
-34.639594476256455
1.1912594524124922
0.020328268837342678
0.39338184832161255
-0.6711486664250614
-34.90680372334553
-86.93202942847554
-8.063702521716518
-3.7779613226341464
7.673350967778777
5.313257908779329
-6.577720604159932
-30.463364365671428
-20.511645003440304
1.5095059764826324e-9
-8.170421188097905
-0.9999498686711117
0.06243000663558178
-0.046898000343318695
0.0013621938603891046
-7.858905412494809
-1.5091598542275715
-2.612699279368786
-4.147690094584204
0.15251484989693687
7.993544467613369
0.0221059441076327
12.569762504579673
15.24395006072855
0.22758611398503786
-0.8250332641020596
-5.1749469353118025
-62.00277819491665
-28.517408427744463
-80.87596561531986
-9.940341734252913
1.3664934771260007
66.30246804601373
34.54895096710269
0.9447163693241258
-0.1296140354802745
47.638032018011664
22.494822047177426
3.133355769163587
15.314123508758644
0.3002619661573033
84.92298144670754
144.60100235869282
169.99413607776654
214.9265472231975
119.88291877261209
255.14764952727174
114.74588504832154
40.97766806141856
0.5262384190800267
1.4670018884986062
7.542547029989552
0.0037570601509130217
-0.002153460466229139
-2.090848813723762
18.40187784920748
-13.565753317443876
0.027189137626728054
-5.440251355351209
-0.024652905437801253
2.063902354306663
-8.733191435399911e-5
-0.29149801928050256
-0.6085479950675353
0.9697445498517201
0.0036080611826328633
-0.626853375710552
-13.349918144991728
-34.492801865008566
-66.89229642468568
-20.953996758037427
-34.406514884236444
0.007694784471223718
-11.448639564789431
1.2927867919090323
0.04097820731913757
0.12242414426557995
18.87027423983347
15.185389249161203
0.04784367247418996
0.4972944576218078
0.17823884301202136
1.1521708657049834
-2.9712946702805128
-4.270462137185653
-25.73677882763172
-23.509648198423463
1.6843890535894444
-2.1740438284973593
1.3597574106580472
45.162792018881404
2.634940756878093
0.3175231019814009
13.59285603063451
0.9263282109064997
12.994789072543933
5.250810503252128
18.75676844835195
37.10036689319401
0.37108533559546747
2.713736514610296
0.2628540408505226
3.9907833944077242
11.106122038825003
0.8160292649080768
10.93624552831271
0.001833513955532623
-1.2483659760703882
-3.627704626556759
0.03589251614088616
1.3288658874460093
1.7488011150165792
8.651844094170452
0.5172286907031974
0.662915246878477
0.07247225213415957
52.78886678803467
-0.0207799955032486
0.6217360734484375
-0.26094484133623297
0.001180474440444054
-0.1382027595787696
-0.6534915633697219
0.007405003660953839
-3.3481266913918284
-3.1979811860852694
6.182854208024428
-0.18196019033368452
-15.21834463005986
-0.2634324294333518
-1.901512040466303
9.956390111663938
7.977661148008697
-0.04908023358836468
-0.2979871312485392
-0.17589830009929575
-2.67210913919969
-12.083845819824
-22.37935605324611
-11.216713180242385
-61.99730774355603
-3.2462660138961215
-3.3340961412637014
-11.269512922287664
-1.5221212755875666
-1.7179852300267708
-69.30813929650266
-0.5403278607258094
2.318681225840617
0.2884332591591836
3.025993844380842
1.5316899160977717
33.326561658326234
54.59696261291742
1.3213238964905258
13.130167003508411
4.675097783401013
5.3652800662316285
69.38023903522789
158.45957354235824
316.7153811730399
36.00137900416293
67.75504791815192
0.9893353440111882
0.3307039698743676
1.1205629480647399
-0.7120180525990464
-0.029548851881091468
0.9835338385537897
-0.14241044880010745
4.1328413317168895
49.89178035832887
-0.0282899013545217
49.75695759946724
4.957963594687429
0.5331124932487934
15.33907463533281
5.3092101911796545
5.063849468069631
34.02558788726092
22.798263189832817
25.788361398487293
26.610997174322552
0.00852364728705555
-0.7568909060699274
17.596383393619956
0.06124738865720539
-0.0926798684506441
-0.16368340358828282
28.81995655532323
1.3181908888956853
0.0015994496264626105
-2.681802777394242
-1.2285876874526007
0.20580861576879375
0.08594960675350326
3.5243703056399127
38.64713843140907
31.917080023818958
150.12135222096367
10.899500732424142
17.265143544719475
5.419561321809399
-1.3789259839902184e-7
-0.02335922248397559
0.07804782057500376
-0.017457500342547505
-2.401916562331088
-22.634281543189502
-0.19317651855890916
37.40024846332019
23.06442149661295
7.801096812164963
2.9311003408442797
-0.00016215915356813398
-6.957529869936563
0.46370602262083654
14.455129342478882
3.059195018412724
21.00423095066608
47.79756234689409
42.994740874948036
63.0876037876519
14.977233773516817
-14.909212480831783
-36.400405280037056
0.002376809056034362
-5.177137404218607
-8.078072043662004
-0.07442011233626354
0.6786466319071366
0.08713504788574357
6.458674219294362e-8
15.872762180006443
0.012441224299208416
-0.09803806628031635
0.004939258102671962
-17.30471660406401
6.290708779699159
-3.727035737077239
-10.976043692466037
-0.011568776191335301
0.028132547587166185
0.12920310439664726
4.837306556662237
-29.394783128939903
-12.265638925216779
-1.7356462544252647
-0.7984346914817493
0.018176001919682452
1.1496120597114414
-0.002198052101796539
0.049123453737260105
-0.25401362655210713
39.095713772643336
7.16860056532476
-6.167186837510456
-5.520836912885387
-0.9768514087307412
-0.13663325248301936
-7.585612239946987
1.2819325626839422e-5
-10.182285054152452
0.06732610223979697
-9.022523017689846
-8.201398387158433
-0.24582898718328453
0.8742194139448382
-2.1030763283192693
-0.2432307204508345
0.14306367634331607
32.90408749357827
0.003926893846807944
-0.006958846561924429
-0.22261741721936082
0.9431666920096896
-12.138603084160312
-0.005218838668023757
20.10128973558862
8.013894840171776
9.554291901460962
4.09402788863894
12.414787659812717
2.990972189445393
23.840338178557882
0.6171171914941048
-15.467804465826982
-19.10115754598237
-13.936193650490752
-16.174855625273594
-4.958988605272361
-24.099697589857318
-3.38673177028776
18.335274726100202
-0.1796907224515801
-0.37447534045059444
0.04423139540426528
35.344167963055106
32.1069899874687
25.22923812404732
23.968635322593368
17.660880412588366
60.562146467383435
-0.4639670156749253
1.2045324715158547
0.9352008602114051
-16.814148124047538
-11.9204189324062
-4.402722030302818
-0.8009616849821993
0.872806774997366
-0.8762775491005517
0.21054460211416537
-2.736807399789991
-5.204047473371853
-0.4828367181083165
-11.702034394509358
5.161062965913153
18.842602963426707
-0.003018112661171439
-1.802377245540093
-0.49744396330142693
-6.983468011427496
-8.986961814071881
6.0282751577129465
5.618851924174541
-0.00046722463365131753
5.195268232076953
14.212028812946686
21.48379807282264
66.54602786064991
84.76328399493632
36.64881671326123
9.742404897728893
6.948055183953538
16.826611099373864
0.09140790293286508
1.4995351145367817
15.226354500753203
15.447263710786967
21.875263817695956
17.455112669660053
0.004392098151128739
9.589045983476355
0.25503740561963845
30.693679370036946
18.7194759800969
31.974373628425184
17.81286325908095
18.97260245681809
44.94460300424246
21.18104170937167
2.1167500305356826
-0.0003740151717765614
2.3719713351375993
7.899315517815512
8.024982815595596
0.337853019076484
-0.07205234150492101
2.9451987810538013e-6
16.669398727471545
9.94357937276272
0.7652320453873956
1.7117496953745004
67.5662102033821
0.23241038321052002
0.0008575004785133861
-8.7497215700292
-0.9546194010114646
-4.799740690516499
-79.21558902807317
7.717657593425839
0.7180670909117932
-2.098074513666526
0.7281184931999638
2.8757252544681444
4.069477245603239
-1.1669387212505782
-4.28037965201213
-3.3702030297088053
-2.444959709894218
-12.399344169314782
-0.4720605635087945
-2.0535802127580776
2.570951308437413
0.023654558613992516
18.77338790647927
0.7087347369756593
-0.4613600263595488
0.6375297777835882
0.026252899977996135
-12.146013085355442
-11.405822376931713
-19.404620623267867
-0.4820218078261486
-11.689501511339284
0.002277658727522866
5.090535982911244
0.6416904724217772
7.777024405625182
7.690732485241219
2.621910698204109
6.670958598631242
10.838926566358031
8.350084741364764
-0.03166183978092078
-8.341799758727406
-1.920498247160079
37.09978328424328
0.01828562008025509
-0.04940903473455039
-0.6176032915277107
2.5957900175380906
0.07250360849593047
-0.03064273702260769
18.15149315187087
37.6331751058426
0.7876143273235949
19.211634217549573
1.4824850081434728
-0.011027641377779646
15.05520319946376
35.98262843289139
0.40617391172886524
0.0657595600887171
2.159234085724597
-3.8830316316559217
-17.845303237354216
-3.310611145782102
0.19158872817615316
3.2065866419497886
-0.06841731698808491
-1.0217972064363432e-6
0.06666624735190496
-1.705668826019897
-8.38069208576363
0.04575597226136741
0.22099365054749867
1.8049871346173332
-0.0007658163012898652
10.059576479866301
0.04423918337928066
-0.0026661015518436187
-0.00029706149090979116
6.432263516737572
5.399018304996444
-0.4952596932238919
-25.23490467825729
-0.01721444144174369
-0.003915751163394398
-0.26666267485397893
-14.315933868273374
-5.906853817496373
-0.015273502849656964
-10.331426993242225
-8.034799619644206
-67.56056211087584
-3.5234266844009743
1.7089638512967253
2.622619617926457
13.507394405550954
-0.00887372284058078
5.707911462499303
-0.018567597213438536
-22.54756236219369
0.43945238760532046
-0.12341927092572512
-0.01993730308339827
0.004842697316306879
0.8392329329419405
-11.467166458460861
-0.056430390506337746
-4.014152740454135
-2.4962940169910364
-4.225682639832094
0.26343199950666596
0.11198882685879
5.121879912102092
16.24296944861906
8.0105082110128
7.704277256634817
13.678936159910648
13.271569703920647
54.72594819271591
41.83174759428337
86.27025108937826
-0.3856520002803133
-4.701258502548986
-2.313444686565861
-14.127710847622971
-0.33773331199578116
-0.26705587832522926
-0.4835085372698297
-20.06422601199839
-20.850230245568174
-23.790466567617173
-0.072356860510775
-0.0146959531134399
-0.0011062583570971432
-1.2022318733758763
-25.848421451947935
-7.960531383980459
-1.5936161155294888
-21.854589929220953
0.008981160550868214
0.08622054617580206
32.51412355918564
12.065099503664438
2.4662400389762933
-3.47008128287141
-0.7976495017817997
-2.9659542775889705
-4.234747026008526
-9.228324524769738
-10.024253982581614
6.926090930829838
0.06448497054292272
47.99408295530411
0.00023532171175057187
0.8624346378233967
17.183763281948536
34.18875459431834
22.63630641293518
15.7526509304969
0.05876610175983615
-0.22895510423551937
0.3053714925576281
0.2784593774550561
0.0601068682995673
63.26217985586006
14.784817160091025
53.108522610605235
25.175064001147273
8.779522690075288
0.05745686245969229
-4.122419849009941
-1.3274317691798918
1.2721160612534577
0.42217853361148194
0.05113212482811481
0.14181836405023726
-27.29969368287998
-5.12132636659227
6.374072367800025
-5.029727077347081
-0.0009500132931318866
-1.7780247202742911
-0.02390978355753959
-0.6249806186007482
-2.657504432655705
-1.32901811492999
-11.546074658188585
0.21848540119744703
-0.0019443982475725481
12.565809139801015
1.8767036431109936
39.71636050205634
-0.005444985850040999
-0.03240690428876537
-1.6672889502647696
-28.3141140240828
-2.969609224550008
-2.0726388527565183
-11.665691327236532
1.50053953991166
4.834490485767732
-3.0054846024934143
-0.14981708748074593
5.789129415851771
8.270928537883172
18.156281391603407
2.673505046313956
-0.023001106614763754
0.06486711296081922
-53.54175616796259
-66.24987172566242
-44.20802955067786
-7.2640564651964565
-1.3259844148695266
1.11500165486352
1.199548434452144
0.6058505337035813
43.830225355676404
19.51355355363743
-0.8404034811281548
-0.3575017082988587
-2.840689135036844
-61.22353571775646
-39.240135241350295
-19.178167313064847
-19.377443134080576
-6.541206215195909
-0.22782921116679777
0.9092781321125202
0.13665077344973378
0.00010020609064383606
2.7545723376684257
2.3557311311656393
49.18210950413249
35.05250828424234
61.839817249938456
4.386697411229043
-0.04289410680121304
0.013426145656325878
0.02252638211040006
-0.10097835051681221
-0.015494657163219199
-1.2335615626052627
-6.055660140305725
-2.6138674482375945
1.9340085819079023
1.5967285537887943
-1.158226164133702
30.627281790165213
-12.984650807351215
-11.287884523798773
-99.81187397894256
-4.762942375602454
0.0372199142669338
-0.01703990014519064
23.22187757571003
-6.29398751706658
-5.289555074450692
0.01916245962223235
-0.31012680781005003
-16.472315838065043
-13.782031167490668
-0.6100130919599777
-4.9631901056703756
1.853851829324745
0.00022523372434149605
-0.011710783767904114
1.8170025874047236e-5
0.0027256108728591056
-0.23173393667286063
-3.3718223582893283
-0.5609438447085315
-0.40809092739584085
-1.2229589771321991
-7.026734692449289
-2.3514832672652934
-10.684682596591923
-2.3412894158151967
-13.139586316865191
0.07232394142878468
-1.780960660911472
-13.384187865650308
-0.036469064600277566
-8.754667617661173
-0.8898747778514147
-3.6041375345284083
0.16987505931244895
17.816222869761816
0.05914292655917985
-11.369495098266372
-16.406302112328703
-31.437557470466984
-22.1773271579132
-2.1497417475192884
-1.3704829947538337
-0.712126572573614
-2.25760805400175
-35.53848521289577
-64.4618501006144
-20.579082809461415
-27.34425170754201
-12.02916828168319
-1.6517717568241053
-0.7501541897244909
-24.331058226526423
-7.084052034037224
-13.965622909718677
-29.687537961237037
-17.6768904403927
-11.21529344798058
-21.488699155205104
-1.6169148315738615
0.0014878204715266016
-0.7513326350836143
-36.848906063494994
0.009249567278808688
-7.488586566387925
-6.23922516174623
-10.661382708573445
-0.4379743117198686
-0.03071922338056457
0.7566141014617921
5.260821967140097
0.025998251426308353
0.20604496007846604
-0.015480982065969305
4.1522783869087165
-2.931168126091343
-85.2304861637013
-20.53965405806253
-12.545448880783878
-16.64735271852293
-9.780031806720547
-2.083145736062506
-2.2697802152342925
-23.85652816364756
-18.861738787378343
-38.12610072639037
-15.386998714399965
-48.15174117801666
-4.931348398583974
-48.047136737143084
-5.926009423481293
-3.9174951601453087
-0.10521165849671
29.428000473812016
1.427768603223117
-0.24592790498758046
0.12411492861110576
-0.7344795784138438
25.16139565095482
2.4721615993944126
-12.268206614400594
2.167458810379019
0.1390954896373334
11.229140984762754
1.0276444099300779
1.5750291312462175
-7.626194355655985
-0.09508134315640138
-8.777857176992647
-15.680403080963362
-13.152017648910938
-55.7300091218407
-2.3865415801484873
-14.681746563983868
-8.582141389250241
-6.769741356303695
-3.4064123858744653
-6.789381201531696
-3.4522558699188926
1.5102938993853334
-0.1966842560642983
4.922584617936856
0.5343436869720402
0.0045793564628988925
3.9680869259416833
-0.37351614925002513
-9.999381704961174
-0.0002944894155000868
-0.0008350918179481815
-0.45693869294794254
-1.5259713204227672
4.795704647022294
24.887423669041258
-0.024670094260156934
0.4191026199429913
0.06900884193013623
0.2797474832646665
6.584451588701712
24.395111980017685
9.206080793728535
-0.006385280126536736
-0.08651959839900973
-5.213926983938605
-0.003341245913031575
0.15031268464963046
-0.0009228249443679437
0.006318439595926219
0.10423106433946008
-0.04445359824256556
-2.4046061375171184
-6.799952508139535
-4.426689718512757
1.8315116479937046
0.026780893493339158
-0.2080122470538988
-0.18384963347789074
0.08947514541870405
-19.398442413789375
-4.997742794925071
-4.500744999122164
-57.77836916851912
-2.0543235492309244
0.2669936194757131
-3.431447182638692
-23.55438664530634
-108.66761284683362
-51.990965173558074
-12.223806149064867
-0.3456891935943819
-26.969424948221924
-0.4460986842083393
-0.7112849422148158
-0.18614291197131444
-0.5079066096537849
-3.530590167963301
2.1750565484982083
-6.226247497198811
-0.10617449825905248
-2.5005518981948907
-0.0002795536188741318
0.27359041630537106
48.39147160579056
44.93400738624488
70.6785234921064
1.2181574263737693
-0.6191846821569528
0.006795163941749571
0.25398501171419574
2.2764496916795713
1.6273908418577465
11.485336711548385
0.8714444313357205
2.5137972208612513
3.1477260459475205
-1.0247027393797192
-36.4867978731142
-15.494593421982762
-5.55819573848657
-23.470832660933777
-2.250570991625603
3.913057496462596
-15.233199560621278
0.619053277543612
5.385566184998445
-2.5482208678295373
-14.457471290820834
-77.96173711972598
-48.502887117817444
-0.08625836639839869
-0.9569662557695291
-3.791889599071801
-10.294005044401068
-13.317045753067825
-0.45070893312557164
-0.005118357986565403
0.1885188197536481
7.760177359362988
34.44697427990839
1.479548546958278e-5
-1.1477775204475622
-0.40845620626390844
-1.000722728144251
-9.260795210186265
2.461374108650368
0.28839064273981396
-0.6724666202227121
-0.532499601194047
-14.432043161736162
-2.2056118917849514
-37.61932826998074
-25.65842867253455
2.434320056265538
-0.015161736510472312
0.04562730320630248
-1.0013062479518207
-5.7885518318876175
0.013796317340747488
0.5493785678776342
-0.007180283671449863
-0.023710074313972606
-3.5600651772010483
-0.10173249176859538
-4.456038757738265
-8.712546461629849
0.9668547096786276
9.530900736318609
0.033456152527574445
-2.097921090225467
-22.093878982740062
-1.602872762366011
0.2609794465098771
1.077254141363498
0.0019383793067131428
0.7305485726771552
2.924257564702775
0.027568062126150518
0.9167346587346051
0.21119572711471338
2.9675171980307558
0.4393109075957543
-0.43690365784431473
1.8919438216359064
-0.00735976650205003
4.834203822784628
-6.332142093173831
-18.325061206043813
-0.8658419736061244
