-0.24441423043719604
-0.04399082594375393
-8.381997163066842
-12.754666837511431
-0.04899319122899813
-0.5447535480907774
3.8491470435357327
-4.128709778197753
0.7505611526921081
-0.9090919086922256
-2.26103475177356
-22.01896352176014
-58.42801276952146
-15.069585918060111
-0.766525160110079
-7.508201469726235
-0.1661968214956322
-7.701358463464683
-17.99640354521242
0.4974134887419482
0.9090138466156413
5.806118664976061
0.681271401222686
0.4304464433482811
-3.094352528794664
16.712468165717624
-35.540320501105256
-23.662929944112513
-10.886046683713866
-14.319113251919985
0.6211672536306374
-6.291538627603433
-3.388303900456478
-2.925746074309614
-0.764255065396695
-5.668562988726776
15.93450390090326
11.703848237437288
36.968167838959396
58.39955710591158
-0.31531602956144394
3.0030783808140686
-8.866442132752987
0.0011994483585894373
-0.0641920111266545
-7.671151707974978
-16.19888371999157
34.91000824253674
319.08423227913005
-0.026096896515685548
-1.4361034682665912
14.030968050689317
14.382406301732418
4.408034939229047e-5
-9.69987442837461
-5.529026396030021
-7.623883670611527
25.176835245982847
-3.824269656805828e-5
9.859039379944225
8.988443253817932
-0.08963563378044573
-8.543147295709852
0.5061337314845309
-4.252163672200505e-5
0.2223917023792622
6.886399051045098e-5
-66.0263723977169
-0.0005978268865673753
0.0011548457558705233
0.5583752764649873
0.3009919355317592
-0.11875413553998974
30.057613262922402
2.9117276757979868e-5
50.461619480787085
-1.4922844419380696e-6
1.4330503214490342
0.006557754553670599
-0.38435122053673193
-5.741475627632299
-24.921571278613992
1.749217937737302
11.247712079785694
-22.4732868082643
-4.09588134159111
-6.365537121897226
2.898606279645943
-4.926286927648727
-0.12772254212670037
29.41297464324379
76.08160971492939
60.912061935992384
11.16282956285623
6.450669139485936
-0.023944692971241528
-5.130887058451745
-11.196272445180558
-7.3257342724351675
0.9612566620972324
-0.10682671944508779
-0.028222243619807567
0.13653889474010505
0.054714693136493485
5.068124269300252
10.354531508408977
-2.8352036058545314
2.211450380981058
3.1070122076463242
-32.910847793107486
0.35379448831841553
0.01574974921519122
15.88376929921215
4.595567614821698
17.478473387083593
1.6032102828496608
7.1219173731729155
5.055347940593151
-4.4624619943799555
9.646986426456676
8.630182005303022
3.3193751448488866
0.054582657956792256
-0.00017344102768295598
179.55634031099657
76.88824625433062
25.74913529729419
-0.00228856068734145
0.004709261126474591
-2.7158268029459336
0.008157554684091989
-0.12057587480069715
8.487663814549887
0.13583812138871457
-10.972766011183241
0.41374158032255925
5.389155650268062
2.4272293305628527
-27.331183694324857
-9.04756234951161
-1.5581066344878274
-9.372651431239493
-10.607664579394113
-5.364302329585345
-3.000244571672886
-4.859385858424731
-0.47090431146359996
-12.972407986552914
1.1353824844094564
-0.10642049215002382
-33.5636779775291
-6.4410772659942515
-0.45460992248509957
-79.93090860197876
-28.712706628220417
-0.8499976731334798
-0.9664400802587139
-1.0107113435374842
-0.10111574463684586
0.902460523708382
0.5995058514417876
-46.494961566755904
-3.2828618112360997
5.747693987585896
-2.792692263583967
-9.01719844438854
-10.745095757664433
-1.0243555691412332
-6.029545930932996
-19.25776348451459
-23.74488635332255
-0.0350062719393209
0.1249596476617354
1.496995688193236
8.475943809045331
-0.061279318614087336
-12.598330527583089
-0.0010134710427812715
-22.123346317010938
-64.98613991018097
0.010532629951971925
60.772627301637904
49.015540033440935
10.43894451378077
6.55475782335449
-0.006931556501234129
-3.7717773731167936
0.009367514199716615
0.0003394652838648191
-2.914128953279605
-3.756178573954185
-1.5359800039772555
-1.1121182466547364
68.03163467014534
2.152149863249953
0.5016504602662902
0.024510017656747797
42.230043035683956
4.1638923829275996
16.79053051850114
7.431139827957788
-3.95052738761392
-11.23207016615003
-5.038854886627667
-27.3711063137738
-2.4156071331975744
-0.11517367478554624
15.829560566733996
0.708310092654477
-0.07961402332545195
3.2497157287286007
-9.078983331380956
-19.871737977780576
-45.287443244197156
-0.20044712870748693
-0.0013235897146312208
0.0049108847629583926
-2.5808679900122153
0.17528477689581312
2.4301643858488546
13.035060457116144
0.000667029713970264
15.303839265829485
0.06777907958707927
0.7554794123505355
16.2361442264461
-4.72073471129092
-1.3267080207322
-0.01967065030232365
-1.6300854696220972
-3.2285028695372446
-0.04447681191708202
0.6764905336104103
0.027598828305007594
0.46720546928997153
-34.03253358955925
-9.49190042023968
8.230600807814891
29.574991991617
0.0001163614834471813
104.09571007436774
16.326847059461013
-0.19296361692394745
30.65531886918172
139.53826706022676
0.22094024528216566
14.301468106897588
108.2758768985133
3.4526334744297165
2.1071284948587077
-1.1999032492884223
0.19761191254239324
20.32252460993084
81.19268810173546
-1.082223009501677
7.267651377268079
2.716395544938816
-0.11989579506896514
4.720665890864606
-0.29934029058987244
0.1521036538308589
5.216914857549769
0.4291496357801626
1.8310958252007306e-7
-0.00010002650640514584
-22.6527535789975
-16.853081009026944
-26.615617826649267
-0.34055911695226965
0.16735215749538912
0.17693134424874546
-6.5767519282325875
1.633098914408688e-7
3.1687241424235415
-0.08261292934533232
25.50545268268779
4.316633674693294
13.462347271839242
-2.220178167985025
-10.72602272331141
-0.5625676997419867
-41.18161229366678
3.5242271372535247e-6
3.9830210297162645
0.04232717693647037
-1.0260756718931063
-0.001422827059153068
-3.08428261550361
-2.522027555037559
0.16836222903293133
0.8441020478794029
29.872056664804262
-0.9231665476272234
3.4360482434369235
-1.5150425498107323
20.83062340242124
108.69261050537506
117.46503811277218
110.91459143273188
-0.1682455613132267
-21.137580599532235
0.0027660477669765897
-0.0001276297036158006
-1.970155910392191
0.0005202263390268626
-100.0346694492449
-1.4037255493870848
-13.818272038866182
-11.11327024436632
-0.49316524374457754
0.05861928343951998
0.41518128503926327
1.531261911919431e-10
11.918983982809507
-24.106326772623888
-2.782874053437823
-0.6884125204698862
0.5420968738841676
-3.031817954258251
-7.551722965028169
-24.92617600299289
0.3166467399387398
98.28155574013276
3.5829679166830712
8.653432169685349
197.76046926580048
19.896435320758325
14.240622061996978
63.71927143083514
2.1689875206890386
-7.56985644738452
-38.64447763799479
-0.125951886317889
-1.0356961646077898
-29.918451810839958
-6.940292429921103
-0.888283056334006
-0.11712609880746745
-14.811788088833744
3.6846168303518114
-0.17882377290047172
-12.32201270556348
0.18977867523397435
-0.3921977120046264
-0.9410435968926023
-25.99045907022498
-2.951298889394766
0.14522229775446505
-0.001850681071957456
0.023888825817495934
2.995504350686372
-0.009306335183966279
5.253717913049938
15.435805709086551
-0.0029977931363165105
-0.0006026609478550541
-0.005868953951444927
0.008159819214880347
3.757847723925536
-6.596370634963049e-7
-1.0726965626548681
8.978610146471064
23.212113652404355
18.992444160316637
0.8514715897022254
-0.009283422047347513
-6.0979841636979915
-7.194009431273612
-0.9107527484173766
-8.125583960881764
-0.5300525924031206
-0.7463104686569807
-0.9227073424236706
4.799816428671185
0.05991297827444342
-26.616948834114826
-6.6580479149247696
-3.687887311954689
-0.01096396598854426
3.630348753884385
1.1149302785329849
75.85432286891869
49.75552430066845
120.21343051641904
169.92063872935896
-0.4119083909542461
-1.203146852372526
-1.1644741049944591
2.2718587607343608
0.09655407258286701
-31.760629145340367
-7.4596975874459845
-0.14985754256672776
0.05554985968878026
8.656665164188684
-0.0015471557992314314
41.15656008704329
10.134925853401612
-0.02233565372491278
-6.969877876236218e-5
0.12753881361297012
-0.9432098345049278
-1.2323249698770988
-4.48709050204032
6.0530904695466116e-5
0.16033766386784665
19.121208806672126
0.051532694955483536
-0.1099812210524596
-27.221759015682846
-14.468341015079742
0.28219321942519127
0.3567803828940208
-0.33469183806869784
-16.251398380513756
-18.097962320099068
-6.702474994916377
-0.39915341792155756
-0.5187205435022382
1.4983460736731526e-6
2.06446556261396
-2.775050082887926
-3.178589819242144
-4.022583242103884
-6.939317529485963
-3.0381372302807974
0.04425066962715141
0.19182679468498162
-5.126998298655312
4.420166624831473
-0.6426300012863774
-15.0240857655944
-1.8039972130279107
-13.371761649213525
-1.5356315669020548
-1.9883547109733555
0.6472160760622631
0.12813418679487412
-0.2953505695954813
9.58707834402546
18.367361054692466
3.1792411635614624
0.518246017630448
-2.8898131326608048
-3.83445051525143
-14.443435677908116
1.8580797506679891
-0.0010505297028418406
-3.61596793507527
-0.09977863998867924
-23.740823935229404
0.2760088181316316
-0.046161863209771885
5.703230088818636
1.4666438669569157
-11.544054752820086
0.003975337398059202
-0.16994148511819163
0.4151978717003212
-17.346432631082237
0.7845779850981545
-19.81407302499546
-0.4513178308721764
-0.005052478890541573
-15.224984355528333
-1.6960247343080876
-21.238704754282438
-68.687859018571
-54.93284434454314
-13.870197384963582
-0.027753752399842558
-0.0018980239889708121
32.75029365790224
17.79631207696757
1.1325113806443556
12.992898248732107
-8.862300020583413
-0.6406533181135683
-4.042753361433169
-0.04586472478589029
-2.83920098628673
0.3730794220235796
-1.5824349201221295
-3.6035578905579286
0.012121277976181847
23.33251271733616
0.6476516922179221
102.40035462521111
1.1250549637532838
-36.660956999051685
-0.009997029461149205
1.3139262744073097
14.60174706927787
12.025973455033201
-16.19756788242679
-0.012669658187151133
3.516693311478206
0.5986646340207982
7.105666706819575
122.35365282632576
0.41463543525241714
35.15222409753328
23.672706572605676
85.5215431863952
65.11037055362719
7.835751784898547
-0.3324677082688907
9.352894860667766
-0.9047274071612176
-0.13924815571597932
-8.65179638989662
0.0030292944488887964
-3.911863626411956
0.03726002979971493
2.9671534874612164
-17.56071210056663
-0.016910431609398684
2.310787540618551
0.07508259238494742
-3.1195484930294546
21.146694397947517
-1.905602440354769
-0.0031907776390944103
3.3919329427199774
-1.3197672462216827
-0.009914749759053643
-30.948409913657123
-1.8523329914540878
0.015118514252710933
8.881364996294137
0.08856320644806784
-78.98929696275795
-0.0006246515729547568
-1.572618469650806e-5
-4.0211259266065267e-5
-0.43657558992256096
1.1506982666895884
2.086058912732994
4.249241937709877
-2.738263646202583
3.046144506900187
-0.00013120082671218934
0.010305675966521434
-1.0606720227442257
2.228841591394666
0.022697878168557
-20.807926067677354
1.8258571209977668
1.592686169665142
-7.025731488465593
-6.02297546196585
-45.53424180576102
-12.021953220757139
0.03602281577349219
-5.343579631983315
-1.4696782798396177
-0.33672814416487445
-0.00121713910725021
-22.06031230888453
-0.025038389160607112
-11.395306339104128
-1.832842322500527
0.07614976943374747
-26.226060204045496
0.2558028759336085
-7.552618897140087
-0.9116524458942218
34.997039625664165
45.49115278717701
2.8292327509488833
3.0610754550811414
1.8200669895211834
110.61290702643534
10.35534111989103
-1.7408296737688818
-19.63504753459644
8.498134482601795
42.769815615893194
51.99097463614233
13.09802051832672
-0.0047124722488689425
-1.3057001310937832
3.7487642147644387
0.0027557920822987247
-0.0014124493066666223
-2.3930982962186533
2.6477363996373735
-1.109250906688927
0.007792168503485953
1.7272119380047535
6.79396598319626
0.3692644640201548
-77.38265019462355
-0.8447394374023293
-0.36916415472115743
-8.043904179123752
-6.070048073380165
-0.10644794029541405
32.73199478028374
-3.1035649648622283
0.02205138473343307
85.3153129271914
2.043487744465721
-0.01794516269673335
-32.98675727316606
3.366482589469231
-3.9986077770908266
-2.568741726158827
-1.4844220142082647
-1.9508936341984606
-21.610462898900728
1.9899589674097948
18.677821593495256
0.025290147589115318
-1.7199034599015146
-13.850928111063514
-9.643660939972493
-5.995517621022715
-77.10632016452944
-24.668576958031665
-70.58296335503084
-0.10667334172477248
0.5897370162100057
-42.214350988195555
-0.012302604590677302
22.087984666435865
-2.1928118082908568
0.1419868243841874
-0.3564164317315346
5.210699135538196
3.128658275924
-0.10113836876006264
6.13544849665272
1.0590516888169773e-5
0.0026033072921248517
-0.7718543731428117
0.46621247938364285
-7.804330376061693
-4.300165528246139
-10.764745628806885
-1.7959176305044222
-24.749225376188146
-12.821421376962824
-3.934140991661115
-20.3114235220366
-9.300351801491106
-0.015331897715670393
21.481397505997922
0.43901140563276164
3.4998284281713845
1.5843023369146025
-5.432632697610036
0.19242027569170161
-0.09671722607954297
-0.32695770972356475
1.6546177747732667
-0.18385710715542525
-8.210852998793772
-0.1787078115007003
0.21927878947438684
11.45408145939531
0.0137075790303882
-9.315920940387043
-8.595185431195496
-0.45014123364462433
-0.3279572845528528
-0.12131772307361703
-0.021261822221531723
0.03990472108282215
16.802970523375574
3.5312163544893753
2.562602992412096
-0.5357741402593469
-5.31846950856189
-0.07016683662786047
23.513795615628666
0.9017143116123517
4.52695557537886
-0.055422969689855814
-1.7345943740258196
-17.13371009988176
-0.001559527768075483
-0.028337600307957202
-4.215987878573012
1.3535333037000576
23.736251215018793
17.943553359467447
-1.4060684097710374
-14.526425677644587
-0.8248001718195215
0.0876074725644763
-0.009983354705900794
0.13308802654028062
4.957139507324387
-16.4315292530211
-0.04275512053333549
-5.27830552389888
24.51632942953969
15.900548199980499
4.95141949314089
0.05515234242171714
5.289115984257484
5.8424633910715515
-0.17076622923290605
-0.20508089747672345
-0.5754256103087348
5.410468877537853
84.46487702022436
6.094730076544266
-6.043434449758678e-5
-0.16260028213931774
-5.56202135760941
0.02711762643106254
-10.716980446551126
-0.12864258177433838
-10.89446203011986
-48.677737677253525
-55.60646705951955
-1.0383976124106329
8.69169574372629
0.038901032420307353
-1.0882511951636447
-5.782649819547342
-2.248910744971438
-4.461521679542718
22.843547071300907
0.21955449100422622
-3.6973652948253783
9.04799396573691
0.6882286727503091
4.711700744813366
-0.05739249701512025
-10.91482911065958
-0.0007817400215082179
5.889374047706171
4.266534793875787
-4.85749922944368
0.025435747940102317
30.062883517513416
0.6678904956590455
-0.00172154568586804
2.642539768372754
0.23214383480342385
13.20127244852684
-10.280138829272802
0.08714388590485375
3.0287744517969637
-2.010452080688154
-1.6424472259232097
7.8093841782706495
1.3130133290906862
-5.255405351065346
31.149676256228812
-0.05008507618294303
18.425284407465416
-16.823462449202363
22.38976426549022
-0.028073758294231314
7.252551712409545
0.00043191588448102775
-0.01336642522403936
-96.7394490633335
3.0360171220017564
1.6736177323993302
-31.528815114978574
-4.061138473279702
-10.010609273014612
-5.828143854938756
0.4761052740635186
-2.2208867993234462
1.056508699511734
-22.141391555326834
-0.09581421869475043
0.029252374588836498
-3.853475505669834
-6.229192667477911
-5.1537972062158826
6.355867001293403
1.3369379347583237
-0.6286904157770127
-0.16666147397400424
-0.4254338629409944
0.06101425397464794
-0.059295855364975315
-1.553419788700835
-0.19374352673086348
-0.7512048740346485
0.10344323200524701
-0.48419977576471007
34.460576497388736
-0.0021222605200257177
11.527126880031389
-7.968939392772584
0.03477739517792806
0.027273182070657567
-0.17744489208563696
36.43145219369366
0.028087238045138904
0.4276374840724343
-0.2945823777690898
0.02232723134459843
6.0872531501520335
13.01519306848869
1.3376529005032585
-3.7031154441225747
-21.83807203977427
-82.35460044979645
1.447472872086056
10.132083696945271
0.7666808824909691
0.0014129581147961864
0.007130821793880379
-0.580213072041114
-0.014546715765918332
-28.690803601225728
-7.502421970489093
-21.28642820909114
0.006066554899348708
3.736681692713936
8.230991559348693
2.0493952132165
-1.6163270195341453
-2.5189926000020675
0.020328713556986112
0.8328776926771148
-10.106550335339811
22.227530606130113
5.740749670791308
-4.519264096434341
-0.2710131651062419
-5.934665607036158
-8.827134627919405
3.5888144359343265e-5
-6.453148951283301
-0.056247023510578066
14.111503515839376
103.28661871657037
0.4909913520013405
-0.41392504421144805
-1.0161715098472728
-4.740087993147948
0.6387758601032825
0.22167854694037298
0.30612633530418665
-0.46736013114215397
0.4846463045652192
-1.0175020935603452
-0.8989818017852699
-2.9714621867289996
0.2867993529953337
-0.8498817993218891
-15.70157827513046
-0.8394339305177235
0.0001950636350739884
0.5020283788184747
-2.822935888781906
-0.9764784393163933
-0.053207833582442486
-0.8195191962776648
-1.9396410164954
-31.19766031371696
30.19293324539276
0.22316387312838626
0.09794125518951526
28.370064059116377
43.020026715561066
8.312950011586086
0.28698474642420013
-4.202618267496728
1.0670454322201268
1.1383441830693577e-5
-16.256899654324855
-3.8795621829069518
1.6641709572985596e-5
12.053072225350073
53.36490036236072
101.86479371276829
0.022330402059404526
1.024931946598373
0.05317024170682791
0.9365620816417216
-0.0004557559767977131
-1.9248332354172724
-0.11018348458974572
-1.7009347103166008
-0.006516262941220538
6.031674355405823
8.35946941279903
-21.80058557889482
-0.06853353447432156
-13.11315515310261
-0.011019938779925142
-2.7178664589408665
-0.665758418654822
1.0733873721077944
-0.28190115876179017
-8.895751871635287
-1.6414826570880776
-34.841387066847965
-10.782720926128034
-3.496246172061477
-5.662706570282567
-3.16145432537753
-0.12547959608055204
9.14241183100821
2.7563928322050635
1.6563984014305486
-0.03807696630947152
5.256551576963949
5.141400658856206
0.016577561553509007
11.828304981410087
3.242779925245694
8.337556522511532
-6.176104527646823
-11.50066750432571
-3.475991026819545
-5.271884094433916
-25.24210054555568
-33.796800643398946
-7.799313379362773
-20.54692414446308
-55.81601907893307
0.0396341758217589
2.183730102246694
2.445301769206848
-0.3849821483292064
12.613978813525215
-0.02302443271643236
-10.606290864847288
0.12556310644843655
-1.671994450168416
-31.823364599882495
-21.27536394092998
-0.1370586231699611
1.859402979047428
0.004646873260981428
-0.013452665330698351
-127.7030315148232
-0.0012245600718899967
-11.159520567988277
-0.39250345507056655
36.0578179354552
5.170224809352886
-1.0096968746171773
-1.5384937372071013
-1.173393289962376
0.0011211592883408794
-9.021584260100889
-0.11495761147335702
0.4774198961471796
-0.00768022630087829
0.8918111327771631
-0.47702846224790674
-7.061798043314118
-0.2028786782277038
-4.840939643555183
-7.718134825665138
-0.41604893529123865
1.4403315209133225
0.007778652932037509
-0.03685275380592612
-4.382880643672797
-6.519221075156053
-5.37550573703188
0.22251438029400672
0.0007407570885142694
12.864282291215146
4.809830862648249
1.291433239975588
40.02261660807279
-0.5660110569085278
-53.4446117682426
-3.859319665791007e-7
0.3446034937636243
-4.605955667412047
-0.10914649132475822
0.3470043833461084
0.6632379626058482
-4.8476166568333685
0.0003383083254985026
0.011642331619537089
47.315945603710496
0.0009075343960227278
5.341090910779521
-0.09951985315204966
-40.70177853518803
-0.504404398674372
76.56205249983206
-0.0004052418058295668
-52.646505972767926
-6.751569500707234
-45.18682822961588
0.00324340875299175
-7.2412162994302385
-0.8719059810979248
17.13267334519001
109.33735385982442
-3.3306377829914475
-0.9878362422998014
3.8321654019580698
114.16793954738348
169.98740597318675
477.9100031777537
498.31604112326585
24.140143782991107
2.5565360176603065
0.8195084699052635
-3.234773937798201
0.005159134467400361
-9.13588365957271
-15.384781514153405
-4.467466042820962
-0.0865749895531865
-11.62984405698882
0.8076086717424057
-3.37806642867723
0.7034251368794322
-1.3122443525473337
2.3649486462011917
15.36575256853286
0.016271376127093326
-40.56700922837486
-16.381290996227047
-0.00024192870811943736
-3.066024051330068
-6.795338635912791
3.038287633398262
0.9820715892272475
0.009661775916029363
-0.047986423291025884
-5.223850215394444e-5
-5.943133835010579
-52.93213700366586
-0.4560353326700149
1.6154376475785601
6.514097435365964
4.35216649748945
2.7208392778498673
-0.8398687380372347
1.2656534833598168
-0.8025406679394147
-5.735746103907608
161.15930217877488
-5.44387702468925
-0.0059314404250976165
4.336245017245383
-18.08145847966521
-37.664135137321416
-4.786991929222823
-81.89878921025944
-0.004252056497319543
-36.931233448478714
9.626654369119995
17.661408028967884
0.17671781073242124
4.489344827029912
2.9943577422491785
-14.888702776020674
-2.6861632512878346
-0.0036775428080931456
-4.749990128052403
0.12402447196063122
24.424637781772002
18.022179402986293
-0.3903416437917316
22.14355928423049
44.89384203856376
4.29808774511131
88.13466635460658
0.0332514222155329
0.07172365675061333
-1.4018846927893687
-9.000875038200629
0.03657057086532923
0.01917202271709132
-12.644382652459475
0.03646178048569604
6.993033369135888
-0.6870707482941438
0.30287274919847884
5.31044936949454
0.27234427666826816
0.14606000281362413
7.074335766568771
0.09522059430247878
8.692628254628765
0.05847834376385674
-1.1596233037650938
2.705420298076575
4.370494111525597
-0.000585412475962793
0.004104743167665556
-0.5792428429374201
0.008689694808087914
-0.008658080811732917
-4.351855148631507
-31.87346479778898
-0.01012386940864493
-2.447148346303523
49.443690407322045
1.2956127518000613
0.13605884926245737
0.0014029252250392068
4.726408077257351
2.1129061738406705
3.8494379777256333
10.200208497732262
-0.000566476949267312
-2.013216289711231
-0.04256534138919047
0.7117404550711308
-0.4505133691096257
-0.31124114733030384
-42.05458068947538
-2.1043889772200712
-53.81274979283476
-14.710804918208547
-0.7345658963553598
-0.34741180900901136
17.67910584855905
13.252165907328681
-6.13906909636313
0.11770021101635074
5.576820606576239
8.748884010601962
23.600194016729258
-4.584610053754081
2.985220902832182
-5.6052786677698885
-3.37557597105995
-0.954564544664016
-18.139189321752752
0.0034488462644467798
-5.0116606297635435
-4.386346444647679
-15.19508415269257
-1.6434218138385068
-0.0013378484254770034
0.46221213275786677
-10.420134940000802
-7.777323591774503e-8
0.5821027187317858
6.128049702754519
20.77123927921518
0.0031134254446528804
16.131366784368968
38.92527978162301
0.004002528660902786
-1.646520029502886
0.4562062400486344
27.891717760435448
0.14866740021771294
8.420587805714321
4.994614244620719
64.8359195166533
207.18177138790753
173.0424849618215
331.4087687004189
1.364965885629072
-3.5758350506270857
0.003352873387183873
2.9608693386572025
0.027805975982558233
1.0960146150588477
0.031844908683099686
22.896287900982895
0.30270650110919184
-91.78337452892868
0.06176765640197088
-5.64934456031707
-6.397601172103287
-27.852919479079862
0.0001610525245647029
2.9897025707636438
-0.7329635472699945
-6.696169506122466
-2.3348897228933168
-1.1781412889016383
-3.3047674479449007
-29.141079240454435
-59.54268419443753
-18.395139741693974
-0.006516233142621757
-2.677716649061599
-0.0008318740213316071
5.984066349642897
0.03887651276611867
85.96263858056423
2.75866636758977
-2.2581970451511647e-5
-13.472720215269318
-2.361246005556596
-1.1145317686100888
4.747419700751032
18.786848310142247
18.174992376805672
3.5301832642499806
1.1328555778292266
0.007971142684847388
2.9738650796985477
7.619907923909108
-3.7593597677404578
-50.1046310928531
-34.678086095220515
36.45689274285255
7.800371435320328
2.3908317044163154
-15.178584751397786
-1.0224495155727655
-2.988216787582906
-0.11531052113032146
0.5882274678428214
-4.284195616767471
0.893836799389347
-1.09068965098058
0.6043312152392509
8.908739745545098e-10
-0.03490530578267616
-13.403822556885224
-55.97220146643655
-0.7605085555273543
3.4307429309836093
0.0010111690157656075
0.18295992502061378
-9.765437983453324
-2.108898874846641
34.87972306053974
60.773798546912666
-0.009460815337311619
-0.014151104425790213
0.3623172179732472
-2.357238692993957
-0.08306939020361226
-1.2443190444975094
-0.016706128320182773
0.9473504234221677
-4.1231156490561105
-6.198237872466423
-0.7861284826289162
-0.03365915830978577
2.244539903153545
26.872812856922977
-3.1160233469967418
-11.315039311188626
6.893938617251601
-0.8806829317366485
-3.5692305684887664
0.10583978952066975
-0.022697026218735587
10.290249501418042
0.03142506059010832
0.43458231934741104
0.09982807446648088
14.803661314086925
-106.95928756096973
-1.1888470617718387
-34.99772907684167
0.1262189532532568
1.9872186160434306
0.026011019812982965
8.028978610705957
6.2998122867799315
0.36756181357961437
-0.6398722338375024
2.464164209122789
-6.617578482966776e-5
-38.10548530931354
0.23175272351644752
-0.1123355266873198
-19.54985768915006
-30.260504909752747
8.9054939369935
0.029135843161296235
-8.359430893558784
21.106359867382817
0.3799181150212329
-3.7843928018886372
0.05412730562304479
0.07790190619285052
-0.4127399219980034
59.17591627790748
-11.140237112429316
0.2655900112388281
-24.47067540328698
-1.5657790383867314
-39.168528668525525
0.0706103702736848
17.103022723774792
0.17399354204275094
0.04060389500566955
-0.0017741920276931136
-2.388534265081184
-7.865025843896041
-3.5308327560004815
-2.450857854718057
-0.512835761729255
9.39479419970155e-5
-2.1703368847884037
-0.8424322169299598
0.0544167787722828
0.022426011105999635
7.768111381029792
0.04619783374601829
-6.344357150759798
-14.73501750583853
0.03305654655234838
1.4015888485618067
10.21329779961424
-0.6587879698535726
-6.5768275251287065
0.06210423920615729
1.1476440281844298
1.6648780615232988
-0.003827033349679534
3.586702736819261
0.005490250829205441
-10.153711900702467
3.509978550039447
0.5913080758467644
0.007274151559713043
-52.91810884989043
-45.70790996976949
1.8741469208296533
11.67960849424358
-0.0013370356794680186
-6.525555358628531
-40.49577699529318
-6.913091646044711
-27.88296721866005
-14.446486236531937
-5.743750662785973
-49.53318053928085
-5.531471664261964
-1.8087482208592234
-0.03810514293658378
-3.6049010065470846
-2.201110210289348
-0.06113748109608375
0.5067379246003837
-1.8378751195641356
-0.08893270469983046
0.020030653637937306
-0.15518139867499675
-12.979909005256049
0.9490034678866934
-0.06363350174694499
0.5997858879937332
0.05914636342202006
-23.815318630565933
-13.009203687612787
-7.454991429790579
-12.393848477067502
4.48626133962774
-0.47630006149183457
-0.35967962710541795
-14.207679897179498
-0.042174981906258895
0.46341210551877077
-2.6015787033955735e-5
0.06676301192537125
-5.949352923986793e-5
-0.002548653837691142
-0.9372789790598184
8.937169693918896
16.439224949926
65.39055325563739
209.35321221550947
-4.633806490079046
-6.934212026941811
-5.17183628244134
-98.42851173177618
-5.9208172922088895
-2.3862102235926153
45.62076380846703
5.553081608809208
140.48314736072055
4.457657242870768
0.8286376450279794
-35.98351701827826
-7.582580413059303
-11.451659616848023
-4.904971218642864
3.0673273094089732
-0.05071916702587919
4.0051321499431385
0.09960776381022218
103.79015761972656
8.239406215786795
18.97542702703936
-1.6236695185470158
0.024810635906628607
0.0442488359206841
0.0001622573844332429
0.08342776837398959
-17.614867710929595
2.706393725253522
3.1427714697665348
-2.958367749929057
-16.817915187423047
-10.895490832524311
0.1225468455409011
22.384953692320625
26.212759668069655
3.9542881223311825
-11.366625211423724
24.045105602012825
1.1498311840413389
0.2971699074663315
-1.4154231010052232
0.4106176881561555
-0.1096954292314628
12.211561112571944
-0.6170177825378427
0.4234216859519114
47.408062603462476
12.150787390185656
8.983508531302776
-0.12174878790904708
0.10876210374866607
6.035766111524728
0.5449029984354284
4.541576151442179e-6
-1.0187981274965185
0.6653029038997235
0.2157990923156367
4.021550415767189
-0.18458137437417851
-1.2991718265494256
19.213578492517854
-0.0483300980527538
-0.011507468907330932
-20.647769777828948
-2.5662343588873227
-57.49675441634833
-8.386563161071969
-19.77222747856411
2.3479923356280206
1.9542401403094056
4.305076252762035
-2.529024383484441
0.08278590990246094
-13.35143011956208
-0.0820217165506273
2.9427115858141577
-3.16171957362206
-0.3336541505196708
26.630320156466375
0.603033408253604
-1.1721104985164312
133.93224850991223
-0.1711339164269002
-5.155662933768117
8.508475953747139
-15.786857702969007
-6.791114324111671
-0.17657898375149192
1.162272447014712
-0.9064380388031057
0.00647758724260486
-0.015033333679708868
-1.511828871356013
6.190094757628216
-4.0056131510861155
6.1297640696438584
20.603429280495057
69.5263753299334
18.5000697601591
116.11255870878767
5.839057492741584
0.9644060264203113
-0.04846231632080584
20.664011124498767
5.8105346250022825
-0.45991469498016957
0.0027403987924690823
-0.009414830058627581
-0.5859095657084636
0.20704425775228694
0.008263934284508523
-0.0074116249255784614
4.656612316481213
-0.0003420305412025164
-31.501585447270713
-4.3963808415291155
-2.368957460055165
-0.024811030936835753
-78.99744048624302
-8.408219890234562
-2.536422039018743
1.1422468857305645
-0.07167578732180656
-5.519235250843827
-6.136367746876259
-0.09689103343998481
39.35099066485471
-0.04712828938425958
-18.25455696349932
-2.4716948665524683
-8.889624290000878
-0.3859770361712856
-0.8290424876564412
-0.24345167040696716
10.819169202519948
24.959065168827262
43.388618235031075
0.001291323504785779
-0.001537523551338763
14.730631334321625
15.707177154192607
206.38190999329854
521.8681508872903
103.60924006904433
-0.07350795552211366
0.8345278918622333
2.5527736379196426
120.28351742355437
0.4236375343843095
0.34197471808277546
-0.009135710141760118
-3.263586723466351
-3.4468781195824283
-0.4618586260414763
-32.95657277739558
-0.008253695797264928
8.76639976893279
11.836485909964214
25.230646790108285
0.14728838893414933
16.419809369959754
89.01240684521285
2.1805732929603825
-0.0004965193509604995
-1.626124739902646
-0.03713451042296622
-8.928123694433811
-68.14781476660865
0.6404458880089078
17.2041810801746
96.50621746626832
25.727962460423985
18.71090709898689
0.8926325057848088
-10.503229309339872
-0.49852425933215755
-0.21798373678891536
1.3965641794135937
-0.16620026616266728
-14.11409283809045
-2.0126988919280335
-15.192544785521685
-0.7077057368424883
31.46853695549527
0.900199486332415
42.31769699339644
0.6772762620743287
234.7392985169316
0.0052248295917328895
-0.08451733523325268
-4.212635360881467
-36.446199917825346
0.17796944804227532
-0.9951583443348387
0.08164374602480667
39.871157026136174
-1.7712182554214375
-0.007107342381542531
64.71372463679701
108.17936954120265
7.1031695973621645
2.06362432055896
1.237093524305837
15.976419491648151
-18.388327057079238
1.0864263515126746
-0.6884548822652734
137.26620625734958
0.7989799761288257
-2.504795479054927e-8
0.011384561250257
25.126350201341378
26.79008292962073
-1.073084676121692
1.6410813654257614
-2.214282789907521
-7.775378126937676
-8.517779605829976
-9.957453087803858
-3.344307301801228
-1.6159793668225273
-18.409713693402203
-0.5821812544936062
-4.063365685752856e-10
-12.69835998489969
-0.23771464610124177
-2.542946116107666
0.0015103876702402556
-13.603289396756576
-1.1372841727212097
-3.9831252590740664
2.109173389511521
-11.607648535792514
11.520077249982698
-46.732232543505624
-0.2784507461482569
42.26660708147291
0.00012536642918560897
0.0022202063403435474
2.279923493113921
-3.184837318008154e-6
-14.691989919945115
-0.6992653005818309
-0.0038940063114859037
0.9417334994209365
0.0147080472210143
-0.03132476757071409
-5.11948213897897
-0.17238824254227111
-2.0548740443357114
4.047154499068475
5.303231005764512
17.994369651476823
8.585168588783057
6.993635607233146
-5.429277735971885
-2.263171968834521
-0.8939237555157544
-2.2741506596785745
-90.52164961057566
-27.51770252018766
70.14112237265124
8.927428358395899
-4.223392038268148
0.5797156710996153
0.7766752038733158
3.3371585374789103
7.498335218676151
20.48761348200878
-0.009066918618097816
-4.973380877848287
-0.061412199459665626
-0.5651150093844101
-0.9798869869128584
-5.272530104956341
0.003995029749631549
3.3382313168959694
-0.3508725793027592
-4.438117314287722
3.425312466521138
73.46382928643611
38.81844851253592
-0.1019814921894772
-0.5358605310735145
-0.034595298205010006
-0.03727845235959616
1.2322114020324977
-0.0016485474271277735
-12.180648312270215
5.976803098964327
4.888539875330145
27.42588610761937
-1.596800873872494
-3.917100725721577
-0.0350343038757965
-24.560174447272953
7.497164441420736
5.746091259741539
1.7676811207488443
0.015144420282972965
-1.1347065566141203
8.241864579554367
24.304053932994755
7.806134996618993
90.33445580476743
-5.555722282030031
-25.64022398606926
0.08532033878744968
0.007178748980697509
-5.57823867681385
-2.76550732548299
-0.0962691089565117
23.421342217479186
-2.4001709558558746
37.96415381232041
-44.49598911664474
-1.7350970417505484e-6
-10.515141464784413
-7.265569985886546
-4.852508996624488
0.015711429235392853
8.81281729192497
-0.006120306568258838
0.16722630674778213
-0.1936222048096668
15.730596113270536
-0.00102643962610117
-10.941037846404482
36.081667674180494
0.839797431437646
3.811858968042936e-5
-38.51620975733461
-0.4631381544850999
-35.76346286476769
-2.3515049553912277
0.0014142033806186884
2.0522535567859257
-0.06331552320770563
-2.3108326899513725
93.00722518058592
41.905291136611105
3.9562948209460784
125.96666593293128
6.332395747566589
1.0859983423833433
-4.05795611021216
-0.40761679658032146
0.9196075393261107
317.0627238048635
81.10590371292355
-0.14389430785091073
-8.092499775995607
-0.3180352166960974
0.08715706278547271
0.32055283039744314
-2.8932983091818056
-2.844794777188346
-149.1428839000331
0.00014608144072922324
-0.010063977233286127
-30.857435854417584
0.10448859983170969
-0.012971591278274405
-0.006991988733585772
-1.478146371553582
-26.132587143632115
-17.693938244481092
-27.260230276960417
-9.597501171104485
0.165725987215093
8.024003237838253
-0.4512921778977878
-2.9360440079272605
3.1660661960801595
-0.29429923476223807
0.9212977825992787
34.16287676518211
-0.2393389837856828
-33.116041442513094
-8.318008282489295
-2.8292494724334114
-15.771279353477372
-18.79079274817128
0.003376433865642092
-0.03301225971810202
0.027803108971426824
-26.542235040272708
-26.3468069913296
-0.6801912491602174
-0.0028149153526625553
5.260284596717787
40.66036439053535
23.367824290986814
-0.16120329593899357
-0.016375640199587153
1.922109853628172
-3.196821356547412
3.1065784310953917
5.321365571431764
0.06717242211760406
-0.01428709351107093
-5.04675991602396
0.00027452791256887935
28.82888379457986
23.647446101432173
-42.385644373615825
-2.2730836538341608
-3.0591489536538345
33.8896896618836
0.05001780438451524
-0.001962358761090529
-1.3015022637548173
-0.016835147857620514
-0.006905994002293311
0.04661496318973807
1.260038577837343
3.034699475719368
1.6323618993068094
0.7227306717904922
-16.20952807552891
-0.5362163316605086
-45.417955702665644
-1.9833839504580117
8.837755122145918
-9.344054091776004
-0.0034881790077004146
-1.961415063650844
-18.413404054743324
0.031011204234783145
-10.76877631456143
24.570944803527343
-29.010047233020483
-2.1693920405272142
8.802885367137737
42.00788268037562
1.242840977592328
4.544913982027256
35.094342116660634
37.23607363904817
97.36832116741203
45.95008919930938
258.6746123244287
81.42377423333309
-0.14380330891637547
0.8248105040850078
-37.579053352431245
-8.547549945420782
-0.59179287551904
-0.23663559045047358
-6.559967569972294
-3.5872482764232285
-4.484728321450338
-13.6058484456495
0.09475677525925698
0.009230804638792289
-0.028559084047357505
0.03766245688984583
0.587166345782095
-0.33835328144282234
18.881159059124474
82.65537360700796
2.548213433807987
-0.011115953595090865
0.9891257486330751
-3.0004781944276986
-4.294950145410642e-8
0.0071553738010286215
1.0252106616409942
-0.0013768989589632125
-2.1706203188691418
-1.884412494412224
-0.08749741353847668
-32.595964571303085
-3.6351643772362197
-0.005400533397747631
-0.6453455959569031
-5.256400514438768
-0.005681420495723534
-0.292681908135306
-2.417791959378385e-5
-2.8388408141784597e-5
-39.291968313193806
0.3153887217920848
-1.1412236724992013
-0.17806854146890552
-3.3569883438502375
16.315565165940694
1.181982820864545e-6
0.0004816752271273884
-0.00018535740946924256
-7.149598292212943
-0.1781673507815746
-0.17924554337124665
-21.056127558609088
-13.738941941714293
-3.231374886385625
-0.8658268766668301
-25.235260534761892
0.055657978084894554
-31.680831278486547
-11.865379845879339
-1.0406755700707273
-0.05718064092795788
1.6046628905637743
28.364667017131804
122.12087441177823
23.28933382778605
574.9077422467064
142.27809145196477
79.70369285319684
-5.942720846999821
-2.342762156088568
-0.001585076992586864
-1.8487982576092414
-0.1418729098783715
-0.04209552024710895
-0.2319970181772831
-28.27464009809485
-2.730775443543354
40.21559443282275
0.7350523335026735
-19.842580741240532
-9.142659010757479
-3.8007086281757836
-36.582699762309105
-11.287252977150654
-1.1557034061869607
0.015019022169212849
-0.9142339080383797
-4.877893737624479e-5
6.653443241965173
-0.005783557896439691
2.176051011653729
26.61360161732051
40.31182475519304
121.35066051185373
324.1039936818837
41.58225777863466
104.50939974035994
359.01055128093964
4.155325042518207
-21.95982472289339
1.6311363047290286
19.934463978962086
0.812148792461256
0.09674895793660092
15.884775374321784
-0.9034171123354662
-55.454974396034764
-25.60870580150163
-5.347464543356011
10.555757664366626
-0.008549847348494278
-1.467307678465364
-24.190376312983783
-0.014200729050794489
-40.30347235525244
-8.722327249250698
-20.12534888174222
-2.472840010644625
1.2179133799491437
2.5360023334805666
62.04325618016535
-4.376949404942415e-6
-4.297967222239282e-5
-0.0029382853801474666
-5.01998730941976
-14.711490178333921
-17.535760933465497
122.04776717275439
6.292514925048018
-0.08675083548916863
-18.98708901712279
-0.02787001039362962
-0.5133977610843135
0.002245782616766503
35.72720356809412
0.10722014874095076
-1.0314908547626067
-11.300122338347698
-18.229772593616993
-0.8584205224444083
34.24300805765882
-5.664768180506425
-32.78872593637032
-0.2292385391833898
0.11323774800568787
-5.907774505510307
-21.17191084970068
1.3477815420003454
-29.583797513021246
1.942671697967642
-0.5198098862555801
-0.00014918569699146381
-3.1816533469683894
-0.5529680616900655
-0.5233965753082092
-9.221447748193507
0.026468637212682593
-3.5794117601765927
-14.154186116738245
-5.727110282434011
-115.69060482237379
-5.2858671354802205
11.460272118324333
0.34917536710575114
0.15134578565444118
0.13918482428053205
1.9751749799603966
5.957454182883341
39.699772315718796
-12.165240411283937
-8.528157198620796
-2.3241548139859196
-0.00015275136371036113
-0.3794578690651549
22.83145188505556
-0.15704601612116578
-0.0006814977857240386
-21.997608529901953
-40.763464099256154
-28.036148291141664
-3.7466325462393812
-1.068914405816793
0.008695586028208474
126.16412156575285
23.143934219757732
0.4611103402567391
-0.0017996206256985139
-0.0002552014476880811
-3.0126522362785217
