0.13094494199047862
-3.6817624721428834
-1.2842887064918733
2.4776779203527073
-1.2143692102360637e-5
-2.5818152385680837
-1.1908099039885134
-37.444161483823564
-27.66072948166233
-4.942176485312457
-4.567268219745477
-0.030774049224975814
-5.696596272244957
-2.239012289100413
0.7914879708722534
0.11117884338718863
0.596895113686284
-0.2689257377155823
-0.03818145655076339
5.613584137408226
5.101915074695724
-4.041481610158354
-17.25755938484076
-30.940885471449782
-3.587411465728771
-0.002099897447941989
-2.772249998678947
-9.851882914314876
-12.946378022140332
8.580114606446564
0.17649121011403904
3.8190360705759776
0.3348544138872105
0.08389722017990395
-21.457133105096908
-6.136893968729071
-22.092509929559426
0.25583161795566567
0.6524209836434416
3.7891574298458988
25.362517170930282
-1.2537526905727414
-1.6565134951307947
7.7599313732856245
0.41166829400374855
0.00042769705762430013
-2.7895087602182866
-3.8493517911130417
-10.003011788772682
-0.013902455417863441
-13.723513949759305
-14.031669915697945
-0.11715320760766214
-4.708119334214865
-7.783777940616758
-1.390536758984997
-24.22912469519759
-0.48464980822901543
-19.366521641846457
-1.4511706108387192
-2.3289773109026153
-1.292250258744403
-0.1440174124743237
-8.709882798971703
-4.84766359163311
1.236422169627889
-5.614830867280994
-5.582081496830975
57.34712503023103
6.034947137470008
2.5182949555976095
-0.11560170752933428
2.6092036576555127
-27.515383915360246
-19.044558825557946
-16.489647004439426
-0.18211526938323075
0.024728391892637962
28.08957311852508
13.142667788701253
81.56108634651689
37.749366492805905
61.88547070180369
6.0859054175155035e-6
-16.11751470801889
-1.7834382602061456
-0.005234480120870215
-6.2620054104361875
1.9813597446704632
0.9964419782478716
-2.8665309215781667
-6.159345407873764
-0.09751512998160249
-57.30323466958302
-16.84333997854638
-23.972564997928295
-14.93933461002758
-3.5591571766460217
-0.04571045061164284
-9.115121080691448
-9.174343424747605
-11.525576306163632
-0.2043155715612195
32.457307129443095
0.12047836573026352
0.12949758206642778
2.377470972867199
1.479917699943714
-5.031614016560685
-7.1724786287653375
-8.004355442551706
-12.61549741165223
0.2559925553648785
-6.484718907035028
-4.105196458229936
0.0003856789825645785
23.192923839293094
1.9544650682947795
1.789549438518625
91.93786146243768
79.93143627016597
32.03649813994809
0.07667880280121028
0.15739867546071964
-0.6870996750613677
-7.724692527270351
-0.9546998113137671
-0.10146958197832087
-15.975299939126726
0.9412322319842635
-0.019223915214120913
-20.91385284808609
-16.78652864964258
-3.9184779313813913
0.03028401345057067
-0.08663881880450452
-2.916871854804125
-0.18684498728494478
-0.37302514010040516
-0.332109972657508
-0.15992090148253515
-0.21629708419274243
-0.47039685418629673
0.1267146777997124
-7.65277724627338
-32.90971710817038
-3.291754656825762
-8.24947324708447
-1.6933952327402892
1.089857499586058
0.9098367790065994
38.52281492890073
79.48083241264658
5.504315513814603
-0.0008892943910576588
-4.708930704251813
3.134349239570555e-5
-0.000704306687060416
7.661495192220389
14.668705610649873
0.6183618946306515
0.0004079770690374987
-0.045081817575754114
-0.1013449489924517
-8.448634359066736
-7.875202177264119
-0.40279851960508345
-26.221650472618936
-30.42756716330828
-39.08914357454072
-34.92858240884581
-0.21738375161300186
-1.8243680238841373
0.0070858112283473
8.314622507282824
12.923363337590514
47.36479745952223
29.160498202838077
17.62393127975463
2.6142631744844276
-0.24216457591184434
-0.431486663669747
0.42865719808847236
0.7998989952554763
2.2602056403861037
2.815610412146635
0.001519860994680824
2.9438657475211567
-1.2710597467223634
-1.2574091961779204
-1.6004778634503758
0.9420824308302679
5.239945865964039
54.46698057218525
-2.1506911262895843
1.8221447129108068
-6.86564412266906e-8
0.5612154211182939
-0.003950073582478973
8.538176164593342
4.5289644857874505
78.00148238299658
115.89420245897195
117.84882575853732
56.69671703047268
37.27351479670695
0.23672020383718526
-2.7220204214329877
-0.0028017217549616185
1.3798044578635844
-10.164624146266883
-7.730438642644624
4.8774119242937575
0.024181558579479963
-9.57558197016385
-12.323016156651049
-8.604543684144911
-1.6891986964778718
6.4095411949197585
9.104768903337947
0.12423683290492324
-2.920836693945763
-3.533300374265983
1.460532266987081
-0.8455968292705331
1.634777182941068
0.5654970758201142
10.508845611991099
3.6551628796038034e-5
0.023563477820043855
-4.981606368509174e-6
-0.03587837797399277
-0.44253622748093685
-2.3808424647043296
-40.04622923154367
0.250365775932455
9.054934557563277
1.2839546270487396
0.8356046235462087
-0.19947835647031656
1.084688867091689
0.056864668386965245
-47.558569255215396
-0.3464251561609676
1.294786423259077
6.1428164177173865e-6
6.685888818208618
-0.3698240616751316
6.727629224428632
-0.8221355709189557
-0.009079363896005518
-15.00413488601621
-25.999872767771276
-19.421042739016578
-11.823204780849036
-13.060673986561675
-43.01078250962788
-8.887534403828958
1.7404879037227323
33.247431462573964
28.786688553989862
1.0682786479011064
0.08727248371288913
2.85360099442394
39.906770033190504
5.604504855849175
5.287715601760125
-7.798036537690911
-30.67236191292216
-0.3252270541299573
-0.008820561029152805
0.15926406450926178
-2.2923886125393182
-17.24457953710137
0.10657822695804661
-0.0856277749383573
-67.35355767963823
-72.92639007956926
-34.00196194803908
-8.532634810283968
-4.204538270899261
-0.9570464790233997
8.930670832881951
0.001141162592073061
-3.447726621541408
-10.685114841341786
-6.123909334098312
-64.61080071564926
-11.935146911852808
-22.686734194624805
-26.285270744412408
-11.35639039175589
-67.74479046007943
-0.010396090038560213
-16.561375241527738
-0.015638748639904047
-2.5235933303133824
-6.519249046041651
-10.452588314827624
16.875516806211944
92.29947732597381
13.147953592249294
59.246020865215634
29.555490119723487
70.76094796602248
18.70429196724136
31.285151566508716
115.97266812089137
10.702903571271449
-0.00651069205088182
-0.281975736982422
-0.014628071168485923
0.05885712384908076
0.35626519270652734
37.36568287577771
141.00631996821636
177.75379662940855
34.06756947586592
-0.0018634764329897825
-6.05739346735927
-0.0729389707082115
0.1905314362171155
-1.2125212674159003
-0.10802326716010116
-0.002311982483190944
-18.091818664131633
-28.705411839654815
-0.27021782827674307
0.3142379178627669
1.33995521851124
-0.29906720642126744
-19.540191460647332
-29.512238702366606
-18.951436989371864
-2.1876558797583407
-48.022742558907474
-30.504828895517747
-11.433764676362063
-0.003574542976058685
-0.018303270826871866
-15.136751758741484
-0.020201172721664763
-2.731765085907035
-0.23502933113791277
-0.009667172123796232
23.99790040124068
-0.015983564581950757
-0.11391183775057453
-86.37497905238625
-21.67156190440287
-0.4585291778292904
-14.950428525376859
-0.034558150320387955
-1.0255291615891373
-0.024438289099013175
0.16070367488169235
2.11844971734341
0.0254063713486714
-0.19605266627571347
-34.31998482471538
-0.026061131305414063
-0.039309634848388654
-0.33666573431509766
0.19761319927246696
1.9550810630520723
0.9530039683886388
0.256185413703133
0.33218858323871475
-5.235439881098912
-0.23753883041500554
100.12706550024977
45.425580593899845
63.27899528546765
69.78526826556444
-0.010121565073244793
14.120274044183148
7.319981359053215
2.596195034815199
-1.7970262598423121
-3.516344780210441
-11.469516306367115
-6.595995476355585
-0.35991118588249554
-0.09170083710920204
-0.17413104560394652
4.8391062781663985
0.38658124955818524
14.323192524349718
32.393263464117055
176.85726416380834
22.346937158713484
2.4647234917963043
42.437338610165966
2.977595964451314
3.621268463686755
60.34149640274181
5.170179518758758
33.13919727004446
6.301608765438361
0.004038006444222397
0.05848796897348125
0.7219947699210788
-2.8177646108723384
-9.97153003934061
-23.477405476853935
-27.565452428466156
-8.488757196718256
13.308757537485763
0.010892858232463425
1.5132426918328254
1.3004336464564539
0.10846949044914692
1.3761137231449327
11.50284408989584
1.522778205299929
-2.1010290024508094
-25.225927213627607
-5.515519876957403
-0.22999096238695757
0.589089430429142
2.598656219827013
0.13411322904725953
23.9858901905544
0.24711576099474508
3.7564056963432324
-5.85955096206743
0.054204477909368456
-0.0008540780091262704
9.481196080510218e-5
19.51700892083244
59.99772942854303
238.56638170573646
264.7511829082582
261.08115306775795
182.85420958555474
280.67132323584815
202.41077495678897
31.1931118712559
5.37365401539186e-6
-2.204982491446423
0.04568085767051749
-0.16167684006190455
-0.16952261677995728
11.545193279386803
-0.014039517285060065
-0.7398281122252073
-0.010778319813884074
-49.06051467412103
-12.65719986396147
-1.6478145434353728
-0.001352330979426357
0.04409405289429269
4.504012656281959
1.245570852765997
-0.29577408446011744
-1.1573723731383154
-0.14647259236626248
-0.865158743105581
0.07919611956686458
-0.297390736560234
-6.670480787620984
-0.7503920795892167
-7.002948404156986
-0.006215704131218122
0.05935186760631969
-0.005537021775630751
7.038229605223928
-4.543317540014722e-5
-5.298721295969988
-27.740721676210423
-19.92420960418263
-9.886196121342532
2.6865086476244353
-0.14761098174036516
-0.38886734427032776
-10.71439771500035
-21.541518535833593
0.13618183792527017
3.6311094377398963
-20.96099326271194
0.003787145249527733
0.013713344701092929
-0.42464892865194265
35.06187657690544
15.084834162752184
128.8796661102021
64.5811708215174
22.259806316023962
-0.00029381945650932054
-0.48066515860449877
0.05868962572798169
-1.2866820168032709
-10.427676825011252
-12.03954294612215
-3.0212037768257285
-2.773935285860561
-1.732313930098153
1.1911276971252984e-5
-35.49048701643642
-4.4971360426402684
-8.17447194673394
-6.161476520856375
-0.9280411074493751
-5.7278127004147406
-6.390132445848542
-6.280245617898387
-34.578483032225165
-0.7921847749569791
-17.05724210243766
-6.8539180627500045
-6.729458816520662
-0.3730512410018184
-0.8941862262612829
19.526421333854262
-0.0009972040498540627
7.139217864849312
0.8762559737472864
11.301385718580077
52.74967528034479
17.13846392388939
0.8431758901945913
0.3721233017232833
0.007015595286875348
1.3272695340405013e-5
-2.990393795684449
-7.065302648485398e-7
-9.318418842187464e-5
0.14853502932249835
-0.0473831677133963
133.00522982928476
6.396591766224741
5.738802438297572
-0.00040715579955579443
-0.5560921788074643
-18.29322437619385
-6.555359663043806
-0.11067239805515564
19.557139085766934
1.2874594285026961
2.57172000225082
-0.9742703048910796
-6.168893834185711
-38.04569021083749
-1.855238698172046
-12.893568636876983
-5.876733718890334
-0.027305757561856443
-7.808300063864041
0.09719571664874901
0.1319620739591353
0.6540847682357355
0.07882263632240967
0.9706565425731005
10.070759689447897
31.02583879713512
-0.006544676883258468
-0.017144974791007205
-4.937893794218919
-13.41437306955007
-3.2650313380710196
-32.97133297050868
-17.9456724388626
-0.2305556447127053
-1.5034105129427087
0.006167611431474097
-0.8788444526441805
14.266898832661747
4.7389383692536295
0.29863554229034145
-4.649176423109137
-1.667473821900419
-9.734944198617013
-9.70360171550166
2.005838517662319
-2.3975328079932514
0.8571805063140175
-1.6859254114116153
-14.830519690585403
-1.7230190219821158
-4.805283745705126
-20.586179655091765
-0.14116072993266343
-44.59118727202149
-94.65307585256389
-44.85156332767373
-0.000444413495478247
-0.2955689129258377
-14.409582393764165
-6.976869037335547
-1.825834457238441
-0.0653413257522336
-0.10358069890162941
-0.06443040079733987
-0.7422748504824241
-0.7877659669447317
-3.0669389439822416
-3.893497449849179
-30.233817423383655
-5.901192397424931
-10.865379334529178
0.01159334198064459
3.865517461232452
-0.001957687280164539
-0.2482803229378576
1.9480194861421662
0.4614441191170232
-4.242338209578294
-14.494003508504099
-13.147351281722559
-2.95069356599503
-1.3843945369017032
-29.90556842897722
0.1929763769202713
3.0626934513883883
88.55344568089288
235.20437077815092
28.21979354290585
40.32298912341201
16.064619650541278
28.060796593606238
20.170726980739843
89.84602736914188
31.743232373205934
50.9052427748959
58.57450776973673
12.268262389407461
61.13718885942874
10.597317046445824
1.6688386999253377
15.784292997317356
-2.2283780946897314
-12.815690475333286
-2.416891567756052
0.2966087880481053
-0.4578622559251857
-81.01364222280603
-46.51966162722927
-23.818470945708835
0.03541180650287555
-9.938892934502634
-7.986453915771314
-16.60107191449362
-0.9949660329680708
-2.1950418758966443
-0.051385432494800355
0.7376680469851806
-0.019781114002849178
4.176876267602852
1.1092446515516414
2.3232929761234953
-2.302032357201325
-4.450855617029108
-40.746422312832976
-3.216984464960219
-10.277938204370706
-1.767118881399352
-2.311401620226825
-3.000703909284929
-15.389311863411823
-0.5919045444864972
21.22552110221554
75.80615600382531
94.58455996847016
33.61522548081388
55.12968087651404
19.968725303750976
-31.064106682898547
-0.8317668190931186
-5.692377543167775
-21.47512928923429
-10.164520343279023
2.6236419634631982
0.0395612981680084
3.4326025695427216
3.8996643491663563
-0.5378611120801728
-0.16653824456385266
-0.5924197533923361
-1.0659471996934127
-4.59082195771358
-0.0525755082740973
-3.8818180294253115
-46.180937402410756
-21.439674604812353
-9.25777265209517
-0.7906853602258663
-5.851504938316055
-0.6863060021784286
-0.059580677434015905
-0.2270880074762622
0.6062687628674265
-1.0047269015569873
-4.41126792547527
-56.45460990617478
0.1613638844776801
-32.891198442981775
-0.5812424997289212
-24.495776084541127
-8.88390088063979
-6.61871165867095
-3.9955036406294253
13.415573007984191
-0.706309372517054
0.025451970394598605
14.085441744181464
0.9534646154538531
5.8910917299704e-5
-4.847443281291463
-2.7328360721587748
-43.478946119031576
-8.401993227763603
-10.332224102954946
-5.472303512760496
-6.760718418803105
-52.8475687908639
-7.799807433379999e-5
0.020750575403851446
-0.057053930746300954
0.16512391817029298
0.5983175383262997
5.423113013706648
-0.9592921568005062
2.391370439685239
1.9532247951263872
69.71991915269203
134.90886507874345
13.565157206444791
7.454619854041489
9.510232550955232
-1.4334006292951782
0.0026067247131873242
-2.5149120351736527e-6
-4.55849648462964
-1.3099767606632138
-2.626682049668396
2.2308091257267946
0.5235537664884323
0.2393885401973342
-3.390311567020197
-19.803146164552903
-158.2273462682422
-12.412661493878552
-0.9333588241145447
-9.31846134684827
0.6095112102117313
0.017039509291566793
0.6982220548504331
1.184149656469992
0.903403937666284
7.812177615505504
1.1800207975569534
21.7552636941278
5.606627269049038
6.204994477148528
0.0321781547414074
2.56125305564196
5.187825595871555
-0.06676078811590701
-69.90682672406899
-2.3039893980827393
-0.0028749571214748116
-5.8111777231689334e-5
-0.04241851772818275
-0.04194177217900992
0.1887563714131319
-22.660986915666953
-5.26348249677465
0.004972100004192328
-0.030037727878963062
-22.16799072079673
-112.76606272746916
-3.4026491786902646
-12.62605867612548
-0.20128209746332856
1.5538178690883644
6.552322220291511
-0.6722246661607655
-20.247033514838876
-0.49916163196782876
-0.8162763325470048
-21.691905578322036
-6.435094755528901
-2.7103222069692685
-0.08147419282577645
-9.364115952607687
1.6099328810075626
3.2067714729358734
1.3275148846986315
1.3524499283542881
0.09926029637550535
1.756962709140485
0.026955454788148526
-7.200797791545168e-5
1.6325116087699107
-0.23572001918678387
2.3443317505532946
-12.623815520929975
1.9892539135868126
42.06100392315625
3.740383935649706
3.348047628898043
0.10753898172123769
-0.2828271188892413
-11.345686913609788
-5.242090841914763
-24.450881696633697
-8.614204875774169
-8.136927654536072
-0.004711415743288441
-0.9643505144359972
-27.03323231825898
0.10226051938147976
-1.020721882043586
-25.66542478190324
-1.2267723199518665
-45.433879122896826
-1.839024258854596
1.323397037573257
22.811911280395588
3.0067483920006275
0.6786129420695174
77.84203175778542
117.37251039573371
10.69563324531945
0.6207795252234222
7.087973654053043
-0.9202133806993887
2.215018172464338
-1.4183671614991196
0.2736197084761031
-11.092378387787825
-1.6669261521957223e-5
-32.601208911336
-27.5944466137827
-35.60144969625385
-35.99614460230193
-5.176344140014378
-6.992832429313794e-5
1.8232796786845369
3.403983864586081
-0.7553548632295785
-1.8941857704363985
-1.1128778976075298
4.358883605623604
-0.18038805802034208
-1.964079314108353
-0.8041880561212258
-20.288244126815727
-0.9004091095648209
2.976930610737507
10.26047009842737
23.338843546851265
2.8889834622770953
17.172595127698077
0.6530553941156187
-7.475966381796815
-1.0583232023750373
-7.09676978124392
-56.3893492703314
-23.144776756444905
-0.2138574825379998
-5.188284133236509
-3.7193927549297534
-9.20423090528857
0.011392813761212825
6.945422278918372e-5
0.0008369737971005362
-0.3631523952614084
-25.16438233710062
0.26771147283139024
4.737486335184423
1.2416120865502804
-0.20752895257848747
-5.082260718672781
-3.6323120276218672
-61.328755054829756
-16.385005068231116
-4.559232323993639
-1.7409052879430107
-0.12682246316428622
-0.002563376855877411
-3.7481533044696835
-34.463413676296824
-6.91136339233267
-1.5559349941220268
-0.6373100484918777
0.30233078595233887
-1.3793317115985806
0.00039938433897683225
77.81119815315496
3.401021313546701
-0.09317414262875616
-4.309880147929951
-12.454387624544701
-1.2722296346432402
-1.8625927443989285
1.285532557911729
1.2852730455336687
-0.13115320993028598
21.116742087204088
1.2810957060855328
2.203170207803803
-0.034602029006523156
0.038332821046873744
-40.55802228012862
-38.02223321355134
-0.09398134405494074
-0.10177435268431932
-9.773890004373335
0.042885422694965494
-7.861367242169018
0.06360494739899002
-50.21827063289821
-1.527274995295901
-19.58452642636724
-0.04341213056373233
-0.40171467618196965
-0.6197157072706525
-0.04939844412459435
3.43476309115771e-5
2.1885599593649397e-13
-0.24844849373712322
6.031883061401382
3.91375517646105
0.12308365367989053
6.263035195866471
7.990854671601984
0.6903499934206371
0.019505182290021777
-9.751962120839087
0.2037595573324112
0.0017081013156680718
0.06602122321985236
-0.04774511479990205
-6.760264659617643
-2.577980160196304
-53.3280331702472
2.724375898334297
-2.8169631424694224
-2.8365009164558828
0.4367361883711073
0.02437849590223613
0.4249955730717422
-4.0402140281368135
0.0016917572528380648
-22.50668495112345
-21.27001838085382
-26.175779455038285
-6.405181735049728
-6.197891163885861
0.0021523914581338052
6.166375301135667
7.640961868159424
13.373794487712505
14.50522351088456
13.47581577967048
63.355344967539715
165.12920123161197
131.2289749500598
98.65914066522907
78.38758140482962
148.422670654031
83.80601253369886
37.14664109903881
36.3662219612741
102.80834448661807
142.59323229864881
8.27131908887043
30.67463226905137
72.78519527561298
135.82559528466308
47.353327339519666
49.87869149611704
69.94647387638473
46.57045225114256
52.89802749256676
61.656825172441394
52.23282262606524
20.50930617320198
0.013030381407663537
0.053604655170819776
-0.18830389750993506
-29.145657921660785
3.610005737358561e-10
-5.953254174478016
-1.5241286474224847
-0.29613774930132153
-11.278769934788516
-14.064412994553432
-1.0638879679267805
0.6267654579280408
-96.5746406201543
-111.85849681622841
-6.190403290735876
-1.340325493128706
-4.443798554978717
0.000148911844620632
-0.0015526702580041366
3.6426380741979854
78.11574391927655
1.18592445861095
-0.7832850927284646
-16.716467932106685
-5.14567202266509
-0.1175294621642672
-6.247372628088338
-30.33762853988086
-4.425633271706484
-24.318680329180385
-5.28178167564092
-0.4083141428629086
0.0002204066223151897
10.248233922794384
25.894167809164887
7.1396370246012895
15.535451742766805
30.141451114836894
0.3086781099551499
-0.014295437002851812
0.8323145839414744
50.916074960177866
58.756244830052786
9.927066075862271
0.28777875703358025
13.31276145211992
66.73359140957896
0.16687994568768758
165.61632238315752
36.19408751451914
27.995087644080286
37.87550048864198
1.8330721154851632
53.829546898633325
0.08933991092965161
4.466045934233905
16.082363584478713
0.06354495645517642
-0.06824815352781416
-0.15916856662882142
-6.593651364580697
-25.910783747378073
-12.172959506199168
-12.033829008684993
-4.673766137395979
-18.63886772724616
0.2592295430186529
0.6499790716005579
0.1411488329988956
-2.098391772783779
-0.4024620504954672
-111.45978434889835
-11.08787607896121
-23.953407992011243
-5.99902045819378
-0.8811384782742266
-1.043588196134801
-7.984836017501413
0.06921275718857267
-14.861887760393698
-0.005395888529016103
0.289807340100891
-0.009251541469742568
5.642923368494024
0.2216931451042141
4.083189357814759
7.45532352879969
30.147032844614486
21.761868063777953
0.11319590315548564
8.297278885528291
0.3073051657898358
0.00022949344129470907
-1.7160800624602552
2.3730707102602553
0.03481164588404714
-1.143365404776848
-1.44689658859527
-0.12889257720274963
1.645321071109271
-17.318080151936087
-6.862722717747769
-0.14985967930420488
-2.224951739034738
0.1652132203156962
19.6213412456864
-0.00018382774962189569
0.5103281142559892
1.255743603201789
-2.1550891881170076
0.030245874482342734
-0.046455429885996005
-8.631335007179244
-5.217470833870566
-0.022457472389231684
-84.88409152566564
-7.643977330783336
-0.008173613106139961
-2.3123995297886966
-2.402829686568305
0.3558080189278548
15.023645031784215
0.018355185341795626
-7.08765638170132
-0.16236852895937126
-0.005004327235539112
0.0067587640444317365
0.9993126648486492
6.077739049417741
0.06662327268025837
-9.621122842960252
-26.307194629442428
3.5020097985055587
12.289512995578898
17.07775896767446
-0.9526164106436901
-6.595298007420631
-3.3339249968613967
-0.046011907497828575
1.2946005386460835
9.665102825801677
2.8075704196875724
-0.6343189874209227
-45.05044830682411
-7.404670171062061
-5.153321674506104
-12.964650510115113
-54.88417664570704
-19.90157596609057
-50.476362343000815
-21.108651462676768
-9.45498528474474
-19.011350119534544
-0.16909267676549522
-3.118228221283905
-8.132901867823268
0.21975344490002963
1.3859168719130015
4.834295404236357e-7
0.9841832325609955
3.3121402884871096
0.3249732084019817
0.0686623635595561
0.0065135572593821075
-0.4541095149800485
-11.945796471841344
0.6869269523489587
25.706006719289952
15.673896300406374
-0.0029579529679966366
0.09686241245557121
9.976268739050528
8.354534096920963
26.813055536334183
6.062813320154875
9.215905416228006
6.589980647346665
-0.8201902796849494
-7.800582408953639
-0.00023285649948974344
-0.2906815200189358
2.5034702454838373
-0.12466513941965086
-3.9836585851607498
32.17499610302506
12.272678840603607
26.662345564214256
-0.02196120008562536
0.11895955325441991
2.4928693913723725
-0.04152721799371011
-4.305665385163409
-18.54566699102501
-0.009379211367758796
-38.35488623968166
-6.141637471562725
-26.245741205597653
1.1088667354726424e-7
1.1429822907175562
9.946606244364963e-5
13.12217297543187
10.109097943308072
9.05901551903553
-0.013156189956571076
4.6034906838504455
6.188067195194278
0.00729169955109686
-6.568416009354481
-10.350035389417977
-0.5073293744888402
-12.99652204867761
-11.438514878967233
-0.08704985161943181
0.0457143677057134
-0.08865363344869825
47.281393266257695
6.260745060415853
2.6226791061843553
40.98206283299032
212.9385855287559
149.4934615536042
38.2229090192043
72.25484050698891
142.36199093261953
103.21532680073281
68.72275395624067
116.47117658006742
496.3646211977814
170.9556786183072
190.79733356111427
97.36063337656539
41.06608480557191
53.41167906967506
20.673034064226545
85.44107742124943
45.052936085941504
121.60909784563668
146.29685472554027
72.19930838491032
156.6464185955218
272.9429390913379
229.32671067226877
37.54264702663593
86.7557973800486
111.99536964731226
263.68268964387727
334.194893670866
531.0592738483655
617.7283640417169
125.06188541663121
33.28129181083917
7.289369500547052
1.9123241358515122
19.885049626528318
13.287701577292385
-0.5113143220424952
-1.006664308971771
-1.2829775366378085e-6
-11.312500803294645
103.2828796005826
6.879039017173409
4.56977405387013
27.64997467657699
6.471137810596629
-1.283418256825443
0.5488087909597794
-0.0007423625124656406
-5.2390079477399825
-1.9524020028220634
-0.3174881558126668
-0.05626729196724871
0.8177687360654291
-0.37353590097376355
-1.4191812704045923
-21.693730126191394
-31.73383924507181
-33.069299625021124
-74.42485710196217
-80.09938732997901
-55.73072991529445
-13.724015054247669
-78.56145142861084
-56.51965451601951
0.19248506659987316
-1.6239580481432772
3.3964262621134584
4.237350391589566
120.60683747092021
0.18119207973014415
-0.0043954814811837575
-0.031147757405392152
0.42587011031795874
-22.9595441509655
-109.31314077704683
-2.2418605847572115
-1.1580768599687838
-0.21595405936703982
-0.005523214353393068
-0.026943301466695338
-0.24770641707760052
-0.009819881559463084
-0.069666416063611
-73.34712238568186
-7.0489187329532195
-3.11477467607029
-1.9398189075855987
82.74709509066666
3.8675194799060457
82.27667497123448
12.392475394132234
-6.013396975854967
-0.4615471473034089
-11.283075645959219
-8.069737011210316
-6.963017072662175
-4.084524321397898
-0.003872718812784226
0.07195255493286962
2.322548024939672
-0.1940631120522099
1.202193738146897
169.07110993538384
80.28773619282508
28.47052698813917
103.57344840958798
37.61664151235293
0.15473935515223544
5.266204956777713
0.32137481553666225
-0.5467984672424678
-0.0011144217108966347
6.511929395735342
0.27270481686496506
-0.05138600533681971
-1.699687539714534
-0.36736860657328707
-5.510110365395774
4.184022996078648e-5
-5.8304482123241
-2.219562656931747
0.274531999637001
0.8871588309226983
65.64497616074313
6.960652696892375
0.5729669139776348
-1.5009441982994067
2.2766428161905448
29.491105383904205
117.3299224378759
39.22349892373151
0.008881620793641038
-2.813680263117604
-5.884084715563125
-27.32463783159597
-7.676523947061335
-0.08957334964911505
-8.723996353849458
-0.48235227023259764
-22.07188287103189
-25.56830281093103
-0.00016302399630486374
0.604040231772978
43.672877564143
6.749201296156865
0.10821128010538889
0.0006059989249349696
-0.487063280101972
-2.7583611525998872
-50.54195053175999
-37.20366271985638
-10.17484585799038
-83.54602956516607
-21.438399955610993
0.41268809176661486
-0.04632062523939518
-0.6997210339675194
-1.4593582775952803
-10.400345711466809
-32.09762451138564
-4.032906516449145
0.6262160452425469
0.0023959320830608797
-6.08938272557907
-0.12003061076322717
1.272373869478046
0.08003658002450097
2.2709421339338975
27.409782425293475
10.707522914084636
31.62277250138493
1.4156768143029803
8.926662014751297
2.092731759664798
6.467174934551488
0.022124248992706395
-0.024366905956575646
-0.14450018466104075
0.0008924469188869837
-2.6915756805758763e-5
1.2326159660993623e-5
-0.39773145185744224
-1.2755859973886807
-33.10546280111514
-14.926412342256944
-2.2420026809119564
0.1822371636524469
-0.317379292961026
-70.47255253970818
-7.675883500460341
0.37200610317387817
-0.02193061621753233
-1.5725432196334208
-4.237763375993432
0.022142995313856516
2.799454034916113
3.8619348359400756
50.54026421235906
3.4349971708653997
-1.6123769333395517
-6.430519502172531
-1.1305822428990042
-10.673201719952544
-7.583571113215084
-1.9788211135512934
-49.15152722762835
-1.8726032482556587
-0.0002552133833271346
38.09348577195093
75.1921802054202
3.6858364911782147
26.859320443502224
4.1081948246653095
35.65331925614668
156.57328194258787
13.548889019445184
28.5801483161256
-0.20027498590456375
-8.811502559547117
-2.6423074496884538
-0.32910587401561586
0.5436878714226853
0.008373009674562238
-0.0004872959002115542
3.7992030916583794
-0.5856398930573573
-5.9994500275425455
-14.784347809636817
-35.95821113479993
-49.7561142887708
-16.046260868959262
-0.04436088312139888
0.029608766535148177
0.10452978173273675
0.7036566698907065
-0.01614038570381407
2.133155488452733
-1.9839436005948903
-8.798825197674757
-19.933442148664078
-35.200230551441464
-3.419052257796948
-79.62674070874394
-81.10986883444606
-16.09098581905309
7.023606136206941e-9
-6.739183740424386
-0.3684366654786065
-8.22602571291378
-35.99841342370655
-3.156721538087109
-0.003116068089781075
-5.87956646037743
-0.2970233027037397
-1.6143872203689769
-2.8395765531078103
-46.40478955324182
-13.8120279138005
-40.36210512456966
-17.59169946076805
-50.67068542935204
-14.718532655414553
-63.298468946503704
-45.58825804834996
-3.9861717526872544
8.641145507677875
-3.9101760197784468
-0.020738089257484472
1.7473054379348316
-0.0010348688424947534
0.4319457303541086
-2.2622382432155352
-11.552844802821047
-18.015644407784755
-0.6410510143475314
-0.7270573052582526
-7.671036483294263
-0.020702503985594343
3.0342951339600517
3.390548930439298
1.5115784251773636
0.06930795533686417
0.11424519748833264
0.18275463769939182
0.023693168715516875
0.1158390666472694
-0.084448347054995
0.307914223563826
0.0002568737608650534
5.259584174938286e-5
3.153037283594805
44.75271244686281
15.283855176890595
-6.958616353672724
-63.8543078011431
-12.015041643576629
-15.510155670132052
-0.9800274407128028
-91.6833588688209
-0.18661304432468753
0.002372525332435981
0.005833135946994644
5.777111185881578
8.996633486430436
1.0864638097060362
0.0021872496659300794
-30.381794235500312
-8.87666787124602
-0.5686806556097445
2.0340341701051483
7.883075811873254
6.393621733067078
-12.075985758270207
0.7488086713902594
-4.398055030786252
-2.9614580607282965
-7.408297908590839
12.47666665124838
0.04916377089890854
3.4439749493545975
19.646583319952178
85.0822832780826
48.24534317466177
21.540278083954004
7.806284900595743
0.6971137671130574
2.5309136770934482e-6
2.496292837920911
0.01618212601294888
-31.233260409440707
-8.0722325379901
9.879429201259228
30.372187448777897
106.68324032375055
0.014830028321782696
1.9412391971597842
65.47495133257088
33.82870070724765
44.030888820114676
-0.0013123986912445347
-1.875984961752664
-4.883582254690693
-3.196548003591562
0.35179786708750876
0.0011286595016394034
0.05182684995276676
2.4259945157268232
-5.2270839508103055
-11.06465110099189
-15.137451170763898
-2.6979507091718595
-2.6037736975262926
-13.241622968889398
-4.538330346928692
-3.375199330323694
-15.552441224454062
-28.1153440813522
-5.6622926041726975
-1.2877824809358864
3.7433058160045953
23.13649887109203
6.747858620050416
-0.0004791527307535436
-0.06393270899553814
-0.7811808598632616
0.033250036516272695
0.4008837657808897
-0.08969602012816161
0.026704106378991944
54.03204692159377
61.35683449340881
16.39520060704789
5.869751345820542
0.9062755433593965
-0.00016729066396158299
-10.058284084896256
-3.828338981608241
39.522700343694524
-0.5403105314313249
1.7937463585645939
8.370439989926926
31.571098511010756
103.40578552364917
30.88183708200726
39.313673237149025
3.8207989094704913
0.2072965698931556
0.08717750088145958
55.484526006971386
82.65310414116101
22.824297794523524
3.706470792027499
-1.930770119357159
0.09288758355299534
23.581408803224466
-0.300437361314029
-3.822076391600375
-0.2426550975358751
18.44268777031635
8.461646094700349
40.861475144144784
2.9984102508603154
0.2890086023571172
30.800338918749645
57.86210139839963
27.884483038038006
38.3171643567238
1.9551697759765414
13.998531165829606
-2.9534812110127393
0.11000314954031115
-19.09146636604719
-8.003621489970998
-5.5002807486791285
-3.2039203837282897
-26.505723994930854
-22.0799383633986
-15.179793934285838
-10.528043520895052
-26.265539990355677
-6.052396859011151
-0.7160861202145147
-2.4712354006525805
-1.9181573072711793
0.38029396466594967
0.004616986758387622
0.6683949747603366
-0.25197136558710814
0.6976610945383132
-0.5902519924268401
0.1952437966453034
-4.28719285517164
9.746125354135923
0.012085095565213012
36.15983225326211
25.2050436644894
6.84043299850754e-7
15.960345552827931
4.846224443177703
79.9395418068489
81.09682500049172
2.2305647031832345
2.2302204306395343
-0.0033940939253935005
-0.4542989607212345
-17.167522250457058
-20.43283015647466
12.254270574529572
-0.02251396157146082
-20.636010529947377
-4.298283225701059
-22.32291531155134
1.8562419194500266
18.81960469899615
92.8416850355738
21.12517158495811
3.857956261987841
0.5289233958109413
8.059317196992216
-0.008088332466998385
-0.7451340047353678
0.6561413877357597
0.3625078697212216
11.438573671671724
-0.14773626777743082
-1.6176169400409812
-28.934330612973753
-6.340275672992518
-0.21185017210410545
-38.61900721994321
-9.97274667720321
-0.05545510773291397
0.8073004129051389
8.426965511988929
2.330831406036595
2.947221627573836
1.31938613112565
2.1005053904355857
2.882974502007385
0.1102418476910995
0.023387366385155563
-1.2628215372244909
0.0234608313066564
0.00010500077118633592
-0.05280813711496505
18.28964757922981
26.879949732434227
0.2416691096964808
-0.5369470093457516
0.5236032815730409
0.11646733728116208
-6.61379312816931e-10
-58.43674257040796
-7.859130352835577
-0.40341285976884406
-21.79292946304179
-11.407330919289608
-19.610336589320603
-1.4313387264926802
-49.38916187064368
-3.490460719199685
-17.926006236901298
-45.867997208209296
-11.621198508648378
-1.4679806614812898
-0.004197658395535616
-0.006773983761719687
-0.945014185883236
5.08700424148771
6.640658808400293
50.728951525023355
62.93265354456147
3.9682451772433214
52.073689781683896
52.97315950854972
36.47472455335174
9.064061189883239
0.11603280184098909
-0.02744931372264569
-1.6785146227549854
-0.050000187197035924
1.5242783907489945
0.6140596300793276
0.11083549310652574
-3.508437458846701
-0.06795089296906488
0.75431392967325
0.2836289853410883
1.887805888693916
186.72603450948677
21.396142873668857
1.9979996760073897
-0.0007697688309383217
-0.08906197946016037
0.0015406727574234123
-6.428631705480793
-7.911662748636006
0.11035962133137378
1.0084417472324025
22.884723802891017
-0.008626267220869196
2.4411279046867658
-0.00027141200176005874
0.04510197311432789
-2.112923256886809
0.2836206849489537
0.016546060562034528
-0.2927236969147401
-1.6920709851974673
-44.33593196818669
-28.958450853489932
-2.578340043528382
0.12038035998077194
2.0322569186840718
-2.095623605188076
1.598270917756176
0.01059718697814709
-1.301293938092416
-17.285364926446178
-7.033024081178844
-23.691247102804855
-20.94972215810085
-0.03149526725643933
-66.36216284894509
1.7716175152240243
-0.05100794860469781
-0.9073195999739531
-1.4767628298165463
-0.008684481213741118
-0.9657550250771824
22.03073178018612
19.13417622178942
-0.0042135116219167625
-0.0036115621219570864
0.20547621964384993
-0.673161135101864
-9.137185972065117
-8.388271145350922
-1.468091233789646e-5
-0.2937983276877145
-3.0121892424085432
1.6060700485441963
-0.1676984696520827
18.535849446134005
307.66484688883884
6.883251157867279
2.8073135408862835
10.463917190794197
-0.38917477196569095
-3.186940123883801e-5
0.07384373442066765
-2.2787316000183817
0.000381466910344855
-0.3841372433126027
-20.272926089055
-8.751770076967345
-7.311257939842172
-2.4775477216285187
-3.1269798183966118
-0.4260555021701076
-0.33719857829898253
70.37882509886599
117.51557830108236
2.0739974573838245
0.05520218826993227
2.8338738941208117
15.125180167768304
-0.7760538955777104
17.10249696060006
-0.23370979220307658
-1.1693181048980934
-0.133219950275272
-7.8249533267942155
-1.0777500697584836
-5.996724152159928
-16.30828756781087
0.17144719176080508
-0.5756358310029921
-13.4340964241717
-12.740268839543157
-7.5540289305802615
-0.8883743541356622
0.5796144329566281
0.10094652519693817
0.007516366342160702
-13.622172149849838
-0.007209590000273315
0.00014944577816866978
-8.528238732232394
-16.683123673277535
-21.133480046901784
-3.360402623961775
-12.723670316429178
-2.792857650241477
-50.11553138667161
-0.5739469505333108
-5.701113042228128
-0.8977678011387642
0.20014363057492643
-0.0889388868409611
-1.9874482611015025
24.565268292488252
3.5044305092759567
-3.0929512695305643
-1.5482836757404514
-1.4705992066736449
-6.02028807717356
0.0006067195751661284
6.811291898257885
6.888988742811816
1.7486937940091851
1.3781607453861917
2.245561843661546
64.8308180027172
310.4285553705254
67.38309203766521
103.91800077654526
817.9812436921245
417.0197350332967
298.14107619361283
44.46927856712715
0.1909477043168564
0.11574643045066683
-0.6127578100380714
-12.87442799093747
-1.7917263668813666
-4.689074717025295
1.1276719074125479
-19.451785787601214
-13.563104771285062
-1.165309928824376
-7.575634736370679
0.2605734636714002
12.697206680317079
2.0023685483036933
-1.6420238181787206
-0.2715879689054963
0.24986523888653972
-0.03191265326714196
-0.0925833034314915
-11.304866568304003
-44.74897015082347
-116.26727911566755
0.18814856564962795
-1.0801453235628276
-56.19234349770553
1.523655683846745e-7
0.0030306493159894783
-0.2471251371932585
-15.848323585882712
1.53792163354552
7.356311457464018
5.815353669563306
5.966131528905056
2.014107600579164
-0.02061109568784792
33.939939737532264
0.021873308706269058
4.931365657212562
-0.09553889966428282
0.02608919563237438
-0.00761506598844294
-0.2758947061002371
-0.6876712016065338
-11.975469369870199
0.1723916077780463
12.864509158575133
7.613842937062428
-0.01415333093307686
-4.943455299085001
-0.00476828194106705
-2.1698249271642137e-6
-23.632662664563668
-0.9714463965039596
-1.917160040142606
-0.3899236589389203
-1.8501885297904803
-98.03561377751535
-0.3864958152754693
21.078325587270275
0.4332142996533098
-0.35335906830122604
-27.717973632836067
-0.4153892033211062
8.844415674347996
0.019435606580684335
7.364341103985945
0.05437617121075891
-0.0778014401720043
32.667131650637366
0.1486521029690363
-21.19256110773795
-0.2850142856535596
-2.576620610489114
-35.27482717730913
-9.368481046187954
-0.07508301892871541
5.446712863736057
5.11463078870914
1.4597262706204834
-1.1996904623700366
-17.672688522341566
0.001014227115628092
-38.432170579834576
-6.776935105793822e-5
-0.6040954691113437
-9.393306113854287
-3.382045052061904
-7.2037263604786865
-16.45888014103536
-20.17059168831375
-0.5889955826313746
-1.6758767189903059
0.7273338579812422
-0.21021638415479002
-3.4762626262885927
1.0167978431583329
-2.7774992204253968
4.683710273365568
-3.97955310534313e-5
0.007801236568374015
0.9305195341750789
-11.114952466232209
-3.9055449894990075
-10.040215669085354
-1.7907189478089962
-25.073077671960856
-28.906695482015007
-11.46086221987102
-0.05132304712211938
25.53416591327932
170.10742746688751
102.08621881479365
54.18884734991493
16.372435373714755
0.29502818579713297
0.004886195186951739
-4.836528079676741
-9.129448364756295
-15.003357734330157
-24.331530893550706
-32.954269768463206
-10.579318851635005
-1.482613335659984
-24.394790043740088
-66.76645847395787
-37.927512913613995
-5.247970334097162
-2.78312340744548
-0.4670520512391512
0.0001463092591112588
-0.007480156031360714
-0.14498923990946977
2.710276566913369
0.009353576992203686
0.40422987065941307
1.0642789061493307
18.258201748130165
-3.676099786400809
-0.5821303359598118
0.0029838356727900834
-0.010857403178658215
