0.14648875972359948
0.019484492488124013
-0.3951356059847742
-0.3230938377312521
0.026044028884942373
0.7325484344345254
0.22786902538602774
31.78207669560344
32.93153170903964
7.99792159978024
8.687819143365784
5.59226161220784
1.1967044738200996
18.600915166460045
0.9605936440208929
0.06321137086157279
-3.306998778864619
1.667567535948169
3.0409156082559887
43.30574361304915
0.7436663987022035
0.08652668465677363
4.858891035232935
1.3030664838066928
15.192160329050397
0.39821587625587473
71.08070585754872
74.83674218701543
40.85108886957158
0.09621684029863696
-0.02792343797679622
-110.78790037121775
-16.61132875612193
2.43535786527897
-0.008596066468565712
-0.8377429314290112
3.5988626577465106
0.0067811923094146164
1.0520459783660636
0.006851114132070487
-1.2060984487505593
-0.0008910490249094934
10.04856364008895
0.32233635206634836
39.99520899160381
-0.0004995273718950763
-1.2741250878972938
-6.470466998407413
-21.657783930972105
0.2067936177683133
-1.1797176642796612
-0.021546986733887045
-1.0159703274104253
-2.2762660766380454
-0.33749551740543465
0.18278865793072327
21.648501593363612
-16.2922890293162
-5.95316596029625
0.06448436609265222
-3.7447182608655027
2.660654085365999
-1.1246433608555295
-0.0637474204023272
0.0008220255780903401
8.383606059995426
-0.00195194462350436
-34.62468533186479
-0.0038125472809988586
-16.847713681584914
-2.780473948476877
-28.00380586231842
-9.740267183704168
0.02714114342672996
-0.07609454630844258
-3.94061249435009
0.24253713486961184
103.79814305344003
34.63591608966021
10.138213266000927
-1.3921534554969153
-0.6479373747197154
-7.5377074077124595
-13.151477815726858
-54.72172063699931
-42.74722472510258
-3.9195864809107896
0.7356319582452665
4.1641769383198515
56.5444281441001
11.508354083438146
0.04919466728782806
0.027420107987275635
0.007129603759361687
-1.7932965853894223
-1.091000453613014
-4.6753115598121155
-36.74530173146895
-0.372395009158475
-1.1507722801876232e-5
1.9395995779519046
-9.589563270100035
-2.719443751817937
-0.3890650634052133
5.006604885992651e-7
39.59487310608522
-0.11019220693378434
-2.589825110631507
0.7449468988191285
12.558800449051263
14.603006766886775
1.3616024102708852
0.007151190450425421
-0.8854971539343133
3.2463090273321673
-0.9420399615450948
-5.384785457317419
-73.46487626283135
-17.391402289567743
0.09212885408558748
-4.009289699752149
12.88446607339606
21.61014079385185
5.38581846078118
1.6033432783407164
-0.005309469202433703
49.5171907383723
-5.288758671130019
-12.866404536214622
-0.5197939721932064
-1.4246344090578582
-0.05455584458020377
1.0499276248121308
0.03064839154533344
0.22102391521742176
-4.696208225367656
-7.94911428708192
-6.301271819264056
8.258156809907076
-0.01303199161274089
10.251354447609133
7.963635392159258
0.8885372832028897
1.8026949074601519e-6
-2.1439530138403864
-0.05298643150847818
-20.608818064724453
-6.486708558215246
10.362846479310967
3.2047397256065997
3.417155713633577
18.309856171399897
21.566534838352247
0.09788119098595625
-0.33155208915144924
-5.085786216280618
-13.15185393319042
-5.5932760044711225
-28.819001031882596
-0.813682730645822
-0.44760236815855703
-4.729557502876337
0.05287859332950802
1.3859712470313206
27.487213544101166
67.39181836854755
4.476942112399313
1.3330850476693281
9.37327831265781e-5
-7.985598783301063
19.703147779663908
6.883308681914897
-0.0352490213434485
-1.1847361316462965
-3.5692221584001014
-3.894692433796978
-0.33701086361324734
-3.4229672169252536
-0.08238303497968609
-14.14068811310667
-0.47586908197922784
0.18398921234856078
-31.34361753886765
-9.815558798063504
-0.2710465215623567
-1.5323924768465227
0.12344179205142954
8.0505244868812
-0.016185245993887164
-12.05647397666647
-1.6401654676421062
-0.05024561505195576
1.2628134073795492
12.80729177322833
0.9408182148821449
-5.393159941027953
-0.07300406817759676
3.618681357879647
-0.06802019828994846
0.0031761256747966744
1.6377015613924861
1.0984485424843051
-17.41463687860763
-1.115401487438676
-13.752498155559984
-3.9989461224355325
-1.1345046673370744
-0.08204104724870014
0.36776934057554106
-0.032635815428612755
1.4695872135558732
1.1642245963258226
-4.163818550545398
-0.38129225402317635
-0.41528856256353336
0.4075324346762737
0.423941849692741
-0.06296837773919028
-4.55627134344341
0.5236914451442838
-0.012033916169062676
-2.318485504592446
1.08922431832963
-34.30412274609764
-2.5732705548824666
1.7791439797867028
0.07962705585719261
3.177334676135213
-1.5761754680735764
-12.808850779365605
-0.014839924944004131
-0.1624168802742597
3.2867684419537606
1.3007236158682545
-0.9942384097367913
-16.680884068006606
-3.6242898980463982
-11.34286047233071
-13.358528960670785
-2.487099524967646
-1.6258607982591873
1.9675075355508794e-5
28.028887661426282
0.15084310899279268
0.7999605068668187
1.6220626545482477
0.7887857441946459
-0.30762933260556535
2.124905426715245
-5.565065942965937
-26.13105045688428
-13.131735563732223
-16.763145790620154
-0.1558292050260934
-26.596337749567713
-4.343781495900112
-0.3105192367495819
0.00011066584535382505
0.0007151698560338059
-4.545131197638545
-25.72477371820342
0.0023120656223039296
13.060980231496771
1.7707109021042187
0.006715347142189581
118.68049536696068
233.0476579219361
41.8616082309055
89.51681156930924
6.321781622858441
-2.0957634197876365
0.7655945813983819
-1.8429989047119728
-5.8446727331901225e-5
-1.947007582656829
27.702894377419266
65.37066804985938
18.119926879981474
0.25631139028433636
0.041701828562725994
-46.07326876773899
-21.75165427737758
-32.18578402310061
-0.12722659438402042
-4.829159723833902
-19.96591104800561
-25.5420054282151
-8.982662858198543
-14.396084161991975
-79.99570581036397
-7.682110927411792
0.36332214140233265
-17.417258417436095
-0.4717226736271344
-10.554770464150447
-2.8118601675835766
-0.02916719279585764
0.4729065172804015
11.575095817647304
-37.211882446986316
-27.80313568479453
-32.375618634566415
-29.87285293009435
-29.323736083892296
0.1250963516244472
-5.082888997513208
-1.3015769616044996
-12.736525500448113
-5.979667588278174
-3.8769853041592635
-0.2950135200279982
0.02479065998559014
-5.0497569288150475
2.0435003457744383
2.3488658618982976
-0.0007946975455220139
6.883288041540244
3.457277058312052
0.04359232411899445
0.035145621811162646
5.1057455768912746e-6
0.5517511355952274
-3.3580884226245478
-0.04801134148788953
0.004180744667875373
-3.8615279348890303
-1.2929175004758466
-4.458154700462146
-7.726762322305421
-0.0021850887690055155
0.040735610604312536
-4.172986074793867e-5
-0.021517063831887503
0.6988148745087736
29.367755214466847
33.49641962684341
60.01641830913019
6.130062749562414
41.54084598718338
0.4671374458167787
0.02641091078546467
0.31050366048235917
-7.158805084225634
0.44354630629280845
0.013185398300285131
0.19104649809693613
5.7553621417736185
27.436906907716928
-1.44267479370457
-0.05478970730277742
1.0287429767875307
-1.7018652837500017
-10.469119419505965
-1.2539349548388272
-5.972918555053692
0.002036529797072047
-0.3042696796445296
-17.776210228835403
-12.694040642614908
-15.951417198808866
0.06439983488808813
0.47875669202332377
72.14311721063943
2.1966585177962377
-0.9745200105511416
2.6207945228407195e-5
6.719911473718134
0.3738354083994357
-16.32505257310954
-0.0011206917579901546
-9.3040969155389
-17.148640289187057
-3.3253497421043687
8.293658878298415e-5
-0.2641038311970827
3.2529351453149626
5.902782418940023
-15.125398275370891
2.5421259212928333e-5
7.634909363936661
9.648429709856032
2.5226541428215956
6.096994509839931
27.419604638474944
-0.008494412489907475
-0.01862712125443022
0.268883415977516
-7.226592028934167
-12.199765017704758
-0.04397794275079149
2.436317730053553
2.6001851704419163
6.063323376104014
0.0022441973284250067
-2.092407883844398
-5.967108230312068
-7.627043477150866e-6
2.5436820996183385
-0.27545159861889523
-44.2140701620025
-58.297153309206884
1.070186964759013
-0.0950325754619046
4.406326481174589
0.9851375297160302
0.0033760493357958775
-1.439738562221479
0.5582335331467615
123.57850831828952
78.14229704231974
100.88946115681595
247.00298499089317
224.83002393063268
151.269668738973
0.00015711103362424633
-7.908988853054112
1.2963634010251222
0.5420621285616274
0.6284338098670531
-1.6651006145210956
-0.07099049460532642
1.2546245255021578
1.0740063885715987
0.19389806094989473
-5.53441456052203
-4.821090256054424
-0.7867239028099501
-1.4158423378041858e-5
7.330496584915896
15.164015224780949
62.926049717918204
97.67304252877548
2.5252845724243804
-21.67542508776065
-0.8261382535459213
20.488732802082833
-29.672647348608464
0.0029402349977883844
8.949809386641725
18.509575254731995
-1.949484147259803
-10.686351774954858
-17.946364773720216
-8.96098613882152
1.5870982434842866
6.836819721645115
1.4564627451561711
-2.9436301736254102
-0.01831177121229143
-19.062725020432268
-41.216867899075766
-87.89727970302184
-18.448230384720645
1.3537433268170944
0.008990906960106166
0.7570129505041989
2.434193887029596
6.007544868737462
0.581829908091169
18.438851570483415
2.410083773121431
-4.0974911620874375
-12.917162180960943
-0.0012708524505789126
35.03502817082671
26.777769801064736
0.09610137507439086
-0.19117458884576638
14.469010291043677
0.05896005903864268
2.48557202505401
4.502077677222166e-5
23.944274733557574
-14.497882103072678
9.600081179145867
5.4628599749884446
42.84255740938995
-0.000110139056190912
0.0018054229355358384
-0.004433579235342645
-2.845155458276382e-6
1.0181237338505857
2.0501260011052445e-5
-0.4945011309747305
-24.65303630825307
-9.466357981530392
0.0010897488226804441
-1.6082470999644312
-6.501262244695099
-1.0589318099248193
-35.51153476689744
-11.453350575927061
-6.601797557520696
-34.201199371550395
-8.152163540158046
-9.288204371866442
-7.362240487029959
-4.688546568142632
0.014240864452769186
-1.2183817961542993
39.269240113674236
1.9520738947511027
5.699981423976371
6.251291770693107
-12.9902631630214
-3.7309471063167883
-4.6310725048899375
-0.9248823689281168
-4.846162453763689
-54.29096392965131
-3.060351629432629
-0.5386269731023611
33.66587492815017
2.2453331485192223
0.2755213997709289
-0.019424870290365603
0.7176501120670489
0.14255704922121104
-0.7990164596165105
5.080944468582426
9.496607344409734
-1.9025914034047835
-7.7522237311568665
-13.751957713202955
0.14552904592266716
-0.006449613605070311
-0.1682752588102345
-14.3227829026703
-34.043421456294475
0.0831382413566776
-0.20575889246202989
-0.011833687350457783
-0.38731870472229946
-0.44057649161166823
-0.1746764592824922
-1.6597863334027916
-17.947070106880375
-27.919458733620573
-9.99044358870729
-0.00010001624748727159
-0.017064224984282846
-0.00010664303325287555
-0.03410389957589407
14.893246976078583
4.401535471500943
1.2575257327691722
-0.3732894078842131
-0.18813173556593984
-16.906835406753846
-1.530424660441732
5.21482111221921
-0.006404649949910108
0.29768748768822634
-1.9925462159145488
-0.23916391934795178
-0.7050134444203927
-21.51076330039788
0.00020269093224173108
28.984264988026265
6.9648761061393225
-0.18859355215957743
6.4656369645057925
-1.2977383811665093
0.3338759484300905
59.82880572741346
1.4501611351190282
0.3415322131608594
0.041621917517722956
53.78758698927244
19.591399370412834
16.195233662948905
-0.06221616491945574
-0.00023686285308404913
-0.0014041659873769042
-2.474103025142477
-3.357825893230591
-2.0890282587728373
18.46658843089567
78.83819136341938
7.500296201839881
-48.64807196173322
-24.28172591977425
-6.0772306196990336
-33.66104559540609
-5.595585050482842
-0.13982512678737843
-1.0639513050938796
0.4083319380157362
5.166805045218476
66.38983422010632
0.018788232840087574
-0.002672893198703778
-2.730590805595552
-5.7151711271270464
0.7758080550148669
-41.61722386654948
-0.07465495642587615
0.0020181715007507174
-1.1861521877690997
82.30285319415866
1.85107685571574
15.605012939737337
4.612612087892535
-0.0039911324400668
0.42156155678589907
1.565823351041948
0.7981650485699363
0.22576919441320595
0.0022136808483169696
0.07776466793732466
1.5159258339611172
10.35187856911615
0.44638325024396186
-0.10830984259612335
0.008357272187190661
0.15085364434907594
-58.46536552728518
-5.791765931780551
-4.459959899986684
-6.842344541646397
0.023496478428435916
5.2349679877082265
-0.26720796745240083
-12.78562382211023
-0.005521018947274644
2.167361830438221
0.13079218496558007
-0.356625541541589
0.08648003819525923
0.07836867503032025
0.5836602336445665
20.940245083024436
31.240671289755987
14.873735625881059
19.17717236700173
0.027190845712978716
-0.0025055261180670107
-0.04934046201303817
26.248459087929167
16.036665545496557
123.95305201259637
6.442849050456921
20.96281394738827
0.697701145068215
-8.127468434699496
-0.0387852616950899
0.023259236988972753
0.02648611621567744
0.24923942715218764
-1.0828222364985203
0.24318103662314855
0.244878257248337
0.5704552052828927
4.442843412517647
-0.7937321485402381
0.0016141210106774475
-9.431273559809053
-12.36474820753695
-3.3778407404222386
0.33010353546407706
0.006839342347810794
12.715793345186432
0.010850775164351179
6.733973889992662
3.532240040791488
-5.135521962491033
-3.836230768146958
5.046140757004715
0.8434360794402721
-66.89114159976559
-10.07724925735978
0.00020314795475375895
-0.01905769867765136
-2.0057223346443314
-1.6392080533409408
0.807751183818947
-0.31048201412892323
0.2603686869216672
107.57979657062276
16.831718697101525
3.751978382424704
7.60786957332206
-2.890715828873415
-5.961834483646639
0.09555441575872055
5.214713707225631
0.5788603781094173
0.00014624847634447618
48.12804871308572
21.429799379147724
3.134556976163547
8.199839522546606
134.95130539196046
2.429758734012881
5.061431847970876
42.77102030475816
0.419935710307654
-0.5571264989505238
3.166792093928009
10.768051745932453
85.49156082385389
0.7711630925063607
-10.880479585688315
-15.317295977503871
-23.071899893208794
-5.35526308931923
-0.7847191466524339
-0.5567915996609667
-1.572542755978833
-0.12230274137357296
-14.52149795490324
-68.42712742910723
-32.04991125621606
-5.634690134633193
0.1131261985886646
0.2408394456874011
-2.8344749578159574
-3.225281021640785
-18.349620267273185
-18.95490573468484
-0.38905583184243786
-2.2342928918943556
-33.05555910366146
-1.349463592965403
-1.0938299493339612
6.234106762030589
2.386034726222183
0.27104451151114334
0.7412422471538473
-0.012271826176668554
-1.4254627501956518
-1.2848959078433062
-0.0069148592441418254
0.17351476932392274
-11.172581038083967
-11.85249102985862
12.835889760561336
-3.5943811167014363
0.16686264893022712
-5.03260847193823e-5
7.506428262145165
0.22597405162290038
-0.6747811803196373
-1.6697987585099923
-1.8407301185992178
1.7712337414905608
1.8167079260111434
76.23368638755308
0.44152587764008683
0.0005879637805716722
-2.861719854032358
0.29468243928612925
0.5006055402080112
39.48009951242702
43.73463660427342
3.911523017402979
1.434154733960661
-0.014545036430432489
-5.0277193092489325
-25.549963721878775
-11.167591190133392
-0.8856957200319278
2.691204717166662
-0.11393356797749835
-10.12938465652292
-5.016713396812341
-16.341107487706562
-119.5969652993454
-0.1908551706092519
-0.0007685495436289511
-0.009056625549606312
6.5764838084067
38.66231195839325
35.326171638888994
179.10831996540495
60.72882937111885
88.38504307759928
56.833554626684545
4.2763307515697395
26.954941289815054
8.097287908019462
1.701070244810654
-0.15484560119107468
-7.673230326888744
-4.933958127088123
0.554548750330945
-0.8769128313390541
40.16492672436706
111.67241575757518
52.84631929523982
0.24837247283303604
-0.51511498896056
-0.03189944616639045
-2.861728965599297
-32.371290065198345
-18.914095452799984
5.159433070901188
40.82748151407484
-32.06617937623673
-101.67056610227942
-11.14265000796542
0.23129297011021055
-5.47380085522646
5.721449973618653
-2.2607304675757516e-5
-0.20991448817871436
-5.201353183537721
-35.994813483217236
-66.92950979090077
-0.2510643859511583
-0.019193133827173112
1.972778224633779
5.848641721702641
-0.21638818439526994
0.0011378359462983375
0.16588644237799446
-6.825098384990452
-11.248978735002751
-1.4630474479855295
0.05323636899674804
-0.01391387756123919
-4.932856856782375
-7.686828811944217
-127.2999505235756
0.0005910668238374967
-4.413521423559354
10.367368885105227
43.44047409614584
-3.9498081302877805
-44.93433078119631
-11.968452442037904
-0.02865558299519077
0.5579778992021649
-123.63639594493257
-162.91978677876855
-56.77236714628539
-1.0085497016464149
-0.01010615777200766
2.5679669699814447
1.395087544756041
211.14826224522287
1.186058190730668
17.917197599161405
8.893566115580532
-0.09988290886826089
29.37789591054296
-1.2032742209309037
-10.164068006874489
-30.290662895351264
5.289935654865203e-7
-0.3755477608555454
0.011572084647007676
-0.00595392165118046
-12.296431000259041
-3.1040278651982938
1.1253697422359064
-0.6772322601663193
-0.0008078587207875499
0.025739750241932362
0.0020993968716987365
-7.962829043960072
-0.3999538842668831
-18.567630287638792
-2.149276882493894
-5.244936031323619
2.708057648201879
-0.7846026905536266
2.9877653351539184
-0.016931189346138204
-6.542805944612875
-5.995635785426401
-11.017461051143066
-0.061221485059044206
-2.226596010085662
-8.572866384185428
-0.6697645388273604
-2.1019804216873625
-27.13360892635111
-0.801528729066189
5.191193055677881
8.571314202292928
4.690013702812698
-1.1445079915310952
-2.352890545935247
-1.2979488037613909
-3.7258483070106387
-0.31518038643275703
6.23285754402911
0.006138384809625213
-1.800184699094557
-2.2675267414031453
-0.6454340572359033
0.0032209693684219793
52.709098162437535
37.707189469278255
0.4284323133658566
-9.242880358952345
-3.580048357200784
-9.187924742765583
-5.043066880314648
-11.43929253693863
-0.18808196831507606
-0.9032158418065669
-1.9317120163861878
3.9890274366938163
4.003782412083194
-9.123244734166613
1.7949786100279466
0.8694447550295937
0.05777570623102969
0.20631344125339002
3.425467430912181
83.37431119416213
23.494725234092382
9.103413664272859
40.657417273972975
92.1458307977657
274.2955197746637
25.43969876810347
11.655456131773692
-0.12441088291583119
4.845004223969155
-0.00040189990530335365
0.25260570445548136
-1.5247587905170077
0.07646508137533647
-0.020268994903811764
-4.154046595289166
0.06075999099772418
-15.128111990700551
-45.22822515607263
-4.429318411501861
-0.0018304531015296568
6.9874447834300035
1.5896755490107932
14.895289899186537
10.09140144646383
6.516537860723586
2.7032195434601594
0.14573118260688064
-0.00023908903475151053
1.9154552872856998
-9.036745183220068
-0.4619925432034643
-21.9470884535121
0.01854285300334209
-4.312294359447269e-11
-0.14014719681327123
-0.42904794095229104
-16.262449505894388
-15.019972101586271
-1.5103964535295604
-0.9257485301849657
2.7119651076051627
19.779167643176027
0.7244765271515121
0.731237721984356
-23.420182321179496
-69.13386662412954
-11.69105079911591
2.4418463424990047
-0.026213695176540854
-5.539383447252647
11.13481709837109
4.780853766440899
6.061836384332382
0.008301708034372702
0.3175698323653235
0.13838171671425598
-1.3860615568835128
16.495788887577987
10.481148501727032
-0.0025277364619886245
8.394269921926039
-0.0002997733609471513
-1.3597773688295542
0.055600656128666055
0.5074546906901253
150.3589555441415
159.82816692595637
49.45159350286978
38.5530317321745
1.2125254159078602
1.1882203189814116
10.037911085844867
4.037056954926498
7.710441816500273
4.357056032122372
0.14444295606518848
-0.7121100252305175
228.13353548162684
0.0701124781694062
0.03671680152686526
0.011287150734866613
-0.008613420823916638
7.495193689427166
64.15718855211091
36.93047640034133
1.477454408324091
-1.4770207397183788
-0.17661941511793347
-5.71887906480448
0.006557178698039138
6.836877960331083
63.426368276682275
-4.86218933383523
0.17652833691752964
0.3418029467388899
0.16921185325681776
56.71210634866424
33.2443410321003
41.39682360608708
16.261561888873473
1.5224014649862285
2.5509710665629206
0.0013169772592976532
0.9472501020677271
-0.02754919119215646
-0.7813886030724165
-0.3972108513066985
0.36102249770406303
-2.8505351507573122
-0.09827714975249019
4.816857604893698
-0.05095447720306638
-0.016409551330467547
-1.5825108634185614
-2.3129313742515345
-15.337229341568895
-7.581712403443019
-11.250525475602595
9.533054417725845
1.6620016144393328
-4.378398120835291
7.159168083038623e-7
1.356003883495581
0.45013163912220033
16.8116028274246
61.27531108771343
44.91227945799245
48.62710462478021
11.858964518605402
-0.48891678230248625
-7.694690119023472
-1.3248510894804597
-7.286001085923785
-23.09482874167513
0.0017016786188007848
-4.264623794207966
-0.359084700894953
-0.00011316057097441931
0.0042320789659066865
0.9959189756875867
8.877054409710455
-4.888874368227269
-31.965897451390713
-3.02448281320905
-0.0009640502087672897
3.791838133012881
1.8401255348263397
0.11628819780914218
-10.398751934163906
0.0057669110166057936
-0.142954971401703
-52.08003665679741
-21.714244447940427
-54.85288083820403
0.037767976356397934
-0.13210487078797564
1.2993388030025628
-15.289468597288911
-0.6153678041303116
0.00021780453540882393
0.0002573194382561186
0.00679263765927041
-0.00022568203280919175
0.11546377200146729
-0.07274710998957316
-0.27662728916592244
67.19589938869953
0.7687758657898467
8.69443693665501
-1.9626222199694612
1.3037147894950738
-4.43886664168007
-7.130470121337023
-8.246829251650404
0.6800078379578762
3.224470503015312
-6.722914468894693
2.129327304703582
-0.019789150453384786
0.021883607508956834
-0.1553211059394691
-12.60780976930537
-2.4507470564011298
-0.006804072810077595
-9.999761137358192
-1.3388562666859083
-0.04380621256919679
-28.573460166327777
-6.109818293513153
-7.701896496895763
-4.284872806823136
4.280468213097223
2.350430850188886
16.23148966647874
0.35363591599737365
-2.311123736693906
-1.6113817148883591
-3.885829936421862
-44.920969276593205
-0.197838747754211
-39.15344421871561
-14.096294111296508
2.994280899023425
-20.24339168526634
-2.82946235692703
-55.88690087063725
-0.8548763534736218
-0.5827955832254351
28.27461168615183
-1.7592364427943536
0.4443590563873239
3.9289192527865118
21.435284969575186
-0.40726071585484974
-0.013130525321817712
-2.8524300812634604
-9.639061158132327
-8.291208938705589
0.0645106226795815
-0.12180774661042304
-0.5595715965109848
-0.0013708209352318716
-0.0005908588488733127
0.010601117688739965
-22.87638092410578
-1.3564091559908478
-15.909944825792595
0.08289861382414039
0.32205839392570834
10.907629989324185
23.949420409661936
0.17991498393800665
1.2315255606111177
-2.650600349859803
0.07039758117609764
-1.8409180645897876
-0.01875008398405609
2.6277984124055718
-1.8690230151795277
-3.1422303117055366
-0.22135576423494546
-0.007775970774022072
-0.4532831195952057
-43.29547066542988
-34.82156669124835
-104.05867274585711
-15.468641533721044
-0.010651265307871876
-0.05661388244850619
-0.010291449531255197
-20.796990641731636
-4.371901502458131
-30.164369156079246
-0.1342640838648665
-2.549651755343602
-4.730189902101563
-4.033744661978569
-0.6133224768267146
-0.2474669501108361
0.007326538138814771
-3.526926362214995
-0.4479457135125863
2.1862590990683137
1.6372808475042666
22.970239501405537
38.10906971890168
74.79860759918894
16.379249262886347
-1.027307830392189
0.891600277522853
-4.079347914303385
-55.520728968870465
-21.866165039309706
-9.006840332730892
-41.045891954326386
-38.57596761339639
-2.8262651852155867
-0.25129348062002593
4.381888596304364
-2.9915525408817936
-10.151227680388457
-3.1341984447235096
0.002877475917776267
-5.815485733252394
1.161137092334568e-5
1.3372753932838233
79.9534638314609
1.5076524771485218
2.4586580111833847
0.12458476508698872
9.591425568146533
0.903531223449727
7.325539806406165
0.26204382525824504
1.547393180460282
5.76496843269407
3.778290054054756
95.08104882326894
28.67577578383254
7.295763031974618
7.534268601580681
-11.656908588098458
0.7208554343525724
49.230281612367705
0.2899982701791091
0.35283921235367044
-0.055634469210894766
1.0727982255771502
6.78500162309299
1.41380858679813
-2.0662832571552174
30.10791769044937
2.322414032575292
45.92495918977496
1.8463397752254518
46.07855111283169
5.986645444159461
1.0204219599019893e-5
-26.45033329245869
0.2698931352055691
0.882775657396372
-0.00032903625324275516
-8.228660835763106
-8.063779332275507
0.03196072078628985
1.2079228234007822
-0.9234326757741662
-2.2696082061954126
-8.38438273733068
-3.93735856234177
-6.911273506049251
-0.009633685590252926
0.04894383472530834
-0.06370475187664341
0.620256391917898
0.00455503651828976
6.841102746001199
-0.4041862375303477
-6.309852248440948
0.7774090617423359
-2.891552402318891
23.152602921257735
-36.775109337445485
-34.06560847052495
-9.551158145071298
-26.54514658406495
-0.03295356420225574
-5.985859631441662
-12.083827316372032
-18.178605387811338
-4.144905149995837
0.19768289773774067
0.09908325792608372
-11.977000684219213
-10.321224783991367
-13.744086666481376
0.3493262205295663
9.645098970778536e-5
70.75285386934725
7.181950023508989
53.89095776428719
11.290605017165653
0.08019335109621947
1.0392823353371277
-0.48783386345108654
-0.182660988311913
0.22468415490166924
26.361093126355392
3.0919876920667315
15.950613099642966
24.265953042163606
13.33926923347198
-1.5521331434452579
0.2763667464345599
36.70810825788757
0.10566228905337897
-0.07253199295184011
-0.14704234599089833
-17.36683988113096
-32.28160907426912
-0.16201290337001314
3.2612488877660986
99.58029710901396
6.339151462622147
-0.0005846057392576129
0.00018587777597611356
193.66122622308336
13.272804255418054
1.7665373621462866e-6
-0.407165443762637
-31.32881935116892
-10.308753477034424
0.11459025619158217
-4.776878161757531
-29.020779469808073
-4.3365328269946355
0.36809764652689114
1.2524487840869725
-0.29898296832161525
0.29713329586139176
46.15273738730678
-6.158040882442493
0.3869671247139427
0.4960409914004509
0.01312738001110435
-46.36476617387709
-31.308612004373007
-15.16508384287739
-10.15545130524867
-25.079878969588115
0.002130675574281261
-3.092797635489818
-0.19055151637396806
-0.12309439746628341
-9.406298601068313
-4.162854230351124
0.29164628930532777
0.03954232457244058
-1.680706118698678
0.29657065908440267
24.306171846531765
0.2612620746203851
9.432892362926756
118.44566448999694
68.3063774734312
46.679973912556264
-0.5962997882903729
1.0455482701071566
-2.124312911300067
-2.864755573241768
-2.7465369514419495
-0.029706531941761285
-96.31189604367502
-34.173317998492536
-17.92658158702696
0.4464778775347142
-11.326772577913195
-15.602462602338193
-0.8300941333118387
-0.35244672152062545
-1.2901049706080194
-0.7344817990486575
0.8472595275506486
1.3239945225638263
-12.24963791497378
-1.054153694961372
-1.464819132422518
0.5461034749717872
0.07016309743838399
3.7227835585653906
-0.10750526101170445
-1.3940107015458856
-2.3631846840422313
1.0410788096836463
0.005745490572326495
-0.016636563687081413
0.9536901370148367
0.19032201348866065
0.18319424313091456
16.376936474940617
67.24386932540109
15.208147855967903
0.1931747558600599
-0.01852074305831705
-0.6984235973103904
-3.5498530919492546
-86.62615193911006
-5.239569815930936
-0.0006088698153766062
20.619439576279397
7.6083351196056
0.0007317804542073356
16.801126121010864
-0.6967622512516547
-65.2482033846727
-32.008817963655034
-0.7429026909427465
-0.18930245021716155
10.741980725246307
3.3301547997129455
0.17972782536187762
-24.935643408602235
-32.12352506146952
-0.05387773832597517
-0.026144205243126658
48.1805054407355
1.61397138256128
0.0026503845075360414
-0.006109586114290605
-12.342945800474164
-0.011637266879152232
-0.2593061224142555
4.386808553879689
-0.9879271485802961
-33.38815569418948
-0.24926069388138786
0.8547446326772882
11.159339694614722
6.118301204428182
0.180937384906663
2.497046017829418
0.029485598802642298
1.1981971606515553
0.5500488126613811
90.91275520094476
23.321084703994167
32.39878175524659
23.64789163437159
7.255529272083909
13.945397965472084
5.815891552875298
-13.375042266553695
-2.8673051594491
-11.442436826900785
-3.9112039972095527
-3.222743822337025
-0.18103636417272875
-2.648203048034538
4.019780447195517
0.003179770892756307
3.148825973951565
1.4330289404628112
0.0637710823499475
1.2625064457225679
-10.259440615383273
-64.65089383461434
-23.0981302912431
0.42462734268401403
1.4163595413639394
-8.379805207759953
-0.004725350928487876
-13.270317959761282
0.00015864073033663978
1.1531420216353658
46.014949741661276
0.6976360361696619
0.025966111048951586
-2.420499367388936
-14.20362928072311
-1.5627523376131456
-4.1297605281138505
-2.8561690550769043
0.1544959958841299
-7.359031601446445
-0.09580831348195462
-0.37410385116196004
-0.025711890209156138
-0.24618116534702442
-0.09531783436742002
-20.58278214467878
-0.807894813317963
4.632812128741839
-8.370475806042125e-7
44.26731748342713
85.93128682650453
45.22462709773753
1.5097047418220588
10.690398477004676
94.38036928523114
8.292344395256908
-20.01003958502351
-3.385591314746503
0.11307405988134293
-31.417537419010344
-8.60160463713829
-28.017169386809144
-14.204883601357722
-38.144780892697916
-1.8463428154814931
-0.20760408547815887
1.043467971842912
-0.059735364088012964
-5.341131381093001
-1.3610578828561748
-0.17208528887358102
3.624392367180337
-1.151399079889977
-2.7147643037226836
-0.003732909085249004
-17.47831458165044
-13.024809359447053
-12.378048661720321
-2.2406242939708996
3.265705100813185
-0.5375732953827935
-0.5061711083918746
-0.7141093210208029
-5.083813519160869
-6.586330880351744
-0.0864168267741379
-0.48206431353324203
-5.42527796541575
-0.25634770042285615
-13.776967521043971
-2.737132919371003
-0.033245690385307704
0.012282104478145624
-5.297224738149304
0.07189484136019283
-0.0019524239805842405
21.680647004259637
39.84133960001225
9.469686458688807
2.4346794968927647
0.0011315456960842686
15.483724865085817
-1.5049097679022327
0.022622615391431716
5.953907909839247
-0.018843123344529773
2.1960216977289603e-5
-9.466762034063054
-0.695558319886635
-3.246686648824663
-48.430850533410585
-20.194519298126842
-2.4849297914727053
-44.148148608569436
-31.228939133250055
-25.620454177518983
-1.9354495638999203
24.578810071542847
100.52829010236434
-0.006229706904284028
-19.729382979245806
-0.049201780169809986
1.8514928251356062e-8
-0.6269188251640839
-6.886080684120578
0.1713688717446531
0.20687953184814795
2.0248071384676973
1.2849672355148156
35.269415768232065
87.00397669029908
10.793616870332619
2.7686746151090573
3.095218779293766
-0.47162319011908593
0.44877318993273807
-8.999450404931094e-5
-31.136680723599216
-0.06472988170933454
-0.00996538028053748
23.835704039563403
1.8100574187252667
-13.599432537586926
0.9459563225551357
15.566087949365144
12.554889336527095
10.56998984115228
0.052298995892013554
16.965660116153234
-2.0008662130330377
0.407711990420955
-1.2354681080667167
-150.18190127123316
-4.251188643411957
-0.061787375700028874
-0.0006177859505373421
14.768557908431417
8.354480866478745
57.46527204391593
48.15833671780983
0.038659192673510846
4.395126007229744e-5
-21.884627188759982
-12.770095228298871
-1.3145384071594164
-0.4516478791878716
1.8773008090983747
-0.4485620947261516
-15.257526109700592
-5.159273765428605
-9.397360512701303
-1.3249127570829293
0.8456895008443021
0.27430204897694255
0.7951472395387688
-24.09725755940299
-4.155927398322724
-0.2660788130871891
3.239288688629097
-1.1912985163943162
-4.576766018492617
-0.44546088019720154
0.009258342772585988
19.458776171285777
1.6045788098810607
9.47084215509034
-8.505247922486937
-2.3319637146833365
136.93993371814864
-1.573727503557231
-16.9406883499789
-0.07790303767136561
0.04236027730985723
-1.2069273482092815
-3.0994554648221024
-0.014973120101554202
4.7101945534343015
1.98268331182329
-0.001931852760398797
1.4747832006540142
9.8902142403472
7.509735784562294
0.04760039816058341
-4.125284967720015
-17.75987589560407
0.0001769788541177305
-35.613628049263966
-2.592923087001334
-9.296748866155712
13.313100810451356
-8.18297246835654e-5
-15.131640961741603
6.036386290069049
30.694161714249834
13.388821164763296
155.94242712775574
85.19281434207282
129.77139398816675
116.61925333618925
82.36288918478229
126.03656618208757
0.020452224732701547
1.3018203482070916
0.007604650770773469
23.025445970996817
3.0007809448215057
0.016412890699013142
-0.31082296990909775
12.279958844142937
5.280377400086118
-7.053331259661266
-5.8165870469124075
-0.05350470102471876
2.3676143143130512
-2.2406392340573835
3.9504504910911795e-6
-0.041026956114967233
-0.635135980009853
-0.7049783843220119
-13.07025664055265
-0.20363896827421987
-0.0012347470850125099
0.037348567022501895
-19.565603816559182
-0.3354850152152373
-0.003938982966201879
-0.7547450813714188
-16.498805438241607
-64.90922742834272
-35.52834401123054
-0.10083511740966887
-5.200018199536718
-6.0331466415273045
9.981581758979376
0.8501369309112032
-2.5278428249102705
-21.636396793637246
0.07337947144845798
-0.025862689194346068
0.972154769550763
0.1361544756889434
10.263576183962336
40.542112746788234
-2.1775560717366726
0.08146605977645839
5.097413328559537
-36.16802292438572
-1.741677660304132
-17.51618916496289
-1.745514564668843
-0.34040674969985235
4.74500638654941
0.18458384193295874
0.08405106773989346
11.373739919873248
-5.059419754179826
-0.0005858353426361133
0.002255256559272517
25.119070378847653
41.82076339772079
95.0956739552495
229.2178265193755
94.28903785920419
118.17849576174255
26.739920199187736
12.709198222290546
2.7793563066326876
-9.936808919739764
0.03721087577722431
9.719146599369672
-0.44181488170926236
-7.426686890276533
-55.69205946735503
-0.7724708194174078
1.7883824075642853e-5
-2.7864042728376814
7.799077611547485
70.78949914297493
37.167706255683484
-0.00011967428200685533
-0.031561721705720226
0.5048404468098391
0.16759112831286907
-65.86010967309676
-22.020361631876668
-0.007097588832435283
0.007415534091477128
-6.620082165092682
-2.2681209847130344
-0.8256560398871488
1.745532766923374
-0.23419073264944312
0.0012928449243588892
0.2294915736453091
-9.55825991093074
-0.3039310925166629
-7.844431199515304
-0.37634982958941865
-5.160905058677722
-11.210754021981886
-6.033155028266732
-2.8390848940622635
-122.86446013121613
0.017721323447127922
-0.23681317262065024
0.05964155179573894
-0.011744473393794244
4.796610412112468
40.58612321540053
-4.699411799648584
-2.332897417931818
0.0009614418520076201
5.812318884567636
32.568993029693715
10.771680222126507
0.08288244875720445
-1.1718737828243204
-1.6492767334897496
-3.120481595404549
-0.36088988962969804
-0.004524309354547083
-11.925629535799256
-2.4315959653531403
-6.222381511549708
-3.784082992371444
1.0029406369863416
-4.123756572997456
-14.405873773159811
-88.89532576861836
-0.024869765041669042
-2.228986418384053
-0.03501571423475632
-0.0028608509201691057
-11.715516368233256
-11.149701351461005
-5.124078162461165
0.3567863800076256
1.1799245844359214
-0.0001794152338613784
-0.6277150054515163
-16.340818433516855
-7.435970375026014
-4.813444048596844
0.32049176669113166
5.072299752568794
-0.0024010581028570625
4.694880936092176
0.22686962075237357
0.39772579175365147
-10.081335918514304
0.09362792867959671
0.12459079207890554
0.062226019851327176
11.489771633495263
-0.07248487090693602
-0.012856519760617273
-0.5672948388149798
-0.1039456571889225
-21.450693596720896
0.10337150782991299
-6.9912589662964
10.235407049647145
0.08655106560356347
0.041405947078109975
-0.3725816823342927
-15.664921885606153
-24.674308200548733
-23.27455030156579
1.4190866996231541
0.4576230228502771
16.309857732105378
0.3415461221383291
0.4483333755259065
0.9548835985318392
62.296174088424856
4.792907948984919
-0.0001603147357769643
0.40483499094481445
0.00017705530315280903
3.1637022393987175
-2.174005210408059
0.33673996017603774
0.9587260243955904
-5.3583934998729195
0.00015683855729984906
1.1944033621162775
10.199606757805864
161.13064993537154
14.165746858592833
-0.0015720370299146123
32.685653175069
0.7261963414056384
-7.070650067420817e-5
0.011193110345778764
-11.28294919480912
-66.05758589665525
-0.017042767826586182
-13.416226226004754
-3.0548189392179625
-1.521564437801917
-0.4195697314843941
-2.6170642811928144
-4.723777767963092
-1.0293487222634843
0.03417751821598706
17.328207050213546
65.06023250201179
126.70469237251618
39.77558469682407
-0.0005643731399852755
0.0019474903295220044
0.9503381282517008
30.428337631794758
-6.918643314279362
-3.9151080967835323
-2.891046378126381
-7.190233871925959
-2.6805880126690464
-0.21404940658506783
-0.008096576744989118
-0.1496106829823568
-0.0714495303721217
-2.02976224589986
0.10806220713549157
-0.2910512394045869
-13.709415190364801
0.25799782933503834
33.43911559974868
14.922387334747347
73.7501295296737
13.58831822294946
-0.1891557719508301
28.560719657535916
8.27762385416423
6.3919857750092115
45.7236462888113
6.484616703539938
0.1290360320119807
0.009985271638856399
-9.815053773309428
-27.229900397832573
-1.1782052926019837
-7.356731441261688
-0.10074797236069297
-0.7913054366815495
-19.601180336405218
-1.29263471275607
-0.031852979406417264
-0.07249311505824431
-0.03872242131122879
-1.3016394948757093
131.58120200954534
13.853924490249778
0.9182981446291013
-2.757392098808395
-0.8726164794920308
0.0009647974700227691
-7.25525121180487
-0.10433123190869455
-26.384615566609195
-0.03161692880335139
-0.37200672844566784
-9.93371224925647
1.3515249831070503e-5
8.237603589015835
-0.3630658897595876
0.9095617718957487
37.004919771162875
2.992225226927058
6.247617481531964
-0.008643567430362825
0.0010857971679375056
-81.8427543875934
-13.440183127686803
-0.4015430624769664
-42.2811207898273
-32.08059426614615
-0.5840407515625743
0.1340517023736615
13.490393989757898
-0.40872854537074554
-8.443680957470162
-0.006683269024730651
2.6205153601826114
0.16527241039087406
-9.261038339955686
-0.146134923383394
-28.523884612754564
-24.375431680496824
-10.091697112915998
0.0026895588159456876
0.0733071432184977
-0.18341514438823406
-58.904964414666885
-0.48868053384315246
0.1776942790210951
-0.906648908054179
-8.599517194307902
-90.85028709885914
-31.874969205333656
-0.00798236622954238
11.705487490230544
0.2880387939150229
-12.246473003356746
-0.3551217661190817
40.65222314398809
11.062950723403539
2.1838388896260352
0.007445203150105163
55.674963593282065
12.141604448120175
0.6794775208793848
-0.0003612442122190701
6.387638665611313
1.1845169765620938
-2.108308438489557
0.15565273829947873
-15.294786402307318
-2.5790983750218692
-0.014028858857044378
11.324946465821858
0.14515480559432106
5.237355854869861
-4.377157552270182
-1.14563903794114
0.031410465621545786
-0.7575864498436836
1.2085331979924478
-0.0709196030265018
0.059272471317877946
6.762536050973649
0.015508217446549547
155.6509676345747
68.16337006229816
10.878233612081246
3.703324973939046e-5
-19.167302616215284
-4.233162138888835
-2.888615528660373
0.08904601113147984
-0.4858785561123831
3.1518915868902617
-0.0004929857595512286
-1.0302519416863765
2.1150038821949826
0.0021340918778768483
4.55359759357241
-0.011797091273550029
9.143219863952613
0.5934487223333094
6.08304419683867
0.31851475420350905
-0.00048218969032250413
0.28179592261861064
-7.48215687188845e-7
-0.05248859412676053
-0.8976717259710746
0.5809616350746342
-0.26973631151497657
-1.8721914101322725
0.8588518139441873
19.54408093268492
48.90059000508558
