-0.024074625011693638
0.22466600128453512
7.019044257538097
0.2827528199499854
-5.2518486516861485
0.07365347818962693
-13.581148230564901
-14.501719847979059
-21.061319263781495
-0.017887085403560873
12.139580553656263
-0.4574212788661
-13.772950537862988
-5.488101003829052
-0.6251992414715117
-20.95643862734761
0.2573200922133729
0.3049671852455455
-1.0626519322760657
-28.72931458231178
-2.508476845769774
-3.7352390039466092
-25.4233744233171
-18.979424697269618
-18.574001995881638
-17.401518698104457
-13.496460099460162
-17.031545871976917
-36.85570265448588
-3.8321661152161113
-2.5498782964658413
-7.5631743082841005
-3.5634272995393235
-0.32187304397787003
-31.40473365970569
-25.312787096548785
-0.04598215999502801
-0.7273966050053785
2.7389684414646056
-1.9177809956352025
4.9204120239801545
0.9471327809120308
2.209914507810865
-0.08150822941418776
2.268896230145691
42.03572181817791
7.34195044472731
10.182012179329103
57.80951263790581
27.820176300005418
67.60695405009248
12.746063461032376
12.469345209931502
5.706782012518358
-2.23092580088518
-3.923547256747359
-4.5849892898416185
-0.9890774639868402
-11.387727632048927
-0.07198668309555029
-17.687454798198385
-0.11325767587120508
-4.8168963736408665
-12.014115600722333
-1.2881085646630248
-9.226535630689549
-0.20963752266295652
0.01146795741243346
96.95188891950536
29.87240272893341
1.0919120887289386
-1.6513523518976598
1.4901508007527895
3.2046759239043676
0.9915508170308825
0.8184212665832171
13.2927721203355
28.287084084172
16.682199145883118
70.77098217745205
2.4692438616740953
7.972067332418653
0.910529056564396
2.1748123899117133
4.190069056661319
0.763151935038622
39.829007372028116
7.555255167049196
3.241342199282991
0.066187103728883
31.27266385007069
87.94476029443345
75.13797300114251
7.957383641226114
23.950678080279026
54.53111576092512
91.71189164751111
14.819227152158904
15.261476490595687
0.6801482536104231
43.81679708864632
0.35463453936627426
-1.6138131407959742
-0.5243944493244612
-14.642024106554377
1.1410529690233688
-0.5491334763091693
0.0026450222453954426
-1.028893484874429
0.01753938684095582
0.5142126474301788
10.47273560972121
45.21892337667759
25.71156791411843
0.006725494393062269
2.2769796335884194
35.05240834062823
94.15692810474212
12.052401202043814
-0.0009552546741378674
0.22170543565201864
-3.626968129910411
2.6092349671944097
2.1247854966694635
3.2229196498483015
3.253969893176215
1.359738255235941
28.53185582022937
2.723454919677673
-0.008910060468535595
5.887856129977909
45.66921881779536
24.9539851187145
-5.627775978447477
-13.445081502418109
-5.6549587166246384
-0.92257758538889
-3.1291969406580633
-0.7010042996761697
0.6489857779879306
-0.6607874696052557
0.8280620627516885
-0.14004328102087907
7.784210366120325
6.167002999265974
0.017024222985966734
-4.958124425264459
-0.08348708812220676
-0.00010154394636049763
-0.5982770533891606
-1.6904122133892785
-0.44759500720431267
-3.782554553019718
-2.883542851770387
0.05679657760549764
-2.283274834637151
-70.41029171066926
-93.01199682321621
-2.6012493584248935
-24.521944286980094
-5.5566119307891055
-1.3490270185026327
-0.18320332544258341
-0.19401031155278595
-11.07185433888999
-0.47789904055673693
0.523954916914898
4.276660842718181
1.287022308370605
1.1143456530091334
4.179727586599059
0.009256712252497707
-1.7929985434442157e-7
0.0003849488481941388
-2.2210623487680463
-0.022252268070830222
0.008651656719892556
3.619289216605461
0.2382855084724427
0.03816728399004473
-0.001902971400977203
0.024023242382537432
-0.7058615889372494
-10.71453172711115
-0.27742826758638917
-0.35673860221664533
-1.2025184411436938
-3.7338404635448055
-7.63085423852454
3.3155506963017523
70.73077145459965
89.01001075920914
30.28806207780933
13.614453010039933
16.514036299454435
4.206543230198859
1.5625495628917212
-1.7926148100550379
-11.372418794351235
-24.327118463693296
-4.203370944119873
0.09818449009133573
-0.719782934960267
-6.536241065039393e-5
-0.005459251770279791
-6.436006071375279
-5.784782944768252
-52.00300512518164
-103.96335713454525
-69.66735142284837
-55.939916305774844
-4.223949500201136
0.5445580201091671
-0.00044284075035651424
8.4781551166588
5.088608393113756
0.48310450500696045
-9.466858134634665e-6
2.2547791331719904
-0.06086684402996379
0.044166746236571866
0.5717907170268706
9.572963394140155
1.0405910339472575
-0.0005159065738443682
-1.9172651460093055
-0.861419397152626
-0.06889954330830805
-15.709451042488892
-2.3179578012779127
-0.41336361179397857
0.04477675595139328
7.395513503145132
21.045490432121593
0.06370265192657673
-0.8936304615469448
0.06117854339162402
-0.8108168716839074
-34.82032559867299
-4.072498528486493
0.3061076945706966
0.18024223120404753
0.26915418345145437
0.3707512445291477
-0.5452557995357047
-0.09037262607351727
-1.124505926854712
-51.94891175410175
-0.0869080591163702
-0.8827380261333689
-9.44349798697772
-4.315388458635447
-0.27469875574742686
-1.7205886043194158
-0.8185155840962745
14.06229067322858
11.414914369714376
17.71168413669531
0.3958888057340752
-0.01009526204519103
0.006612406418226009
0.05727988423909368
-0.04101499238991135
-6.429627999926872
-0.201710802684971
19.89444201337487
-0.3987266939257585
0.17191693143377004
56.50325191898168
45.28626682861835
20.226623378755804
17.419266995056965
9.926216804030533
141.87106295587782
31.04921753661625
36.766209500356645
37.41716023541006
16.283573354624405
3.1224196132332174
14.918311469414961
12.442543496845012
51.424670083776554
2.0644416450829115
-0.010790738270204573
-0.013867263244132745
-3.095725588220286
-0.03126947564670512
-6.7308459825654685
-7.644641940709902
-8.296562563762283
-4.420054229824092
-17.371931371799455
-42.892669770490095
0.0002459917638268277
-17.67099248147148
-11.002036290361817
0.014857144542471864
-0.49220656694879505
0.6196794341878268
-0.026073756979582842
-1.0532513700312147
-16.524113638897227
-1.5053657537493323
-5.745289667870692
-4.347695611769835
-55.325691067183726
-39.79653711943138
-26.078794907914755
-23.838184923850836
0.0005288484801237642
-4.388660833413244
-26.548431730563962
-47.90304530749217
-1.5321912619435767
-19.36983849087562
-40.866392827954506
-15.599128872198651
-47.977982295906656
0.0002152973955220143
-0.47577822869760744
0.4623015224312475
-0.41716358287926303
-6.8115414946235155
-16.13943114903263
-11.483185078467645
-0.06868116421841447
-30.81175470761735
-39.0337815289406
0.1854860893812546
5.024916862174608
0.12819893303085148
-0.0719730724293318
1.2121162275013118
11.44194359363816
4.511458761652065
1.4178771463035826
0.05072374380288674
0.562341086243802
1.7805690759320771
10.92052619051005
-0.123977181942856
-34.521264040624466
-6.001970859953899
0.06009843007107276
14.321945438049923
-20.814275254674182
1.331003966290995
-1.1342135530920476
0.012868907403021084
-4.147273319903188
-0.03356363382713305
-16.649562496593425
-34.66917029119231
-11.538914798632439
-16.114451656524054
-9.381130659762908
-0.0011156638265760277
-0.04841303627032886
1.2147060424154918
17.499189963998557
8.142066112358519
35.35015002192121
53.81361169634391
3.6815508754609763
0.00987703148911155
-6.497603332307302
0.05102026636335453
0.04020327162045771
25.132383452202454
6.525847867913902
12.241863437860623
-1.1425580295964524
-15.517656248262684
0.06769096005917281
8.800207072763642e-9
0.4204962271586015
-0.4446308149017845
-10.588402643133906
-28.64950020619527
-1.5309388278547824
-4.311806889275673
-18.487229672783496
-11.598777551447997
-1.4455689924986746e-5
-8.732949715141363
-0.07588114485591867
-7.631109062863567
-6.591697624618089
0.09632801681799669
3.7082937259542392
-0.0025260764965027854
6.952616912480768
22.946480708847403
11.070227502175676
8.347534326504917
0.790514563049997
1.2534909451286784
12.338436151850113
0.0304241985419569
5.676684238078309
9.243041410391296
-0.5607910735724266
0.00586665065748237
-0.0011267841635518327
-1.5971586414133974
-0.08873603986125264
-0.00036011827499575293
0.03343571380687078
0.1574808891058816
1.132651958688125
-0.00034481778795354527
-0.02071959448853238
-10.977142586070936
-9.412151981448062
-9.261714506877823
-14.921185383069895
-45.37049845623881
-4.567875306077657
-18.618651632362532
-7.767012368346391
0.9852980626641515
-0.5855588501784627
0.14868673738858132
-0.0009510952561964266
-0.0021718098733408795
-0.537958306106412
0.01557140973407669
-0.1798001059096315
-0.0438812961925624
-4.2306595224202805
-13.051275664388015
-1.3233104978240011
-0.2134323122192287
0.04954780885361993
-0.00014880498231718378
-0.5484898343907414
-1.5149922233447959
-2.030363732000214
-0.17632720585629008
41.168054501175284
12.16460021129598
-0.003317961474914663
-0.06492055201593651
-6.238529801842179
0.8777622068900063
0.3755609943928631
-0.32072478333657006
-0.012517376419980615
-0.04097677097780108
-0.47060251929187213
0.7882490125950458
0.14025924270706827
-4.049687614561266
-23.237450058109676
-24.479271891745892
-28.354894772981485
-31.66182599229185
-2.4434307535188604
8.870115779107633e-6
0.06380837969602361
-7.350964816420188
-18.664264743258396
-23.848088910256486
-4.981461188018318
-0.03890013792012453
-20.465569382913362
-3.804607364845111
-1.9563675588444749
-0.011021160070221732
-0.9366866060494571
-4.953114328436166
-0.27356002132128004
-1.2903813064633738
-0.026838474681244995
0.03407032669345436
12.923404681798006
36.83788876759525
5.25336291408175
1.7955687773869655
100.19339248689961
3.0133358935834034
-1.7727198638555235
-0.11787297036281004
-0.30968076889721047
-0.36564656363755954
-0.16469258207353807
-0.001458763114264829
-7.7178759478422245
0.7421316641139394
-8.781067062662052
-28.46889613840674
-17.22858977407069
-11.356284059831864
-0.5032155336301857
-1.6215253946033574
-0.002567841571422531
-0.030509774443365473
0.19972089436640056
-0.12888531415479107
0.08766796502926787
43.09616944208448
22.28989695734487
0.08180241828956117
11.579717990557727
12.388220691830535
0.36683399879813255
-14.112163021973165
-12.174465202530843
-23.18760173366886
-22.741153791906605
-1.440191714962574
-0.08718023838288917
0.03293724856172786
4.790074920707251
14.320298831948937
0.13259218589109414
0.6048512966083139
0.16849191058389926
2.835517247278971
-1.0336710717689968
-6.0100017617797565
-2.5384806305202834
0.2897327641282203
-2.630397223159332
-0.6936212935884566
-19.49103965614468
1.4511968933907107
0.17828310450879367
-0.013790653044297236
-4.812759148295763
-4.222668458183548
-4.8197504355491994e-5
-0.4591179868286809
-0.068225347953898
17.402859710306394
3.136043786178908e-5
18.654695976041463
134.90996949490875
5.671727246434336
8.65398015212621
2.3956597775160895
0.00822565761670807
-13.254871496713962
-0.8787381541914314
-7.613267664094028
-0.1401855667880929
-8.325198545878026
0.10971362682946255
-1.8174762997439138
-1.0019972731969629
-6.409117441646204
-0.282163797839445
-0.0026437274001036007
1.4343552404831863
2.594709286185782
22.734706379213907
44.492151476408715
31.440811674406827
14.003739565314898
0.20924822015688296
7.083022477384884
4.827703294782797
8.411631649935622
92.99916961260341
2.1276805686374036
-1.351034235732215
7.5192562155721605
11.081085215803048
5.8051690479373805
-6.917548162953512
-0.3484013454033404
-0.2932868914700213
-0.0009687184324464743
-27.743304547413086
0.35028863233476004
-1.2295167832942447e-6
1.2315435989022767
5.9910525442276175
3.2864576696316213e-7
0.11492366370210012
0.017267545301315735
6.963707666702802
0.3865398311343318
-0.8900191175773913
-4.599215136051673
-0.026069812858534807
1.0996598562330844
0.12082280261655895
4.840588104567782
2.5996266710338927
-1.6639027717905812
-2.9942174149267453
-16.249277503840045
-0.19834275202122853
-23.31241935334874
-16.566954763698735
-24.07411132859494
-3.0510313620023473
-17.55132920486931
-1.0449853033920526
-9.315202022351103
3.3642413187432694
5.557974354466811
-0.5133327382238679
-0.1258258114325478
-5.966869760962339
-0.015417288134959486
-0.07276660499837924
0.0005373870130902858
0.19691486603094804
-0.01815060153217797
-26.50610064893782
-9.678144387178893
-2.2636317498513816
1.1794335307851997
-0.9794289933644595
-0.20152349298703537
-0.4121113680767397
-20.213824893615044
2.088550592934399
-3.3872963591884986
0.09055081675811434
0.3284714616661042
-0.7738281688842991
-37.13555689746772
-5.868825892157259
-0.3051945249971225
2.2258567294416896
0.07170580464954888
27.687561724931
126.36683858457128
76.43436552064595
51.15665153233793
0.09604979942328308
-12.415792819818645
-65.24353819276831
-17.324016774201677
-0.5455684648440206
0.08886599166719959
0.1286261683581622
0.6245317606010506
-1.9450619232825628
-0.5697066208298212
-25.234540710571956
-36.4030727227848
-21.94717184605252
-42.13448637212823
-1.4452040057161648
-3.225153239705589
1.4487359443255543
-0.01807772087330914
0.03750122981729535
0.09353351505488015
-7.226545970644083
-36.11713441225201
-2.120853974073099
0.9649887205271861
3.5053299608252337
-0.01237460519807833
-27.505190074748487
-13.49205298389333
-19.31762600924427
-1.1311244769909207e-11
0.762058022639881
-0.1520412966812241
-0.42552512270272086
-5.312853821844807
-0.09930321095627696
2.3804958641917624
-11.110516769762334
8.173044241995763
18.944543580008943
0.03114839535028116
-3.672381779420575
-1.1987810481636372
-12.758233189084027
-0.32559567893359354
-0.001123056174719442
6.175323773567276
-2.8341335836622683
-4.544156945554239
-27.722982228244657
-0.40892817795582154
0.5990553713859806
0.014248378219226409
-15.091687279698675
-0.20195213631929668
3.584653122844042
1.1676001038892354
45.76525879878734
7.753726047006723
0.00646080665846523
12.840476116024675
-5.988618310427109
-0.09932070981065597
-6.118121625904478
-2.3808179853009683
-4.400765105070924
-5.152701504748888
-1.690681373113628
-0.521551172524969
-1.0783220494821124
-0.02087487844921645
31.97602486640607
7.557351699094021
35.28425672777365
61.26873613020176
71.89636115827481
60.58909105767625
116.30806130392908
56.51602367713146
143.2941762459359
85.92511225395765
64.72781015712404
86.90253030855577
35.963353015280546
54.09311460945224
95.44333085116793
9.079791582496862
-0.00179049526171115
10.574597312837458
0.8184589279682869
-1.0024295038414681
1.215726519865277
3.44113276814215
0.00019695005627833883
-1.3712743050875826
-5.729698235523172
-18.54560464052271
-18.450285761786052
-15.751905403043551
-0.40985685997966814
-3.0328435904227966
-22.035534827175383
-2.9201963370646564
-0.031255520694304276
0.01156213021056659
4.3273316518827984
0.018730691686761666
-15.033051749027337
-1.035198112010719
0.7095510876191173
45.63718337641701
184.55840993984052
35.12190576006767
14.586618927962272
-1.809930122676182
-0.33385081182321114
-4.489786153693779
-15.14282445202278
-0.6307513970328193
-0.0959431062932443
-1.684736739923816
0.6132705924945304
-3.3900487315308494
-3.7225865083561027
-9.653771573743022
-30.451836179094258
-1.5465862342571823
-0.765662519139546
-2.0598250392343567
-2.0349396811796048
-1.565102027685852
-2.964286418953161
-2.319599254443052
-49.02736641571315
-3.8534494236795713
0.10821515194291909
-5.571291375434453
0.009461019449311537
-0.10115385507351424
-11.578290990030771
-11.036343281428302
-16.562717908456108
0.07576196533473797
0.11442231883544295
0.1934631463041286
2.558738382696831
13.28620458117656
-8.33798911589398
-1.1797717109961103
5.146430991793584e-7
-0.1819099141360576
-2.1199757600985776
-0.14542541325204658
-12.296950378292168
-0.005294850046377427
-0.06395302049395922
-0.0013643059922138936
-12.471734000633678
-6.32744772179969
-0.9485728021617891
-5.997495418300617
-15.971937115801957
-0.004372666985210207
-0.23674222386724042
-0.0694238525100465
0.0007190382918800009
0.49959111110621496
1.8889378227480893
-1.3047741083446345
-6.616313907480006
-5.604609001281984
-0.09404221555602787
-4.273288377781879
-22.455390167374365
-2.5151741176679563
-0.03309220211953009
-6.066781886655964
0.0030154193100393432
0.37216021050760917
-3.3693854583186758
-5.924722194034405
-0.43370540648334355
0.09566804017567651
4.570778916672681
1.5694764482959913
37.29775583482016
6.772962366139863
15.726289050597623
12.96916816061108
26.31016700587978
0.04122038861113753
0.026058393911655604
0.007973692645567493
-0.08662909327383919
-0.7607880630718954
-0.6853786230204303
0.1445897321673527
-3.3790707210811957
-9.009521475664252
-11.452383104517146
-8.282072477063462
-1.689352654642491
2.2271594149913234
6.023224064297327
-0.9945422882918359
-0.006235303768195718
-1.6961512623012827
-1.090684334627781
-0.6933220878465655
-4.487131113653851
-3.8683281798758427
-0.4799359272019283
-0.0040726837703211494
-0.7031502532241548
0.08194935549051692
14.085634914970225
-0.20385597487125273
0.3302869589422326
-0.04728230343279017
0.05656569715727224
0.5197550589270099
-0.8186080244829931
-0.004487218096158892
-0.007844765884707033
-8.556978550693902
-34.083472334051876
-0.6471004144113317
-19.251139392547984
-0.15897087461802883
-0.5806724530295783
-11.600259116821206
-27.11069781677373
-11.907319572045209
-11.122624092021086
-0.0018306946260981385
0.22824456016772332
-1.820423661116855
-10.66218526571092
-19.686975366070413
-15.9825487541061
-7.987060127350029
3.060167109223009
0.2682794879830509
-2.2859163562493205
1.2065449174052256
0.0003686027024109566
0.027643899787803877
-0.02305416520501052
1.0895794194785568e-6
-1.4803624542670915
8.075082386704652e-5
-0.8140761405319428
-10.110272323367035
-5.123953120180811
-6.918641695896715
-0.3617208431779187
-9.512237240546186
-10.89720289336053
-1.9295786199383025
-27.791448204404812
-34.28269682794986
-10.335988791337149
-5.2115723576575804e-5
-10.512662318132039
-2.4061796232180193
0.18197017745416322
-0.49552118564950054
-0.03199986779113568
-1.0728473367188478
-42.64337741610534
-6.0786739665053
-25.370928884171814
1.240896250959607e-5
-24.52253578845393
-8.822232250100353
-3.583337338137768
-2.18473717550796
-6.022870639636829
0.008945354291272262
-24.781738811947285
-18.456050342842236
-5.0003192747420195
0.27533004044491405
-7.447602665949101
-4.95495785543247
-23.83666713511953
-0.003003543495329898
0.2677799858115798
-8.357355822345578
-6.526296354771032
-46.51523317408532
0.05785593875963957
23.753275890914097
4.306920902049119
58.508466282206506
6.0719478319188145
8.862268052765202
7.36968598514076
58.09453248838224
37.49393480668792
15.329875872628687
1.9251081368828857
1.5392793676287044
0.005724958251348291
-1.6042971949350144
1.967845348449898
45.425616168306654
6.603593829493586
10.644646434479105
4.750267041745595
15.788675671206198
21.070750904335046
0.504328498095186
6.151973458634746
4.466136556698132
4.30894030353743
38.69590668818974
0.022879296918522665
0.20771759222681851
-0.11035337301034656
-4.587787805563754
-52.730395673599716
-1.0550522521056598
13.853520595770881
0.6606841673091471
6.344085280452549
8.809563551146006
9.423282492949122
8.006216865592508
78.12256808757782
275.87915298826925
69.15166656006073
13.09846847960019
33.235248594955976
45.01851527333688
7.9129313938373
-0.05775187612086816
-1.220257737234563
0.2467136556363554
36.774912110761335
105.9129040151446
293.56952733459076
75.8080522725037
101.85844073008495
55.05813199348176
67.11408988562908
16.86531324896931
2.0035932327690094
4.319386912788758
6.724999002362089
-4.585588842761625
0.08744529456398112
9.192710953025719
-0.09221370931045754
-33.92810417228291
-9.631436920136705
-5.086677989239972
-0.3336645195894147
-20.413699668538715
-2.7738210660275993
-0.7124215295640517
-11.776294587768223
-1.432368727427159
2.906443127412621
6.044206875613733
1.7800216232637684
3.569521028005596
0.7725312439227323
-0.6499519855127069
-3.2849386131069327
-0.20786220015348555
0.4027777894705431
-1.1973185035602787
-1.1383909530793856
0.7643842517791786
23.910876738504268
0.02552669581981424
0.0016668019672537583
3.390421303787382
-0.0011356922780285845
-7.682519309471749
-0.4081785476317326
0.0008831526462505634
-3.7932460214990846
6.945842436356445
0.2356011024462432
0.1517499957610437
0.007943964728737925
-13.837415640706315
-31.29918831511922
-3.459889477923264
-9.6773857010021
-0.9833026234560674
-3.093122817359627
-0.042249421172277146
0.06439254992282485
-0.005587799268198431
-2.076260628300493
-6.856809094394233
-0.6426434196851922
0.0030859620178893938
0.1769463283709362
-17.446823244768478
-31.351980437380888
-4.653383565194448
0.001909983030092716
-0.04121122571595131
0.006866076478471702
4.703428244408006
11.916337642296892
-0.002673406240139456
2.7997606502020673
0.3594964001086568
0.04077878076179584
-1.1864212572767987
5.869602551384284
4.402249581114
3.091186857127644
38.061121439046445
2.85032726180952
21.75823122424436
7.938731665255686
-0.21061945719735217
3.637198218932534
22.14407518259737
81.30304578421503
52.685527001325326
26.933170508702187
9.18327853736072
0.3320989008364612
-0.10665299690075966
0.1287948067727706
0.49319561244258253
8.745147987688437
5.104664122705079
13.323619160355893
25.72252666228602
49.96807507695681
0.6043916971859136
0.24611616288544821
2.095460672432166
82.8046083036853
25.520030072898713
145.93430192570528
83.66253046985018
131.86870138299764
21.985509434740475
2.85444460147367
5.161468622103147
-0.029695674612694387
-0.47610760801479246
4.805957947617253e-7
9.63574548300564
0.08222656455690142
20.757173650207772
2.6221522759870255
-1.7125324857021016
0.02335713368960515
2.5574783778656656
46.836733117253125
27.534103245208073
5.724847254268457
0.4875792072586198
1.5084398126827123
-1.3716191050368607
3.441515299282078
0.7196451093520297
29.43658777611748
-8.454503387351876
-4.523662632678691
-14.615560090399386
-26.010211381354264
-18.395157601199816
-0.1980350780149109
-1.9773968169624683
-19.72158936711726
-14.796025292341344
-0.9776953867901145
0.7298298235348816
-0.6134601339566209
-3.746947608343591
-1.0785022846899448
-0.04021104261875373
-3.7242256721854474
-12.216788992019902
-36.64659954552777
-85.48443718650717
-7.0283978303248364
0.5953007620161807
13.43618107559156
48.308128875769626
45.856398229349985
59.46195240447531
50.04163318716903
90.45219184440859
75.92795703880698
204.61601265074285
170.8828076157591
136.34113268576448
132.25060715317235
49.1213214117843
10.766998479428624
6.454519937622852
5.546381394791955
2.8403377425995386
-0.0012312627889745583
21.958317956671646
0.3207810761097863
2.588025585725719
0.1772258784715528
5.78146901159184
11.207859437503435
0.10050560729508232
-15.05741282354552
-0.23254702123301405
1.8700181167666883
-19.25435072537842
-0.07941615721455579
-1.9754702515992504
-0.0005926996543872956
3.2651286554632204
3.4218995801817087
40.539332254630835
-0.616734422377989
1.2659129130542501
0.8935199078769824
-0.2386455575650048
0.019318361295903953
0.03758367706210692
2.925606014288745
2.1788340372647017
-0.3998539227285053
-0.22405436014738878
-4.259588431579119
-3.5423377968464833
-5.296224925683273
-6.457228774097887
0.7040224611930754
0.6992525225446642
-4.423336864674186
-59.93393099030592
-11.378027401714188
-0.004688857377356827
-0.870590087897482
0.6333205386473358
0.0002486399382500016
-4.565019413447364
2.2104234423808196
-13.068482362968448
-33.61695450057545
0.8023713404227284
13.027111499105615
16.559106991765162
0.9248784491782291
5.924303515127075
0.182616908709079
0.338322479413172
-2.3468853311901707
-2.628277246617189
-1.8342086406870592
-26.04599161876026
-6.01021440118638
-47.97046799826992
-12.034080780123038
-0.1297699112423085
-2.815037352034452
-0.026517494399643363
-0.016201209113303052
-1.032114095234694
-1.6944826825239125
0.06422550207514091
1.129841795498458
13.042059170578604
2.3423352020936714
-0.28098905301085847
-0.04271102634798448
0.00021785657305446079
0.02358759077606202
-0.24151416245119675
9.51632558551302
22.44243890138264
6.732945710006714
80.19563338649901
39.035182511273064
0.46910558647202405
1.6903346806436967
0.22158055601850227
5.4819295828295635e-5
-12.072654623735971
-11.867454671993283
-0.23882779776792268
-3.702324583631034
-93.55919164525805
-20.91868983782796
-24.293238833857608
0.2232868432382501
-0.7302833965261126
1.3883230117818046
23.770523017415233
6.368733991000679
8.764024351817325
-0.21119683763144873
-1.3397654845541076
-16.25573993713831
1.022783107492716
15.46844263531668
-0.5285234206267906
1.6470736698924446
1.8430748988602688
76.91220060658166
36.059719783427184
22.359641918064664
0.017866179804028284
0.12595749145671697
-4.840396327023887
-1.2195682503065206
-14.579276568173018
-69.02853069748264
-4.458316264437065
-2.9988583753005567
-17.368278416178907
-24.01624514226008
-19.878611310271907
-13.909015584226019
-2.206152998446406
-34.57213496099949
-0.005045491926036763
-17.59852486871815
-29.113181974729766
-8.906289592968607
-0.013700536435213639
0.03004729943127547
-26.025719750350195
-0.2041100563548408
-6.0937691882997225
-6.837010702415976
-0.2057317250459202
-1.5363742495924213
0.02643911105081964
6.100596279476268e-6
-8.879270251012045
-5.82056273325988
-42.58905298295581
-37.27712692943022
0.0021216385794152574
0.7345667948759549
0.0020352022428819874
0.008580385035121155
-2.1207744632043943
-0.03516582354029516
0.0007911560918784927
-2.2246896979075093
5.425386287719347
8.984259232647098
21.294169051786408
77.21150287031723
49.14725761263987
6.891853922904152
12.561464990733459
-2.6389844842415223e-7
-0.032952813053765295
-0.00016921768991028097
0.07683042850939106
-2.043473588972941
-66.36813715624025
-9.582184780107493
-10.987657540660777
-1.6282223128611122
-3.0814711298621527
2.4271304332504875
-2.356933056600162
2.227031001326516
-0.24635316806934224
0.26709932473985054
1.026723817478114
-0.08764548920123881
-1.6422111056862947
-19.728955124004663
-18.517534847590547
-0.027336697051576774
-1.556022420809113e-5
-1.3033572688351776
-3.674076933714301
5.8218698677844705
-2.0035524581839925
-2.2281914381757835
-9.229006463673333
-0.026533974520479092
-0.3981440971478741
0.24055284449035408
4.648550006026887
-1.1498962026384345e-5
0.10973987084058988
-2.452875560748136
-1.6187424084719357
-3.7046626994060343
1.8891937397166119
50.81543577693405
2.4106181745884903
2.146220381969649
0.05841720884130101
2.382410544299574
-0.0026021078506315246
0.26007967294980733
0.15862961671825762
-0.25528084956548247
-2.4642915325094017
8.528723112824439
0.7741942364017398
2.3692021523928615
-20.960320839984952
-2.3698009501675807
-4.274823272788989
1.77942663542605
-0.11975312971130155
-12.064109348379834
-15.930708730916361
-9.068590198847556
-7.780166497538892
-9.796134116428082
-3.833156214971445
-9.769623757635369
0.04676915772208321
-0.017761990298704004
-55.738350987995716
-1.4443581085698927
-0.1352930674677175
-6.91052562275543e-5
0.43498434610399245
0.17296874022527498
22.998158040847784
0.0382867990806315
-7.201489185901618
-44.90441109001511
-13.122510651345374
-38.51850972827827
-27.16146259931108
-0.44484287699001757
-2.459440955062997
-13.883497007348968
-1.5295881908495483
-6.760958693527007
0.00024362766683486917
-2.5006742629015504
-1.7609517861808788
-2.6243504298759097
-4.464999050190809
-5.524603465890569
-6.409659965225374
-3.5888040933686516
-0.3007263613553556
-8.132441204629982
-0.047016264484369685
-1.2942510787135617
0.03039310680866027
0.4700955684853465
51.613970532981234
33.116347498427515
8.728229542017905
-0.010534159543374815
-0.12364805449999196
6.857081342239395
2.3444632729278747
18.87942262961408
4.4458679216763635
2.686764639991131
-2.717175017423697
-17.317437822129726
-8.065968624848031
-31.50465983280768
-3.1558473025975293
-96.90004416814828
-42.91489381401665
-12.82808916531195
1.9255469354674863
-0.2326094296442522
0.006336139506830859
-0.25699975122839064
-6.954590193561257
-16.620795437607736
-0.0003052930635784017
-0.24459251454212963
-8.436311845609856
-0.059849260079442634
-0.018492785031902756
-0.01822154705599447
0.1911251675665452
0.02499596550766436
0.0009772447534219975
0.18645993372889097
-0.49114418337508753
-3.9370873600836784
-2.1230330470819156
-9.405807234172844
0.07230812377575971
-9.267653483550887
-7.515464877336958
-16.414706752875944
-2.208377946518154
-44.69350117251627
-23.43719013198545
-1.593136073611765
-5.911724621366738
-14.938734058231407
-15.908010527313053
-3.014254705492382
-27.91633269399736
0.995115354626242
0.03225576640296996
0.03585184150287179
0.11320936069943412
61.086455315371296
0.22088782762710718
0.026366859328099193
-0.054543967375473776
2.532841879949511
-0.015060300359879077
-9.831348650044783
-46.274702868603946
-44.1624869101309
-2.9845099261711154
-31.26071586676637
-0.8172371329810475
-0.27608256742922355
5.772962480813239
9.551186319864332
11.731789188082468
12.487602061083495
3.0585555671552536
4.6608396943751345
-3.5604435928422343e-7
0.09840337871135976
45.53049217027861
9.494521606332064
0.22808740801042532
2.190926111676418
3.973283708088808
-7.414375295706451e-5
-0.28418664473720917
1.1620543220129036
-0.6599260224968702
6.25639850106403e-5
1.7637727489504578
45.17709394330921
41.26188065075809
8.155989279410004
1.562395779972578
0.18592888448058523
3.891368465895384
72.87296792600529
3.3525412804938908
13.360659815451788
1.954455090670323
11.768397547851048
24.226289455580996
54.87198059232975
141.19979781432096
88.5744503395228
54.952554571050115
26.250373433337234
10.007637445956293
-0.0009419972527935115
-3.737745062476857
-0.044177486830180426
-15.202417416394288
-17.22641386805103
-0.4027112806765716
1.106623989659198
-9.86217231732186e-7
6.888697014956931
-0.3253307621341251
0.10217194780164228
-0.9982901514621615
-0.125809790140675
0.449242490755894
-7.375765659317141e-5
2.1516660722930445
-10.9126190617873
-25.354937764225653
-4.294463476229275
-33.74910905305603
-1.8915430146157668
-23.37050297724741
-24.358495954357192
-9.512397221589111
0.0013114570457371146
-0.3321968362119677
-0.005889833077610731
0.5747277869007309
35.57354800203544
14.714190617105436
50.0296515781372
22.158696533498347
0.7071226725288605
7.525200105339717
5.5830740428497325
1.803663283794521
3.1352930119618767
18.783195300957857
23.568912116897717
15.809854078451696
6.496084367452477
1.7983407433313119
-0.006925409059626297
3.2630129582079936
0.9109593857389321
1.7239746494892128
1.2941021713835712
4.849762884755724
-1.4425768007568127
-0.8624546676185557
-9.20359211457826
-2.97679752365483
30.592243211820463
0.2540038575603156
0.8994021875612612
-11.86478481411026
-27.431985191288934
-5.373429420033134
-11.843207013148673
-2.4258458421520714
-4.367066379534433
-0.4865426647129982
-7.814714451264819
-1.0678057132746108
-0.12299636842119455
0.037969256853643996
-6.575475679082361
-0.46380050937030093
9.796680665116075e-5
2.7533250876388093
1.3455323904465084
-0.5508895613558
8.317695006924591
-5.617329327282264
-2.9290895210472536
-4.884480774203509
0.5433173127805562
-3.031149651416732
-0.905428735155129
-5.638315116579334
-2.011655850997693
-8.677462629483147
-4.397580685740869
-49.10287726640662
-49.37231167603324
-3.349447249437055
-2.369427889463564
0.8795861192851334
0.12457618189559075
5.900114151108317
0.07079587490337136
3.230073397965278
0.032581422567336565
-0.03619076188747097
-0.28048721614663275
-0.002623410387495124
0.3771295718145941
-0.005457794131436583
2.5232383092394
-0.10280074983246076
-0.1741001134829796
-0.20218058035698183
-1.1899464517880773
-0.9862033549009583
-0.7070165697098608
-0.7400654879605874
-30.704245288363722
-0.26868568697409506
-11.637991764941953
-12.335583447430748
-0.2812294073975662
3.0887548269167104
2.5384955917488425
0.004183150088325097
31.46634934409414
163.82653085811134
251.17402457205725
108.45158813356063
84.85961026149103
133.29772565893086
207.15731062299432
103.23823080767934
75.90247087229388
75.34777190674187
21.835070252410112
6.733582484836264
29.79708453861613
20.838519110253632
122.89993262024727
31.085995520297505
104.48173482746897
26.95618146390281
30.34854822946072
17.22616894784494
16.936947174501512
36.7501311364599
36.209862732557944
37.21740849955503
167.012608769317
63.740700899795776
11.127981300378094
0.16676244996064482
0.33196343010271384
-0.4383472046631248
0.00010538392886572459
2.528854081298003
-1.5723719962243885
-14.364332521792086
-14.079088755377413
-48.534157137518726
-39.98828786949469
-0.0402417935935439
-6.302328055446537
-19.2336570972925
-9.981048116460729
-3.5083803048735285
-2.0182108995296564
-12.052328916206195
-13.688667271754614
-23.3340554329047
-6.402525832368116
0.14430269184352798
1.1942955905488024
0.009811498427694066
0.21648644552553972
0.005422675569514557
7.8359339872548075
-3.0424944199450517
0.001440617132321849
0.5064351163722673
1.7611884913361031
1.0359928451093072
7.505238984534321e-6
4.988342768824146
-0.5375290041599884
-1.330655290389756
0.8069330313611774
2.3820506135358737
-9.759143450675436
0.08909039720169823
-31.311265032280808
-2.5569362965986784
-6.284818049608955
-1.9008701024216894
-0.25868710434834885
-12.912139966839778
-0.022198246363546746
-0.019899453128352087
-33.038492916926835
-11.597555960230144
-2.305049280159742
-10.604593164183187
-12.546236014258065
-0.5602356275790896
-5.5439770549957
-3.722525459044043
-44.09605687494333
-15.00150919985996
0.1371172358749956
-5.139151692687558
0.6318744952178351
-1.2940642146648331
-7.223237893590205
-11.771276729973247
-10.725233494887828
-4.2454630818116295
9.401573988883186e-5
17.91977143542209
-0.07617061496114536
-5.1661721166662735
-9.242055809454511
-8.532675603243783
-7.264895527886048
11.523799467899037
20.249971866633835
0.0014996774349086048
0.0006288479564794592
0.03538767175540409
1.8909283782761093
4.233177962207693
27.906963812104145
0.7456235622141245
0.6121568083976606
0.0365704073258493
7.779543191946094
0.012142523148977973
0.21375450566220752
-13.026302256138585
0.046219073105948624
-1.4481922175164093
0.0769104667712632
0.23099808171774153
-24.023580408189325
1.15606349100626
7.623495479962367e-5
12.553759140758668
4.871464472516226e-6
1.5742273430488323
1.7085496840419154
9.346872080088591
12.450650097634833
14.791025217729821
26.97280460603338
0.0003771309540694885
-0.15974693044772825
-0.04965896368009946
-4.5715581116593755
-13.485148743005965
-0.6485207098679467
-47.30152788084738
-14.996925674329134
-14.877505285660087
0.005534742949274266
2.5040570048118416
36.87548580297918
83.39144541824287
0.7521026614523735
19.522328006504836
1.505810781579754
79.70811705948113
4.829089591940499
-0.021770321039069243
0.23430191228536562
10.20810277393813
3.928474860824755
4.59521866184882
18.88758194223851
6.225441650333121
4.590434036301213
18.754023949698308
15.012681361434106
40.75074562176031
72.10004715481685
97.90654022815015
118.2738949546707
16.511697588641184
1.377758047590545
0.08476646504008087
5.440326618434658
-0.14750443669962537
5.3903914625673215
39.95852332932259
3.8348633369049057
5.488544858512988
-0.0009272101414216165
-0.055630440226354716
-8.879897040103664
-0.02614912961307712
-0.036321317791479346
-0.05614579486556566
0.07706400023655637
-0.8722562834985278
-0.14403242073636177
-11.052281670570471
-24.697094685509356
-10.362917994748763
-5.052059340325638
-48.059353942874935
-0.8518816370227955
-14.039700493527171
-54.54642617783087
-77.51064401992309
-14.634438966038553
-0.013160246173861185
0.006312746860878234
0.7419816544595728
17.392177582964145
14.893662090361275
-0.005139206000100186
-6.713070870303
-0.012202255465309623
-4.034907003898491
-4.168815887751909
-0.28533625525870815
-7.150504034001309
-4.215774418316764
-6.26421549607027
-13.822852759334735
-16.197908980981154
-4.133442253258158
-22.25150086515779
-87.1703288021221
-26.908190907540742
-8.25058886259916
0.4187625030591977
-0.2042840286900431
-0.15883388884260347
0.40730329429505363
0.0283016850069048
-0.010309698374068138
-87.97770647074358
-45.438478009788696
-19.424451672930147
-1.8068854224084687
35.10358438496877
41.07817944937777
-0.33780365677255514
-0.00012883329038793938
-0.0118024358362085
1.9277355810175467
0.0002978371923234108
13.422207051224232
6.23599171881011
-0.05700848450566584
-0.05406912407026
-1.086378309100621
4.178223517217754
-0.017093573131891263
42.923293264592374
37.69031188503772
0.10006268577161523
-0.3561619000714466
-0.30773555239045514
0.0091809009433093
0.008317278811613132
0.3547487082358848
-0.0014388741826033573
65.42098171208399
94.13901996911898
53.07330386914866
93.10053059310542
62.6746483391152
33.97066651175004
17.322051262671103
2.646769813701158
2.6055339733129816
2.081564041087808
2.4693025499228782
1.6958050120712895
26.62705598081316
0.9113596644307344
-0.08413286853848723
-1.9313521148469168
0.15852966861737067
0.0002535502521828726
-38.46838241201629
-37.29592354996457
-48.61620911632867
-0.09081199084165763
-0.11500689814163595
0.06464142848277817
0.0019207080770024547
-0.9002746269363181
-0.2977708050817902
-3.6000989600263935
-50.587548530511285
-47.270041865531574
-18.242985188179528
-4.348639805735707
1.2449977903309304
1.1100317278684895
0.29789126732758514
2.0909406557961163
9.322380987559187
0.6370319052575717
0.5456665822656789
37.28674175956383
51.82733339293047
2.373557473440899
10.205230737360713
35.1519005731759
6.267923847250514
0.32056723642179463
9.04331790137246
-0.04422506858689513
-0.0077073225283775856
-2.3994763614959296
-20.360398937007858
-17.954470342072288
-1.0052693430764514
-20.706899611512227
-11.092769629940898
-10.756266665793992
-3.139467643771487
-34.370537689773705
-8.771551712236572
-3.7037064744288486
-0.002425349460573104
-0.4849238478754069
-2.715683754071345
-4.550120544361004
5.577755987213173
3.341905991940709
-2.0165310282228432
-7.768668369804968
-3.0215711402544527
-2.067863720472942
-0.04234781570911891
-0.9096410552317273
-35.10779231214476
-0.002063074766806423
-1.9005811866819575
0.011950537937471422
-2.07558358490087
-1.9186462636781145
-17.364064412498443
1.1116146588445224
-4.694578444226994
-14.02805159843178
-8.956811982591356
-0.013286693784370892
1.1478740046809242
-0.000559684333606424
-9.489337548647734
-5.486403066096229
-0.44876278541458975
-13.838023823627156
-20.03188894465613
-12.061452987303639
-12.150246340055467
-55.92425204996474
-4.3961856778093145
-0.312512099070751
0.03353896294427141
-1.5151202841561124
-0.19550798453101612
-0.8880441096140704
0.9253604413906601
-0.0023564447428355605
0.12301224232061005
7.311973631557143
8.70167390730772
15.665755833423331
62.906088128388745
32.3896074883697
27.12118062507535
44.62135528168615
23.595866993531626
2.38315599129949
15.894439689793106
18.66454503831399
29.445388046840023
13.323322055316117
32.11743971764669
182.36319516680413
20.823394221990323
22.177681658929064
35.128401858854346
12.56637798614783
5.005678062836191
5.258096911237109
16.30693748890998
0.10834805352780635
-0.0033086442043960287
0.04506519798682401
-0.6784787732146147
-7.811793260091393e-6
8.075259371046648
1.222393951068761
-0.4660687307348128
-23.10128078858443
-10.554463749463707
-46.99987764630687
-32.110828193756895
-0.2168447714834079
6.197082483404588
-0.9948505113347484
-0.07918038043519442
-1.7965396875846122
-1.7598849237495702
-1.5815666302056501
-0.31171049322630956
-0.00011594077917673171
1.6965083230081357
5.213978034819061
3.7685660596783994
-0.3629002920720782
