-21.638046833901456
-91.97905945029551
-60.39038405177245
-8.425775596109954
-3.5707804660341558
-2.766440874320456
0.1930112415431728
0.49249483093766216
-1.892148538385095
-2.383279365742782
-17.83924991634629
-4.951554037362376
0.07058741131046486
0.010736359960131208
35.919161205516026
74.42259467306214
326.95012784931004
364.4121863700482
67.79716718796949
33.37976433975751
167.76825349131582
9.490345238876587
112.18870353875533
18.626151684630305
0.017871671423795126
-0.001123590179925189
29.51380494777601
-0.14346809093562732
-1.774027556128548
-0.014424424351427169
-6.260002184850233e-5
-1.0198230199564926
0.006672852434789048
-15.294566797611548
27.5730604167501
1.2077156351095324
0.3268004450600564
-0.8954203338800866
-0.012184212093430569
0.0011822667739687575
-0.0037972051158005203
1.707092075510197
5.2116817859535045
0.15808961081679423
-2.2041283726513043
-0.42381986918311604
-33.510726312772206
-4.72706430489206
-0.9267700524876771
-2.27110821829968
0.09026283232540133
-37.24105060097209
-2.7714600787336345
-2.6531971933536203
1.0119340142673383
5.511987929295809
7.299146469172733
48.43538799692853
10.768101546418087
11.424655753203552
3.807652812204626
82.47113840587153
19.30320072536293
9.611314208189537
2.7439036256752143
2.702747401433215
-1.9371426038783321
0.06868665454759107
-0.34088155579988894
0.8699474150028039
2.379130670843276
1.383648230106899
11.20742635850441
17.067500968629822
0.07512681527409963
4.907821782153687
65.2273709592491
47.66533150431782
15.602405712653642
6.003024832022274
0.40646979930238425
-0.5738811835173867
0.018395273095710263
-0.001537768437510378
-14.49297769687256
-16.85450359615669
-0.00014364231532051157
-1.0293813300067414
-10.894523586905065
-11.211496327950297
-0.01004207525917562
-17.17186622438122
-12.735690838065045
-10.502597862440565
-16.30321420724807
0.2753083660447962
-1.4156821067087066
-0.10101358433169053
-9.161598526532856
-18.402359293536733
-1.9557252503621225
-17.082526750780197
0.12198216002256092
42.16891131098111
3.9441073429792453
-0.025908619794578976
-26.890728450272224
-2.705351916775567
-2.404449224166156
0.6204019170515684
1.4955420545977072
-9.400850533396962
-1.7438452267161266
0.05937422172310613
-1.8309144351019289
-31.142691223205354
-68.05486398407288
-7.195477917752107
-0.4108491327595897
-3.285119863225388
1.7747694939065174e-6
-0.6554879029103544
5.2726836274332366e-8
-0.02076290248133394
-0.007624727880166466
-0.19365012878713755
-0.20532192276576958
-0.06619318345440776
-1.0690063192330543
-2.1894699868860234e-5
-4.162306041974175e-5
1.8913602244185826e-6
0.1137959144983016
0.2127752272003528
1.1049595364917035
6.409542497015886
11.319829617657849
-0.3064785079088524
-26.614966668698496
0.038214939853241064
-0.46584676366257766
23.89212914874753
-3.0891605352972085
-0.8650844459526121
-0.044705302122628486
-63.4665583298308
-2.954326320028925
-0.03647141342462664
3.002052143001989
18.418257041293774
41.26358850513027
-2.0971344468781807
-22.863394831664305
-54.96119535316127
-0.008625939497305606
0.047777932306295755
-4.521828846325405
-8.215462521397384
-2.621706010867152
3.467617449556393
5.030019996626962
4.389538951127839
-0.08652171627595574
-8.012235054926053
-1.1720087391108203
0.05742181823589147
-9.636234143811869
-26.456717992315223
-5.8131863734064275
-0.12276048565419381
-0.10011974377666323
-2.980926976346416
-9.712243870771731
-1.8607905712754798
-1.215876227502555
-19.319623390553755
3.329756530323473
0.025600901945289935
58.92038999716143
8.3623255239085
0.12889025256905007
1.326403573635665
-1.7094005167456077
-47.828856653546325
-0.02298923260018198
20.47060824954599
-0.3736335959898546
-1.3945233347714159
-3.2076756428597903
2.5231691977309985
0.6890505835362095
-0.17184933919877665
0.05043567732502483
-0.2257938313553494
-3.2424815972012704
-1.6052623489318394
-35.65710187959863
-49.32810427498365
-4.619225113640343
-2.3780334675339123
-4.851977846569023
-2.2958669599821664
-3.3038258334465445
-17.0079097967681
-38.60250192901637
-15.183588502746286
-26.11295000198048
-13.154549695277595
5.000439224015337
-0.07948406526004635
5.132055273565531
0.2298335226605531
-19.26075606377852
-5.165496341384629
-59.7505836295092
-64.02413100256763
-7.092621847094573
2.174598794501265
-0.2027366138811254
-50.7570230345445
0.490462067482967
17.45459328962711
267.1346556050607
119.74523204389374
241.81815415427752
108.09771789283671
0.6088510471872217
-1.0532717644916745
-7.8521539994625575
-0.06291826717715412
8.149094419626838
1.663376701013492
-11.036501073468626
-0.005913262757227084
-1.0707059762500142
0.9755445118844596
-22.415798246776845
-13.37121481078478
-7.58027145673894
3.6830873255932444
0.8497405223880568
8.995604789923773
0.5205532469926885
20.211977370831526
11.557181079913063
2.2566582855173265
0.6577992752207045
4.916511162227856
-3.7595567114668875
-12.491071793869116
13.35872467748259
0.004157827647919839
-7.31628606753709
2.5037277440562648e-5
26.0275034437371
8.710013120547545
6.031654407567635
-0.22531601744724128
-0.7297261221652291
-7.287288811105676
-0.6946885680952166
-0.08305961799344477
-13.141988542015039
-20.022065863769424
-10.546558463555266
-1.0003142518879522
1.597260689417482
-1.8205613895546249
0.428147650426184
-0.01132913415598785
0.31992102318188703
-6.116022613124738
-32.193786903811535
0.0001213378506676012
0.02784792266582623
-0.6289909552991378
-14.00421621126748
0.014168664380594005
1.2302701306696786
4.528906703556727
-0.00022392794675087536
-8.69476705390632
-6.116450078501652
-2.4678970236677307
-12.616710423216693
-1.790455739899937
-54.17334434828433
-55.54207547480849
-15.121506551033274
-0.03977904590338838
0.40714609871449026
-0.7593209234882115
0.0007118637784457752
0.7612059082680144
28.532953911986212
36.12473388327411
19.777168126412068
25.760464920856936
1.3660697358759293
0.0005245317058144651
9.519012064401073
4.9221594432581535
-0.009366643189316935
-2.2285325869940618
-7.687541288197784e-7
17.725588680184753
18.00655077907829
0.30523977448240347
0.002650995651098819
21.826876905266904
138.04663270039805
4.194597918995424
0.1011596124392458
-17.162445296174596
-57.07677020613248
-17.986129609748126
-10.361593671779511
-21.133182976101253
-125.24941916961204
0.0007651013297832201
-5.844891057515096
-2.786750221614315
2.237211564510569
-5.109154698207382
1.5687479122112384
2.3161751787399183
29.759592676024596
14.457806048631879
67.2516347667525
58.074878821427454
8.764511127834071
9.273217506038337
15.245716619822176
1.104806581603064
3.5083254231393077
4.090707251220175
40.55476827941945
6.985349340387386
0.37515587111881404
3.474269589106075
62.13569824386133
14.362225360395398
41.37595757420678
-0.12548186679950415
-3.9679982311943824
-63.42694946399355
-58.49067209732242
-14.976297934110535
-4.996176936127692
-3.1579657271884414
-16.16769014751583
-2.190666566531024
-7.989137690920412
0.00010033899729263754
22.528053449456053
-5.519932890490819
-12.706318885549837
0.16276148943084104
-9.85767489756563
-14.04128781938269
-0.21812187501055638
0.1639763584454799
0.026143762812989444
0.00032925780505648725
0.0009077434132529965
2.979635077765782
-0.8188175601321743
-4.794825690875518
-8.15737771543566
0.043273074756311675
-36.26165465775394
-22.028406391916544
-0.07765735821593098
4.475521580299301
-0.005343492776942765
0.16549625085922068
3.4650047207790537
2.807365828799272
-0.2948081975474014
0.3853610621372514
-0.7716518399601844
10.654040351333562
0.02633730706193314
-0.8626288812546029
14.209166993465498
36.53180857326942
0.47536157750580665
0.0017514691508966286
1.9644372262828413
4.08526946109006
12.108840026600324
0.0022967043910975824
0.036182225056767894
0.15447522800720923
0.12155737314228747
0.005111834346393439
0.20571919069768577
0.6393850877886287
113.07719087656773
67.00033086294975
0.43214404540689494
21.916292570719175
0.8579768890004936
-3.440431624915956
-19.688487517523292
-12.339068323567368
-0.04737495997892933
3.392049178585024
-0.0004044770959626018
-0.010513437535160534
-33.17566881489468
-12.227103148274077
-33.21187549546824
6.968694681164583
9.112953288840536
10.185501817126973
-3.7140854385123556
-0.020765473404312645
-0.022078586330436023
-17.020793333207465
-62.14901313745769
-18.890126817622146
-33.27983766767078
-1.0057101554300238
5.144375231421144
1.7155024106022156
0.0004131360823986969
6.996147904558426
3.9502733537227437
9.427889230332974
0.0025561455346727914
-2.323595497216568
28.83688227682902
-30.556941150884455
-0.0290666640417426
0.09678040555489496
0.008044074808058674
-8.85146872120263e-6
0.567599162845213
1.6512493068896366
39.886855578109156
0.11256021580611696
-1.3293744598556294
-0.01930753396656862
-0.65931145041537
-20.696924824585324
-58.50109608828481
-17.323429023379443
-7.028369204882183
-9.169645413234258
6.0434390530943085e-5
0.11484473188280325
0.9001285745917064
8.09516741354818
3.386115814027718
24.597946849667185
12.3347389978148
6.392940583121651
14.71570751549096
-1.0013434081811028
-4.43554985426681
-26.208045720127796
-0.9181733220006317
-2.7187412162387363
-1.9396626060881914
-0.0007147531408946936
-0.0748509042120192
-0.8498799320155623
-12.691986143524828
-4.039443763910198
-9.394528178884352
-17.42581682960447
-102.1580571260576
-53.72312677225503
-20.022263223000202
-12.055361047889663
-30.26339837401281
-11.009397172771683
-2.2409020448860932
-8.845903262988735
-0.21409815766382567
-5.828409063099091
0.0480261767782883
0.5980084506606032
-6.819841061800604
-1.1381057655708664
1.5066610514902068
68.56340576364656
-4.577255965617453
-0.03428238683280318
-15.225058044476608
-14.669395967663709
-22.555931813362065
-0.5663150144427211
-1.656094497010372
-22.24316503814486
-0.21992046671415125
2.6859052497523033
0.6352183222313854
0.008316000737096088
-3.856814824679597
-0.7035388926141587
-5.853773613939048
-0.951601267733977
-1.4710832668246192
7.493405298744186
-0.7751822428447765
-0.3313037667612206
0.059702891814486174
29.275670561463404
2.696560777808885
-0.45553477922641666
77.66004883974821
68.87197388222361
35.4294111142548
52.63564969212846
-0.053297601261864544
0.5718691813750505
-0.005845127724468345
-0.025406608017937163
-15.058117644975669
-0.745721427491514
-9.141485753977399
1.649218768778556
2.533399577315651
-16.624839854600935
-4.379146678901945
-7.376070051555632
-5.098413469071496
-17.3102933296232
0.00017489799170145398
-12.236787318106568
0.0008040942249749006
-6.534343536162973
-2.6896033147522287
-0.42125660490467504
0.09509496640933111
-0.0001485302904743754
-22.33060901535705
-0.22947808437976439
-5.842190796303202
-0.27353326419411866
-0.11551122222125867
0.1294790585696923
0.02691188322784187
93.18156007188838
11.730260501118082
2.5802280549323426
14.80125001114997
-13.11298941257395
0.6772385716057241
-0.42045147746655853
-8.06380136063858
-20.730143994502175
-7.860128310505307e-5
16.233532382940435
5.863729737177759
0.016568342368922274
0.6790630414625645
-0.19402715110238575
3.2299090843307967
-1.9832152987922484
-0.2710279039788157
-0.002835701663932009
-5.502688045130192
-6.5145856496964765
-9.481249945979258
2.095428920213423
1.466390434473471
0.017972232896417757
-2.6048538929582308
-18.755033499494118
-20.26437077468146
-26.25280321735948
-0.0005737642457167577
3.2813622357124226
6.078398393255946
-0.014661614890395821
-0.7261070113026644
0.0005186228392836291
0.340487341846539
-20.188666627098094
-0.4351177993922251
1.0604488777247494
2.909759605334055
0.6750712872356848
4.915221086818037
-1.7481630228480456
0.15547306519629253
-3.2163566150424745
-1.8962852954268246
0.2307895366445677
-0.029529142104879877
0.3006462519168605
-10.695064467371498
-1.1254498756479658
-2.350113912115428
-4.341989597013008
-0.2666008791693547
4.430819238521735
18.510500571095445
57.48462966859692
0.7051655880875206
1.8272654680160467
-0.09441754057815598
0.7417049216177082
3.906520247621107
25.506104943092957
60.768956971921
325.3377655340216
55.521400359027815
9.813674889335045
1.5722675335534826
0.3693054837019559
10.004048981667157
-0.008010434694343184
10.266252237295742
5.410790278772086
-2.039986221667332
-2.4255760141814107
1.6645574222721775
119.3811841794784
9.081169032453268
1.734711466901859
-11.594436964891734
-4.5645833557351665
-5.969375954156948
-2.466126920040753
0.8787357783316928
72.81081956911332
2.72133126388497
0.9218381350473978
-0.6431406593583922
0.23141557289999107
45.42857995681337
93.84614025465785
78.6766934443813
85.12668856863786
60.76462039637681
0.00030942554018350356
-0.0022322108577481343
3.419340171614964
0.018083000079452217
-6.647112697367279
-19.340284666109827
-20.58931952514283
-6.2242477936929665
-51.80161052383271
-28.400845588819134
-1.991986514133141
-3.241203583378981
-33.24676747629457
-7.329525280446034
-14.909335725453277
-17.666439541262864
-12.207321097740968
0.1751771757445965
-17.984535702123903
-10.177273723081564
-36.24600319357508
-12.422072292406705
-0.4247022108798331
-0.4191293649250868
-15.919940971842447
-0.0027477874559602433
0.005349886799169941
1.7882398564880744
6.2623189113672595
0.06478940603813517
-1.569075245048806
-6.416210114068297
-4.418034381476983
-11.801694217758438
-0.8435666661566797
0.2652656116837862
1.16900038507923
-2.1610920977042842
-6.819361316475762
-6.222674294060405
-46.35506562487324
0.44243199796834476
-0.23631225848759663
-1.0780661073553341
3.437777494234982
0.18979196711688426
25.968335765221877
0.03330753108652602
-0.09212194301146294
0.002817652208234837
-12.688185701496701
1.8513796583612345
0.8679307707617919
0.7271948740425581
-3.302797243277207
-30.25417363023917
-39.61330313678864
-3.4494681280635064
-25.05650205977663
-9.703606059651872
-0.08374419078439915
-0.4838067070667817
8.587976171588401e-6
-1.3950452968932336
-1.0956644882568716
-33.02393804977834
-0.15092088118645863
22.484555566049583
-0.1286395339978833
-35.646988006539054
-27.359705494476923
-3.09289974628143
-0.0019000547146524136
2.5241148696435456
-13.130982369681746
-3.2373270789745185
-39.21297591270925
-2.816271885112089
-8.430586516032449
0.16032646872201162
-23.259323183776353
-10.06042852817825
-43.843739146337604
-0.35166116369385736
-0.0006378293823721633
-16.115086159273204
-31.425507306847933
-37.28774603034407
-0.7615324425049385
-0.33404883405296176
6.057708492191844
0.0015834357411997706
0.00947043147246862
-3.2386005765684405
-7.660228243349901
-6.545774547618033
-2.6181439692076753
-8.308187566956274
-6.689335820634625
-0.6504372600922598
-11.054481952807555
-60.88581130039217
-23.703147023888842
-7.859158930615388
-0.4702564385202024
-23.2407383938677
-0.07092598715946904
-11.552833640594422
-20.480584838841047
-6.177421935933542e-5
-0.15938131080642776
-1.3591278466120906
-3.0158253912840403
-3.082027657549888
0.000188786537808372
-1.8456528907975829
-0.6399558196836138
-2.3009939696723762
-3.718246036261709
-1.035732898803109
-0.10066647290351344
-0.11700415457077626
28.9419612330574
-2.9239738441478266e-5
-0.16827280583702753
-0.05460893975176742
-0.005319485400079125
0.7115167065050116
-2.3604591409748825
-14.175748319185706
-18.998628565318764
-57.14106827050453
-2.466293967629681
0.0008427268531373014
-0.08101093864124011
-0.22364118293263965
-21.5139692667406
-8.64751355593752
-0.8318131525698768
3.3061477275400435
106.31468945896232
48.81040491488048
0.06608656830687931
-5.940888328467793
-22.214051164031616
-9.445455188857844
-4.810337543568888
-4.274303639615209
-0.03252443858422579
0.24237526923379435
-5.658864787143983
-13.354815243894405
-27.307671760217314
-52.51710747770556
-0.03452553435376065
1.5636167908152172
0.028029000992672408
5.6870618441269265
3.6008602164710792
-1.365389255807992
130.3121622035674
-0.014937247170181373
-0.4195869351887301
-0.44313115625494476
0.006862116824753736
-0.17928904534423445
-0.7019919525540713
-0.617736327074253
1.6670534247758435
-0.8381297054441659
0.017637995624701128
7.526732303615822
-1.3098990976084022
0.016104551279628076
20.560882995369866
0.04389795612505031
3.756180841755651
0.017694450544594162
-7.92633990547518
53.916157022820705
2.1471916760666114
16.26368577118187
0.4412174862102813
0.031865131411830776
-0.0717466039021154
-4.61679526267414
-0.41273236119375956
-0.015575667496351654
0.3811158257586678
-13.626833062183053
-5.787753504090119
0.8035358208195992
-5.123878382510768e-5
7.054452141925886
-0.15770757210752567
-0.135820605557147
-20.191412163014455
0.006590731132868761
-0.040684645968587674
-0.004350562617490127
-6.535644246070251
-4.35902106266613
-12.62191244732378
2.520730627159243
-0.09840426061509779
0.056792900817588934
-45.48579956268866
-28.717083800541925
-0.16455720144224834
19.349625270547143
53.276981311969045
2.800125028346062
-13.41028794772193
-0.062517832998041
-12.416058661064353
-0.13725521392116943
-46.05191749045533
-0.1260990221248118
0.01794383742635525
-1.7129273785408954
6.063981866503424
60.580311320572754
42.51442315089508
68.25755671428952
17.966454384793934
-0.008454852590923607
-0.08168638127231312
0.0035771135977704805
0.08789729618006502
-3.248026804449452
0.5787827520600525
-0.37913685394973995
1.5677142103453021
1.7553512900264294
76.62899427084882
5.804645579016576
0.10160638998249978
-8.074968531131319
-3.262756191655979
0.16689746623434387
0.2031126229162857
3.573126276317359
-0.2013672767109845
-16.357817662352055
-5.142451800522981
-22.84114677796385
0.028212471846177662
0.04148880723043494
0.17136797396914483
0.004884544606427417
0.07535755276952266
-6.114046463862891
0.17644464448007072
-0.2502864196240181
8.930639349342522
9.061971770407723
5.016157539415412
52.18514102484048
327.7803449354572
59.90947424099305
7.034581573740851
73.38508155343744
66.97167560535225
107.65252450165391
22.979527005276715
171.83553257966858
721.0680680712912
835.6989918052224
430.436364961671
996.2563195454686
676.0751273446342
343.4964565716177
167.62713849746342
17.44227375677847
33.75911911238116
69.49969273146934
112.97056083988237
148.6552092052632
150.03305689885926
76.9426207367173
11.200616636248755
7.399977314541634
24.118068846858602
31.809205258015844
12.560707712021852
84.43598156938572
-0.6144211470606356
0.8872697930707656
33.859010137997224
198.43747757090676
32.50452940193979
1.5339157871716322
-0.02158689185755792
0.060360242504582245
-27.932906343671238
-13.897732184724292
11.076125369236912
35.24181793345776
17.0656881312644
-9.092704486598754
-79.28216624000319
-0.02558063190557173
-10.048398717007894
-0.21875915659228443
3.0636817887317926
-0.00013286060460255403
-0.3278950673900593
0.10278170083327032
-0.05415343702922205
-1.88524270075221e-5
0.0031675311580597236
-0.023793762034122104
3.514764779811907
0.6166630663785208
0.398724503020915
0.8776074567113269
1.6353691291920471
0.03717209118659926
-0.9285247100242029
-1.2544336339951963
-0.00022196690992935117
0.0008098703466673992
4.496576281004528
7.016616933305141
0.7758775510966309
3.592369038299355
1.6669126235233036
4.84474901065392
3.527102970708875
0.533663340960765
-0.07549711237850391
5.830097091709292
0.32848177898417136
4.059885287113945e-6
1.0855780940435518
2.052922224386252
-12.353155675866489
-0.31879180128574436
-1.189439781936293
-1.226581039609146
0.004739914946671398
2.8397643098930163
0.1393686472958652
94.82379547470845
6.440315867193954
0.5052261210168931
-1.6455548681544637e-5
0.228130884689273
-0.21973847147300002
0.133514530880474
1.8081562148059585
1.1731164122814097
22.74971470440181
5.435786568265429
0.37913192098603926
-80.8412690248463
-3.4964811212593023
-0.04640000394781833
-10.699367809566574
0.00023929387370826965
-5.5261704085382375
-1.5345391791387044
-6.327518538506699
-3.607271924525564
-4.385702155575978
1.2469115575920822
1.1803693752950772
0.0016493907496529985
1.2842566864917544
14.284045251454321
1.9514751275031887
-0.5890039174603569
-1.9373048672017465
0.5506685153630066
5.003749934573943
2.7984332389074873
17.815257518972995
32.87403266579349
108.08957212636888
34.79870513396596
35.548474924209046
297.0630588274546
246.82666837582894
211.39997367222597
60.00064634618043
58.17932457803784
130.71623972662093
222.42262540472802
136.14220441814626
185.94733413218262
54.033242534303795
107.29177087034502
86.99801909648396
0.39321046403398024
0.8201087598020744
0.4417581888522831
21.68548999565806
0.4444369717822358
1.6442069142367628e-6
16.649999202632554
62.166477582740754
1.5067180578738593
3.0766542958309833
94.0566860616916
40.59845559766794
40.185558169993016
6.040551657186161
-1.3715360290243352
-1.940752473001233
-0.05249948044894131
1.0870473963286817
0.006714169534479774
3.23842812410076
-0.3370312892394317
-24.98768881267271
-21.769890984803133
-1.140675465233302
-14.010992089786352
0.023165977387401396
13.019707727903219
-0.00012107073583702394
13.365740655947526
2.296013052898079
0.49018892156489263
1.8776283607028716
0.643820166297532
4.764069505941204
15.619050977642052
14.302703345872871
111.99662553345071
224.99852348915553
165.64373259049802
106.98853342346835
53.04363706839282
22.770054562419073
-0.152681783997431
-0.14062397190720557
-3.049097900885637
-10.420978726127517
-0.3844817378038336
1.8550397889964159
16.571971386637305
1.9794865214891717
-0.28807968851350596
0.3471588845167932
0.09600916649289538
1.7052608272607521
-0.33928304348663146
-0.1979415929508359
-0.0031120085493380654
0.10397046399852426
3.0697638133523815
10.083431917834336
25.593820900194995
11.643201912807605
1.2144318616780672
5.5601519637468675
33.834906788575125
4.758700186202858
-0.004184307960353727
-0.010760992860918474
0.11653575498058931
0.11898450884696725
-14.561286212758539
-9.282252702862976
-9.441837571597507
-11.548298072499001
-0.8342569835984561
0.24723397937892141
-4.027284164010227
0.05639947637680797
-0.11862365390056648
-6.2952091462582445
-3.0343428554584038
-4.235721396360536e-9
5.190214444595759
17.22891045695611
8.140176144441824
17.241058937277412
56.20802415524428
24.015634957050626
119.92207673352962
212.1154139664453
184.6617975386891
72.01829814595837
48.40164954272898
3.414767964793437
0.033538577164068356
4.79279710741882
15.75796546331676
5.961167662357414
15.384615214815563
39.377667566797214
14.545401941868732
32.17651823674837
2.053085793695237
-0.1612042837006306
-24.395757295832674
-0.21722307335638352
-0.9072780781810655
2.1536302073466675
-1.418821147156767
-9.194098514337604
-31.941065303098128
-15.780630363066289
0.3203319279436641
31.438557535680317
0.07105585218265284
1.7800203034807498
16.417635239690505
0.09242609003347206
-9.414472667876264
-69.93511365870948
-3.457618663000206
-5.942240886864489
-9.753010613756588
-0.9335493418489261
0.0506700663356202
0.006445661740218522
-111.14923644493469
-0.276374778877735
-6.06066023187067
-0.07434479801802954
-4.521765126263706
-62.97837443442495
-122.33331431035448
-68.57600594781616
-40.71959006553479
-18.15718479060313
-0.013779226285020683
-0.007998313214598929
-0.0020294364724688647
-69.57174460387684
-11.84935059386418
-31.01669570620252
-22.17234184878188
-2.552227107942789
0.0534547965977815
0.12023707533602589
-1.2566017548859847
9.87452716367584
-9.351324252540435
-70.05598934830695
-25.795104877803553
1.845480658533924
5.115453066091063
17.578473716108018
20.441759104943085
0.07958459842158586
-4.055222936603154
-0.1995375057012001
-42.79836220797598
-21.688901767780045
-3.8623536606595494
-0.8377615614852891
-5.106188214098638
4.427771889038151
2.6189341188765396
13.341414751267006
8.897832880101476e-7
6.1303209478532175
-0.04010201774491829
-10.37602150802709
-1.6691907780888222
0.30045086496962486
13.66523187481649
0.0245397074652679
0.03550549021760214
13.148973473219161
0.12114711730629944
8.000870578270506
1.123707885496428
7.202479749618653
7.567021576211846
3.7652810260475293
-0.15042572148500213
-0.46865685314611477
-0.24279155258487317
0.09787070453505894
-0.14473446577241766
0.0908817623861027
5.706297232181458e-5
-0.21255774250340773
-0.7743406340897782
-7.339447961032501
0.042470076284055025
0.0025376246580253808
28.50628349566469
103.94442488879645
6.6741262238377095
2.316608720595937e-5
-1.8141622876628103
-0.026387793534858935
0.6182961969046082
0.04425949592204881
-11.923423176337339
0.002088784721128711
0.0021193801201036325
-0.7647376285333581
-25.261152347221763
-0.0006607236149036166
-0.277331005747575
-2.4940370553901885
-0.10740206022087176
0.4864615731597628
-0.1356485462414953
1.307159797023328
-4.7573680103701
-7.287269007083883e-6
-6.494660354620726
-18.637288988872623
-0.9719240705659021
51.5635933721152
7.584129261426563
5.067308348241549
-8.064035614863563
-50.8416038518743
-0.319718108402885
8.691992141898282
23.051815283178108
24.185613981100555
20.11622876949687
-2.003370969488813
-1.5671993882141158
-3.3985584897268666
0.17134933286789045
-2.5645692137441327
-10.385234457523985
-11.997542006614827
0.02433725127028748
0.8852044354239775
-38.72790378112431
-1.560552850959456
-3.98956189721331
-7.650006780513237
-0.0001407728407624014
-9.045420640146824
-17.80290467623805
-4.621414539751188
-43.87418632809782
-24.091229732528642
-42.86275896451937
-115.75076827830996
-15.936231211643621
1.382831308174866
-2.111145242575714
-23.23004939591011
-93.0541073411076
-0.00037511804098266076
-0.04270860137576477
-0.013074762126653412
-1.499376965015595
-14.048959181680203
-12.67917625285699
4.078577672119528
1.5777680910463006
3.9090728095649685
-0.8588116147492806
-0.038001979935183804
0.21449748467133709
0.2266226008749296
0.717232567731103
12.42575374575822
23.82985136161387
21.235307422031166
3.7413042253014646
1.3739371005727359
0.017712763552632696
0.20816330845506026
1.0394792487980569
-7.995150000499755e-5
0.42696691934458775
-0.05708864537559667
0.7539523935305575
0.06898863863890525
1.4743570756656974
6.978756224208606
3.800154790600921
15.544624446427838
2.0377127305940856
-27.4043846514328
-24.58699478884346
0.005974570679867922
1.2619112051050436
-4.516668324537188
-42.97904582655624
-2.2188501140730867
-0.501002365452896
0.9477558569084498
0.9622254095035991
0.00034355557558337214
-0.2339710084637455
-0.0038453690824234153
0.5005917028263415
90.38844209288514
-5.495198754861618
-0.27907734451504695
-9.68142407456236
-0.5820566380941793
-1.6834514643170309
-0.004699541485437755
0.9593711404675616
-0.005043205001905184
-0.71083580635201
-4.3847197162957485
-5.304214438569772
-3.866698762355069
-27.84654432163693
-16.861342679751356
-7.662592430574238
-0.39401644008598186
-1.0598050984948804
0.09445481475858934
-7.662439118011377
-63.8798391726803
1.4577340569536996
2.7232266658417474
-9.73838755189049
-23.000886117798395
-19.93315113417939
-0.45054948277242324
-18.7507498544103
-0.03884480922699799
-0.16987263567056057
-9.436538320616586
-18.692487971390108
-1.2094460938478637
-1.5750658119188932e-6
0.09244604034756182
-6.3775616587653134
-8.881286868063274
-64.53473325779412
0.007384713554956129
0.08909373434165839
0.014349877662714089
0.3980344066967747
-12.546423546052209
0.7603689420814425
8.558589496126816
-0.19195393625314228
0.07972140974449277
5.004673285241516
5.869404876624975
-0.3947053383748121
0.4634610811925755
6.519207104055649
-1.6909659650243138
-16.736077503244257
-12.64063054148155
-0.10063231849223327
1.3587122433706458
56.55367756090122
10.05437071204733
7.308857171223101
133.73781501585327
184.55883411550883
296.91776354901674
8.659489706079432
-0.0063258193508242706
3.6776069884695053
0.10394001169109807
-0.012728347566762558
-68.52099003319285
-65.78571825804076
-48.12558988742965
-8.639610228067728
-4.536535621157456
-36.87875100340888
-30.511385314909802
-30.024211835753515
-0.7490585977736823
-0.3289708552133039
-34.23084905077763
-20.575074772451718
-74.37603515549192
-1.6839927345392862
-47.05614077972137
-30.65593375649616
3.6601530304249024
0.6098866563469579
-0.018775093867217877
-0.02045092770749053
-1.3679317453027082
-1.2287309168344749
-6.450165997642517
-20.91107663346536
-27.237234427959073
-25.621161857661217
-12.335348766524442
-43.732282002926574
-63.65779997945806
-19.88492059206557
0.6357146008457414
-1.8988283952689284
-0.03152127277124084
0.04517420392426919
-5.112938422967086
-0.02837661925107532
-19.2524522936228
-0.00403107633392062
0.46491484646561304
5.541105175269177
0.14662739652354728
28.81020075727588
1.4232762314715197
24.4404817103364
0.07708018234147411
0.6536269571025377
22.421463691124707
8.77719860582448
23.437961281813802
223.64847101588433
30.717049059462553
6.89286698007714
28.06902885754044
6.453704506724206
2.6887728352598126
0.7702631273466464
65.85659142125719
16.317827023223057
2.928333279696975
0.4657574380837122
-0.9208628488479036
-4.106471495150313
-28.20963765203442
-6.911647899447822
-8.794267524866166
-4.2392403452441575e-7
4.086654845226939
0.3621905440180135
-0.27606141205046364
-0.139696743653015
-0.5314488098472884
-1.4092529102117881
-12.79835596960584
-2.3303730665837805
0.006578582910472543
1.8135412732664937
0.24857892720463967
1.0758114974078588
2.2833597124494274
10.131615786449236
2.5112337105411324e-5
1.7802312263746638
8.449256340438076
-0.004323191971751533
-0.008324324023612627
-0.5910224515217024
-1.8005915603028597
-24.625602575343894
-11.706434990391912
-0.8052120966869347
1.052104432093821e-7
-0.38245216855426434
-6.481232537752812
-1.1663263509706958
-14.308812530849291
-9.955532095779779
-27.58217649036148
-37.02631257475397
-0.8101986621233609
3.1735560469525486
4.682816926456869
30.241379730893478
32.59356502404558
1.2531983336578358
-19.93135829589606
-37.648368854367895
-4.981593291080537
-22.36083400982145
-0.04857359847586859
-0.9248138662928073
-4.225481536668254
-0.2563234083400443
-8.060886009798693e-5
11.103710727444243
1.0026379394713338e-6
-19.09473508271443
-9.99290727732211
-0.020774567163096645
0.0005229481158039149
0.3864602001802793
27.609650407610598
110.09798658439011
29.896557891714533
22.523872903583474
73.94198684557362
94.77925435476041
9.185182504977409
13.941597949977131
0.020454294409947543
-0.46476451766707433
0.018280076705337347
0.10159736655191888
-4.510854954421303
-18.13743926369563
-7.5979660406611105
-42.04606699218044
-6.003103233546886
-3.6678763178001663
-0.061363411473015834
-12.416236480784919
-38.66668481019403
-5.168246464120312
-2.9223402549581645
-3.266074757376831
-0.0787935581509222
0.12361492542738821
0.0005639789087622466
-1.7913591267606384
-1.5696923931566527
0.48370737319633317
-0.17189520880997142
0.017881778057142507
-11.116742545262037
-108.90460643841806
-3.39781888427336
-0.06922016210459349
-0.033378268103745445
1.0306315958954892
54.05790814193859
1.8536586920694118
-3.4674243932776365
-4.546695607973338
-9.351212250572006
1.0024737261459276
0.002558729237540477
-0.12063837603181878
0.1873773497012899
-2.6747361827600646
-0.2610872666809576
-0.8874758970357531
-0.4143796607107806
-0.05310769179661776
0.09833514620739267
0.006982484227735693
0.3651389110238487
5.244184915902559
-0.4204882295531406
-0.43511048565978744
18.520882841720226
0.714779007368055
0.13877133249434837
-5.467273449139144
1.2602703464311693
-2.590636611809505
0.1493635840114629
-2.3646110004588508
-1.5750053655629303e-6
-18.06940289555448
0.0035926292862984545
-9.984407664620536
-32.365169552469084
-0.0667541422335515
-0.5383083466029573
-144.15384968943795
-0.000975905438054822
19.89780732729243
265.5834771563478
6.0873495813035055
-1.9835279405424613
-9.182613479038888
-0.010255853811695493
-6.020221421934276
-0.8520537112746585
-0.04117994623488443
27.291330377436626
-0.9530492434827216
-4.204384002811971
1.4704331704342457
-3.32731170653626
-0.2874444116033064
-4.778901179080073
-0.27657613294001665
0.0005771372202657433
19.983155614476257
-0.625158449530387
-2.6411553819410964
2.2020834153505184
0.2066925952798172
-0.00038542914679533816
91.94006869573984
6.648828227866386
13.329050994813132
0.33792945466863333
10.32388674510185
1.0447755709978552
-0.3343390339615476
-6.755368223662523
-0.5314158337395726
-74.85859005293632
-50.47226656394971
0.0036328586432697713
-0.9273859476857054
-25.955263497138393
-22.082728127890054
0.042094188281042215
-3.2180291419642213
-0.13281262909955724
0.06353341559036702
1.585483130195705
3.546317685391748
-4.091977251121544
-1.8389212732401676
0.3420662782530365
0.24447493903875997
1.119618782823607
-4.877866486405008
-3.910644740013999
-15.386681134641151
0.5507928486622116
0.07000002085526597
-0.5447595102347617
-0.21639818895649005
-0.02614048150265932
0.03040804893732227
-0.08593548759241515
15.468839099024501
-2.8470486114137706e-5
-7.355690275785171
-98.62424223699654
-16.489789065782215
0.16350204896185322
-19.411852475991985
-4.517989020126583e-7
-0.775567721813362
-0.04347229762854434
-16.295333244425752
-41.19129773447964
-14.741669382756566
-52.01278416665989
-83.07370756302828
-15.38609958272747
-9.825324977274992
-0.020545659754687584
-0.0021754074623020893
-26.19894350558677
-16.28479776291703
-24.85030254764505
0.04093065096693438
0.0749605050508914
2.539604469947162
14.023498789877051
0.44165536247365894
0.14396773956215214
2.949427687044255
-6.60757790910791e-6
-15.049002308565617
-14.591151654355182
-40.095242931549876
-0.1303204578845507
-5.930634570705168
-0.26957433855324076
-49.793296023230006
-16.161167968682598
-14.43929602626827
-0.12174941600609104
21.873162710550854
13.714853777167473
0.10922279044897985
-1.1171350367808772
-5.008030224878906
-3.6663424476078648
-1.7906851277849272
-0.0012520184315670565
-0.17789474733476163
-10.504417008948376
1.8104799131545857e-5
-0.10168017400596072
-1.2599241351677588
-3.2946569228342377
-65.13767988878985
-8.888254314028504
-1.6986249907416797
-85.18731068728103
-150.02104626910372
2.70187119451207
-10.123594484561162
-0.4977969624985984
-29.946258407828125
-28.618161073325847
-4.404442575463767
5.7331497801652
12.671059878986576
-0.00032314885049651587
0.008159303009213952
-0.0007799656388474968
-0.28567056004318303
0.2348502512770982
-2.272478017769277
-0.08581547675564465
80.39980314655504
42.89525322318798
72.00539031449573
25.27355403359317
68.510906675053
0.0003176140917161992
-0.024539122444112455
9.468207283116646
0.7723195752386623
2.968045918382796
2.8487479178027844
0.5383606911720208
-0.1626438793237642
2.485206340099182
-1.8434790392194864
-12.190761008708362
-0.003298429337298016
-0.06025173968208826
-5.718910935063715
-0.3510391050520746
-22.673059377177136
-16.283671077553322
-10.130281199911177
-28.331903685847077
-0.41662907945669475
-4.595674361002148
-1.790469973986222
-0.06308194441773599
-0.08068025937494289
5.938700569511993
5.992437337971799
2.3962879923002345
8.884289555842065
2.8898164944776936
3.6990114760686588
-9.254600524968802e-5
-0.005678044357713919
12.18990195246906
4.02477530736067
-0.19726339289653733
-0.9086360688307676
-0.6167517961486448
-2.638910301849208
-1.1747853825144927
-0.061255064461431905
7.868974130697115
12.691654497315877
35.95817125404972
-0.48639262854185217
0.04628512944517057
-29.355677188101225
-6.405439281483129
-12.185189895850733
-5.20339764357982
0.27722092141533594
0.1524473470699665
-0.4932897902297061
-13.24754243194917
-0.0005460273896181819
2.8515756691845153
-0.407347983644045
-13.133363033602377
-34.115449738758215
-0.10731365717778923
0.01192829145659301
4.751840203565691
32.17530192477191
14.106069967919176
1.8267849155924372
0.006764945349150447
-4.288214243905464
-0.030287579159483574
-1.1559356900803681
-5.065785369802381
-3.638325890339734
-0.7795785785568438
-0.28619961144266676
2.520704376428639
0.00578036931939322
0.12976797485171288
-9.502112119949432
-0.6433337214900237
-3.391132690016408
0.48784113437852045
1.5474207472975616
2.1166777636389162
4.044895368772972
0.868673445856465
-0.04513513555039903
0.011785188779432906
19.217976646801702
0.1829537472313014
34.772721223092695
0.5996046778577707
-0.0019287844480323066
-0.016892439701641372
20.594035534783504
1.6447486727137564
-1.31724411555908
-18.10014988140329
4.158076707190542
0.2800245693184743
0.24162767234736376
9.413827854682783
-0.11765951199675896
3.858204981266275
3.533755250555452
0.005372821379458702
-3.2141467174789995e-6
-3.0984832289390494
-2.095377552051259
0.10185270914727629
0.0866371888078346
2.592598667220904
-2.013781196479365
-15.623719747383133
-12.646766518171962
9.558167228559017e-5
-0.13758761339487766
-0.19764686812420362
6.550151475946243
-8.302695499910298
0.08812036427778185
4.849411899244275
-0.002511297805249343
0.02213406240683662
21.483977495691406
6.913987533830602
2.667182963564608
50.63540704120861
10.988759115194712
0.2998193551457494
-0.3124480967602696
0.03194521896392946
0.5768233608701041
-0.6749998288599547
3.48369745145899
0.0038537697730738744
0.004711087726054659
0.0726551558070078
-2.0016117508682703
-0.6800636267458311
-9.619357238340367
0.33214646106823786
0.8698324595179601
3.8892474594521764
-8.004810319976887
-0.007476120095471518
-8.183246171785054
-0.00016402343771415538
16.731867100191607
-0.03273771776304779
-11.435609173696095
-48.50314695112305
-15.465270705288322
-5.979800122880367
-0.1495333481179674
0.28137327659889166
0.0002293637485528168
0.007506214105503005
-5.605651144962634
-0.020259189857325884
-49.029194982646146
-0.9376201736513603
0.15291595904046948
0.24353136861057081
-8.353672152868018
0.10795231842249067
30.056621019402886
0.04361172171664811
-0.9198065976256454
-0.2292156032778495
-5.909969876939929
-3.210455887690396
0.3625577762871894
38.608582079488926
-5.592932739793742
-0.8327546693982667
-9.474409166315498
0.9202808899999797
0.5423182558469856
0.6440593089320873
1.4401363756816612
5.200766984625666
17.725987702750988
62.53539974093502
0.00031024675681911646
0.6594040614335738
-5.199299964789014
4.075066635631499
4.348830853508343
-2.5554746201699783
-4.144288188484054
-4.181407600435965
0.05597204007976925
-1.4905061554485017
0.4270365241178392
26.463735155365494
0.054593015597121326
-0.49163061117783136
-8.550595291380404
-4.912820969172346
-3.171677880072841
-5.904245556119579
0.0006321689612247825
0.24281539863320048
3.5799295205257815
24.84459470000133
54.23528852328552
25.361055305259345
50.92762355370949
21.235019275455727
13.37774862862594
56.511528967634845
49.95121604510628
243.46833472041266
48.47474645572568
142.84323944308804
45.156224847478185
5.872588333087219
0.034056659261024656
1.7378905026029092
16.8871675648113
64.7028658499719
83.49761483195174
81.62156067026689
214.24864924497902
140.908902067933
15.035953198210834
39.759332706164194
3.040914980081058
2.412245510805001
-0.150719198105011
-6.354218451504402
-0.6640584107199199
-2.594913555204483
-0.00991539027611822
-0.12373305388725166
-31.846791059488915
-0.03727240335716645
-0.3810572950600349
-2.4245829641376297
-1.1264229492475957
-2.6285228898953573e-6
-0.0936219706474437
28.744744278220722
16.773460267801255
0.2850740378384594
-0.13067558715179434
0.017647105748021568
-0.11566913406027397
-31.652691526139378
5.979810515634629e-5
-8.976351857164415
1.822642975400247
0.7350260197001985
-25.11404526999481
-0.46531523865437874
-0.08748824636388651
0.002863949847400987
-0.0054692492942100745
-24.803738017718036
-7.580572404912323
-1.2606906439031351
-51.785043354215176
-15.976085001080557
-2.102038235380643
0.058980735170392644
-4.378255742149802
-85.64414380908265
