-6.066680558924008
-2.216213520060249
4.4639741677912435
0.4112028096099287
1.0346811066725716
-61.42996429553988
-0.881056509905634
-0.9898729480734643
14.230899629446844
67.35443820846646
28.358339172033897
-0.08995560811036937
171.12620862987424
19.577186643652922
10.79873233331565
58.855843401576884
64.4195157883762
41.463479613930204
6.644654718960789
15.630914979871315
0.02880567332236288
0.00021697050802667057
-0.3475940486363901
-0.019412873307736778
0.009652650548739436
-59.917272241311174
-141.32837300186736
-20.132788741393878
-0.3468335427443001
0.027575549504189417
4.076969602924818
-68.09301207137582
-22.050440860089974
0.4911646315187117
-0.44960263609555007
-1.635536750643878
0.768600426519437
-0.27313231208427025
-6.88158252092326
-3.4667716994659172
-1.5226518138789595
-0.035633333711356636
-0.2419652569897507
3.0566301697895164
-18.137603159130908
-1.3014791571252997
-9.257496441111014
-0.19702742459883432
0.8887025194976855
-6.242155069645693
-3.3099650388931554
-46.81253539136209
-3.5126846151276556
-2.490447252388823
0.022955021993968993
-5.8108381173449936e-6
-10.005052124312268
-0.0031554462714028144
4.839043300787297
-0.35211673585850706
29.544318839921505
-0.014301161225282832
-9.139823740857814
0.0110079333265556
-0.8701406421392606
-12.156992339163246
-10.857522779030775
-35.87986793582053
-30.8351343917915
-5.022864965900164
-2.4984413835904706
1.489370766070942
0.031012264424403996
-1.5022562442642315
-0.2763951752042523
-0.283726998973978
217.7123814123778
213.9432450168062
1.723253586393344
1.2598031907681229
-1.636403578172621
-1.5700936298095463
-56.79334509072059
-0.2540604194427309
-8.856350286122929
19.741747770217643
0.012108111090608024
-0.02332756543652021
-6.019334382838179
0.0005934491507171117
2.093483822178959
0.4630349999285164
17.11468737922191
9.319720099908596e-5
0.055282749893080005
1.4575278223343546
44.66912403203021
1.8962359929183097
0.5840082616031202
5.750586984976355
9.72473873959853
-0.006800942370509198
-6.205483035765281
-15.451407645767311
-0.00609896914244985
1.2469008758679223
-7.677465037878929
1.6613050246067387
0.03660024882207545
0.03345610200934033
-21.43984367320599
-0.26503791381326924
1.175140010416179
-0.09814158060700198
13.420773030589688
22.0585142013036
0.8587250393582024
-2.937043440764578
-0.16841004902976597
4.563385550295788
0.4076010627598795
6.258236343013424
-0.4926182835594717
-5.7156176173409605
-17.071539884061895
-0.02909053029493801
19.209703102730384
7.9772397595922495
-5.950910481616621
-1.2194972960196941
0.5552157896788715
0.002609247210421236
-0.6030313497529701
0.44182096263036535
19.39415653406387
0.007369659994273142
3.7599249083364534
146.21199337187184
83.42789700792528
25.77709855884359
12.738328880804579
18.31958339041178
40.05172252335681
0.5472111093346941
-12.37380944645371
23.71593037470808
13.493813886351546
2.1939933998672494
0.04652918247451112
0.0285931663380109
0.5887582643443885
17.672422336380652
1.292122113972153
3.5400230014025174
-0.6893916345603384
-0.7400009145181797
-4.842048046412006
-0.10596063626715206
-0.012786323021483748
-3.9170846808933915
-4.0290106135620505
1.4118427631703674
-0.9327932897769252
-7.292344355728024
-25.373316161458227
20.469610792915223
1.3876377256027232
0.3688618033315682
2.249026451518728
8.363345393962675
0.05424396891383023
3.282432471272467
0.24667082224463163
0.0001048368442866909
-0.9288319222487506
-8.593008711848235
-3.7796928865694777
4.674471998899968e-5
0.35249552051724753
-0.0015649781643443596
-2.3917147499908933
-23.678279138384706
-42.902604053150064
-36.79258810564704
0.3736894189427925
-1.0505870714044407
-4.101490388169671
-13.421571017926107
-21.38984986436096
-5.572552415951394
-2.2628589244740773
-46.986725762898
-2.2204572005562127
0.004196979428477752
-67.85668126476662
-15.874739948490365
-3.8330021839704456
0.7480024465302477
0.348437504068408
6.625822061269228
16.687361382229795
12.744389097074144
-1.7775761704818431
-32.805283179275484
-2.8810265903863774
-6.75597336704361e-6
0.6607882277371093
31.71389876987365
13.13495535342168
95.2053762627449
19.7455719975543
0.026129576849961922
0.04085892855538388
-1.238380434152574
-9.981259200482981
0.007249972291351157
-1.3249831679329904
4.43243319974081
-2.899731749378265
-0.4441729168676189
0.00025412012752202494
-25.45835361523067
-108.31795944780717
-26.744359226195925
0.11120365137760775
34.08592286793215
4.478964482574224
13.545273886423004
5.0979531072034465
2.3704593563172165
9.206626235799943
9.916257180183315
2.92519337020204
8.18062617669327
12.169612695595216
0.1379640747429139
0.04424260922295425
0.5651998775626121
0.18693620887107756
-6.154208074602304
-10.270957999988104
-22.676654525430102
-1.6868195219330895
-39.419305958225735
-21.102137319855228
-2.005569543109342
-7.563156123543401
-2.6153047774143947
-54.57315599018998
-99.0895633969115
-10.540708354899609
3.958208807324831
-7.503487634356845
-1.5212693321819304
-30.382443597898526
-48.416559887474925
0.5122230604570349
-22.838228639914814
-49.684798857759304
-3.118097620073189
8.066793847461739
42.91618212480649
0.413911789537915
-11.779386394717124
-0.19195471723700772
-0.5254165961181727
-10.400943358274283
-42.81352438404371
-27.754883333213268
-3.432364284801106
-1.102563482533752
-3.1565141364589646
-1.1834136312559456
-5.936192637399748
-5.928886262461653
-3.1180882137108963
-2.9199991820602804
6.6709950130017335
6.477533132053165
1.0254555291384235
4.779334264737374
8.168816561547851
6.033223105655101
23.83285623585507
16.82748386864544
1.988360094581678
-0.9978877858281214
-4.659541609142042
-0.23857822687268657
1.4939461567948769
0.04413901519010489
-0.30443999973711705
-4.521147936065394
-48.909733544557994
-64.61563413403806
-2.0264727972154355
-14.627438543770026
0.01679024090035422
-0.9057585435608547
-0.000306596044315627
0.0008013991695968255
-0.6081887742742907
1.6469152692346678
0.21887948729014386
20.607922762259193
0.7598523468305743
4.237492444310655
-18.52598327825074
-14.033063315688612
14.437993515688142
15.955677055662921
0.2743070331699798
-0.29967803589084274
17.23722619893264
-0.5546065359820727
37.26167072933577
41.11080145253309
3.3798228182665433
8.59961177491965
0.12122727935808814
1.540947886132007
0.320025686877086
0.08000502707521882
-1.3469962449541633
0.07376410746986217
-0.09246402010082815
0.1300666798120581
30.39592030943709
52.29743917587022
4.596322155124183
7.793363465222601
14.555938830486793
4.656133539750808
53.290891184905504
0.354806492107144
-0.3417894093439487
-2.1415783504512036
-7.004438515613149
-29.23595531800954
-1.1259149086050013
-26.50972846950285
-1.682372305592124
-1.0026152164636757
-0.003956647669805653
-10.740622639351534
-0.9214397903845342
0.07180522024550297
44.88729105844872
-6.33813392518704e-5
0.13984408155750336
64.99212413145345
-3.2325195476787907
7.124815882786495
1.7684079953685736
1.7099588784848783
19.003932849198534
-0.9293150398128533
-1.458803128025412e-5
-12.75375414300879
-23.45342293952678
-21.19578561750665
-1.164295286705181
2.8768746759884984
0.14104677301938204
0.2742482274314464
0.002781498869313837
43.186411344203876
57.785398351777495
94.88349481357601
100.81243553513006
89.07204432114374
193.51747464230692
191.28648383230365
111.74900201407638
72.96401311023546
51.426793409467464
82.11767990453917
30.53910647420386
0.011007857322591751
17.533537390430652
26.569457006978197
80.76266079419973
51.983801452473955
96.14384287614867
6.209416899858478
53.412630647857235
128.85238023602915
70.40672224776142
0.07807045126137206
-0.43149531452666356
-0.49941079360134394
-5.061149779989909
-0.36372098404014286
-37.1873682357911
-3.282375882061348
-26.001966014614062
-4.429406631375721
-2.323276145792022
-8.073158815015846
-2.761105554005576
-0.6192011424305153
-0.20819689346998768
-9.492358070356103
-66.90661016560347
-28.16535664828639
-11.945200311642576
-0.0886635037433395
-43.783189179313304
-75.77156843465322
-0.015569165857782674
-0.06559074433745395
0.12786211736177305
-5.053925500722365
-1.6749537896008209
4.350011423799275
5.037890265565192
0.2517384930051494
-0.0069916896363182756
-13.110222245810968
-2.0313751305029153
-0.004276272477687637
-1.0082787352333322
1.5412966667167276
-0.16149362299956063
0.04070810796079678
1.5170906942559848
-25.64436763911713
-0.2074383760955017
-4.246404186662602
-2.180382351827302
-1.8331188269104124
-0.0013289531713986294
0.0025146698297089966
-46.93831163427802
-8.286125473836082
-0.0027645448355065787
-1.6763696084829902
-2.7285029849885574e-6
8.620364160451775
2.0718778532244784
0.034672390705356985
-1.5749249592504833
-18.88572791590214
-4.186654642092626
-2.3796665067483
-12.581946488354559
0.1438573648211338
-1.5279974413795037
-0.009437436346712224
-82.33899588149232
-1.0141476694148646
1.3977420793768738
0.08530827506480822
-0.03807510871146872
-6.944584238040629
-17.62609541232188
-0.265032144776983
-4.810729878927321
0.010562258689987381
-3.8282167603257453
-0.07423621329393172
-17.188872508721165
-32.49075600301641
-15.90081131861005
-0.4820156924349598
0.8983543601242141
3.9884336056395804
0.006222869980199257
27.88085539765158
503.78741005145764
199.3480186105094
84.4411644339546
144.24445489660872
56.53053717240536
38.705834529274156
10.083790156564532
1.6568806108029324
-15.74840402202948
-53.335377022876536
-0.04371546618258345
-2.281003279820735
-0.05426122572798891
0.5260939286065952
0.5848521376748473
17.030310224612702
120.74649980742834
64.43718897847737
6.703514272609467
8.634662761515354
4.040147092219038
-21.383988568501167
-1.176766481498208
-0.0662669733815178
-5.5777875458237
-1.0704141217922583
-13.704560375205538
-0.006308022335025082
17.684066616141266
82.82836862381293
77.07264674744849
36.98762952795622
74.19436035315418
0.338876729891363
1.284020509478299
-0.0015075967363669398
2.346005242165588
-0.951492369823242
-11.292401265894062
-0.4689661914868227
0.1300981238064648
-6.313971129563217
-19.452598990022818
0.17636843428850352
0.06375429878880054
-1.3939023256185459
-9.746319200874575
1.607792263522336
-0.2701488802805326
0.294472808684449
-1.9969825674807693
-19.36618528507815
-0.015647521399096153
-22.47632226408275
-9.073364666505357
-12.01367976427221
-11.574113994899788
-7.20202829094633
-0.3861295574017416
0.08631958634278919
0.08771617233593292
68.31121950797845
0.08593051541407246
-0.06392362859305004
-1.215278332941023
-57.90853824444229
-118.09080117359944
-36.34061125095977
1.0925944647936006
-2.1693542826709025
-47.440131953657726
-62.86798113301305
-27.123008373474043
-6.326662864063976
0.016740662201106433
-0.7160151090064619
0.09465055402210171
4.965901256905057
-0.20833782500166773
-0.02484917292048517
-2.426636327257314
-0.17812287624608836
2.7856378100548946
55.0597176037696
171.78345975378213
21.87001967726069
0.07767989744597824
8.017194916611215
-9.344480691652912
-0.13777686781476225
20.990305485521752
-5.562261253137696
-3.060532877258022
-1.5649918883087524
-1.7477075722032163
-0.41090220774797587
0.007193298485154528
0.34627255966884823
3.4572762659362146
-0.6325498668304321
0.008156536708087863
-0.005924908169957113
4.943166124822389
1.5710637868896573
-0.5960643984033395
-0.03598486970343144
-0.08723795051254056
-5.076904772384489
-9.712942331202331
-0.5269323055881231
4.82508607719764
-3.19138177168277
-4.0003470866587705
-17.79423546442882
-6.608319170376778
-0.11185707789761612
-0.032539607933674095
-0.30519274061848123
-12.803613402030196
-0.006832059589797101
-20.399672662169706
-0.043173328656415794
-15.98879311943277
-8.563515036581757
-43.010731891822054
-7.722268035978371
-0.0005967665738656507
-0.004771604351582572
-16.77112437222702
-10.886264733509
-3.0895999338889326
-3.10299541717307
3.49186902059573
18.186734662801175
13.845692704848982
1.088368293375826
-7.627434555611463
0.24470864329274533
0.06334679770103596
0.9502520008656495
-5.9401302519796335
-0.4351267835844224
-0.0011628311337888717
13.428198563728719
0.31509506645649754
8.976037257445798
0.0004965091793577171
-0.37287813365894057
-0.014961213547880617
-6.0368198699421916
-5.173055409850897
-35.993951529645535
-6.535895265166626
-0.887292304059687
-5.744091632189646
-30.51485451187451
-9.254811654281214
-0.012472131337002784
-2.606439390581072
-4.448011812864369
-6.310712099190132
-3.9381989874833647
-1.2134103303337223
-0.25711438291509275
0.18577655986897262
57.31036152334014
95.43173080989048
27.786917872086715
8.94919545892838
0.7675622141905004
0.5238799148258166
4.8224845031821255
2.5202569655842493
-0.01075654398857248
0.6697116820106843
4.602507677725698
-8.205765933749978
-0.19880818028257993
0.28975613443484327
-1.0608634456903507
-0.8906884232326682
-12.072265487380376
-2.659664611176915
-7.340409867981179
-11.458242923206152
8.48998602779338
5.642093076853862
-6.138031356842365
-44.00029296598359
-18.538103422028346
0.006805046300905335
-2.8239163586538396
-9.202710487833924
-1.242744186488399
0.03160269240721232
-21.163692820357085
-5.176418729480227
-8.739205350579468
-0.7998043082092802
-3.422034854002259e-5
-0.23776265362065413
0.38565067827793
-6.041041958270713
-23.380523765138825
-0.05045962818147307
-11.79477763483811
-17.726507977803973
-4.91797052243386
-2.346893657469218
0.7526029862433401
15.614234237121789
1.398616156461674
-0.5757390132530464
-0.0068756551137813555
-0.06293089150711013
21.50193516819236
43.92097350210905
14.81621562565094
46.30915379899982
2.384543792930562
0.40669556057488987
9.608470510341471
36.837048661149765
24.79600224520751
96.28467340887777
0.040367304031539736
-36.13900671229479
-0.010984462148323286
0.009155034926751104
-2.123025191000798
-2.670619510394243
-0.01712883375940944
0.10973468989030408
-4.34435375597356
8.420134535614688
-0.00014639682474751765
1.5223683669719297
-15.394672514921883
-36.6306847320646
-1.0384090401739785
-31.171420726690073
-15.274963376652043
-12.496161453134793
-53.30037247421236
-0.06002901291559064
0.49682501913268906
0.7194789942393962
0.23595240445529517
-2.159412991287769
9.466852961222623
0.02955768753341533
-0.0869027343372569
61.72580570272929
37.28726938556265
-1.4681376049708887
0.1864836667485743
30.161676190919955
102.69877293185172
3.577104513062287
1.083524658647919
0.0015750981609109153
-5.114580358993917
-4.059003160576459
-4.0530521635208405
-18.569956642364488
-0.842751528625906
-8.948241901998781
-1.20231620710547
-21.411972316375138
-4.4350449321645025
-21.399997426500477
-6.855633562345149
0.015622034397230344
-17.565953460467213
-1.6450867096125867
-0.8633494114085412
-2.911098379439037
2.3708727757996955
1.8386949202656702
-0.0011295816379770771
0.037120423750717065
0.9373731336372119
-0.026475191802576556
-36.40978529052355
-0.0020428029850964847
0.030015234358287412
-0.13435437383714569
-0.8217399131515907
8.305789610902345
0.010598791232078434
-47.506126668971305
0.3476135624974929
0.09781173571550564
0.12513572882425547
-37.763425745976484
0.0029251705057427176
0.2123181336905487
15.662710101673698
1.1002691962022029
-16.006431217224137
-1.495109946838119
-3.7980851267616504
0.08549806859354564
-0.5053398145978473
-0.0010894897732193268
0.463589767797291
0.03626942181793314
-0.1309270338564925
-26.97504937110124
-5.572213015824484
-3.7233006135050335
-6.410110089377282
7.4747813146153534
1.2770588909909522
-2.370779727239406
-4.831456402824909
-0.4996975849674904
-1.5351168481661472
-0.32743430624239456
-38.72793731264741
-0.8205292412988294
-0.03471517810499697
-0.8249424359040177
6.762907852908621
0.05994630857025968
-3.6104925845846148
-2.399726743289159
3.0647836451547246
-3.2892208848445748
0.5131298925257554
3.106201887395798
0.11890559987215062
9.983337928918564
0.37487542016919273
17.413676020782823
112.94975086361342
162.6339851517327
131.77442052087648
20.945453565332958
32.21504735166771
0.5778133154386396
9.414781513693748
0.4850415029334788
-0.384314518221735
-2.662790088298576
0.02112136235811793
0.6499193231931352
12.156109053273964
0.8877460972773678
0.04484266178501705
0.17503349230005352
-0.23257484931819528
0.0625399520648523
-2.3809712408577295
-1.992987975947214
0.06545027829902883
69.5044848336228
76.34706210704914
36.17529873756885
12.596879148662591
0.04447615333401303
11.473020215743924
2.347947030400294
6.735518646154077
0.2196970334559719
10.13957575760724
0.03734018401241074
-6.067642605547884
-156.99376131084384
-0.1735720064829031
-0.13131112404819814
5.398573528481517e-5
-0.058200938824641564
-54.461790689718
-2.842475014718329
1.676560863343193
21.58501618256703
51.36609795394655
0.00010110475169658441
-17.22751324007228
0.0018883442149630122
-13.459244297514996
-14.355872948972479
-6.785258080578307e-5
-0.09026314055357844
-1.6765006464377066
-13.314147266424843
-0.02714527716436659
-2.01853677971958
-0.0027621738680703536
0.21291216210812344
-2.3599153115794412e-5
-0.0016172611780381168
2.6279798926930455
16.378559659665203
-0.16405503292952142
-7.309639345573226
-36.77791281004603
-0.15349164328008513
7.307382221379155
-0.005288918190455808
-0.003282947893823246
0.9560428476249303
7.4282556111463345
0.0005050111118046317
0.1266918314693786
-10.491117689903659
-0.2948352214971552
-11.234285385740312
-1.9595605660065907
-5.468402519921402
-0.07471464235295922
-0.22414744816588675
0.00019609558704181164
0.00027405770845588344
6.768863734390381
-6.570368263335013
-33.95544035386374
-6.421676915344111
-45.95822791539656
-0.08197903130876492
34.39467710418902
0.05492959660494109
0.4751572613959207
1.1081700683003708
-0.5993211383882462
-3.979170742491901
-1.3145384518405705
0.00020695995737091764
-0.007408349056380049
-0.2703995825681759
-9.435999183001138
-38.48959641715112
-52.74223143981258
-0.31583077975463064
2.7264352593651138
3.5119319257949138
-0.9191573336205517
-0.7676252837020322
-83.63271373027543
-3.7703567699412526
-18.012806027812413
-5.77311074073303
-4.837945967122109
0.052091994624577295
0.007055675731795659
3.035656302624368
0.46677471289585953
-4.761374233615143
-1.4088705852210488
0.7121838529622835
-0.9256652248225716
-8.155519263748651
-21.362718043951666
4.405464232591969
0.2793265413878338
-35.28770153726343
-9.092808571351188
-0.5486891524116619
0.4948072215285744
3.605526213637788
-4.5916858207665365
-0.6643458270692113
-55.57440460224795
-46.05555548304112
-0.6133037478642213
-18.635985763219374
-1.4889912993997483
-9.471124392750623
-4.60840178677258
-8.098462057630414
4.473653611299927
-0.07335393563638226
-0.9398934229012137
4.365182898605188e-7
1.1131265724881927
-6.783573342468298e-5
0.06989160069574632
4.816140503263474
-0.052646892088882916
-2.0361660947638685
0.009303824187067093
-66.66215659212503
-34.36273700965891
-3.249956245894053
-0.48427282180771203
1.2111929712157306
3.8297491176479537
1.7128790185908929
-0.16147207503572178
-6.242344212609441
-6.302955343436613
0.2539465842738346
-0.5098997872792023
-17.895816459151526
0.061938387096780075
-8.121687397149461
-0.08387821229570207
0.1721401874211983
-0.033312894509028246
-0.00020424374963121832
-0.13907552334413575
7.438687512524131
4.771116982304997
-1.4626114526481155
1.347803438603887
80.3352828471856
46.471113658244256
0.28244295889912713
5.7759356155649915
0.2238744578573584
28.643674861050393
-0.18439939286272383
-1.1164047143221376
-12.558552717624847
0.013088983137955285
-0.651486948451382
-2.846346150426022
-11.825281546861314
8.497901443363059
6.004848647944071
-0.19709354834520035
-0.07245126882125862
7.913548907205284
8.787219328621607
-0.5432095844515863
-19.356272936088985
-0.04122624754958233
12.461904773624694
2.70155311694559
29.915884611065643
39.37765691547696
89.99454108222395
14.71092183828047
0.9154208802167159
-0.46042742686146254
-0.0003022218014896382
1.2421303591461663
0.3330878661625859
0.036241438227911794
-25.781987564627766
0.11177574732011349
-0.10416329546474476
0.015127238384076253
-4.172818787895092
0.026533992030530282
1.637436220517012
23.190146107116348
0.4529436675936094
0.8590013817421167
-13.944110859496373
-5.468986036906529
-0.004366131219543857
-2.3733050306562484
-0.2318421422757571
-0.1310619886666036
16.163809269820085
-1.0924069696234395
1.245327293111706
-1.4854104041935625
-0.1831931241902986
-0.0004259944581562104
-10.065054513406006
-0.0009955665770387688
-3.248667236842096
-1.1444185249924461
-0.08714049615994451
-3.455382110074737
-28.723190802775534
-0.02140251285521957
-2.5219191933676197
-11.5244903751577
0.2605049005630016
-0.0046506648469163015
-8.782440967271638
0.0002517959639045512
-14.91645777302671
3.457959397783203
0.9205345649062933
6.1084428243369215
1.9126594825147785
-4.135644833027063
0.9123648230555039
-0.4238487345602502
1.6969633125268986
-11.295057782519656
0.518760589243943
0.01131486322719664
-4.353032698141959
-7.425033346357905
-0.08111092422392063
-0.4086417043534089
11.374173720060233
0.746516617695763
12.357095420817156
4.582846870442776
-25.917183307015847
-1.4106962866637087
-6.604757892411113
-7.651169980382166
5.458134281615898
3.444811412249328
-0.7234204072578684
-15.20372998563146
0.00921403556030552
1.5748625313219253
0.0732148311497726
-0.05818018361569021
-0.042168448547013744
0.549853878164449
0.8335312792964852
-0.38603650246228083
3.9951533183411376
11.421640837341378
178.93675120234872
98.67580238900568
2.6608199127385275
-1.6547385584748606
-1.6542396994348798
2.7191156401728462
5.657445510472407
53.3963042180601
-11.561497765070328
-27.160999117793608
-0.0027097389779537013
-0.4999626714659015
-24.37260949135387
-0.2585024813424419
14.677435956952412
0.42201280240311617
-0.980675868233628
2.428337752183842
2.9523697543979694
3.4721280442964035
1.1433947710209591e-6
-0.6155258651644162
1.1660126744844659
-27.73198831483712
-0.8417373545591503
-0.4533636094950512
1.5557966661236655
3.707342332323675
1.4820964494725584
3.8419696997928416
1.9624654526362357
5.979467440844291
7.904700449103225
32.40114603436702
108.02803558062654
106.37271631411895
-0.35951420914111293
0.07322000878329979
0.8599334922456603
0.11366304623976227
0.0006820368376435185
8.380973343614443
9.247505375052155
12.782990038628965
0.16114159861003277
0.5689179974291192
5.246198333444856
32.52234238438621
0.0916763035174565
-0.6548941601504016
-9.686152699720374
-7.3060222478670385
-17.492381187374942
-0.009714728843755929
4.296975161762362
-1.2055190407463334
4.036040693213621
-11.76318005370587
-13.66511894242759
-18.64726650312072
-0.0015873789039604087
-0.18893458819899905
2.1107106843806785e-5
-0.006756629747450062
12.13555451343549
-0.38086828090270725
-0.889406683914436
-0.14910266844469813
-0.08113991320172537
-19.79794889546794
-4.509308896220928
-0.13496353978835146
-0.00012175207550539725
1.1414954212221418
-0.36523443240049286
0.5282446696774119
4.81859294233407
0.15210873737224134
0.1538051898925371
46.18433026444675
-1.1358845465714955
-0.5986509263517924
-37.29804345165458
-0.053963075094427826
-11.547214051046964
-11.187204371736918
0.022796590180711458
-4.830640042371858
0.010686730346445095
-13.0775808654454
-0.22890765634423457
-2.00564312308839
-1.09069936579003
-2.4838912793951096
-41.73072666055064
0.297461303480399
-3.6549185029878357
5.924430488697746
-0.5473169656772111
-2.5234443446910544
-3.6206214303571516
-0.05086969540165857
-7.184846844620566
-0.3712204948255734
-6.0572879035745455
-31.69633365340641
-5.046172482322032
-63.210378288777164
-8.01799958272306
-18.14793591961626
-16.022137614936128
-1.7580229662869338
-38.64529038218765
-1.2477755242699715
-20.217507718228237
0.522898232126656
1.7943926473056573
-0.0036008720844799627
-0.791554312692375
2.363730989052769
58.43661223259361
0.5935635878327582
41.50720025601728
21.33779199945851
5.795263934421251
-0.015235542806236525
-5.485938656222308
0.1824575941570054
0.7884420026340847
114.0412435701208
78.56442599185884
55.01637013287081
5.7127735051406985
35.75843158048686
26.443335858601333
16.510788446275615
11.356404020739232
0.004683550327988615
-0.05429411125172262
-0.32878684078905906
3.1313217906058335
-3.738696148354996
-15.349012436461905
-6.019328091564238
-0.8852959217525674
-0.09204442210335247
0.2561247128824375
22.284712697534633
5.761858932962475
57.244619078417244
373.11397859009713
79.08448192785278
7.5915110878450145
40.50447908500837
3.6174198432305897
3.5864812711630805
4.139563687261122
2.2786409469329108e-5
0.09084292937744395
0.3599890056447207
0.3329384506480456
-0.8297455070477057
-0.0006469676368644576
-3.5987616055081952
-38.57742152076001
-4.487108764325687
-72.91710564633962
-16.56016235975222
-2.254744056088715
0.00840928882613669
-5.888044825542645
0.00040421718199458467
-0.6664272596766048
-0.01732457029962641
-0.01766025222784859
7.252899417008339
47.77086493970565
0.2537430106940658
99.71492944465754
47.277730027029456
10.627909752448554
7.877007355337144
-0.004051642169068005
-0.2600382545349138
2.208151386154533
5.110533280581047
0.6830238784717638
34.61004342568095
19.971399632928023
7.863054308553021
8.584043090564592
74.8997293739519
11.55100542630379
0.1399390414080749
-0.019358898972001045
4.388053420981571
2.371917163755048
0.10623159968478747
-0.0007992659727038999
0.2898721900960242
-0.14801411675398843
0.0030425071410557698
-0.010666270529659154
-10.410006479571596
-0.21092700863682545
-5.407106509613005
-0.319404122669113
-0.006104269126428491
3.77203472244829
4.57906534311977
0.0011232011005716744
-0.04677453645224828
-7.631382460466266e-5
0.6664586352945118
-0.013962258794446672
24.626991413576597
0.012532298781054588
4.194774560219391
1.2127008331401132
-2.7083470337341526
0.04064950309759298
0.1182905459693256
-0.6089838684147869
-0.015297146401988714
-0.0007894392193641838
1.8859332183567181
2.815389087864681
-0.014187122206316847
-0.0033098000299066088
-4.222545077939643
-5.149174252027023
-4.528304947308171
21.185055508858017
5.6605886767184215
582.8871049679917
179.39495096032414
164.3660385586629
6.718616505337938
-0.0014969487291776442
0.011530734376504974
-39.553745264491276
-0.3484553379028027
-0.3089598293312186
0.2585127405612499
-6.5530479775061945
-2.673983308671014
2.8560278453811883
1.60978301202136
0.008084324179145218
0.06445125637212759
12.731568052883613
0.26736553770252286
-21.475717630398268
-10.696284856482896
-39.08116143165
-34.20895076053199
-3.2402493165881885
-2.0446299233919336
-0.29707990553907704
31.853887167054964
0.4956637574390832
-0.6604393483286092
-5.611092768989816
-2.0768447311321037
0.9040599012777863
4.031495872728719
5.107309870740054
78.71893881349577
4.651749427647478
-9.445443707060031
-0.34880241209852225
-0.3508265578229841
0.2833089256119241
29.39941560679619
85.1573431349512
0.2857513847848903
-0.07981631959806393
-0.000990606337684433
-2.167644548305956
-2.152593162674822
-14.420781422893555
-10.961916261722697
-1.9321646045471053
-0.006503488429153327
0.24726629878352288
0.01195115967319084
0.0011027803130738048
-2.002923847298554
0.014510945345652006
0.5019518127671855
17.56708578444516
0.6727484377075414
1.0228315747827645
8.841128640152613
0.0002829801931006064
-0.9884821702765572
-0.010764445612331752
-3.210080023181522
-0.17296337521088923
-57.51412026880123
-0.10374839528279259
0.001814421043071189
-0.11419962994977548
0.0021775960360456256
9.63275155823535e-7
0.009624920383402917
-0.0018504484720190811
3.747491956920472
0.7322261390566254
10.069182908270609
0.022235781546471375
0.0005828711492477812
0.8144512121693939
1.6883376655893627
-0.5883926432030954
-31.896977282234047
-9.351667945175558
-9.947517292788742
-0.19352995757201585
0.19171813400451257
-1.095556537600953
-23.478635839184765
5.852381186639872e-5
6.18919683113995
0.7192556647620612
-2.493415874044268
1.1960386684400166
20.587771668997327
12.920074353636608
-1.258534582733332
-17.601901560853758
-0.7328603859584948
0.6775939216884221
-2.3805010562854694
-34.23295151586871
-6.707484908663988
-2.673257325328028
-2.632340648791806
-0.12956665778411686
49.59631004382432
-2.1813289131265255e-5
-0.007815100505567815
-7.828391287309745
-0.10147270286134555
-0.47644097235666344
-0.6153276413833758
-0.0004052304214795763
-1.7507462788460777
0.4601118747202396
-19.162830794812265
-21.801025223947047
-1.0232436124686215
-46.429222186977114
5.238099129192822
8.680996560693188
-3.790727786352186
-26.071131174393123
-67.0829312845917
-27.12621619682175
-0.7899376266864917
-1.956904938002013
-0.12844193822152677
-78.57654462418665
-1.4958852219928738
-2.3286808262878447
-27.17090358515456
6.66202663245752
36.40271264923962
-3.482777360919992
-0.9458650216266709
-5.733257999757064
-0.06542647679565841
0.000870530241372037
0.01292218487784814
2.1370968583999335
-0.044945422618654786
10.77049393533526
-15.690088452098975
-0.07240594448016309
-1.5111194899551041
-13.755760606290268
-0.3651366598133677
1.7130222649719262
2.7543031126067716
-5.150878900567608
0.9400708622941716
0.44970702108866184
-3.429643242831554
-0.7835204542592983
-11.62139027972363
-2.4316563192628284
-2.6287680780993483
1.5839758033303526
0.05558478972181435
0.04716792377637816
30.7139832735958
20.27705467076754
0.10898100664496561
-0.0004289244647324398
1.1967790975334303
-0.3855273264495225
0.9677676352486997
45.518684645099846
0.8953398593572008
0.014386801618760317
-1.8638490540469284
-9.819175846224098
-12.211529838704998
-0.06791849793980137
0.6992035607268569
-50.344531154509795
-0.30407968498828203
-4.9078401840738035
4.364301950676279
-0.002189392725321731
-4.655279725796721
-2.0278781128756678
-4.226649634855287
-7.682727081552025
-8.465798400934242
0.009805102241925557
26.382590872610134
7.130640254451896
87.4357879084183
42.68931343474019
0.0656933773243522
2.34566304210408
6.2837388371579115
0.5914663668407051
-1.0861254408959995
-66.17892670594907
-50.84657677442806
-34.64049673062399
-6.730305261706011
-7.80455753168085
0.33979891213332153
-1.9113972777010404
-0.009942530719779508
22.23876517485597
2.0964733480883706
8.030188535185234
1.6608520470962107
16.445736125290125
0.06001749860745214
-7.129027002794017
-0.7246565231520566
1.7814684260441736e-11
32.323101451809954
45.68017441080658
32.71850405794014
143.63411165552782
138.58944076175982
628.9523615230756
162.21035971366982
146.02613661289246
0.22738132368210223
-0.12851336345534387
-0.021659437144624462
-0.0023022146029088447
-2.070835371506993
0.0491789196996064
0.06080798078177557
-0.05766395189960606
-1.156171457542605
-3.431587540518516e-9
-0.8782741292349565
-21.495065620527274
-64.84335055339332
17.391360965261082
57.203196928207966
125.34915402218626
80.71287049804843
96.0631779025208
0.7228109655694708
5.425763095697076
0.5740600663240667
-0.7812410001406377
0.13317226744911864
1.7147680754113521
1.2632474729945309
15.519537634057059
-13.188558882721914
-7.06121585103862
-5.131358081123737
0.0859271478186615
-0.030299549838664598
-0.5328127556020238
0.8582946094550289
1.596832164303369
0.0002222197792077129
10.952199233153335
-0.1060825897007471
43.03691425990314
4.065078299565819
-15.149418352339612
-52.93639883728863
-96.48635578738347
-188.25749563657666
-14.204512962718928
-49.16493090704186
-3.1751384140509695
-17.828045076559967
-87.99510627787289
-70.72943033296418
-79.74651095538258
-3.2480700775821885
-3.5546820113617668
-12.210421758849007
-0.19040641988993412
-7.604904576706865
-0.09161983560166649
0.1259038130190034
0.11624856989770495
-2.976718507110102
-17.597614682653425
-24.58560774089344
-4.307202914684462
-74.94672411534124
-9.194229291307884
0.0035275269079827714
-1.2080312877755595e-6
-4.722351013476806
8.614085577693341
0.008359520215641424
0.003647235290501468
7.020932293553909
0.9029384061268676
54.541877909270475
9.571274273534376
-0.022394596590374946
0.35053956539329595
-24.89945611562379
27.61802167858702
-0.012379931018397147
-2.225992354082747
-2.792211211808749
-0.2988301049899148
-3.979305527170593
3.173206216941719e-10
0.03168435007558871
-1.5331122771888785
0.042749044144139665
0.001339955359908164
-7.61444311414959
-8.5003804720074
-2.3085357064629246
-3.076608127683908e-6
-5.252322168581094
-18.11980671560352
0.2322063569614211
-0.26775499422350374
2.5478197686503172
-6.137987820826052
-1.3102346871154091
-11.13856643346289
-2.7769647072270525
7.532884667028818
-0.04258913386724999
0.30278184379142237
17.10147776642408
58.40051336019897
6.0535181844741395
17.287363575731934
1.3504791950515975
-0.31887923811749985
-0.26836954490787407
4.628741782803693
1.5482856217382828
2.8961656994286082
0.0959221860266189
0.19080403637627538
-0.017020757126590447
-10.382533105890227
-3.2466208504221927
-2.524722372542942
-0.2627735223031419
1.9815385187423937
3.3476548984300454
-0.029465657605798744
-20.762218583159033
-6.212792203677017
-0.6614173795103772
-17.41283587456106
0.22433064314345277
-3.4667306805400133
-17.21732752421335
-31.649833167099967
-16.3013482250423
-7.406865963227362
0.05472269340368927
1.353910422807282
10.285469343229348
31.590306877771322
29.913418238648323
3.4141219676435157
-0.0441760213054642
2.934274594369929e-7
0.025446870672406585
-0.011184831184688078
0.5224789540527681
0.04909821991542188
-0.042600207243227065
-0.6067670377673928
-0.4801424960201273
1.1513823249247652
18.705113964654352
-0.6490321959064854
0.09350695265646632
0.35951605682886156
-23.24335638361411
-1.9157027192676361
-0.027738499711386005
-21.15488941493674
-9.304479106954652
3.4330103017411937
-0.41754053334303765
0.000935648916392995
0.5179874560948844
7.179990160259928
-2.41744526577005
-5.33267624677873
-3.265346946872453
-2.6557381913169444
-0.15079068303766252
0.0032317362270900185
31.57494645084039
-0.136987748533025
-1.6204878614444016
8.821899482361676
17.59029514122093
-1.1883709953797004e-6
9.012107201134501
-0.2446102460106745
0.005831723618816242
-1.5243062899245685
2.766565403554395
41.637072302373035
5.968175573334155
4.988629242958838
45.23237166601819
155.1837628961559
320.64768498079667
182.05541199993246
22.12689934895103
102.51989200673121
4.757089889476246
14.559834278410406
24.20291117272817
2.000556011336374
-0.03988477907813228
-0.7129129816305646
-0.29033720664676843
-38.45905119512446
-15.764142883605304
-3.726088851889941e-7
-13.902186656260671
-0.05601492456237209
-6.32636709544705
-1.2670661619507284
-0.028200967210286924
-4.8152315555474825
-5.787114200963762
0.015828840658983333
52.41329837237595
175.042926551733
-0.3303056276129061
-5.539405073380979
-0.13989735295348837
0.00026193973142442373
-2.164481677907038
-37.934711669026115
-7.733549667990709
-20.1852561790193
-0.6614109902839019
-0.00016643469071761182
0.289124558098733
-30.30552678519613
0.02054907240807549
-0.6084162992821343
-0.6271554662148536
2.890325015254042
4.900126191112787
1.2540851596750622
15.933286271878929
-0.4315945005499937
3.102222425392447
8.356025195547113
6.7284056910836405
3.4892554022838227
8.73581730100875
133.1128288218863
278.8610180239913
362.2030766350209
58.87041136890545
55.83347786752852
0.0015785348305392523
34.84137497642578
0.10243729034665314
0.34213083702738983
0.013378598646679453
17.574766345357776
-0.03805747789791908
-0.2681163794542697
-0.003909350266070965
2.0386615492259477
7.59451850712466
29.61314033943617
0.6350976526832564
-2.2063080928789846e-5
-5.075465861455386
-12.84800587903446
-0.4312040637644822
-59.62148530318403
-28.65075103258673
-0.28539438405282963
5.859394790399993
63.51295188457513
1.864173160940732
5.850311676054807
2.364738509358596
0.22862453848859346
1.0042151609766485
-4.368181884502246
-1.0190420671187361
-0.8682170451430279
4.553647816563136
-0.14240590229500577
0.017774201921057893
18.03050359830655
10.408123107897486
0.0003487018559045207
0.057596145885619565
7.840582124007328
166.46793624867024
0.004958838245397515
-0.009896681221178425
-0.225191855448127
-3.406823210307531
-59.88601744922269
-1.1097941257263435
-1.498556477176392
2.736082143846159
0.5617874277022166
3.4687785307634638
-0.054924934649355786
3.1544881897769548
18.257754468753422
4.3708078628733205
-0.1790077122276407
0.0008137527899877439
21.944748554840988
-0.9484579428394972
0.00024641751869790453
1.2325206020729425
2.8880169390130663
2.0018200144423877
0.32491661230001634
-0.016604764543715768
-6.539664511893061
-0.1647997083690606
-42.550089639214086
-5.433349457537194
-15.386616120681856
-4.9067487272618
0.03764345993666552
-0.06574710795907102
12.044954539449712
0.014935649885819077
43.77908836688163
-9.655435232184056e-10
-0.09837103939738763
0.6813177426856478
30.70766368965562
1.3785651271988393
0.7997428284110549
-0.016182804054292645
-0.4172609134520367
-7.282287537386201
-1.1218403985731242
0.685472090814231
-0.027237876426598227
-28.444070397755656
-28.361756000966135
-0.5324943031432985
0.012046195339936823
-10.030092794525554
0.8438038022719565
0.004527371129191601
0.17880119569416295
7.989704976146351
4.9345442690056185
9.189814486068288
3.328187465080066
0.2962765043748921
0.4238987880025437
14.428431605558309
-1.520612484557662
-9.800610037520498
-0.1756220809570797
-0.5550201219250896
1.4223075821721032
-17.334749180090814
-21.21400351013979
1.1949633832588018
-3.7450964983756885e-5
0.3563020593281287
1.952541227037984
-1.3980544597664835
-14.352131113792222
-0.8602492886591897
1.2328068618876027
15.980223178707003
74.52207910011909
91.99287752686168
73.78300351943513
6.28708241798534e-5
8.360939787763007
13.838515728229325
40.35300970999133
164.76338104223888
34.81014796146136
36.91809647894753
42.812920682647224
7.535895046215614
-1.0576751669511721
2.68019328859916
0.5827589177980876
-8.798425427835832
-36.58114604297187
0.053015488297218034
0.09186277994614905
-1.6992427472632587
2.340389158597758
-10.98354517141667
0.2622684090192819
5.016824927183916e-5
-0.030529321343663332
1.0530100481893359
-10.338777962915787
-7.342017941165188
-11.52834443156657
-0.008273222915025817
0.03644992010705547
-0.05864619077447213
-0.001045426929111309
0.7702787706825907
-0.0696699833825517
5.683020728023354
43.60692979630684
-1.1678722560291013
-42.84166731114101
-74.9844565025964
-51.51970996471691
-3.6814960996486734
-1.5631298388912693
-0.7921412592653918
-6.321622669055096
-0.08095037957189458
2.3691819368350973
10.219247304050429
4.756706933482099
-16.861897479012647
-2.669447036538621
-5.1027907597530575
0.10147044974817387
-0.33709387859818785
5.763539365772085
0.10254000825633346
-2.372127653772986
-0.8972215771464898
-0.7094767577930567
4.925493254864122
-3.5168683395550877
-19.065559840648802
-1.0867122299888723
1.07568562870745
-0.1393786860819871
-69.56808299557434
-20.739852102629577
-4.947428813364084
-49.031219118003285
-7.936333794433701
-9.163926832194447
0.11870124320998973
-0.0004718963449623901
-6.621712013330246
-0.05927599867965571
1.2917554733489454
48.70062702224113
-0.27731711922378327
-13.02894302945838
-3.7979576149243424
-31.910682901481508
-0.002548749606895732
-0.6523435959255794
-13.860498611988874
0.03382679042203514
-2.632165904949013
-2.18468317382588
0.016434353269736413
-13.083327013776465
1.341942013794459
-6.372135959283237
0.14646406141582513
0.08779125616546361
-0.002599832305320699
-0.11091629168548459
-19.2384310634562
-6.857351892587424
-0.1260373927985141
-23.75954201805239
0.7808328393776747
4.983871731030762
41.1817425290992
56.78374159911471
0.34722286578635025
-31.06619512252199
