-7.020807172150398
-0.10502317399391489
-8.953885175133202
-12.64695358485181
0.6463750618464291
0.12575158267146147
12.43099191921968
9.45275928894732
1.1145353416442916
0.006391864451306386
0.0003191649593373103
-0.0007108801541798126
6.378374032461399
3.4542921441257
69.92979521509837
148.49069503882257
198.51814071807075
99.38086399287911
42.05892257943509
73.24622638064533
98.13800296993254
185.19526019679466
67.84008730266953
122.61825937811011
9.925840137426235
-0.02617550829352997
-0.4305982703067536
-0.2565177146557935
-11.232238856584939
-9.440312054533583
0.28013593275759
-0.40062893666789606
-3.2303046519354934
-1.085069116591743
0.015142980769603926
-3.216453983019127
-0.311372859152031
-64.62080434086708
0.16902310811540708
1.4090285443183495
-1.1372908989000183
0.04288233803794931
0.2684361903222048
-3.341327055086927
-0.032462619376933906
-2.5754525562530715
-0.20035630681940855
-0.7091979423268715
-4.847223293920146
-1.6401119041968606
0.16697670306014228
-2.095706776149679e-6
0.003515057072018749
5.5805364535729485
-0.769848826944309
-0.09323340276922744
-6.551851217907661
-1.3365801563540794e-5
-0.29534863941222733
-0.7182650218353036
-0.20276906087399943
-0.012063474456675417
-2.8265279602163838
-9.846045300235945
-0.00997266820509294
0.034854798724973206
0.033950777324828256
-7.915162198730553
-7.976530004480071
-0.22969165032272607
2.6573739824933993
0.0025562100162721804
-6.7756851979817725
-0.33777669730050475
-0.225999585587021
-2.458564071907839
-0.00267368476918683
3.1900363283937287
2.309137531646728
0.9997649467511779
1.1098080313704526
-2.6155985731878317
5.280100131141414
-0.059967274624568495
4.016187945736018
0.239528435571439
-0.5511541873364219
1.0905857190486365
1.668896861610993
-7.0373944515440146
-22.190723237563393
-29.099177976226674
-4.154122288566242
0.010346277058286604
-0.2038412028061579
-6.1780456550756675
-8.492908624829582
-30.681278816424637
-4.5059623799977375
-7.98984426722109
0.5928346287329113
139.26179880904792
0.34030045909491324
0.4201922958321548
1.1171776800612654
2.234375907149108
2.2910456595468665
56.89343711360264
22.801746736451538
-0.07273287393238359
-0.5302044848545904
-3.7553913287319602
-0.015397750166148456
0.4445271169213426
2.337005820741478
0.0012333424735036576
-0.04203637980922058
0.009528666086871838
-0.7360493313633594
0.004327903866887957
15.333064819476116
37.391155070786475
0.9754179642299465
23.50802480379232
14.244905018589968
0.2748651034245823
-0.004680274702663217
0.006090899837811151
0.00012557497516598392
-15.651849526304542
-2.3063347622741657
-10.578760335040108
3.6407972631357803
-0.7224208323212342
2.3071039223332135
-3.8286130973194346
-11.014567339299152
-4.198241898898912
-0.000507337639794924
-1.1970104992887074
0.16883558219489514
-12.636578929271415
-0.2606355663145619
-0.2669330333603711
0.7474292877819504
29.978484713625523
13.622713781136163
160.48055993825423
315.78693575028694
27.05643988945455
8.319286121987618
8.616884200321538
1.1374150154777285
0.447273183265993
31.267280057457675
80.47255650993424
244.60494988967315
119.4726662937432
78.20685402354096
135.82190703670838
95.4342475239545
32.89011256613216
2.442257388833711
-1.1843292162166752
-0.0023737560232012945
-1.282884349454036
1.2154671333458613
1.2124030544062201e-9
-0.009522137463980927
3.293305056774911
1.4811682434539754e-6
3.131587294049469e-8
0.7288978538983166
-11.885107139281343
-7.8346401671369215
-18.084207686553764
-33.039620944954606
-1.2235542131308772
-3.458904269747406
-18.97247333683502
-32.60109565477195
-13.260026833037998
-7.418699853461826
1.2804383642123392e-6
-0.33924454115889086
-0.0004091720020038263
-0.14986267524797453
1.5605033767425531
4.5419589256216994
-0.026209550789679424
6.3512378788604025
0.4610644478014606
27.26705880524398
8.353259677159283
8.041911627515217
33.0430354524592
8.534473401959177
3.5499456431781584
-9.839297456650247
-1.3371269340841008
-0.4279157484114223
-12.882551709723504
-14.189015009870149
-16.155084073183456
-27.791341504335545
-29.134819894269995
-12.051785594845267
-3.2098537228325497
0.22268846093808312
-14.988458174576175
-8.685352313745303
-2.9658564435233257
-16.82215368292922
-1.9661631754870053
0.019734472437510087
4.421487333382092
-1.1336850548849124
2.0949746912659415
61.46039089002708
244.0505613705796
89.37674928766221
45.61545351440158
4.107306135460432
-0.1261589535722191
-0.07290996047363947
-9.197153197178633
0.00048207989190390826
0.00208657865471668
1.6896483080610272
-0.013343085442109853
-6.463988762625224
-0.002098625273551771
-13.381399352824985
-5.48965676551395
-2.0325825903442314
-0.6008044524357424
-5.147260532697223
-7.562597698579785
-2.613749215064496
-5.575251988849396
-0.5885821207055442
0.21041775397579057
-2.9635473696195893
-15.38725625317242
-13.146794319546485
0.004709470300350065
3.8487417961920065
0.0036497140634273863
-19.882369999105197
-59.33965935235009
-0.36582502184643917
0.62222281081544
-0.9438336058520795
-2.473383847522667
-0.0012244884173268956
-0.4882281211626585
-9.113282719150154
-1.2671313365915786
0.005321996491582997
-0.05513088229398132
3.581563985587043e-6
-8.20751329701975
0.1046974859847164
-0.0022641723426661
-0.13375468907677301
-0.3583731227232087
-0.043370106596077554
-1.6426251174993598
-3.564194752267234
0.0063258846864719595
0.14559142337796502
0.28256343946494966
-3.6594516192368705
-18.56430295230138
0.005185866072902567
2.3243158015988805
2.615921891513509
3.172143158891535
-1.9986879590954858
-0.4767113193630704
-0.00019421576191315135
-6.1536699676152145
-6.928680643999197
-131.272843803677
-76.87285921493752
-49.622852715863175
-4.1020739705651055
-22.39835680330745
-9.611044133712747
-3.713319494362025
3.334748406603533
29.59530212936192
20.646694705824146
29.126693904345913
2.340963136175199
23.820640812922274
3.024926157702434
1.8860085504594768
-0.11529914299461261
0.9621651138862833
-2.7321037969616837
-9.495866802815753e-6
-0.040061465083585254
1.246843238434328
-2.4970517371714513
-0.003666446876856457
-10.59214193559051
-9.317131255709128
-0.9115804443765109
-18.759085760802453
-0.005766856117726598
0.21060107657240898
2.431191384465229
0.08085186031642583
0.10033944998619937
-0.22155021803797162
0.012183031009619415
-0.509100709811003
-1.5113361628409985e-7
-2.1338957944070653
-0.11790776050110038
-5.656059250487974
-0.04112014736709002
13.938126314520616
129.59010914928038
16.04515076947521
111.7091751646235
14.384566230995654
0.15159160909279096
10.519800848772935
6.818034668623457
1.1171072690067916
-0.25719683646979724
-0.8759054933683558
-0.43233336379293696
-0.9298795048207539
0.0004919241417858194
8.991453818673705
-0.0006207295160409333
-51.93496687696896
-15.993391074358907
-5.1930579616627774
-44.22352653869363
-20.705658631321512
-35.02005789668939
-49.69581020426465
-38.39570121449077
-103.59322653951415
-99.07040045447677
-1.6445435695962125
-3.3290387356178153
-20.7715733806072
-6.426313931957761
-1.148067148813415
-7.255553987057109
-41.953418270100975
-40.740823139305625
-30.936661292737003
-20.251563178576518
-40.5770690514177
-8.18356475794699
-76.43119425679066
-52.17402150953479
-5.155344442960136
-3.2083537194675222
-4.999946757184061
0.1593607835387969
-0.13834668922492194
-21.42709249265342
-0.8950265426222483
-0.6095999933293006
0.3530752611278969
4.810003789640075
2.6736127727313073
-1.6504735411976408
1.3314872781670513
-15.60552094241626
-0.8163979625242025
4.563312487318269
22.533081179901153
43.32510759952373
2.429860952027391
8.642178986713247
15.255241685792559
0.2935319355191334
-0.006642317869875315
-20.250649159721664
-1.089108391651154
-15.93187009313456
-1.0711537970008942
0.21317580302291478
0.5391328054811461
1.133401244872857
-0.8099922907971535
0.11709638834952497
8.796945279303426
-0.13629657361614658
-2.6445100276913696
-117.4964369409086
-21.82874672197598
-46.94510567536451
-49.82824652386112
-12.285334264739154
-11.683176182482551
-2.710165521452445
-3.4424436099098976
5.997509763047912
5.616940716922829
0.8851794597382748
11.877816848267328
15.626355761894622
94.4806497249492
149.30580115535008
57.791702803428905
178.54050565001089
71.47421524113413
10.665282026366691
21.278908327662073
0.5131327490632398
0.012347036081456968
41.208489556878874
6.847455867262776
25.3330616843875
81.70932532744013
34.110910070686685
130.70137143949876
62.4735963278983
39.12758594922594
99.03098467244816
21.538145472104755
27.22870686133674
0.18747882817776573
0.008198393485929932
19.737185509343924
0.1794978838766402
3.439500208654648
1.6970879763434752
1.6764437539480508
9.773594058934911
-0.1891937340339141
-0.0014014303092053316
0.5123907868468501
0.0026735363764273
0.4171028441428337
1.8136978295684665
1.9677866429378068
-1.8790825563377254
-1.705955941258177
-0.057055835549689224
-2.6880744078360617
1.227319004383591
-0.6355969217047006
-19.421220986013168
-7.166215986717643
-1.4142042491981104
-3.310295377101796
-0.16337676136439097
-22.886992342536974
-0.003322241775358243
0.04436445253445867
6.207330366460682
10.54264805629471
29.765764992028693
-0.12995278184383058
-25.13375944648068
-17.383158343137108
0.011991138812623444
-0.8096414344029446
0.02506900010115041
0.48202590122275396
1.0543080189982283
-3.865359410245726
-3.611121548655606e-5
25.030241487609192
1.5022539122704535
-0.05169647964042399
-0.41474980920807614
-0.06010158167663631
0.19237968427121266
0.13470987188250372
-27.18689752061473
-13.650414003378424
-6.363255168682373
-0.012276065296336775
-0.17598364902705912
-6.4382660590940795
-0.9445538664099158
-0.48283107744837434
-0.004072717086436424
0.2014868843291695
-11.86650398777293
-16.702167178083602
-57.11046446911512
-90.50949700522801
-27.964581110528833
-0.5150500873287508
-46.815288326319276
-16.925672405798487
-10.748224589917342
-26.700244867649747
-3.1988055276236524
-0.9869975247132935
-38.077271885012784
-15.506822071023807
-0.5222440084862648
-1.1167914287519873
-1.7568918070928932
-0.9547233331974371
-2.32351157313316
-20.52638042266149
-2.1813060718469637
-0.2143386401614794
-2.930924783749969
-1.0306385584625908
-32.104224286906266
-0.39712518082689297
0.0011422597340986895
-1.222742233086822
-5.7704263044714725
-2.59427292308408
-0.14640102110095382
0.33308964298168714
1.339873991627922
3.5911722470681466
27.821049290935534
2.0608288916927395
7.107553244553802
2.8211108673860426
-4.3062668726724525
-9.968003700212348
-47.017561296049394
-10.935276194974634
-0.8942877106344199
-3.5900584013673025
0.006373302955032843
5.892080628486442e-7
-2.8553052849581455
0.0019894414685526917
9.309857628346172
8.383324980577393e-5
0.005855068334452238
0.0055187808938944845
0.0036936311808026382
6.0337582826873195
8.246592051602363
14.939569925495796
4.561606669869299
15.589212016138502
15.224176305226166
8.561190513516484
0.0024943665122627895
7.639778132188918
0.18677192170708012
1.728491784323593
3.621452780870624
0.21826367789643233
1.2940697683321076
0.21650910903522258
-8.882461194451068
-1.682189433988753
-3.1313981809405744
-6.645726352542181
0.03819597126770226
5.996557623651928
0.055156166579460396
-0.057818355684437564
0.07546699777752222
3.5562064822116333
0.030468653592115258
0.061797587016882274
0.6798607323626542
1.1101844991766279
-0.021977631184970075
14.049963587096995
94.07776198355718
74.10075187611844
134.79681366675482
282.7502752126254
181.68039716353476
30.8359101262138
147.91595840226387
89.70150028913956
11.404539295473718
13.684211337556405
8.864666616119264
57.564195930868536
111.62858518073665
132.31741885828689
219.2086133069374
543.3462542574521
348.3418377534942
608.0321032100487
306.011323448875
295.826631058858
414.2981960590024
351.8366331287342
137.084944208868
208.1946713440184
350.4782757466537
69.4241553904291
59.804833241653576
48.16283214378141
19.764648515191492
3.647278346643436
7.146776089588723
0.6184457317380511
-0.4023355738459152
26.17673983850803
0.0005682537923256585
0.24674520382105591
28.681978464786965
93.34150038534001
31.234809969162875
-5.9872370875788965
5.259076284102705
-0.18276659803455528
-0.24831971616327161
0.0015573970369433755
3.4030556727374844e-5
19.85145592294799
42.836734743000186
14.352626753028819
-0.6762183961096246
-3.755040157812559
-3.020464258322558
-0.12567104742368462
0.424560235429404
-1.0851839356389272
3.0229386204114714
0.0056877054797485295
5.749080999692904
6.098281891193849
8.524933574460583
16.665539978351152
23.688561468258904
28.54293504214616
13.176002682818737
5.732182151154912
57.213667609733356
23.936012735972923
0.0008109874472300226
11.21106848253208
16.527313987531564
40.648382983732574
9.370503153702588e-5
13.141013787856174
11.48409034716866
20.51549758037035
0.9040350086517834
6.2942606353975155
13.636275280514722
91.46347348656502
49.377056234040005
-0.34308622642427217
-4.1844360058639705
-3.4561151862563766
-1.0850299557040766
-1.148562222150823
-0.2821623089129987
0.9521506898041897
0.7330019440774349
1.9401518940401845
-0.017850813190965452
0.10768830839635743
-0.3213773647134619
0.04210379748389801
1.1931752189063947
0.0003733844724816652
-3.167054276858078
-21.753722068801306
-1.675187888925958
-39.07882386333944
-28.401999659749993
0.05295481150709574
5.663366117191383
6.343511057006184
10.93775371625378
22.005837936148378
7.204115520780899
2.8406953052017583
-0.0017818373394149294
3.9016322359397146
0.0006092930246000932
0.06576828634609948
13.876656377486258
-0.0010313650867148005
1.6734466917354454
102.24580043623763
90.48226225928559
176.41259400291062
504.75955464419513
177.74711151327108
131.17665587446865
108.27363391974846
144.1854572316774
255.91940760316703
221.88350659561803
389.95385518678773
157.06966923246594
90.22260458440846
121.39017143351978
518.4101041106203
151.40968419678222
32.19383268698068
86.76446966825036
256.0980814154093
405.60382871519306
134.2085008170248
234.49716048542575
7.9503900459361
27.726580975121585
28.221512390791272
-0.01438748647170179
-0.0775132463436863
-4.349729701199015
-23.476885264941654
1.8660658821637977
13.786836809915737
-1.884211022188641
-0.7360846244056326
-5.801841375727907
0.8926813937011292
16.11992517237862
-0.7683383556935209
0.5621528560392205
-2.269460890321342
-1.265095246625148
-49.190988017151135
-37.62481110577634
-2.9421362784613416
-10.399815060172674
-3.3707527988888395
-41.41107199287105
-36.098193479590435
-45.8747292766448
-0.628978125411322
-4.7005467877465685
33.56365611517273
86.06311099831134
148.46282764052276
344.8081354578614
0.41592388860607304
-5.430187392726201
6.323634820889057
17.915224751950994
1.989006807117472
23.801857511328368
6.486198508550141
0.8565440847011715
14.369959902567071
10.625479786560541
36.84719971945683
3.8770189885586968
0.1867081493599743
1.3395733697673913
45.8059642855413
11.910318763542309
32.42268365447889
14.314503964954291
5.116504617139444
26.18049279331384
48.61202558548016
37.78660546636828
95.24679102735259
53.16409429034385
40.890349420731994
221.52358048943216
31.318202523943935
31.051393730727753
18.141220652477184
91.55730128010713
25.143504992113407
2.62460064334376
21.111450082755095
0.0016915291428349773
-0.0011716956757713366
5.717024337611375e-6
-0.07337496440672185
0.655707073027022
1.208555291530097
53.56039047422468
-1.0302515403990533
-1.4049504203933432
-0.1677043309220648
-0.7836881865918474
-36.36380967034104
-4.0083274098930985
-0.009033800494746634
-26.85046094808967
-15.870536371189024
-0.09573553084991779
-1.6927363587341386
-26.10318856024799
-15.800811756978302
-14.430455052457706
0.15219833159597285
-3.570334522871268
-26.72237950488454
-41.2915547726826
-22.537371341157066
-8.934804075143063
-34.001461867397836
-41.752772437882385
-30.070158879849174
-66.75227294548942
-13.152859863190269
-0.49948072889937944
-0.43222252391883015
-0.006349751260709555
-0.5588542940125667
-10.0757771256756
-31.850817737569447
-13.532985018538911
-1.4342147928589606
-0.0292410149396774
4.875727497939033e-5
-0.2042875936361487
-2.600811841577449
-0.26636336785152775
0.08428599039233266
-4.153874183606095
-0.5388352208333493
-0.0687400687789276
-0.07444837159630216
-1.1392602499650335
-0.518010316993784
-1.02571954531236
0.29647796226684453
0.032945972616431576
-0.1701755274788323
-0.002432409485383996
1.8802108437732776
1.3714995628936144
9.800125688079824
0.17526508109985078
133.5113945409837
35.4617810190783
76.42057598564543
13.546392354682457
5.372495281804248
2.213237574327159
6.807235508181551
1.126519112547547
-3.0750233165964564
0.0008068685376093304
-27.30357582179231
-44.48718901489591
-0.22844584702349685
-1.4633568610956023
-3.0164237353072205
0.014407021919697935
-0.14156404325781538
0.6924620071417806
-16.8080439042478
-34.35182228210468
-10.51083925565501
-0.16814612622727784
-0.6435964192374336
0.013212813261582398
0.7864573788921791
0.11040338313430734
7.068371117542718
-0.2931370633112486
-0.4143545818883826
-14.036006334363282
-16.517911689273767
-30.657743541441448
-16.091862203078726
-0.20246325775904647
-38.79067981442839
-9.269939696609585
-5.571971499296064
-39.56118263771689
-78.83365010308977
-26.866971960714157
-28.672488113953847
-41.144518817439845
-17.847441231708103
0.11469389625062656
22.4508211519234
71.70680219115575
1.25174763668618
1.7682107885992433
14.85937250721543
-0.4148291456670666
-0.11934803367419956
-23.30140999821898
-4.568879578992861
-0.8890239153205232
-21.65301309793247
-4.629409601791885
-0.36039185179799244
0.0011272410557793158
0.10494306473691732
-0.16996777113058753
-4.8167241481470295
-44.82970369150063
1.834214400154945e-5
-0.001984417299848326
0.5165306146788812
6.4305989764539015
0.0008600284461003001
-1.4769540111898622
-0.8791607516005078
6.638956919417244e-7
0.022775943760839686
-0.01986215229569593
-0.4276393950619461
46.073096046994515
8.596169118214071
5.901689171055874
-5.157447115684532
-0.6313801056698973
-0.6330186863797207
2.4741547168503115
51.07372770647996
53.295535582437395
136.90249760556048
38.78962060225805
73.68738067121501
49.64747284962658
58.09776463662833
19.069034172341603
4.464733364781268
1.9019423908658677
0.0005382392219636675
0.015892724889526765
1.2506814728445408
5.938705825489748
2.556112293843159
7.7236686562416
3.0970723790187726
0.5854176341444767
-9.007869733792548
-21.79435412196357
-0.04042530842968664
-4.313769418284211
-30.800099428776306
-0.010908100835135305
-43.99165608419292
-5.9507378538857605
-41.62866108671022
-39.649556105714765
-15.043498780249816
-12.577540343693338
-18.966147270117094
3.764039219726832e-5
-11.27491839099238
-2.070746093369118
-0.3309470776511191
-0.1529000913254809
-5.078044892520247
-5.081043075910595
-2.209997340785907
0.29953649842791896
-3.008303056760319
-9.473539271930239
-0.011196635056976628
-1.0109983884018006
0.04340865075708901
0.20324983095141558
0.021810505169153855
-0.21834372388209713
-4.3999701378739475
2.617909065083219
-21.067120698676113
-57.597646027222254
0.031970957816291445
0.003173324608257485
6.236866740978058e-5
1.2611707775626657
-4.558544589549747
-1.5232874296086536
-1.95756428529252
-15.199859853774319
-0.6827313277714725
-25.567449779053856
-1.8663850007812801
-0.506843927197648
-4.229079877713473
-14.027091020605884
-3.5534539077133434
-0.8941655394986567
-16.029084194925726
-4.738114975548565
-0.7393643855093691
-2.9842668049878243
-6.823631944638752
-31.337556439633083
-6.5824161991218855
-0.28383571116158046
-7.202885417778123
-4.039600338559571
9.311994414992185
81.7537027562458
43.36279542962437
0.020776103492336783
-8.658849291676404
-4.863054950394788
-9.460434127629757
-0.02628434460670497
-1.7112091589081044
-1.1343558704475514
-0.8736605751729071
-0.0026845493078460256
4.926197918826424
5.683915518725946
-11.237531608389025
-3.9872940965404355
-1.5047550470062638
-3.091976849765132
-1.9474339048945888
-19.759688601265676
-1.0850999296841788
-1.8380775973929495
1.8101940637574534
0.007000883753925159
1.3976690710512127
-0.021000760701042932
-1.2744513672457092
0.052514120088487916
-1.4871315978721322
-7.964303505092658
-13.933400456593825
0.00013518247407481437
-1.0151410969826102
-0.2999652171825843
13.268860873071967
0.3662532018702196
92.6507896237342
35.67927005416444
2.128888626618574
0.6206118128589232
1.608240828578514
-0.0024204651084244397
-50.71597946532519
6.611051055433827
-0.0340314359179998
47.06051057947962
26.27011592851548
0.06969470477703374
-4.852301933975471
-0.37044973329006514
1.219702638771233
12.625636564128513
28.125645322300354
139.65284681359066
36.30091180620921
45.13251014493354
15.882951952068185
25.11135242849014
3.8616437157664074
59.622115126009554
127.09728284128579
58.56932785047759
39.66784218122157
18.5838134026012
22.30764214217277
135.70383412222677
60.08307025170459
34.728082624263436
5.6180787280096816
7.212012288792612
4.359738389712765
23.375361291841063
17.29139491978989
18.642065009330874
3.9869833954584464
46.14204400635031
31.54852631900057
14.670348499034992
3.9143591004342686
82.1575685263887
37.83887043070053
2.0828070581991245
19.953004755614113
8.892065939053953
61.93015907785348
44.077364602737944
182.8821276636042
153.41544482444405
281.6374582480754
22.85949035136077
4.514453778408308
0.6841199398120531
0.8046255069243922
0.5589749989670943
-0.002119483256573321
0.20881877061333934
-0.024544765790819555
0.021695117383059424
-7.76136378400742
-1.3976619720451282
-35.39189384416096
-5.110810961113892
-110.08655546390634
-0.035259443627228895
-1.8095428839775474
-6.386907463640037
-2.6280209232878695
-0.05589985062245061
-0.23552535044567846
22.53475897784039
35.36464993539226
44.46434176815955
19.38297141175575
17.277534164563647
-0.04344286108805598
-0.12250297309055506
-3.1833187563080534
-1.8293148063618263
-10.745302529388828
-3.3023251328599446
-1.0809414399120032
-0.5250892224095374
-0.015670421430218736
9.417456349662661
0.10126440962391643
-0.11951536376504937
-0.23228000972396412
-4.186376139774343
-0.5935402157599726
0.37717111577917267
0.002012734268655672
-0.8721711986633344
-13.476625408431264
-42.153449302887374
-43.61715199197139
0.0005095021656650099
-2.2234971967494292
-4.605811635883624
-7.523330029494571
-0.16225333795758004
-0.28709215004147065
-6.027807465697374
-7.164229203393878
-11.40982685676327
-8.914560034378985
-28.314474868111642
-0.16693260219998898
-2.322453845373419
-19.27327435473578
-4.163418863923102
-4.3470611822112744e-5
38.24666142124241
6.33145064835301
10.552318937261784
57.8251775888291
65.97354014933856
0.951006791908523
-0.484374649453523
-1.4797754229015259
-2.5292975432634845
-4.80126505080835
-0.16574088497291065
-0.518398308979161
-13.190243136786066
-2.827795787680224
-0.11067682810256316
-1.3922308866024171
-0.10313574687668718
-0.03681082911324144
-0.03743136302022088
-6.13097104346912
-1.262076459632133
-0.000666474873147502
-0.40777143884004885
0.18695898079106277
0.3179075694617325
-1.1631203613056882
0.8609045597249984
0.7444448690510665
66.15696496613859
2.3915269686331646
-1.4280662389594165
-2.6618334964530925
-2.3993652333740627
-0.27372133049124325
9.624131156535472e-5
0.23730992972287537
-0.6984738439074732
5.6498665739749
0.944981456343498
2.979008132028527
-1.264619592967473
-1.2887979614781988
-0.025145479708603286
-3.391490912606951
-19.08368075538647
-25.56406167029391
0.003573693275022999
0.061899239795095075
4.91019232384387
0.09914174419447262
-0.9849557436462345
2.5117259223093295e-5
0.17491697597744013
-0.6738733648451659
-0.044426951164002894
1.6519236928408954
-3.4557310897561426e-5
-4.974892491536727e-6
-3.625696086652018
8.79831597085672e-5
-1.132214769101842
-19.637695076535774
-40.7770725388393
-30.90722357464589
-1.7598406705146281
-1.675330817484894
-2.2034763665559303
-2.425175582632188
1.3377422241587906
-0.014669342435495886
-34.39543468286285
-9.926623809999755
-3.9846950215946992
-3.637138879868148
-12.286619017824355
-41.9987215513637
-40.888200119907886
-0.29800491281910546
-0.05081719506042984
-4.169262746006627
-6.854182045883344
-6.990104092163871
1.2682202717984734
-2.7278389979404967
-30.12994648137047
-0.8277762835000131
0.24580968140201287
1.5597794901477753
-0.02400928259413848
0.0035240004470188597
-0.002291732307796151
0.11618450856211851
3.203209149055295
11.771550009151282
-0.000474677703420968
-1.301015488989153e-5
-2.3856194951627865
0.7779760312088165
8.951120519164284
0.18757061322977556
-2.607027697538793
0.47469837787343555
0.4358617800400342
-0.016567073168253663
-24.259998164952474
-44.795468920823126
-5.292684693573211
-1.0165272101456415
-0.4409254201504222
2.236399173108776
3.1424488489459077
-1.6200770360701413
0.00022596220074769333
0.004940043159264026
3.194550496747732
-3.441745545154654
-23.254754718054265
-40.82551706345283
-1.7028387784420789
-37.385774941293384
-48.333127434297595
-6.914890550356819
-66.66395737269929
-1.016276446042111
-87.4826858772841
-48.50706739375736
-26.801038260467582
-6.383314082125862
-14.114642212908423
-1.279577226957826
-4.295988081553247
-14.306260704718321
-0.24321828892707056
-0.09819242875694009
-0.8758201254990977
9.603959211301745e-6
-0.36789004091326555
-0.10482621745981896
-0.3603453741710837
7.895059980714094
-0.29865248432892116
1.4494306802835122
1.3007809108581263
5.313271783853302
-0.004728833978471267
1.7811543834623769
5.219107984670686
-0.30807080962849687
-0.3275618888848135
-0.0018118868968336824
-9.82986632250871
-6.740761590753883
-23.202004925758143
-15.83526123419689
-0.2675616469077627
-24.9720269050787
-1.6489092568559522
-4.250588154809984
-0.42836429651608093
-15.53282466691662
-0.0072297665846811415
-75.18041895659034
-5.577391113453399
1.1026596382732947
-0.22278012939260985
13.74191043084604
22.222476775945438
0.7474683292797568
2.404479754424865
-13.045272530593449
0.0029965066969470005
-2.2445238384397834
-96.63632469524724
-66.07984585134952
-0.6634298759995338
-46.84284643920426
-57.34554821896615
-55.44449273322402
0.0002424048428558945
-3.753086234953477
-2.2764408341231817
-1.0827513532571802
-2.4639367122808644
-11.873761650643454
-1.0623885107682802
-23.936539638171826
-131.4478920895533
-31.470340161639875
-6.990528776884297
-9.970939802428003
-9.105706004623672
-15.51017844687048
-4.425415487770201
-0.1417215587643223
0.004690268266595859
41.273502263468885
7.987147356443736
0.0037573747562943314
17.597451699534535
41.687559368022356
-0.0022258447537171545
-0.01893305631932289
-0.004526523593354354
0.03277435166459601
0.0038411729482973915
-0.7270257169420699
-1.7852779782851351
-0.5770180326026362
-0.2183732911881415
-8.953497470289669
-7.466871505162031
-1.1828664625815482
-2.614069298383975
-14.0789715958676
-1.107511431891822
-3.5537934958166795
-0.41906494476451966
-1.033756173467445
-11.896946828050966
-26.80798024209046
-99.00769251729815
-126.75227795480875
-33.515865471523824
-0.09144767121297051
-6.1860059508884415
-1.3602682193581472
-4.067913442003511
-14.159461525148467
-9.427160263259806
4.353428207872651
-2.1958673436700127
-0.005204469707562783
-1.1878024336789834
-30.03714685752515
-51.75830040628185
-10.074035925582406
-2.007020484605667
-0.10972251158287674
-9.271585604261897e-10
-9.477976469433482
-0.06725761489584983
-1.5427258533048245
-1.190508822031032
-5.094818417119564
-72.27909688567041
-23.147907978976686
-23.001601997224142
-18.598542512856397
-4.605337284652386
-0.15616598482785837
0.03997237414401397
-0.4857543510404263
-3.3518903097404253
14.249497276651168
0.962683681502137
27.04202797101
48.08866425397354
10.114250125211997
-0.006645899107946927
-2.640183604525602
-0.01837214655481066
-15.490066754574425
-0.7706357903340586
0.11723733922620747
4.235014057231938
0.3808264096787695
-0.900235388980022
0.00916165583952565
10.359313782570856
56.891345826758396
6.202793360385021
6.014390801712932
0.8189133667717903
0.008992051642196245
0.16682273835028996
4.192617899825046
5.126753475779111
0.4109882062209194
2.4379630698772887
-15.974694341578974
-36.39825338341809
-156.6496680377926
-28.68854106388019
-8.32123846837294
-20.822656377582387
-1.6834710544766074
-0.22405635803689936
-0.0369079089207983
-1.42923130716182
-27.839916368423932
-0.13826138047419617
-0.5264399360002441
-0.047356731417592376
0.00406806343873452
-7.3632371453966
-1.5207039680648045
-15.560782743566588
-0.054521784587621414
-0.2566571221007549
-0.2851269388765784
55.12579515960383
0.7943712497628433
16.671384051050723
27.090286836763557
0.05426877394491293
-26.506582917290547
-5.43234239351189
0.5068031103711949
0.13080921442435
-5.92158559586473
-7.321462554781125
-23.849996623345916
-15.021634372450313
-3.4254415189972978
-4.069294442184429
-0.3211551770932521
-3.8684051752139625
-3.418976140871642
0.2044814693932121
16.26589437129761
13.12702119127464
9.741619457214158
1.7118983694935062
67.22241103654183
22.421568184074538
0.044071639577559156
-7.808737167417801
-0.11429833709193227
-2.5927749065358547
-20.258293925393062
-0.38611201159299813
-4.889290889981257
-4.74351747762668
0.42672039049935484
-10.627602742456853
0.13486788290564297
-0.053024760267328504
6.638930459338482
-9.661369587447467e-6
-0.09212086133358047
-101.67814105681548
-33.566492328046394
-1.4687282655980327
-1.4659603489764974
0.001125752895468028
-0.006257701226217901
-3.2890470214989618
0.04847910371842624
0.47306943691135045
0.08220966405375724
-6.694450353110857
-0.8347699029432157
-7.492351248386518
-9.096373091332607
-0.01899302975565655
-1.899056427857667
3.050645224404395e-6
7.045917669518824
-0.09939944866664234
-0.00287670683891015
31.277945744179803
-2.672502565230263
-0.03289017173114067
0.08062985895400869
0.16173039142497486
-1.0293645001038103
-0.00025572361445937126
-0.0987303795976562
-0.5122301361390373
-2.9739915402311694
-3.5559925131295245
-0.00961798709847773
0.041560144955227196
-0.013331011871653498
-0.08613694513563469
2.069759770106305
6.432938239373049e-6
0.0035522116437050944
-10.257175751076472
-5.521651632129747
2.898457116472276
3.9132073656487485
0.09059046456322949
1.027061511100508
-8.973822956183184
-0.9418454856759819
0.0033416287045409596
0.04909118170140758
-2.8027247864275813
-0.5291607313310496
-18.59114328891525
-7.673018899805573
-14.223035758155502
-0.01290776264258327
-0.016925043692923965
-2.4980266527203403
-0.17277123246962442
0.24737287625238832
-9.339357286496968
0.03252894721204823
-11.310399237925244
-48.59248332944251
-6.5335305281189475
-15.361323574058334
-1.3755970426074695
-93.10432038690027
-5.998813636116902
-2.079858525935487
0.03288681386272105
0.9215066636838085
0.35745868081555326
13.18354522006326
69.63180682893143
40.20806436882883
-0.20785297828941326
-2.314277909209705
-0.45977195417021116
-0.8603952815086843
-4.368761708339108
-0.010989082334800435
1.94208064193962
-5.838973174847402
0.24480961300978407
-0.0016882973665275295
0.006056771935504652
-5.825654917792329
-26.41537264242067
-20.446390722676
-12.691008930774618
-0.06334219846934469
-6.8466134457904335
-0.07674097977995413
27.569443332858448
67.78129811562869
3.873207837244723
0.5454325010274748
0.862401648823805
2.721985882580759
-1.6923436453107183
1.8659291442109784
2.5389775388124733
34.74903648837022
24.721660376915846
0.8089489848961787
-2.567809666301233e-7
-1.719326619543242
-7.002066863495291
-0.5272780241570334
-0.0006225219722228532
5.724500699906429
-0.881593709687529
-9.211553264580251
-10.157372935941408
-1.9509053632765416
-6.246980402525875
-0.015124268915896261
14.281774236462933
19.833786372233234
1.5644694774979178
2.7189492038847027
-0.040551546047609674
0.00234644159507195
0.00018128404113801732
-5.640880365882943
-20.206091355976696
-9.45161831400245
-8.259662031555484
0.08184772105625408
-0.10267214710902446
-5.93158299315418
-6.361192419368693
-3.3889145699418544
-0.017703597636010447
7.520979673669525
-0.9088964717932354
-1.153927981440606
0.40536491484688614
0.6004592860791522
0.11430321703205139
-0.2094144465767047
0.00017862887266732811
-1.374382909287396
-2.622813075769687
-0.07013599872637184
0.006100587932434049
0.6778449967653295
52.74681404422093
52.7865539794679
34.95148952928288
10.728626883094838
79.40981010485737
11.745290740248056
11.523439885943006
2.3286920157578885
9.090696891459114
3.359368457681628
11.813828260596424
0.6642758217075134
40.34549107114084
129.28688216463274
360.21761729819366
73.52494342236162
8.156501399385794
13.931605111520046
2.234463641299867
3.458745105736458
14.828105700510378
2.41042480500481
-0.015178291207253905
-0.615943470078935
0.013795255029564964
-1.0508596743152254
-15.447938195764538
-52.30577860099946
-57.46972900071763
-5.095897200502344
0.3850713955309982
6.595503829620552
59.091865895640474
10.3432724257594
2.4284877645366163
-0.003978620191541745
-5.079261739898108
-0.30006000041227826
0.012705341325922215
2.0974395118764546
-14.353720880352645
-7.980924811411801
-7.688429995088425
-23.174654515998252
-0.253201669575513
3.4167817329121153
2.133802299501106
137.91869091187027
94.1473339235828
0.007335830596895527
-6.431727850873925
-0.9770630008367862
-0.00020012536605219146
-4.114448618231174
-1.318022984243664
0.08988311265819895
0.004712328137263031
-5.856930822007076e-5
-20.0686030356814
-8.321403779352748
0.16952978243816907
-2.2989994325101893e-5
8.018222406806977
-25.002088222915503
-0.27328046837884695
-2.271600194498501
-11.43329077362817
-5.869052827636176
-0.008377547358567912
0.0024223412767423063
-0.0074759303012406145
0.21738801572196398
-17.03233303700587
-84.15594738479143
-35.2461060257817
-21.800751822285672
-3.6612936021926967
-25.916706755302528
-9.319660851476204
-1.5326839045340686
-14.277373373981453
-16.870769619110472
-44.89027183888344
-0.02281006977342042
4.2895623887500644e-5
4.42666555471279
9.599880261448764
18.916964114567303
0.6595590929013898
-0.0036772716562535296
25.678479197364776
1.5339330199354324
0.022506371631081493
20.22393636955555
1.5286019751528652
-0.6279416481096903
-0.0038662854763458583
-1.1016114254886893
-0.11631727337163884
0.002063618793653251
-8.998930532753793
-23.600476853400238
-2.0333177527986654
-3.3324131384320275
-11.042472758577794
-11.1978763542529
-37.16692119439699
-14.523453134416666
-2.2527053393633083
-12.163333099050377
-11.348454074600005
-38.46976568339094
-33.40171956648367
-1.0519186224343569
-8.173288121956938
0.006407984720227834
-1.1266261715108847
-0.21934646098009955
-1.7490465050359703
-0.1360259588220049
-2.079553994851167
-0.3918935365635824
-0.005948374346833684
-0.025793107813758844
-0.014812386824906001
21.290498783546145
-0.304680052544125
4.175849634774855
0.059398584125883606
0.006647856735562825
12.176207930942109
-0.17427704100773259
24.258972303013017
1.1828961355170422
21.76313686798613
28.07609965223898
5.8379079008192925
-12.440574854811903
0.0014345037475614858
0.009543033879665253
0.9082019680069123
1.8059219172859962
7.584618055390728
12.517765240279607
54.46269224024922
0.0017654474985774752
-0.0005302290349084598
-0.3340593746851445
-9.275081439921683
-2.554921788421318
0.32328716986849
-0.17373320942250767
-0.10136250509755
-0.27287218513641925
-18.09297369099081
-65.40343794851276
-6.975461913896244
-7.13956994115684
-60.32645196709988
-20.33342495813687
-3.2624803363387387
0.0007433821978009173
2.2049068220027985
0.003002013904602309
-7.174358707072644
-3.108549042572904
-26.58526465832055
-0.00843401627221324
0.028607722711821226
31.203833285224775
19.78985376254311
-0.14416981610541352
-0.17273719809304036
0.009322161174014795
-4.526470500791662
-11.629280033608884
-14.763226587936753
19.899523112681305
25.417050830796814
3.2888244342190145
-3.6592533633865933
-14.258780069755623
-11.122428377172474
-7.213316407956566
-7.536344703436512
-19.836527133890492
-10.435205510663673
-7.922371825524196
-3.6293064266987862
-17.263525401621425
-24.207725667606166
-3.6012691098415006
-3.85593878521251
-1.068217309760758
-0.06286320385526047
2.632698301234395
-0.00024487921441809996
0.02057718930665677
12.472405751206852
-5.921908768601389
-1.9810659938896076
-2.244715048912468
-4.117241748427702e-10
8.996613228826659
0.044023446827329574
21.078950941619837
13.19873323822093
1.4688683452085722
38.788538735236266
11.046818519161164
42.99642359071719
171.75377231660883
30.849359810996575
24.145817071131855
2.205983742614651
0.08294104942052262
-0.9229818724858074
0.006788265882231493
-4.523671086614488
0.072133232528151
0.0022245792149844863
0.137895417039997
-5.449431615551767
-4.483908773559623
-3.8575684654075575
-12.272781389935256
-8.25088063683309
-0.3110972580806861
-2.162300914529021
0.07880681094949013
0.015084749805189751
-0.002202404263544773
-32.90566391929586
-0.4800068943673826
-23.31790765335229
-0.20703780403386676
-1.0171855895059547
3.756744435549225
3.335398054740605
-0.037660282856594854
-0.7326705800793641
-68.07254572327075
-10.793420595069586
-0.7606087483311006
-1.2021115679892973
-2.9602737393925023
-1.1440695331928847
-23.318002452687857
-0.26485279651213095
3.3300357695682385
0.06863431802683512
0.027360028802391297
-7.599973593783404
-1.0467384610141546
3.0814344508001414
-0.4098844010468193
16.482950231554284
8.17026441156598
1.112182897515877
2.449663581263201
0.33313953692532716
7.222231191108118
0.22529740108447868
0.16715139375449783
27.54176711343221
20.281126689332144
1.4208650788936696
33.08158767654174
220.80715857523944
51.269799810381144
62.60357082045803
52.06342166520777
5.204160191203431
-0.05108870870859004
0.5347083235135558
7.17826164017718
-0.18100198986155566
-0.0002378263998846734
0.43184027805174147
-1.9861432964531643e-5
6.80097246242939
-0.37395808893332244
0.007410616988383903
-0.6086850865096081
-2.5323422488794862
0.927587302669039
-6.420119090076506
0.10372845746588973
0.027838822851423743
-8.031902747350488
-44.91811361269126
-5.223448652074135
-0.043747348330973684
-11.16093275561504
-10.76631474972998
-13.76978982237222
-33.8871781211307
-6.375289318673908
0.289864294310832
-7.492052019899827
-1.338351516424389
-1.6474537772772404
7.574107185956852
-0.06409358135535183
-9.254172718903705
2.2216884784057433
-0.13583644992470742
3.638147519590514e-6
0.0004264954047920762
-0.029746292955403607
-0.13569099449180724
-11.581776754074886
0.2409944250547284
0.005423085138745682
-0.029790556337893903
-1.373614788570458
-8.803310738580118
0.5192559178843378
10.119684776360831
-2.8031727177860595
-4.151322877412928
-0.6919455527934986
-1.6372364557912047
-11.676157922621417
-48.50846089892847
-79.74286349530804
-0.9195300975021498
-0.19352658351908764
1.4547160832924542
-4.9197855359580265
-1.7279409155389631
-1.7919370692723469
0.0002678125345988136
-1.001692054175285
0.001416439029124999
-0.16110308378995697
0.043391413634339675
-5.848388810849243
8.14622285788913
-0.6432204663442002
3.5519821316528533
-0.17720793744490054
-0.34306929074871173
-15.043592923355943
-0.034279465821899516
-0.3580453730174691
-4.41622974582993
-21.4600051658306
-12.059715418076445
-8.547364219374561
-4.672822379122689
-23.08871210284204
-8.125194726823949
-5.682768003786219
-6.279801046463069
-0.15558027919298326
0.041553849291619406
16.577253732802614
-0.08513490721164374
-2.466323770732032
0.4784520384995564
-34.37239166958183
-6.238949182687732
-2.336010013167903
-0.007704899763612819
-0.9100123354997728
-0.0003022005128527206
1.2855437499573685
0.057585478258297546
18.515270315818203
