-7.519051102910799
-2.6573559837234466
-0.0195019183307559
-0.036557423748347126
-0.12695636937299717
4.775246298063507
0.0034636250333155865
2.871232882754936
1.2083853268201892
0.052508172807245734
58.3546329521974
16.1784916490689
11.455064952485193
1.2414997525393265
24.302330559952956
16.9813899181569
55.78243783388952
42.10894366040794
52.95542830704249
19.38504782406968
10.31912993635589
-2.476100516324147
-22.285139874128795
-15.564349999870652
-1.8406763753883886
-47.934512046242105
-56.696087146858886
-6.501068476706145
-0.001765808167102559
0.025274363907782895
-0.3960421824344182
-1.8879711869984146
-24.52648740612812
0.0006312602518927577
-12.87887494231844
0.003798899463809709
9.016621686611675e-7
0.8672371786645848
2.2992194022660217
4.806047735868194e-5
-0.13781770951361016
-7.876580383867176
-1.5725491027042453
-0.6260459143844598
-0.1745728847005828
-3.922298893147882
-15.162527696704759
0.038064747197030444
-0.8921869892278645
0.6055247786784663
0.20013289300325177
-3.876992007724607
0.05743971228298234
-2.531747541675443
-0.15168118085910237
-67.47113942475164
-0.13714560606185008
-0.16951224313224886
-0.7917932459178619
0.4932745601911258
-0.00028006536391587
0.06633506821191185
-0.2959425572312008
0.7916846218341846
0.13123431165073443
9.735026005758687
0.07702891607264248
-2.3951600650335783
-2.9008023550355806
0.06163319700868606
-0.00022104820665090245
37.600004647307806
93.25858927318473
143.3170801840814
171.6944659863028
76.23866256823368
24.22612164010503
0.10311616052751145
-0.5381109696696007
-7.48236214442917
-8.301490979755709
0.4864409611929477
-11.182326713982498
0.009283821438476302
3.3837875854575694
10.156653849001495
-1.6135305899676893e-5
-1.3939835459607612
-5.921446932208024
-2.563284521648813
-5.538483107411479
-1.045749653342605
0.2736084688535987
-0.5980045761345917
-8.871789073257656
5.9556848883885863e-5
-0.4875033138870492
-8.357393338762866e-5
-0.0005710114032627378
1.9111135786820075
12.064231237727022
37.37745885793119
4.72210382357179
7.61069947584195
1.1839306348631465e-5
12.068520029668495
0.5104959406651592
0.0013731760656775754
-0.7128936863658741
3.8635135737398735e-6
-0.25293462701083813
0.0004883446254998855
-0.10599414463723766
-0.31567894489597015
0.05113837716771498
9.554522495312131
10.486793367710483
41.041410807609175
10.339858856822115
-3.039833531039296
0.00022063753647327795
-5.563124787212748
-2.1664040810289085
-2.3779370888526796
-3.3082647004490986
-4.8826415920514865
15.103335910687745
-3.128713350632032e-11
1.9582044513988137
143.60534897532025
152.45875756429112
22.55194005139798
50.66825396073381
60.950863192650125
25.964178496984104
0.48077799328965626
-1.837500514798369
-21.73444060292081
-5.989410524971052
2.4147862912696657e-6
0.044677186453352176
-0.9678214077855019
-5.162510011369215
0.02157624999730813
7.170593982534786
-5.5845030054171065
-13.510759466290981
-2.6809658561632626
-11.10420979312846
-6.176834169082678
-9.694000995948528
-0.4635411429066088
-1.7760105402056277e-8
-0.2239809643519576
-10.205692436422625
-13.79470797612607
-0.08350067628757919
-1.860081196963492
-18.74816924673308
-0.0038936180797600017
0.0872412306638203
1.231683251602022
-0.1797654506641397
-18.001171390952383
-4.35682472914199
-54.903980883778445
0.011195690817653793
-0.4431755906142383
-2.968401036411281
-9.084697842992238
0.495639498483157
0.7109164545288446
-0.364593237274611
-13.77266015787279
-1.9774430414366446
0.0073862335042233235
0.5787923853839041
20.24482395571772
38.45420403976475
23.28203908563762
19.343694593396776
15.800501064074627
-0.0015615116728501899
0.015577330575061372
0.9448505665347425
-0.26113721212887014
-0.14452919059117808
-15.504179577861766
-12.663860768607869
-10.443226514055722
-7.624722066150393
-5.372313126678229
-5.291433491048317
-3.086927962594678
-6.712161564626196
-0.07164516335415701
0.13800210703097102
57.44910697823638
39.370262888845176
296.15789204906
366.20442230202974
117.99188836792598
90.76281824338832
88.53521108708995
52.68848549550726
13.293798795350849
0.6792639532818756
0.003345330782315032
46.89249469978921
20.509891113697034
95.54033552094779
6.195827387897983
6.2438739574256035
2.3485075169454146
0.009019216041346879
2.543725903675512
-0.06963497631205011
-2.1466544624059294
-0.36799193201289687
-7.947551388059549
-0.4935070368833799
-8.271804262858486
-50.51608002687778
-14.279792067553139
-1.2801301800707046
-11.083310423817615
-7.471410021146509
-3.5631023380315083
0.38697082393509175
0.11617421123823272
0.012769701446532899
-0.7505216829092431
-0.1993700635718908
-2.9042745103390013
-0.00012820007421263834
0.00021743885033397443
0.040678330166538906
3.4845902675599536
15.960051027571648
0.5980690568631551
-1.2868054840674907
-16.0513601012363
-14.676345285160705
-2.3387614825325738
3.087684750535291e-5
-0.15324101184762617
0.009784196732637617
0.6902825914311458
23.204898357747275
16.13266654145496
7.823830163070143
-0.00674632885409976
-0.1860270958166074
-0.060177425871534206
-0.42764597108666724
-8.323821111921658
-13.646257547570919
-15.823351345888266
-0.31271450665246425
-7.926272692095619
-1.7650179260685699
2.129522694163845
-1.9495402425614565
-1.4283655497647272
-0.00032925789169625834
2.411922135414334
-0.2808895201571184
-13.456898182545528
-22.293642000151163
-3.363911074875868
4.228979992716869
-0.09769608980362698
-0.14521558716406774
-0.8010637425502951
0.4980014210107862
-0.33899060481352317
-2.894876869118378
-0.22437606468061091
-6.369838062240567
-36.53586698533206
-86.25800596782247
-22.424968759125605
-8.998311612425223
-38.320465247479596
-0.030121590930304545
6.923677776952664
31.314057865119068
3.5025597655857448
-4.769036979662948
-8.480227864984759
-3.4206267267641723
-0.4745206953368051
0.01150558473447852
3.050142165319418
0.5860859840862411
-0.005858179221509848
-1.589416701184978
-106.26703953951852
-14.26588952993856
-0.2119164382854495
-38.49060983839936
-5.653017703557875
-16.93106317103888
-3.1343337746003757
-2.376767521286812
-1.8941329397401707
-0.18075363556430016
-7.279666034852478
-64.03670934851317
-0.9280832315652232
-1.8956403217211926
-3.9163644429619926
-7.894545062011984
-0.4502922961097985
0.01152839566437746
-23.512005751346827
-14.48353875073299
-0.060288582041547384
-3.967227546701495e-6
-0.04504670087525074
0.5805875118624774
16.88737314580004
0.07952384713504236
-4.657084312030671
-0.13338533883112888
-0.034522162966129366
7.568444682287861
2.6670359828603516
0.5386649782309587
1.0746636731171844
0.0062040365338617565
1.781128713796871
2.432629570125851
-0.0015893147326883146
-0.8517663543149199
-8.699081693953213
-1.1054576309453716
-12.266103497049704
-7.886417215854578
-0.0047609780278020436
-0.284046516119677
12.305779145383875
10.349389110534883
0.641109463654186
0.3898547127282341
3.645537480201047
-0.296981802277492
-0.0002362381397041733
-10.179994098626942
3.2906911178612575
25.148114708861986
29.171846555873977
1.3392040520093826
11.421268618259326
-0.3002094526732905
7.938049799757757
24.842219537979165
56.409419148632765
42.67780443591501
34.24897810787347
89.20981067726072
20.51083528807966
0.7485456698087428
34.08088142024405
15.741840070880716
5.672620986527818
21.657794644418328
10.665799093806417
25.382773295365965
2.4974331652130233
-0.01003543790007773
-13.13215731402335
-10.956010412687984
-1.2757909979946422
-0.010356838815277183
0.014206900490248957
0.008192506603620676
3.03284655087459
-0.021164738212649876
-4.038007554756849
-4.707470994485147
-4.667429182077363
-4.005254622309783
-1.197113287223823
-12.042962469739054
-3.8077454439441345
-6.484906903653023
-18.400032121554883
-3.7032500380974356
-17.250814821864434
-1.97000312557062
-7.6052477212598015
-104.16868758041893
-1.2741005911224375
-0.02503885420951584
-1.7460146366382947
-1.6380448630038091
-5.884570104632518
-10.904575586470497
-0.670372221348164
-4.497229313957552
-1.6994580941470794
-32.133222933754716
0.1242116184565661
-0.33627110340265554
-2.2019948282356903
-0.011009457531955815
-7.110820237761543
-29.38580566347975
-4.944867915645956
-0.5727812208989105
-4.930015517789562
-3.119930054387403
-89.13651454818601
-9.422172776306088
-27.41252447741614
-5.501455187916081
-11.702254116238024
-1.210404497689271
-2.039894505505765
-0.570266467723479
0.0035568230188744673
-0.0719317037554525
-4.427154752055783
7.283381403314621e-5
-0.6772333140852063
-0.008459869542481482
11.641569026316873
0.005683612918096024
-0.21322356131279882
5.0155597342120615
3.27927710729027
0.4386671139661761
7.974795929297613
3.2412268019246193
8.635203529323931
0.46481023402494237
2.134213156263865
-0.9129605381193814
24.65301170818974
67.48238040928932
28.371529258568568
30.93600692703331
4.234717648149468
16.997883667601876
10.619923714206449
-0.572298954304542
6.825202961321481
0.45946869327705214
27.34797861295125
5.519393117307384
-1.8738620764502867
-0.006375958122126987
-1.3574240802702302
-15.934831449713231
-0.3337781941316666
0.2042555331475853
0.00023915432443359272
0.24728081382464911
1.302057465099879
0.002841748444120067
0.37265636178066974
-4.8990083845524975e-5
1.0183652745142364
-0.8987888281235272
3.7584803577428034
3.1647320829046155
84.25765209361785
3.1341131278967755
0.06137657039946593
0.8759312129476274
13.547819841797553
170.28240034462246
454.509958012893
478.4371334412444
428.05254509892535
336.08172967911696
432.41078357122586
54.25774813932263
74.29716998423575
5.583039012914403
2.656306270069779
-7.429595940269906
9.126743169636383
-0.826163917525051
7.544380775306074
2.306489985979035
1.2127623867062785
1.5357865041556733
10.253871979550585
32.864937481813165
3.293682253551375
0.0006569877370599922
-0.1282972260281612
0.019061799556924434
-0.23993949151208943
-3.4385166225573887
1.30394557067267
-7.8770817949239635
-0.9694303817961222
0.029510218032800985
-4.803440002859831
-0.0014817709015486665
-1.8851626920726978
-0.5216250134209902
-0.9081754067970315
-0.013987610749622823
-3.3498230107398625
-9.91286557061426
-2.053871285106197
0.008176021549855018
8.831697281745525
0.06195616849010741
4.486570931099509
9.527170760232158
82.86560783114828
0.689421100039549
2.0521889629998302
-0.013561180134260081
-12.8089767689971
-2.828412184464564
7.502872475825346e-8
0.3084937138393457
-0.10761714808114155
-0.016785851224766776
-0.6419110901950735
-16.932362620955313
-22.825495844712
-0.09119748753857349
-2.877496146937398
-6.588252141502215
-4.3047455344817225
-0.11501224824875264
6.864998698881417
51.87026813439537
0.06211885272122814
13.83074256510602
37.227213337381386
178.93917002892286
117.62149604223194
19.006367309689416
28.184916158671896
5.492267381856322
14.821740397426472
20.415356665697363
13.641783774594483
-17.74113167729801
-34.22175917130826
-24.443653901302287
-6.973690980706822
-14.676267247698503
0.05157880159327361
0.6762123577097838
1.5316286622769406
-0.11074030510181837
-44.060469841162
-10.035073285325078
-24.183590573045766
-37.52176408652595
-15.261919668418933
0.011330317687786196
-27.34198875602429
-7.993172897127496
-15.60197739010672
-7.310780868856061
-6.550764649899545e-5
18.121801782448834
20.199843514688993
2.7823059382319935
12.28601330375713
51.646673376431586
41.624283500402626
8.498226383262883
1.7787716161921134
-0.0813989613275222
5.725803631557116
0.4703103697740304
-2.4178847011006193
-2.216618873143738
-22.997010103156285
-3.1955223184723685
-29.87994780351633
-22.227501312120044
-0.0010383118614515202
-0.8849095667963313
-0.5457548075598909
1.8905514859550434
0.045883931488612834
-0.1717442578293163
-0.0003905371688059738
-0.0020432455978748585
1.1066219269145537e-5
1.4509714469077037
13.52387574160784
0.03106089944777948
9.39235106747496
26.557509888081917
86.99442705751842
2.5932704800383317
8.144781835145137
0.3834114123401236
4.5724681806868945
65.40649043209349
41.654503219388495
54.5914925357978
51.11039680158322
8.775813721935403
1.0836186811574533
96.09391698657018
23.564840877803793
0.03405580410191418
13.208465088998024
0.05569084954859334
3.1896783643344415
46.53540599951775
83.47368070583104
8.002901846358213
-7.450331654819528e-6
-1.9739639335925885
-0.6923181297473684
0.008815484382970327
2.03305764987009
3.372482489292005
0.11146162782266138
0.38944522521379016
4.254836244599503
1.2022095371056407
0.003571510665698899
0.2949715411890275
19.353085738883212
2.25814207386671
15.966231350507263
0.3774192593602265
9.094018634652707
25.267327304661418
8.785676108184955
19.047886288841003
0.4599272194711517
3.4308061527272544
0.0036900141311661957
3.693198104262062
2.009085154713705
-0.021436582438070458
24.430419391368023
1.6822018108789054
72.58106188778243
38.835734125966745
4.06334703161723
-0.8536436203086991
0.4166602918203954
7.549579335668931
0.06165699480671948
-0.0479358197647463
0.2558290941089445
-0.0006870828492546478
1.8702278510763208
1.102955881928902
-0.00020967974893906682
-12.595022902095955
7.27220557383558e-5
-0.26964608806126816
10.600466283718799
-0.7105522789386831
-0.07402547151739344
-11.585782570111725
-6.60669150353318
-7.456253373873866
-2.733871317009067
-1.0494880185450228
-0.02216744402140534
-18.553413490143026
2.7747483125401216
4.258198404884556
3.3792449480479667
1.3241617924639033
-0.12057935637654364
-0.9317938739635526
-14.290697926159075
-2.3881557404231404
-7.545731417973606
-3.7266755160499088
-2.2697999802135564
-4.144841413719248
-0.0007723582240241133
-0.00018618356284462776
2.8113638175212445
1.5580747645849573
8.811500328649304
5.8419862995888225
11.509638550934964
0.9505634099993383
0.37959613715490864
-7.1473163862029025
-0.2373317549527633
15.629775175728003
0.019891757198193756
5.593740648729967
2.6746887744290326
0.186697223986504
12.084134056763384
0.022312460352445343
5.034058641211216
0.0280072747166713
0.45152586557364777
-4.354133324166828
-17.250395479255715
-39.69730804515947
-22.972585035263545
-0.9140937784705262
0.007704922598135651
-0.0040292670126403935
-1.1513258207280517
-6.396392276178103
-42.74253148726763
-18.993225918928523
-2.2766427146338524
0.9385911802210365
3.8912312579324846
0.6994804688348343
0.1328441031208356
2.999127811783589
-3.557653439441623
5.274925929672288
34.68238328772801
9.56989504470616
0.015784206512352735
1.2443495013219943
-0.31373170370934583
-12.679730676916808
-12.967183558550087
-0.0940796101451354
0.7376074309422852
-0.09790725346838827
-1.902489386438164
0.6195350667929325
0.03593985313158057
-1.7867406501718823
0.07112384937727757
-1.26240631214326
-0.016466690187372353
-1.3408083164902178
-0.19478475923370328
-1.4921272021403935
-0.5434716913941657
-0.008767561950814292
10.723754816154187
42.766057610948245
173.61374603939097
41.152615417588315
27.328593070416368
98.58134644605877
51.05499015285589
92.99068676051998
140.52444919269865
227.91574403646487
126.7989172653134
35.15658179722646
25.03247116223961
25.52850089303416
2.1905337487975234
0.42226199604841197
-3.5779022586346385e-5
0.8177631500094297
0.16359127022594347
-31.38954650189574
-12.441621617800806
-5.27591981325708
-23.9222418126824
-46.42076121692116
-18.990686456773368
-3.347583583942297
-5.949363048695745
4.135342613065516
5.752175529837397
-4.558005462821813
0.00037470346019296186
0.4593572286990815
1.1926620568339785
-0.9622519047258863
-6.800179424996629
3.6110787134683533
0.0006049055337676701
-0.9647708440337496
-20.85907095437879
-29.084389275105316
-1.4507287820134378
-5.282910565040588
-0.060651271644184525
-16.38630161033942
-19.006923069983326
-0.00447888882567976
-0.1837486998222847
-15.16870200870612
-2.581763259675711
-32.75762763810394
-7.289737944760744
-7.355772671304498
-16.470947515516695
-0.0025317286238283254
0.8006077422917578
-4.669376402491071
0.0034214929716408133
-6.695059519003128
-6.3518806410828414
-16.48021353887006
-0.03217383128828734
29.07718602634079
0.03213118742089929
-2.517414765341234
-2.4144735000233064
-3.6538564640109645
0.13221652364084202
1.1456443872074242e-5
-0.18707989672918215
-6.507404765585429
-19.07218862743411
0.07212018768841907
1.3584476778452812
57.999111809432804
134.39143694122637
0.2964035316128643
7.93752619802518
5.664811235997938
11.570786996603388
47.794094439175836
21.05410993596187
0.7156998363708509
2.0478212044472692
9.69457221404275e-6
7.606811746357299
-0.5340865291644324
0.0003420862919344669
2.5609826473158694
54.333684066873104
2.227577029363714
12.166133060587926
9.866884953552077
0.04993106913974425
29.703164462034525
0.10177409457546323
-0.8119605660023674
-0.1524425658974724
-0.11009073975544842
0.0014691979354113773
-1.9027795828448966
-3.3185246661272143
-31.742225756153235
-25.573262310008506
2.357862272435368
-0.0002492618669094899
37.80962804462186
37.05453771641847
38.118701647435856
76.03775793193975
0.24190469534445797
-5.550402358863824
-0.25278834617962
-1.1190725274478792
-5.257597951860521
-0.3875284402929343
-0.17206508826098607
2.1741137696910493
-0.002231986952618565
0.2324912191890229
-0.7252053537295762
-55.09348934722511
-0.36671718626295363
-0.016648953917893828
-21.866614214057893
-38.201016846510036
-10.743140512240215
-0.2097970668286748
-52.57392409338262
0.007066353384625084
132.5911470962475
6.46954806696126
7.665519460085848
1.5680179101253395
-3.941507557772147e-5
2.1132239697696074
-7.521894261807495e-5
-1.6211659194941852
-1.2638349456207467
-0.07289298191503725
1.906420246049057
0.0992156524682301
1.3571069103843187
-0.11496136831305608
0.001071752063152096
-7.4757084106713485
4.484420519521349
-0.21803500296288408
3.631670708782862
-1.4523930587872584
0.20073049746513943
-0.003817935492167988
57.00259476113865
0.05273996863090038
3.2061062531293985
2.1106264942040815
3.1515176921909456
0.14476796856702343
-1.149505235985382
-0.5558602913623307
0.040076011858770834
1.5945363745990602
-1.8299466103870556
-80.81082978797286
-5.033665855111183
-9.633286103166876
4.526917879975666e-5
-2.5953619118565783
0.7308688157232551
-17.309006620774703
-25.752928320479995
17.714101835239646
2.0215983828499464
2.1434979813939545
0.07056354543738588
-30.77760254841429
-10.97717023276986
-0.6569660117216916
2.689017874572538
1.7561861830865149
6.193313578487724
3.8926863064995985
0.5132154590376874
0.14206078511671683
-0.03825181878972123
5.777456245580717
-18.25499788484191
0.05390930057840477
0.0030958138714195344
-0.030693340917348044
-5.096581814692019
-5.954004135854513
-21.345826083541045
-0.017191928107918093
1.787430838082077e-5
-0.18128270790385212
7.016695758499238
0.16717302964192027
-0.017764991294777547
-10.380646342799213
-0.04523760968142642
5.646197289096431
19.286425213780316
-0.3363714913559412
17.224951387925312
10.685738693559351
-1.6238945999996441
-11.873681410030484
-10.062356568117464
-22.017222844641996
-0.2445834302290253
-0.6840899339417279
-9.716985646646902
-0.03926504526873611
-0.6810927095531774
-9.216705771654697
-9.540523067910037
-2.8330145067858417
-77.81623313243233
-25.573077343554488
2.31395716662414
0.4150853409072846
8.612353803095251
0.5680701080908664
18.99261097651067
58.18172427531575
138.9240015970443
36.612636914440785
47.93372600967929
8.11852530372723
9.203756795120162
24.922194982861033
37.76683755029806
13.687015784878945
-0.0007401658319253075
-0.44849934950367876
-15.891987728832351
-9.950801973196006
-0.020092632614535977
-23.24570836590146
-0.4744477309741611
-3.954045830114389
-12.432386065011347
1.8801088659001823
10.825779131370338
18.6502991978624
-0.01480759540884359
0.9190584002622163
-6.221538716298528
-15.210963527830344
-0.08948841501831727
0.3762180378843661
0.004334502797475596
-0.004503626447960394
-3.2671675724909415
-10.819639527740728
-3.6493159454434454
-6.095352519888553
0.31400870365076566
0.03887249595214477
-0.3076012389317995
2.126520038103422
-1.6169866947167624
-4.68000077064005
-33.72955764292711
-0.15372596863082533
-43.07219470566838
-28.29304536149451
-48.98616865975511
-21.095461669637142
-0.1211127228162062
12.790983295410351
-0.8868254995552199
0.3708906395351091
0.0006878074040862288
9.933829759106056
-6.767649902714788
-1.243627876401728
-1.9508291691039479
-14.518498365453063
-14.361663528667854
-4.967465606918723e-5
0.6243325574630394
-0.5353406068967056
-0.1463783318670967
7.998632164115781
19.867108842639183
36.480186360430075
39.1229099981306
89.23069030761407
63.02756420682462
66.86122728475893
54.96587774082732
153.72720219297275
83.81536493613463
39.33572171058914
45.12329482005757
69.86809031681317
49.344465827742944
29.35364992237867
82.84055534626143
19.134950656126225
-3.6692779880752604
-9.165698581057137
-6.435996756768941
-0.15129088717039849
-1.089429150195563
0.20822426834815136
2.5475048580659947
-22.906341566605636
-0.002740129855407671
31.772143170141657
4.504761668833505
16.77560859502273
47.891859209905114
5.771725966910246
39.734649090893114
23.725951296745773
0.5011975920621206
169.24902529097116
158.1467573709759
12.973402970404189
-0.004527159444233907
-11.017751505810496
-29.45779454542755
-0.19909188129561006
0.019410985636090183
0.010567696228867902
0.2590079506050339
0.02110811176884904
-3.177740601969157e-7
13.170342213490805
37.432278944789914
27.708197596176078
107.05464247398307
-0.34337590354909964
0.8859203749600758
14.80310818976044
11.894358373706213
10.016289013817524
0.035600919155438046
0.50791197587644
0.04876610707184117
-0.6882318116021647
1.457572197424366
-2.056850169719515
-9.460650655140261
-18.117452245914954
-15.200364565232924
-15.361112777022296
-0.9135912946204889
0.6385041295635934
-0.005528879191206198
-10.266078191187713
-10.589387136179342
-0.8561909022704034
0.027943141637563916
-0.1021891288724386
5.372554239917283
12.163497067275689
0.3438562969026122
-5.189786018816289e-5
-0.0017488014412164758
-9.31311637528506
-0.6668271264412614
5.403385861137242
0.27723464984502144
-13.959346797303212
-0.40812399430554214
-3.26936246415701
-0.02207301361374764
0.003202404741712752
-0.007459163561575835
-2.8347372774970143
-5.49386772565115
-0.07726328403513359
-1.059340906402504
-4.278347111805148e-6
8.102945147417126
-14.994687352009553
-10.189020109788935
-3.327921366615388
35.29602055926334
0.000861540079852818
12.090218260398297
-4.6553108512210434e-5
2.309819550000512
0.05012255633014782
-17.188704138240258
-14.314309534040135
-3.8931066492639355
-0.27042344569521387
-24.193685773985326
-23.903878612034593
-2.2774107376870996
-5.013053342264054
-4.533710012206633
-48.97449809274743
-0.4008618707949375
-6.52403450867417
-32.440446998896974
-22.76000052084796
-16.878254384396822
-61.51559080918589
-118.18885300909221
-38.969320779012115
-58.073090272575016
-51.419589500263896
-102.11720264318562
-14.518312749557383
-44.8922317199948
-18.16290449191432
-2.0115407132452567
-0.921063393682
-0.021832252300089932
6.1736311366876295
2.31506108138034
1.9319801599226094
1.1434228168918414
0.3892465662625423
-0.0063873364792311794
0.0025277261825129463
0.3220536616252729
11.616903215266676
-8.447403845038292e-5
-1.6408400643831245
-0.00556402838860354
-0.007562969714000649
0.021367410676983972
-8.15483739456749
-3.2823966113070737
-2.405116791307819
-7.561356085550144
-18.02211740149033
-55.44620954279205
-30.52047025688907
-46.60690417326525
-9.431200569923712
-0.014173574951830225
48.46203362758665
-0.09115455072437156
-3.981505060563893
-3.7514458823324133
-0.1978139269897538
0.20232053015359588
2.5937034495877405
0.8982742438865023
6.29090964171387
0.3500675954919995
-0.7196593339211287
-1.6103402222887786
-3.5187570214757042
-13.540435362960656
-2.588554841207486
-8.517957660206129
0.3260504154102936
-3.658899622412353
0.002202869672147629
-0.31453823965426164
-0.14143551008334365
-0.7762177612878737
-0.5718697948436089
0.005865049307879698
-3.2338866716015535
-30.773871373245747
-11.15120490142043
0.06226109208251112
0.0047975670489723435
-9.75313796028882e-5
2.248618889593535
2.537616608000996
0.8538857692968479
0.018506535910672948
-0.0008345481144754769
0.5193682559515287
0.16639917477275717
0.022182778793428483
-1.4490168019822016
-5.046834536136596
0.29003004887342476
0.039211160841485584
0.005117258941282499
-1.3335482221453716
-8.187738826891911
-9.272507384805655
-7.792328569108463
-0.0351748100395497
2.865952435124527
0.0006234909446263683
-0.0006371761497984962
-11.6326238203082
-6.638666917906967
-3.7650408394769492
-1.3410094260175107
-0.2091627551448073
-12.65903024515462
-0.14913665988994848
-11.289412068973894
0.10035510287910966
2.442181887526067
-0.22810812774184008
-0.03724660647592221
-0.5107223668242126
-20.64117934006467
-4.757274736053291
5.676571440563958
0.0007695811319897654
0.08966237785188873
-0.0007104467259785573
-0.6997786865513647
-6.655866579482292
-8.520679570452067
-2.1672280793485834
-6.74426815178758
-0.2741430434614866
0.04296026336408232
0.07371855013582994
-22.320535143733892
-7.5309212129401795
-0.6768358350263054
-14.475089013191624
-0.01779460097458871
7.272860576013615
1.1267182177881372
-0.9131618337508133
0.2967266732337884
5.2213760310250095
29.429237450045623
11.233635644341563
0.6690784856971391
6.8407740647315665
12.952217372730846
81.39134784199099
2.1598106235426755
-0.04235308356429708
-1.2326397880743938
-0.24048845945730157
-55.867818481932545
-1.6731103349045957
-0.09978379705843679
-16.096481819235905
-4.958374192964397
-0.987036971897971
0.10813420129350416
8.834432164817253
1.5017196133785662
-5.348713105373277e-5
-4.228730944842146
0.8671664255085206
-3.1516851151048004
-0.2046338693533335
0.21429417254523153
0.04395182866682661
-7.888070760881051
-13.55854114393531
0.22740442444462
12.600709673643175
26.347228348448798
2.347690315502964
0.7372077030346891
1.0730746042711772
-0.0012498381962822132
-0.4703997856780494
0.1042071985076712
-64.08735873597043
-87.42897879018696
-37.14648274520226
-3.8532419906054614
-27.555959523344388
-4.7775767090846095
-0.5065451431988244
-0.6394084451120313
0.07183144166662447
46.75095714237859
3.9208569841149015e-8
3.582605512686054
0.006835515519532979
10.257668017804336
3.7518086080810003
5.429237653217894
7.386981621619291
-0.02285255691295794
-21.705444290118006
-19.98851614503198
-0.04622222946614014
1.4615672842367353
-8.7147697064998
-13.596138917420706
0.004670720022394571
0.023657448985083644
0.1745922933924997
0.1137455632489213
-0.11184718950118848
-0.007058826588081845
-19.16025555972988
-56.73759243825154
-25.106337204042234
-3.220226254064647
-0.0007009237618511892
35.7289851607495
0.32643652557166625
-0.9030777313912999
11.229406400153936
0.32924537430343925
-0.003345724140745108
0.0967985680702281
0.04081439923262809
3.2070671820870458
20.12895947173378
1.3389920872798446
7.8452834440455765
-1.4976284464829115
-33.81143552959808
-27.01642454688517
-36.50271019447086
-108.89437543664496
-9.99426030786426
-0.13137239845376897
-3.7295570965241964
-0.7979779772104285
-4.501934018546521
-3.522444413413826
-0.2090371760211549
-0.7000231049191927
-4.984979042137083
0.3876590389748955
74.33341588248382
40.25145972168269
10.988270743025891
58.88698372494367
26.882418111516166
6.112020134435803
17.04003858478358
49.17781121612979
102.61147379447459
83.21854035620741
0.18279980745016958
0.8593342765624676
-1.2521059376201822
-0.009350113620395468
-0.005671098972642846
-0.1617843257589764
-0.20005448668230616
-2.1774540122768866
-15.118860760213668
6.908674480218799
6.468844991966571
21.118974815184384
11.926448144972497
18.259473754629678
-0.019369023752650354
3.5040349479159723
0.05779387131338497
-0.2406551761497848
0.016391716938781165
2.271616227230214e-6
5.2281705101606075
10.852512411929743
1.2679037461693212
1.398735278957483
-1.0796526702631613
0.05697080313227718
0.02144271180632234
20.3485254126638
0.4747602147857172
-8.290666032264655
-8.886702024688136
-0.4616012345395186
-21.262320660565457
-0.06831482262159258
-11.40837492994984
-49.32978217513262
-1.937849309198505
-39.30451731634787
-55.201552158501244
-8.366270507953853
-0.16877520770269902
-9.818209931991126
-29.013042334711393
-21.62003426226153
-0.558632864231337
-0.005222826451138333
-0.06811764254796968
7.208923419745728
3.2555347753969173
0.011174036313145952
-0.34001071219289586
-0.14060153829618946
-6.818388259875155
-46.44008778059202
-22.24571846917961
0.06127408474294304
-1.0667028291723908
-5.578187188198772
-1.4108689564373473
-0.03976508279664934
-1.098944174414942
-5.341611620143023
-0.49823551287659085
0.0023837701173238393
-0.8373226875632934
0.22547027697068234
-0.0009955588265918103
-5.408946834960372
-26.273685965264097
-3.8489567937814475
-0.9753462192436421
-16.827273337731626
-83.53754413480156
-0.21627402939759924
23.56596175385001
5.1786198676157715
47.45489391541891
113.38683271960524
15.892725832098249
9.868451448023345
0.05355281035232465
-31.365868516705937
-5.229427605707737
-4.129451573736943
-5.564600183027991
-12.770569454329742
-27.444823147173903
-11.440752642232123
-0.19537870882901648
0.025529349643669447
0.6772688385791572
0.08566668462892452
3.3264019357530636
0.6826185487051094
-0.04815732028159162
-4.018210059819364
0.26866490750656
-7.168919845675602
-46.25492881793619
-2.070916747954815
-0.11782065504040969
-19.05612724159145
-0.8635397593456237
-0.24050204685024054
-15.613377693168584
-13.521683154881028
1.4749379622353542
-0.007797715761485369
0.020748716047933508
-2.510616400193944
-0.3538481084476832
0.16175500486652528
-14.92935338292144
-5.163078636663642
-15.010097052233318
0.12491133909922374
-0.5232097469985991
3.9110150615553043
-0.0007627912351828641
-0.3220245822474239
0.05034615983735027
-0.28068707446515095
-3.124772523735288
-2.511806625242024
-10.912748840123605
-5.016186136077628
-16.562440699526523
-6.291800112956122
-22.023869517237753
-3.118678759257815
-4.809226797136546
-0.13373579506834365
-4.311992081534718
-4.285768081439276e-5
-0.2672624011396706
-5.787141291343643
-0.1551118526391313
-35.57837607744307
0.20071820975583346
-2.249537674999329
0.82253455786809
0.01040290712607722
-0.06833175584849296
-0.0005580216342423315
17.731265806844185
23.965872216558445
-0.01131431245316389
-0.7294718479074579
-10.413276752466746
-8.800466488799081
6.023371124594494e-6
-12.738785707584414
-17.66871396862155
-0.000658745125736205
2.3862310715688766
-0.8477158019907763
1.7942227696108077
3.827746314810075
17.067215208487884
3.734854244908955
10.111760464688594
2.7657415152180174
5.436996735999356
0.2340018925343653
0.30989463075742285
-0.33842441344190455
0.00022474186055886406
0.08538659018861723
0.37705376936630436
-0.41403045436413194
-0.3683349385918672
-4.065808123502901
-0.17301917631388372
-0.6930089413958523
-0.19490497132852475
68.29960758585254
16.096442279103748
3.0530473185092943
16.43531753338205
-0.009570658648494606
0.19939897345523278
0.10576573961513472
-7.525293447234236
-1.9915295689314338
-0.00012111560495749361
0.23505468044991695
-1.006889036641698
-2.0050384797839116
-0.17138170044798615
-0.817103462844393
1.0737659648437574
15.80745048932801
13.082266639430317
0.06286110605072794
-4.626798159875211
-7.559821247716544
-4.33430324870706
0.0006255485894979166
-16.02680484207435
-16.842253081137653
-2.1899909104583615
-31.37661953963698
-69.8891004015933
-65.07942034021173
-0.28569998444529965
-12.404876971088228
-0.8473793381938471
0.06910276711769324
1.0936002830398621
0.14318445838659022
-0.04738101891690289
-0.34127234979572874
0.4057207058129646
7.860816110403314
11.016436673062243
8.264205398271074e-5
0.20299310404629053
0.05683404595691099
-0.27973176190445165
-0.06980851181467966
2.184538768076392e-6
-3.149958597601948
-0.022407938795289656
6.571614365578648e-5
4.27290012090727
1.1566344728498452
0.00022373738352396785
-5.022655546929762
-0.050367327759161744
-7.817919026164231
-1.753822551690981
-0.321806792642892
-3.795076591553194
-0.1455021950506326
1.0363030009335568
1.4166136767285848
6.918210704317463
0.21412441087403655
16.87986350692636
26.88253857856904
0.0050716798858660645
-0.5828162568873861
-5.194610088135335
3.8317868081663393
5.530685498750899
4.327167070058866
-6.449306363485131
-57.929106286764686
-34.93501357120125
-8.906992457862454
-0.21094544746534147
-1.2149537965907535
0.003649935631815292
-0.17766924502771742
-2.426890697938554
-16.203801327004594
-0.4660887933864729
-0.22326902365599807
33.56804383639751
3.3126877181323957
7.383497936478536
41.27940264310864
127.31102547135058
58.44621126705637
26.496126224511272
8.079539817360821
-1.8798228729263088e-5
0.00026059951079373915
7.639316816501535
-0.5265052646986292
0.0002499910209381124
2.886456089715007
7.881348707580125
-0.021290484151430082
-0.05218758456548994
-2.2729829731202997
-8.093562963328656
-0.0007162403197820992
1.872034876177446
-0.03527952306527452
-0.1581488495483554
0.17831086605434399
1.0312454725375948
0.9708713478228581
3.2407520441132744
3.116044271321047
0.014993658635448444
0.9080764534827496
-0.00394042212560321
-0.27146584194007584
-2.30729372492669
-1.0567803024315292
-21.49460976776249
-30.740865683424666
-50.68975862356331
-5.11518351448181
-7.457990111621403e-5
-0.2968168249738164
-1.2008752916772882
-23.302529536912456
-21.0608761283312
-9.198580000301682
0.6667780146610984
-0.0028490011263479827
-1.051488756135342
2.6853411564924783
41.09200545551441
54.95372279854587
115.86918041192527
1.53048340304872
4.707049845956564
7.467097585432208
0.026291683417900506
0.2995391152067781
0.030466631251131738
4.082672324137885
0.14177176418968482
-0.31437931233530364
9.87299313043344
12.92070898515873
1.0091389381111195
-0.0232964451374573
0.00018561774854795556
-5.980226899730997
-2.678497456342324
-3.3016180213423247
-30.638156339151976
-21.474451541537476
-0.09323520851202448
13.043882466811771
-6.504695241534489
-3.9374283844590816
-35.265673390856165
-47.72792519160113
-39.83384496391132
-7.005245593730665
-30.921454684530026
-0.2582522724934292
0.8168490727765004
0.26208227096468073
-3.157090665862258
-0.0007050935825869318
3.6935622441710953e-9
0.44046237172187236
-1.449344270263284
9.173761629424144
-6.530397991729648
0.021645774492371286
0.055765476780729774
-0.013835707832614784
22.35635876524119
0.15148246495234916
0.14159487794671904
0.5353527609087423
1.2536621460160047
-0.00030548393949031253
-31.211554264272817
-31.564438381443203
0.18564639463715776
-0.0038592944715982323
-1.831512627067114
1.9834415866097101
-5.529229393593354
6.670165979172212
19.301290409035996
34.439724114336265
80.73955601838333
0.3174806297749717
1.9377483370952044e-5
-0.005640605956175786
-0.10986724855013334
0.4619448637346609
0.06731936396713517
7.886596637576265
11.87445055506263
33.29419100784636
45.781906757643284
2.4844388914911266
0.2159420875626541
1.4994535047994977
-0.3278565192324474
-10.686955007511703
0.18295097764206592
-0.0058995618415770435
-0.007630938996955546
-1.3721497985550957
-1.39473706980519
-12.941982907751033
-5.4449106725344265
-21.238722707802722
-0.01617480450400892
18.330880032434063
1.0951465430204634
-3.0442668208105745
-19.434917862651705
-11.804498412822777
-8.012786634143174
-36.21193139972613
-32.40583985786762
-2.6870700983521862
0.03390035070586854
-0.03803583249801376
-1.3151501341778091
-57.535358932706465
-3.2447615127024814
4.298044053872855
0.015833573142482873
-0.1813673207718584
1.292827205430986
2.7067019231046188
-0.1111603883832956
-17.936131518473363
-11.075696840876134
-20.9582107702479
-8.478647120642924
-2.5996515897382544
-16.103698766577946
-36.67464444432373
-40.08611014214871
-30.04286874449864
-18.556487778627886
-1.6407304285014925
-0.24463699769706693
-11.70869400176362
-4.979845299400572
0.5794383598461862
1.0310380129952283
-9.182099074188221
0.008654965319486056
-0.006032906809061243
9.027054632427266
-0.41052117222665024
-13.09272481022721
-49.8651644680443
-17.88858808393953
-22.307350935617595
-50.97552261099821
-16.155152783337673
-20.446838496042506
-20.749215499421013
-0.716187098881119
-29.49361238833234
3.4024034354493384
5.892976042731117
1.9779106047624633
-1.1883540245841364
4.417523712649247
-1.5706214967021537
19.29752760081221
-0.07615747680538192
-0.01964501610716574
-0.3217247815271531
-0.26149157402201795
0.44447000923946467
-19.629921579119575
-0.012641415298591422
-51.4785440093962
-7.553247739442781
-13.704780766278377
-12.54503249251558
-24.29325707968828
-1.6571528461353224
-1.3402488702784505
-27.51525221649183
0.051315151694617846
-1.8125531180386174
-0.8520588291595186
-0.7022203530288892
-1.7348303600719852
-7.231029282067102
0.00010928961171644592
-6.4876657677396805
1.5521655771504783
1.1055453188065354
-2.1765572399619613
-1.7740648679617437
0.00025032444428680695
3.5617011135238545
-0.5840249891813633
-2.3007874338925993
-49.02415215106932
-43.93496116486196
-19.810680520180163
-5.260107516791233
-4.005302291270881
-29.207518569864522
-12.259391561195262
-83.5495255122823
-0.824523942353945
-3.61125883910051
3.3433966832313953
0.00048220266576111886
1.235336137919204
2.290760615491185
5.728523121846317
0.5755553924324076
81.08524597471327
41.06785493725224
48.751041016003214
2.5351926728749956
1.6532755893233342
2.00524004182759
7.854812810417634
97.43871672457846
137.26366135914722
121.77796671944519
201.95738414476702
280.11799365944876
194.05937389144393
186.93864220874462
87.36134218033298
147.19640239510045
164.13422738748034
28.041458087701816
57.51710536993367
24.560438178829777
0.833957312643322
9.233568789469949
6.709213535468281
0.06619879509039972
-4.566548656926433
-1.1401368677620012
-5.119686676893029
0.04585213836985692
-0.0021954997135551846
0.012274371046467659
-0.032355258554250234
-0.016163953928760383
0.7300765766725111
-3.567194042109076
-1.7859253143190612
-19.59383791830184
5.422576760903302
5.6055435553327e-6
0.07865697999038485
-0.02200644786990704
-1.0328502346256776
-28.214749864808553
-0.47390602618096966
-9.30474256749502
-28.765859086263678
-1.9377330305573481
-4.4802450946529575
-12.698139283624558
-3.7853833297387336
-0.1493637921128583
-0.07981466304338038
-0.307613747831139
-8.782670456603437
0.7973762398502988
-0.3363172496272867
6.378794004450795
8.335877980965957
22.310547496003586
0.7721068479587984
-1.964486225570651
-0.034399149324677164
-0.12604057136576838
-66.82811700499826
-0.08254669656661362
0.4808138985724762
-0.05759040868664269
-25.181147252186282
-1.6208466321303427
-0.08430972136493949
-0.033894537459222183
-2.3703129712702125
-0.7676086480929588
-1.2973727175150047
-0.07361341715787827
-0.5842385771896339
-0.717286778726785
0.14171381320691256
-1.1520719479777386
-0.3573474029437998
-4.897700625033762
-3.6833383819653305
-57.61546172369679
-3.2425879633375123
-27.87648213075839
-26.514034724803736
-22.530099870460436
-4.928167205605537
-0.7745906785580516
-1.2195129700810439
-0.997283231809377
16.441947596628335
2.868102222455182
14.522059744012239
31.540042145096706
8.031938024027669
36.12909480954781
93.18424430547803
3.915910597715691
3.683271020333338
9.14930741965974
0.036950155815906195
32.582530231518774
22.72078169670998
8.121324129520817
0.984238889284837
-0.051448122602199976
1.1392769185988643
0.0002470447869675389
8.258166899510744
5.100603328242607
2.2062064695356582
9.025225551597801
-0.04593770796043186
-0.02516267991427957
4.476376934952264
3.2678325920915037
0.4118437623163216
16.68140701665514
34.897703839526066
1.9820136677203568
151.6901350351194
118.72768646900245
41.52996760055071
33.823401647590565
