-14.610849876941156
-0.6137258887646043
-0.7590010831527133
-13.205833190605885
-3.410770674968776
-3.960374091545726
-0.22581431147986117
-1.095944300735354
-5.367858414422742
0.06479638526605858
0.0007144061276304664
0.03950168196012367
-1.284964997780921
-33.022075093719664
-0.9215618255205952
-0.0016769380492338852
3.22490612817972
5.174980115597779
2.3105293031565077
0.011038159120251927
0.7444187190370563
3.5647120257859526
0.11531360423577246
0.5403678365944888
4.4757795961351095
0.16814580768763643
-0.02222451595845825
0.17559827828713692
-0.43614604723669104
-0.3002963190724068
2.5288649743331573
2.9749077649262703
5.98322866764425
25.220653035504352
4.7376784813351325
1.6344279666366588
-0.41068440357332064
-0.4105020073422977
0.15520225446335462
0.6470020510304322
-0.06917287351647051
-0.10375102416591764
-0.5485568606396305
4.585747937872009
-0.03833882190841518
-7.171827854339731
-2.2232621004064828
-15.994207883854067
-3.456009107563962
-0.1403831257433922
0.02585001345970771
0.07167057832012988
1.5363142391598348
-0.006125609296355054
0.32437261803530504
-0.08995904457410708
-0.676561148403188
0.012960746424753684
0.1975239264219548
0.032463079490641984
-0.018799690246510226
-0.5630636061661415
-1.4689775194025645
-9.919365166500414e-5
-1.0095428338367674
0.0016614749499947977
0.0375883845559755
-0.29500233081510524
-0.23643362776875865
-0.9194347628486078
-5.889699010565545
-0.5802009119729039
-6.126952948290288
-26.738740272387748
-11.402025770982432
-4.573633684227456
-11.808095925912951
-0.3299152331150662
3.903637406544995
-0.0015941633414161126
0.1872107830846986
8.32536912111245
7.872014657125591
2.4859838226241178
0.2906932498922363
1.0924817194437704
0.019090853400202567
0.35995565138468016
0.386700258483004
1.4791973015035709
-0.0005109081221198862
-0.02132458114551907
-0.012683557500710988
-0.18158957536858986
-0.7619833032737742
-0.8200686368881218
-7.936400585363411
-11.659161018972243
-2.0827657501727614
1.1769122077346288
4.6318258519209765
-3.4353868980312536
-4.5260917007687365
-7.643449686834828
-1.4870176802927815
0.10174984070915413
-1.7311299373318032
-17.619061937845107
-10.161210826207274
-18.564198946444694
-5.957094213468794
-54.02717668315112
-76.72026540268794
-37.42921721749154
-2.982304717440085
-0.6271810417419952
-1.574308151313847
0.11685117197929298
-0.8173419203747105
-2.183979188077
-95.31158339481887
-25.028103796173614
-36.603856723954046
-2.1064977268848235
-1.2099439092408126
-2.973886307085935
-0.13887887426351647
0.0016770590755932058
-0.2671110441115403
-0.09300317258308856
-0.0010298614154921528
-22.58956341311865
-6.137931396879
0.5082229376859082
1.5978501697127168
16.152197655704676
5.231482327864962
0.5546758896691996
-0.21943070887892577
-0.47677436626454134
-0.006666059044569695
-5.896123178739637
-0.07478177758327512
0.0046640415458465865
1.3896959143508278
2.8219755946667004
0.0363114566554085
0.00012738163955939682
-0.003310220327817458
3.4333321368592107
15.86640160566273
23.063439591399536
41.59278653733829
27.007308005497443
0.645396713536192
1.3685987327706937
2.6915301846315227
1.8134472305470926
-0.9253561139709724
-0.7111835604384928
-5.021184164985127
-11.973308186968007
-108.03956444471919
-30.233887018058994
-65.914009878867
-64.04150831805934
-6.932247731010999
-4.399749144373439
-1.984777303613774
0.0003746379799365347
-3.2827023439758976
-25.111213826162228
-0.08418734095097093
-1.0767310296291364
1.1437605400209228
-1.1437991519331683
-4.969927185750097
-45.161340421137496
-23.54905887902232
-19.090854677317992
-4.3062323948111505
-11.99760970898544
-2.0689295485455443
-1.135134715815858
-0.30977163342508957
-0.004569063199770369
-0.0031320950047440976
0.0208509782361904
-0.00830659718511029
-8.262991723584943
-7.947360757242217
-1.494717126692403
0.363358730844199
1.0520255080773824
11.78007373363113
38.994662014346886
13.395423588550482
3.398791055362188
1.0056137469249593
14.796437637030559
0.48150004782231315
2.2092756585751143e-5
0.17818619446834158
1.189733514333576
2.7161486458977095
-0.19654213038952845
-1.271531891124906
-1.3827421196659528
-1.3568634389848158
-8.136621604182443
4.890828793933371e-7
-7.13876572009521
-0.8200323341720774
0.06401483054227793
6.7688949639243345
16.9404848219563
18.22372704419753
51.19869803747339
43.838875436699766
49.30815020638397
54.07683443083328
44.74029171295373
39.04859325211213
7.828173628142612
2.1617420001591503
-0.2815570752753012
-0.03910632449192851
4.209355972942445
0.34381631888599523
0.15365672339859368
-0.18706980391029845
-3.564011516540077
-6.085141237340849
-1.5376460293617025
-4.305065888932185
-0.012393942747360434
-0.00465159984366864
-0.21668931590691823
3.874839912488176
3.4891191374657873
0.11497418483266983
6.153398588914935
12.257247703803305
50.44242389221593
6.3410755329499535
71.13347702716591
54.859032348503085
12.030181810174126
21.2289993917754
1.1228065360275046
39.78313453607876
52.083969475608825
83.10701789564249
61.378764429445035
73.65775427045078
151.30208064852218
179.83090896757608
154.89913109395172
123.40137039377825
16.759844744241974
1.415401892630032
3.5524721488450566
2.14861360569352
6.493618993025648
7.157801872789489
0.0001876264838950818
-0.057740303642418826
-0.0013532712758765008
0.6375312335336956
-0.009946098846942721
0.15417734954993875
-1.5782410060299534e-5
0.0006654497335714201
0.0020911361354088937
1.1503279670528133
18.562041097615953
0.19109539569005668
28.604319090889256
68.22892834044042
30.623195691859337
67.71798993321558
42.02917536652859
26.17351203666399
17.083380835712056
1.1943080383203435
0.9172820653162155
2.9264802330036113
12.594343223612572
11.950894165957967
1.264999284869069
16.731151376970757
34.14969928856494
29.697236570186842
84.90962972540268
244.67313331936217
193.67260511971685
205.00440148438898
76.93938281748025
90.86040786825001
32.81060822074773
7.812044082127443
13.85272998654779
3.3336295796910487
0.3186143648204383
0.15977770265021699
3.686464196280231
4.997893424889935
49.332586104915194
53.36313823502559
0.26649800181702116
0.0371916516730931
-1.6904525723954995
-6.540149359809792
-77.40176798823646
-78.36265969121918
-54.16233653048532
-46.58044085960627
-42.78338115189823
-28.276409620022406
-28.39903787626416
-32.0803448729479
-24.81174640207035
-4.340894115979078
-0.054896528133239364
-4.437130585858477
-2.036637495754884e-6
0.029763244387230374
-0.34959208758740673
-0.08073265877783437
-0.1580103297328729
0.3529578818704039
0.9098612257269053
5.006647582572213
0.013379051718178929
0.09512467747581321
-0.00041485314346357324
0.07242275848551614
0.8060405436364501
0.14864202475918628
-0.007494935322504033
-1.1383339835660427
0.0005872222278826328
2.466999547603677
0.5823855989229062
-0.06225124504036467
0.047966095519544616
0.0005120704089692501
-25.500879118998423
-25.1027680088833
-3.6122013095744063
-0.09993537777359408
-0.005122681080206205
1.0213341633512456
0.29852301686725796
15.972453205738589
8.154043029424228
6.867821970540594
2.9395846494437836
0.7705401060637841
-0.020643598351797576
-0.6102669119808115
-6.376652967630328
0.05131143752863923
0.007369300111495383
5.868074407131962
5.0814420050616675
1.368650506911743
3.6796327209107145
10.010258632530592
51.548888440403815
46.68757240245429
77.75554081499119
34.122328394239375
73.52593424015629
100.77446592887812
73.66493493893894
63.67143192055426
28.779204488409917
60.59536975148874
5.27476265584452
0.266590384385349
2.3451299613948255e-5
11.424024237892866
0.8584288028191602
-0.1174484815855413
-0.01722653072017078
0.8559255531138826
-6.608021716414154
-0.8196596033930367
-0.09816831966461331
-0.822167609915496
-12.930095014987058
-1.7604364397225967
0.08243300932938336
-0.005017921128053085
0.6718383823809764
-0.29488685224000405
-0.32921229235820704
-5.111379451014531
-0.8539657444572702
-0.031918017440472145
-10.790598460991395
0.00043094268134197424
0.07042657810265779
0.12187719312908893
-0.08196951744685489
0.9525012860831447
0.006278110485977939
0.0026653662912442043
2.0907175423812303
-0.08631258398243112
-1.3014139385794619
-1.6301064267501333
-0.0014448189113821428
-0.027422448397599122
-3.40109580132434
-3.4311953232731356
-0.415722052369393
-0.7355986763268816
1.7106261372910072
22.3911735950389
95.25546301411458
76.17720399979508
21.02018885343306
35.881698468372065
67.7258889448909
15.40210192738469
15.58902737792046
29.10721858142667
94.3257922876697
5.158688450570522
41.09154972105009
30.156331662523314
2.1757639013896304
12.157302252294755
7.314609967037823
2.3736767910718295
4.152139888359723
0.8790792909127411
-2.534232276469008e-5
17.8409134505828
6.954971431256349
0.010780321604142211
-0.016975801493009392
0.09572061882490489
-0.33266246776627817
-1.428073212037898
0.1712580152465651
0.5826838938939908
-0.001521942174042075
1.2807190378437756
-0.02964416063232315
-1.3133227949890662
-11.011595192641897
-16.016683509559943
-25.657805513664034
-28.21411733363758
-1.2447715398756103
-12.509316421112624
-16.792345639463367
-4.421498656251759
-0.6328774469491286
-11.243249848951258
-4.3315218892476395
-2.9140885394503635
3.831290248116773
4.145066555284712
0.9608549552472461
12.650437118351732
2.039708119185481
3.062752695380176
2.4585300812186524
0.23537270252802941
9.687029479941703
6.982488448508312
14.48614233877708
2.4859806267131406
0.4307791878923713
2.3339351851916463
2.264219387849724
5.022418709547665
28.526333272156478
35.670950578582676
14.7153108004249
17.293539822252313
21.74035144583264
10.209492679368207
29.76611835171388
58.36035638589249
39.67174345032441
210.63927419848352
22.263525819187915
10.915272267012895
0.5126536165412605
2.7244687138670907
0.2500046706872156
5.664685761060886
3.762124970869366
1.1281911023160265
11.044065345701837
1.027726146580674
-12.27721736776937
-0.8898586156663871
0.11429297199829647
-0.8471763605037459
-1.9080609945507303e-5
-5.591866031641421
-15.284399237024916
-32.80778360711239
-28.70979859310894
-78.37905964803531
-46.602850048767166
-10.652877840480432
-15.235426977254258
-21.266508028209063
-21.79542894923817
0.6657581586144157
1.624338178870993
0.02665564509230967
-1.155468409865583
6.546714356914072
1.4091461905283273
17.104415233610396
25.546288736478793
0.5066138266183787
-1.6690588356599747
-0.024611606466224525
-0.8853438612617084
-4.042037804611148
0.1810369425168691
-4.097875704780322
-1.311868073456587
-7.949064154457773
-0.038238578355230236
-0.47866644953625376
-0.7313828383505099
-2.5358089061699483
-0.6543179509643682
0.0011338123538516313
1.1093312086799243
-0.05039382569712002
3.004430235637934
-0.408587432797727
-0.0842507731254441
-0.7641370973602264
-2.5430406650788715
-0.14368336969168416
-0.03162031267121937
-0.10135577324815302
-0.232874269756166
-5.505378548779101
-2.679080786180676
-3.545840329219392
-5.5850679733178685
-11.768000704106981
-0.336594514994331
-0.048827183822586655
4.114761570071586
1.7233301351450163
1.547170844942171
13.101414466209397
0.03780931384101898
6.83284611072366
1.6464449976636955
1.03087418427362
0.045258113878386665
1.7275241780123263
0.29527428334743244
12.814571014344422
0.10882902447660273
0.02942106064340226
0.8477380319600822
-0.002888196937076665
3.9074716429960104
11.514079007300005
0.8649446001477995
0.39936310899467
1.185269136216191
4.260294177408455
-0.001442223948474415
0.0039832848096713214
0.0237445947242419
1.0339498564805247
0.020878567909238543
-0.08923111737792279
-5.474153175109543
-18.95767304681745
-32.278165629198696
-12.371497794151031
-0.017798795584654786
-7.508595797605241
-0.6397933050268008
-1.4850340369285153
-31.406109320017492
0.04508736981956165
-0.024892448450429233
-0.0013231759734972693
-0.17803928610243328
0.3791313912276293
-0.19969043255994676
0.5944587633291993
-3.4100834116459085e-5
-8.089571575541622e-9
0.4004144163964251
0.399676773479193
0.5273573227311892
0.04845283146466387
0.0007896412148439837
-0.2801592732095791
0.5995116552772523
-0.04542168587707906
-4.648520721238275
-0.02528899109522536
-0.09260090984863924
0.10291317171544025
6.3834581625748585
12.358525614412653
28.290597526968178
10.07995156521171
4.009503332106151
2.7702880318619942
-0.00024068991089071275
-1.2733177881385354
0.1796469770373672
10.724618056696196
16.92521131593617
19.81897819823524
14.414655165662888
9.185537457198366
2.1510058885636156
0.4650377455035053
1.1255729190746264
5.778853097623907
-0.0003009618276534831
-0.005624045617185604
9.06186927863189e-5
-0.009890047829744427
2.5344790424335626
-2.2529824783888546
-0.0015028019328386464
-4.039971408610722
-0.5281610535247603
-0.1722416155595527
-7.489873216046058
-3.0945502524933275
-0.1335386215204881
0.02219622093497544
0.18631796366657913
-0.09603453099735394
0.6291241817094101
0.014400691696679294
0.024427716932659608
0.010832384355740101
-2.0659754936459733
-0.07529050393245905
-0.9658915735048768
-5.146919384225047
-0.4380058414510668
-1.9148956082493322
0.7423091164333818
13.93394222520042
3.304138573456785
6.649965539067441
0.2400876802903651
3.1120161574981946
3.3887233856689485
0.5539373140049625
0.7750498525164301
0.3786194312218143
-0.001952540683807191
-14.573949930089556
-41.41387865562681
-8.198811997649777
-11.706219149589046
1.2441643644944493
0.14718272765991952
0.0009024903344328834
-0.01647713833275565
0.18906791001286805
0.2469860001304173
1.1337521248184665
0.2232431034940095
-1.8531200577732292
-2.6717578398588024
-1.884572866159166
-2.3436489804117464
-9.055484135451975
-24.075615656532165
-3.3021042890782177
-0.9200297604809022
-7.485288086374231
-22.449321161462617
-43.665859792853944
-16.52550022730824
-9.887827072282509
-2.3857104762788617
-18.549998400027395
-0.6641395058575345
3.8893135415104676
2.557751843213402
13.017303999488975
1.510600222906008
13.55972178861067
10.21822714229478
4.972669729340928
8.346789147481282
16.508945612703446
1.956054172425441
15.359201785807935
14.143318523204082
25.68817702405754
68.7783307726389
29.474005602301517
11.345757151171657
10.542344987123062
0.02072539291940856
0.10224325548156184
4.174269372940978
10.736352730329418
21.756557137871535
8.551634894870826
6.397520889086323
10.30780004755744
13.402172065525559
15.475705027509788
1.9152095122500299
-0.24302381763760814
-0.010202015246532456
-0.15459843653241018
1.5589439072748055
24.600330668604624
19.693047952838125
7.988157919016584
11.243416866767065
1.071746412412469
-0.1973997858732329
0.29084565104999405
2.0370953382412558
0.3781912527316191
0.36039522861478185
4.187262166980887
-0.6157803712066986
-0.0020595343099966707
-2.6338627494609906e-8
-4.049496248228958
-36.16193111965047
-11.477076108707287
-4.607923388020244
-1.971202677655362
-0.25089051714655525
-0.7636833915797125
-1.7675780736000095
-17.017169727339947
-0.13268182724920005
-3.894819037109448e-7
-0.005938760688257195
-2.6325654172414072
-7.385339494768509
-59.28882453518521
-21.61739053987173
-11.0726030800147
-49.69712230730921
-0.919652795559559
-33.28972874217652
-5.178158067578224
-58.61708501088953
-14.70924275038332
-9.67386943037091
-5.626378593098404
-3.4086951769563605
-0.027380614058873272
-0.384495053121826
-0.016944955851804076
-0.49954904722679067
-124.09281958452263
-31.74187939298666
-1.4908138475230912
-1.542456571299235
-0.07165896764431572
-4.265374043475158
-10.570849272094708
-23.79642192377817
-50.80584468280437
-42.342595935631124
-36.49636284728395
-11.347524202399919
-35.31955840025319
-12.589404044760723
-0.19270271024776825
-6.062216499244006e-8
-5.769723967389109e-5
-2.635173389316202e-5
0.000891724076926359
-9.574160809154307e-9
-0.5985213703363964
-0.025199818879216296
0.4835785565221399
-0.00041594509225513244
-0.1218401178312571
-1.43198253678955
0.887691067097949
0.5209981454082606
1.233451772506595
0.16836695626115258
0.945223538639218
-0.18922110273442394
-0.01905315013865298
-0.00832799758881087
-3.217308070190051
-4.714036615751248
-5.172028709159315
-2.5049953083352468
-8.344392844223089
-32.355587000882544
-7.4999671997423
-19.21765579740595
-7.250989581222609
-9.489319261449518
0.009617600205500917
0.13222371950685816
-0.15451233066738898
-15.946247237885732
-0.2174712683500991
-0.008970003063142771
-1.0440785549183604
-0.39643491557095784
-3.327377146806356
0.01912247781825848
-0.3019333868701645
-0.39098068647418416
-0.5809086097351784
0.3712190417214946
0.0007203227116580776
4.407943859251168
0.6316033416993422
0.7839222735200231
-0.04722074978908335
-0.0005761320064345048
0.051130026840357216
-0.5557865807452746
-1.260761607801008
-8.217824456317821
-3.5763239248483774
-6.0029930763892825
0.0009657310357623342
-5.843873773186093
-39.518185502124815
-3.620031081411318
-1.5015421369540924
0.01932665225983317
3.42903042521119
18.61464560104981
3.118771815853156
0.09801528765451292
17.79860797343929
7.054110086672618
10.663442626791985
20.124031529763336
5.586466154521576
1.3950338731547198
0.017600896603373786
-17.369637177673532
-7.513064213929495
-1.0654030679653856
-0.00022709540997506347
-0.020742543071922602
0.1392331578274598
4.139839489633377
1.1888426893817525
3.0411862403711666e-5
3.743897379079004
2.676983667090687
6.156265736905692
26.53662306141137
7.651609283364779
1.002711315596684
1.3672477507402159
7.411081746759102
2.7433832769665076
0.037517578395767706
0.6574264495757666
2.0470346317588697
0.7003533192222131
-0.1832908375030524
-0.09615713074756634
-0.0018116129284232094
-1.2873752615114118
-3.0267073751571822
-4.462525048130066
-15.879891746473964
-32.776300589976785
-9.877417496526796
-6.4428177990640645
-2.046115789756657
-1.666878957150513
-2.5534819693484905
-79.63317504913046
-0.7091138578760301
1.6076397208433288
0.073888040725676
-0.1904402259037221
-0.1064763497868642
-0.02599336565337682
3.4357899454343253
-2.3317448193784083
-0.9150874503528966
-0.028504724103806275
-4.092264334011861
-7.716494147735582
-5.691991675308771
-3.462691944656172
-0.7151371700155384
-0.020752221087890814
3.7842832407427673
-0.23626462847924792
0.01669052227308986
-1.094774692751177
-6.823565366104373
-1.8483032556566488
-0.009182445495039495
2.8611198079586986
-0.0515066553277156
-1.4785198958094299
-0.011961958267410481
0.001741676193608534
4.480188423587706
0.24940583091933086
-0.003654811048870183
-0.1460627302999339
-8.79681382344336e-5
0.019084217496272687
0.0014775960951953718
-0.7295070398792591
-0.08627503104703639
0.07047000522478386
0.15324844484201589
0.5424255026164032
36.11278544320835
23.997081635048524
3.8682874884567817
0.05593507890951255
7.531235714689143e-6
0.0009751201496336076
-0.3841115307589004
-12.296799449821169
-8.132336531907704
-8.810608231483428
-3.4488649132743006
-5.379803340576322
-72.45588712096563
-0.47615256737250994
-8.368094439257712
-7.71542214981031
-13.700533953080201
-13.455203857195052
-32.84542416122355
-18.96321401278782
-5.198507192799527
-2.602155132881561
-0.05755211713769064
-0.9135600761143238
-1.7266147028050205
0.01902846234838852
-0.02881097405847422
-0.8851083756391089
-12.66324627887842
-44.66736814070575
-2.7565385064452945
-9.651293427311817
-17.228940168684613
-13.506529701368667
-4.914099083115361
-4.958627126331431
-0.006898422890278098
-0.0005645836943195493
-0.008260393289194876
0.4073023369891612
-0.23147123502292188
-11.215487993018076
-0.14993712895219366
-5.231084198639487
-2.7948991243058336
-0.6374227161000562
-0.0038138747131444216
-0.0008482379241177103
-0.9847891044426448
3.0578942624735417
0.45833254209957
0.7842269267824036
41.9482467187963
42.81070817724302
25.019387136830286
55.68926960082839
12.624524496269599
7.609695989601666
11.091012614747788
11.330215287219094
9.213984600706192
3.032061509939186
-0.001079276710252718
0.6573259127110329
0.2882301608732031
1.1491416699757309
46.90549650868536
26.973859860201678
11.314502175093544
17.308376710341353
13.817800657438923
4.41142918546193
-0.586949162619277
0.09737661013523866
-4.1415663247348995
-3.3205815420452685
-22.174071695339983
-25.164255552749953
-0.6204831237034357
-11.806598238003794
-2.4245000325106867
-11.467935921378112
-6.327816358225378
-0.028619294270319347
0.17271428827727367
-4.917794607878906
-0.10368353803241061
-28.176627861126253
-16.26659069510597
-1.4243184242027225
-4.901643568693205
-0.2504463327054264
0.639716803527028
2.8448818289124236
0.08063422929423546
-0.3503958191725639
0.10828356980720469
-0.6496899778439944
-3.3545696361781823
-4.555983637377856
-1.002138443253461
0.00596589832596697
-8.348962895338433
-5.256568013507797
-3.4047630929827397
0.9812311685261623
1.772417679104357
18.594667534015805
7.6573812176686795
7.819050905812663
1.8095488783270997
0.17743801675794507
0.14175183987673706
-0.007786816072755188
-0.00957185458491091
0.32674528467035296
10.284272142506945
36.77281495453593
3.6454039407497856
0.378603225478614
0.06143147017911802
0.9044339602346888
7.692243361651632
0.5788464575854754
1.236794700155986
0.594790327376899
0.10256589568781069
0.21215483161587415
1.1802330208565954
0.008648092640376135
1.7190702531503994
0.11646089352746868
42.84896671565558
56.13472239388416
31.78206339634238
32.930595110404795
1.6690200375675328
0.14586793016046626
0.28402177941684015
0.482222028011324
0.5590392023817586
-0.13601327073562358
-0.8452754803211011
-2.3998661825258525
-6.531267470257272
-11.90470469539898
-2.795897298567912
-0.7064560143800287
-0.257738761642478
0.005638570121783143
0.004460714895248451
0.10399914288329332
11.09089752483875
1.9040844322917505
-13.592401735127632
-0.32921716586016586
3.5966675289275143
1.8911418242311262
2.086423171182409
-0.10947897008254208
-0.018460763942828053
-1.6946595348222098
-2.7831588916190535
-1.9038387689463891
-0.018971100033811254
9.006513562199896
55.836184368182266
10.878821365355535
0.31743671820882063
5.547628254844462
1.8636937953176769
1.3605690406194455
2.7069774673422744
5.877495350106803
3.185469876933243
4.199983401932942
0.012689641891278702
1.5993579533224587
1.453698674425484
1.4261184715494277
-0.005825154269143886
-0.0016821652031604707
-4.164405156039279
-0.016904543513286657
0.4136036630563228
0.6065331676826768
0.04472277638387891
-1.0587544952496755
0.017226795135052327
0.848977468184769
0.0007312157217850144
-6.724446147620558
-6.026585953187261
-10.360229885728312
-1.1600296307912425
-11.879525948694361
-21.955892781654978
-0.2171175910341817
-0.013751567997970776
-1.9924566029259616
-0.4604173138734071
0.17975227050948142
5.358501314452527
10.047284805382036
15.496511185376729
-0.9631761827486672
-23.078555068730438
-6.742128451853656
-8.060510006209295
-0.0005482235849730265
-0.019473950999533016
-1.031342790342827
-6.316542290877866
-1.8542939276014936
-2.2696524388885626
-0.10384969772000043
-1.148044195308331
-0.36301830388748063
-0.12405565331854274
-0.8704473005490178
-0.69785729645746
-0.14271638158485545
-0.07208877422757778
0.43515935074610906
-0.03826755462645288
1.1029218067862492
3.3036524638752693
0.8186754653723202
-0.08315340202290772
-2.881828868843177
-2.0760329233860477
-0.18695465234446587
-61.992559924870484
-21.341300139034267
-31.704305650842382
-6.493875231380239
-0.059622846168449206
-0.058578455958774193
-1.075995647599288
0.243756186305
-2.282120503385205
-1.579177350852066
-0.5982162963123265
-0.0002733765971394927
-0.010098584406075181
-0.07687250568666013
-0.5260900420261042
-0.7338929275323277
-3.009049710990377
-3.2957220562315963
0.005279710793903514
-1.2289333912539424e-5
-0.00456348178168821
-3.971541013914468
-8.372075789344864
-2.5721927679398124
-8.866011442083602
-7.67760028210042
-2.923279910850714
-30.73680822487628
-0.4501209316551304
0.6691077086419251
0.05590065165823016
-1.2536584829668023
-6.023861798748812
-3.4860056131321886
-11.586148712712356
-18.422679183950727
-37.104692616016436
-2.7446651755107645
-19.68898671889197
-28.55514468774803
-24.435132959261463
-5.832226536971598
-21.758701600706594
-0.17615807451830406
0.08247286781230972
2.808389782904377
0.00011772883121129934
1.905488734288325
2.4971416414794936
0.33801341367058396
8.29352542253485
0.10356277121485799
5.303379040177473
48.90873340830309
9.678484707097
10.470022268917061
4.97085000605536
0.0025598192900861978
0.008376048136837979
0.3766404835880209
-1.8078877323889881
-27.86050383470495
-3.5375685439992965
-2.2413434681087807
-19.741073576271294
-0.678804498849207
-2.510617813291879
-5.7122211796149065
-1.5668036831938337
-8.374376956850725
-5.405867163897135
-15.131348959405283
-0.4820201708058145
-19.968506600373495
-16.882475742381686
-9.851725094257572
-18.359616674677895
-16.794480980358486
-26.872077021438177
-30.46493042410222
-1.1861863101262564
-4.972536191108012
-23.29053504109687
-38.06955889242972
-0.45789878520841626
0.0003530681692250128
-0.02312421422658508
-0.4842518471513723
-0.11999704173968333
-6.240426516695535
-47.09529834131512
-38.514444798273196
-31.9641346452901
-18.29565788110664
-0.5370450260115627
-8.906038070622477
-4.62394877382277
-12.674927120189793
-14.560282462598684
-19.17217136111629
-31.358926898323812
-4.681662340491471
-0.003982584458587595
-0.510606181785442
-0.08450186198874655
-0.34806774072453767
-2.2484749199323697
-1.331533031764886
0.13299402455678214
-0.01363442242714068
0.9616515524066249
-0.22875164078129334
-0.010372007480557706
-0.19627267934902773
1.5491036485912402
-0.5532377788607861
-3.7819618850473553
-41.83477266730685
-21.753936592141134
-32.60019825629622
-49.713227773935465
-87.16668663154668
-57.95200057444602
-56.08466958711294
-79.56114797276535
-22.261644869535722
-18.93394933478898
-9.968372749401947
-4.199919890922781
-0.8041363867374675
-1.5507857423524536
-0.09253384821628895
-0.49841120285602974
0.01649118775997677
-1.590344467631039
6.09711022356342
16.85317420267786
0.45552064884421395
-0.5122561774328389
-0.0002820708881884263
-0.06294580234834604
0.7531485664665964
9.474455897549671e-6
-25.041561025760206
-1.4759851202223715
-0.518496839131241
0.12358990179052957
-0.3108116943982831
-0.38948210178403087
-19.454823283690484
-15.157779376332208
-0.7151322864104522
-46.88261745785648
-21.263591980789453
-10.248089623324345
-3.471018456806263
-8.188811819287274
-8.201225396110305
-50.48837353239734
-12.201396449833632
-1.0797899957059556
-1.333949992987042
-0.07393024222320631
0.03506745698374282
-0.0618325016923311
-0.2657078608639849
-3.582320396964599
-2.8626920433050613
-0.404854485487863
-0.1152520533912029
-28.312871560576045
-3.1400043825585806
0.011920794014527475
-0.1307430912506287
-0.0006471673242660543
-2.436810817436912
-0.41847667997756904
2.099673782417441e-6
1.388817484350418
3.26611000899478
8.286393733069591
0.26428428225196055
0.3626937730122924
46.33386381351997
29.04568263032283
29.833933644454717
54.260369615545095
1.2940385126576945
-1.8163815527109677
-14.720586055740357
-17.81843396691045
-82.07601070799215
-35.75282140779556
-3.2084399422238006
-2.4241729306850686
-13.56909113136206
-9.926858363646916
-24.872975162049034
-16.79701929113767
-1.101895580326476
-18.614633792410118
-18.311509720684697
-22.09585822099066
-26.19528251854642
-1.3574598958522266
-16.65358195662344
-24.69316729689559
-16.382805639702774
-28.002815061436515
-25.898079018334276
-10.762962318210507
-4.888637845375266
-0.534546988613547
-37.836884862925366
-0.28860737639072503
-0.20310256799299356
0.004462747605383299
-5.8376905848607805
-0.5077996187700161
-5.664256357572332
-4.035793308735771
-1.1385277378825336
-0.09663136228173703
0.3282227207977899
2.7234179901964795
3.182961428252958
2.6651517623665923
2.688057210574486
9.603635352897365
0.005583033832745587
0.06294456949823506
0.061478691370713025
-7.291656635734663
-1.9706093374429818
-7.744257140254989
-0.010957137812215188
-2.7578929057343875
-0.5331965337154884
0.0007625531329022626
3.3513301591164715
2.45343332635547
23.073727138292245
5.4474585740806365
0.060969228506285035
-0.17503397553878702
-0.7678882874803585
-5.345757224366973
-0.07420000010361673
-17.51583301456591
-13.232928221842627
-0.03711115050918316
-0.0001729657639747663
-0.6952225826631082
0.2736908088435548
-31.206810136832726
-16.72121936345859
-13.429217722920265
-2.430111463372644
-0.026622660375632674
0.03479772909720772
-0.13991785463929923
-1.484214767312876
-0.638466025730387
-0.44301167325972224
-1.6419002611901528
-5.112261182954754e-5
1.2686514998125176
39.62099560414837
34.15514159003443
20.545333589471007
0.026659907635804905
0.5478567103072326
0.5173513308996122
3.0015892754842683
58.296847794165316
53.53103111989365
13.466220247336876
26.50246415440766
32.68214126499897
36.03807814080242
11.70974902282039
1.204649003532592
0.07515779081744069
0.4127894568314919
0.7037170865290566
-0.05982069400304038
10.480548632827638
5.597319824136184
12.50682079912846
43.04633054185603
31.83280309835684
16.406757354773482
12.322838469821841
111.57569133154347
41.19717992086725
23.434407414638454
0.25871874625250507
-2.2756714814593
-54.24592966751864
-27.958006564133917
-28.09556325358352
-0.15283577839332885
-7.20542381825805
-37.105316876463746
-32.765880864890995
-22.73391802794881
2.3714455711002103
-0.06066171498453772
0.016948251609966485
2.6778955630157073
-0.0016260739772790455
3.9820729299134747
9.490398537566456
41.105568040606094
28.223454941753932
17.264391524116814
84.16905239439612
263.17269046838595
85.98723443563097
61.936649825934104
40.865590291619434
102.46139066904323
56.06472715499485
13.896082998200628
8.350046601057091
6.545764757267526
-5.303240654288818
-4.826279038779822
-0.08959534678593875
-0.0023536853812308155
-0.0054854597820187655
0.007033226312252163
-0.8337535120764776
-12.629990893193883
-0.08883397877097929
-1.2900914917711486
0.06918225037428916
2.1033023167545624e-5
-4.807226247374772e-6
-0.34241290625619974
-16.105831803879738
-1.2570883360541032
0.20681314243647225
-0.409711020561135
-0.34407760137633686
-0.13942612589046105
1.687522627200919e-6
0.02457049404056129
-0.4114093342854247
-0.01968112233697259
6.553847498235468
34.42423266154892
28.04112216228998
0.16260049734136345
-0.059072738799998324
-0.03084693373860604
-0.1020454232845427
4.6028249833724075
21.513945411917376
5.0979612064258735
1.383679677456843
3.4450997051104726
1.4096518008085834
0.8951035356383654
0.5029486108412081
0.41409902317215336
-0.04440293851149631
3.049800003975153
5.63879519810136
0.5228942925212992
-0.0022025823807563984
4.802243827781814
5.354699656553558
2.6671430092409434
110.44597833454547
26.5858911599083
3.4736861873099065
11.507429435754531
2.2938905162758845
-0.12761467126397855
0.8685915971473694
2.7451777545831875
2.476472722047684
2.5558372946092076
1.7149164663417227
13.352375702308482
31.991566293816025
7.885122091998489
18.89458037629744
58.30101146454036
49.45846771328697
103.63240644461878
102.33344963000252
178.60217144682065
195.45441809056766
172.34997822717236
52.868724084788845
61.071330850041136
52.677318405727746
97.45139300036024
39.68770123331473
21.205052827932914
23.862167165404305
23.50826658438158
19.364319665514195
19.693137646747743
25.770352553301112
0.8477746305195933
0.007646101184095068
-0.0033389237801580035
0.1275012833037093
-0.042947322081642224
-0.10755950706349789
2.2291590115371864
0.12929868193298355
0.18485091258015865
1.171949341598104
6.288992577258637
0.3897205893655341
0.42703955073613126
0.003693231975915461
0.004631182959175396
0.23748705950342594
0.7964684281314707
0.01540991888568167
2.930704540882314
0.2988163664006943
1.78813418321407
3.023860340142082
25.0451976697824
64.272341043121
13.432920881428394
-6.598992199804405
-1.7579097585959746
-5.2786243305981806e-5
-1.0113319385106998
-1.5956043472643842
1.3990778647272863
-0.15966482127958725
6.256689189690756
0.874533897414578
18.37538015797335
2.1746637091797894
35.07900121178905
0.027149369091521606
-0.0033765085642469177
0.39626705923809075
1.3988074045717655e-6
-0.23719724211834214
-1.423600174110478
-2.0401874910157307
-0.17856317714264458
-4.450067554173649e-6
1.0455919274992969
1.8171422843147718
0.09200087596874351
24.7732421336214
0.06880721456406093
0.4196703852305049
-0.026304762473873426
-0.1317645999556706
-1.857468724669512
-4.51894612007063
-0.008162090560379795
0.09972095040069912
1.5152545822003973
-1.9342559506530939
-2.52484430684913
-0.9240427942570467
0.0063705392176122266
0.005103635888660474
2.1497807139386804
4.682125763670425
7.309727762901146
0.1136921042223931
1.1272501765085434
-8.746943309918434e-6
-0.07761164101690247
25.618784406475555
2.1346586303159203
17.59746452659746
1.1640123639192783
-0.7879037075037515
0.059631273184706166
-0.37741641755351973
-0.42224424852905956
-0.009781738341444387
21.698297584097926
12.89097172175251
5.860180471028816
12.571977953606284
5.167008119511532
23.77824495059253
31.559170434220086
10.750566648514441
0.10594462505060148
0.29501472919476907
0.001979439801786802
1.1940849745408448
-1.7887578769697325
0.04921453848285449
3.0086784731837156e-9
-2.0542160461322427
0.012576219230159901
8.095513627682806
2.8423303872783747
11.457777782384808
0.32309874074060824
0.07073617114133159
2.6247535659647174
0.4015419757755621
-0.1680688840411748
-16.185830181532133
-3.1628833019661284
-1.7626333745608243
0.2428922219056121
-0.0724107775993384
-10.353492605672505
-23.19331331391503
-32.176497961442
-10.66849309315258
-11.958018401506228
0.8486412790984986
-3.7866479322478774
-3.0787554415434686
-1.1108049622439153
0.0024897528129927704
3.2111159011321715
1.424816272050526
9.414741603555802
1.6455061535467097
17.32558243887297
32.21045033402738
97.15911905066477
47.11567386465888
27.19930808489886
3.9058247443652543
2.089531106062491
0.4455000906331175
0.000203188118290654
-0.1686570066763438
5.466343007187014
0.09269636821427084
-3.2830888643585e-8
8.743481848421863
0.011777083656786008
5.415555484691131
4.222045090916344
1.9950315088266413
6.162123677513054
24.528654920304025
40.27081706388721
88.6449261953762
102.35014891859998
204.51358671989385
103.88233567776525
7.54013326999355
33.01054006498348
4.269732797951017
5.877303552313216
0.03421321053659601
17.83214832549714
7.046940113699873
0.014980915039039002
0.025103885898442816
18.520878659505822
11.07280202285788
3.894751224590682
2.079753588281513
4.113066284040875
1.6919030798092372
4.766730225899494
6.888280531725273
52.732702946379554
11.079983882487797
2.4951468227448204
0.4612886923037954
0.7824667578052446
7.767246569349905
0.08557129027591245
0.7477406510039484
0.18926722090934148
-0.3616490834965872
0.0031373713968657906
-0.45339615171633746
-1.2264595009485404
0.0007059967766436009
0.12492908364891211
3.7482624103317215
0.5653130346791055
-0.3226904755675942
0.00016568704235414073
0.279478337307906
-0.0004873944802399605
-0.23921017909835904
-0.20661734789157243
-0.20416428650665228
-0.06196440044974425
-0.03077159521460763
-4.1506147080173985
-0.00785842457397809
-0.009771733819389838
9.9613804726497
4.825498257331375
7.59651432798944
8.330652208406748
15.389691495913468
13.789760044561307
15.791470195287065
10.568260501898896
4.7941005841143935
2.8954612389885197
0.352514279570692
0.044905581397856435
0.020511784487634698
0.001952644291173117
1.8703607580832648e-5
-0.12540958043446554
-1.7792642538949872
-2.410496185017791
0.08032444420706687
-5.740959015647855
-0.8711596699502858
-4.779615359682602
-10.72430464821028
-17.12131274248002
-54.587738839895444
-5.8132227670354055
-6.782339412256087
-5.470201409622688
-6.2505302484419225
-14.499986280568857
-1.6796757054988454
-0.038227279295247676
-69.10558436834141
-4.958771749755863
-5.956735412019534
-30.22454252674971
-5.691149771161742
-0.1426936587058533
0.04612359446467447
-0.0009777558678581214
-0.0002499197817338128
-1.1730192332015918
-29.76301398330221
-1.170271547019031
-10.096711023316658
-29.65249734208825
-28.569515591265443
-49.602333640335075
-2.8990857239711474
0.005557609339604268
3.109637408026235
-0.06098869691166653
-8.94267989588709
-2.856814145538425
-18.553283484014344
-27.052105408291233
-46.70138190386504
-45.05855598148429
-1.8322257756722116
-0.06290768651311601
-15.14474504094198
-42.12617000847344
-89.33223042192974
-13.458371679931346
-83.22914000412224
-1.513504658287257
-8.072203445917776
-1.4551630125464403
-0.17157524045069186
-0.16473947258240573
-9.573941513997134
-6.050140751605996
-2.833206223479311
-0.40063304593628124
-5.670815063678702
0.00046527920944259383
-0.0013826845109862363
1.5563400112280965
0.9230332258555835
3.3754433501424814
7.130224112079895
0.615487312080079
-0.1432707267978128
-0.6423349227758591
-0.8133764084331577
0.002684226441617335
4.659687819801979
10.225833933855995
4.839589607949226
0.7460569551941094
3.202884131794426
-0.5063020848052324
1.6090659280300366
0.15723819463324515
44.01074683953709
0.6751042280951104
7.473822266469956e-7
-0.10964336924240216
0.7479527504993014
-0.004066803013575312
-4.608860862053462
-0.9631526285880129
-0.03209439166825383
0.00021272149381334576
-0.27278737232765254
-1.5458286112063144
-26.841045124281685
-14.188180750254949
0.03683758507597345
4.339745421935752
0.5043720578528813
-2.6044587721316095
-0.09129312804174193
0.03108602641545636
-0.00579820211341869
0.01917146575437659
-0.25387508493322847
-13.540659032602786
-17.994512903880985
-76.20144318079038
-16.93395245558903
-0.3011227166760499
-33.83088918717743
-2.104703490628688
0.004513601860141536
-6.306195415251877
-4.314642872624614
-0.020505804913925004
-1.1092698893881612
-1.4957184489988125
-0.12036079436531415
0.9658864670524375
2.1115573624999024
1.1370370420486808
0.09585051737308249
-1.030898904924083
-31.272546454123024
-4.813684781363052
-1.141876591167581
0.016556642397690925
-0.3979301445118755
0.0026566213643942796
-6.104907934897556
-31.78169793829959
-29.45915735188052
-2.2971719062383347
-24.73323257036146
-13.410796963030073
-6.973964476058645
-9.568199154515726
-58.50434473437458
-12.13169569110037
-1.7875551979194098
-1.324959339926358
-0.01211717091069338
-0.9945841033296513
-32.08297721711926
-1.4580037865927615
-9.297268670216145
-5.218443008596163
-11.476303388069017
-16.124940774456046
-4.049347356690367
-0.01724635166438509
0.004232800345453052
3.5858814392191194
1.4759411902849104
-0.0009673547677608696
-1.98226954575094
1.085072192085446
-1.5345906523451478
-6.980430022267804
-2.929232576313371
-0.781151809750382
-0.011701349721660054
-0.9670382470748867
-10.596191104175178
-9.647893492697111
-8.542610017555038
-13.553801149371786
-60.2235380845047
-27.520777829989683
-4.092623129327486
-18.058794924597564
-2.0685482737464986
-0.9441161430076804
-3.3075566536666523
-0.0014293244768049014
-4.086182560545013
-6.520716914284866
-2.855888318582379
-0.5809498729611092
-0.00017816087180482315
0.04587442266680965
0.27295025554834745
0.006026968509218882
21.88931227667251
1.0842599001841902
-0.5682687765908858
-2.4289385141893796
-0.8185342078136991
0.013736645551440935
-13.746348424982722
-15.410805554749118
-2.574657952602979
-0.009288587095628435
-5.0140858870759875
-5.26063511548862
-5.707825175155203
-1.7973889942149022
2.58428758785625
17.406835877126053
22.909253389640632
10.226782215311164
14.75783605810767
8.971151651092871
2.2074794571345238
-1.110964003568736
-1.588374830297702
0.00010616438164171463
-0.5384758318186171
-0.02365214501554604
-0.510361981119518
-0.000156103115404553
0.17208098614923453
-22.095030731973733
-12.02745205471844
-24.53393242104006
-19.01320787754985
