0.005529478352393827
0.5049942603827442
8.849957839241277
13.633923599420081
20.78131061516473
92.82930961728924
196.3905012174804
36.15405183759843
19.131514911184613
40.53182791208929
4.863337772176999
12.400723614058291
16.507823537050438
0.02217993007593057
21.411638423862296
2.606648025980456
8.479449655973388
0.2800476070882151
-0.001556710361001746
2.7378695007916507
-5.422806058040259
-25.183427754860727
0.002214377903397174
-0.03099928933939382
-0.16078993225033486
-0.009490301728297802
3.0825484205173685
0.14686195521093223
3.0789168211953033
-0.39071535653436484
4.013315942272966
-0.013583988385753415
0.8770225435035588
0.0705107991770662
0.09935908508255671
1.0347268353988441
6.744160832126853
0.5748239246530384
0.10060589061263207
0.0006689083875068687
-0.08160420620424173
-0.344615274771867
0.07810875752076456
-7.934757650087744e-5
-2.4746341153414506
-4.795490811228632
0.30376076921263256
0.10210843017835841
-0.025873411357663464
-16.667178040411272
-1.869314284155297
0.09916535383642401
-7.081409830745278
-0.00035524400133347565
28.254047256023423
6.981692888434493
1.1659777510938963e-5
-0.17621528016083368
-2.3991592243215547
-8.555223418008778
-11.919464519043117
-0.13808502620920013
-0.05428254948751826
-0.006433256156475401
-8.289281943672764
-49.74749375597559
-18.443860351307585
-18.59725636206234
-16.42215474925157
-2.279571940325084
-0.0026700590030630266
0.00012252411736147774
-0.002836868171236079
-3.6210139426894794
-6.400071819301288
-0.04233817652649653
-3.1632210021275524
0.1032033636196614
-9.959275954874828
-3.4168869778814797
-0.027924320744489143
0.15050330052251065
2.0567160199507852
5.441623076506477
62.312266300785026
13.730100296942334
0.05102794703636232
3.6535211262275533
-1.6201611996300558
-9.222029421384534
-0.0013902405637637788
-0.0013810720236235793
0.780590444512056
-3.022745316274835
-1.7808004870400884
-0.0020412082935724355
-8.022090883101605
-13.943312446292772
-8.55717803453371
-3.9347382598850156
-18.428131276155682
-0.1988631521242842
1.7923867739149841
12.025304713904607
3.0194037638070483
-3.340639328554277e-5
-0.020943856553536245
-5.059622082525099
-16.859815439863524
-10.124855652928614
-1.1000221718018797
-0.2683862939176202
0.0885324566011843
-4.014612118396441
-13.849710032433599
-20.99351951880757
-23.16735133839963
-20.095755169140496
-1.7612484769397956
-16.568140702540333
-1.022761598345139
-13.785574558367374
-19.014715080813357
-13.017824944358306
-17.646835194624582
-77.44483492415844
-40.477335603061995
-3.17934294533493e-6
-0.04134967816134142
15.007898890155028
-0.2292973622216731
5.099450634717006
10.083610189278797
1.6029846211327774
10.369678192467386
13.35729749618443
7.925681811465003
59.281464682943756
45.41752917968302
107.32372908379978
156.39899561106404
364.4075571640369
252.67292019009176
103.83078059274825
214.80742446748502
45.55531558658408
65.07779513099996
27.946292708890617
0.18802675348419834
-60.094556253907065
-16.643079253643997
-0.14033026470918114
-0.05678396615819649
-2.7806466900680356
-2.5775941740302306
-6.252342529100688
-5.510574610799342
-2.880728248860594
0.0013618384267446257
-1.7644625798670488
-44.174536314434995
-29.77527300410258
-0.20935138934906894
-8.758152418086032
-18.00614351483661
-0.10320773926550164
-10.379685237497718
-7.416461351475808
-2.285598348080973
-92.27651467991619
-14.512500954615426
-40.008940425935684
-22.323844371485446
-0.4341804253599112
0.5703004302592034
41.88403271627218
16.696322257029085
104.24255822865511
135.07102374004015
51.36100507190777
8.78210438072055
114.58449873555662
83.48132876551406
68.9290976766109
158.7024142131504
150.20964416100875
48.56950257964286
101.5254986716804
32.29088884996499
34.65650129738766
7.357628071490182
17.516726514214053
49.34257734279381
74.93561477076919
23.500622228783115
48.619834070250405
151.28258878409002
75.38165818164973
95.70541089517552
66.15030000346049
37.759156500989725
23.943988227214003
1.7522193762524498
-1.292525106220812
-0.5311634781512498
-0.5180930485028763
0.9967640452463158
1.8393871446630994
-0.05335527877686252
-2.4775323058634213
-1.8030928291755726
0.009333744524412976
0.34702558346118867
0.0025686714339352903
11.511096797521896
-6.6985970355560935
-0.40313756334755807
-3.6334632945150416
-7.067762862225238
-3.3061846507910824
-3.278522469466374
0.3687166531883949
-0.017236031518469017
0.47104663004139163
-0.6332509436939979
0.18815765230892822
20.087449972667134
22.08418963115686
18.977554710161325
0.4979507531859546
12.315035664147954
-4.184819339478869
-5.342058657442619
-0.6767967115247726
-11.735017819556424
-3.5113886774090832
-1.7156436317200967
0.17925333898291695
0.04859111437072964
-1.6244028764426244
-10.716591705516148
-0.08953205850711801
-0.007990555485056948
-2.396209086278239
-0.6580079364278388
-32.0567213623288
-33.77123333768071
-27.23679246464244
-2.1456652025687526
-32.61923674019564
-0.649442475227157
-18.412633074899727
-3.111900269596036
-0.8526956200003624
2.709772273164674
9.358266972569835
-0.47513788564466913
-11.002668294248178
-2.1002300245199286
-2.4632773671665738
0.7449103032232193
39.96298178740365
44.47051867770035
61.71243551412913
67.46937267726834
35.49888463276414
15.24246137006774
73.7265996108434
14.144879830899043
-2.41689684545473e-6
2.205555287080439
0.44368238183747627
0.0003173111076570559
-0.35691767610104624
-17.776753759159046
-8.908870865612583
-1.0657414595085526
-0.4371902993318099
0.002871839714212864
1.5887647875940833
3.899734380406725
0.0346824187059517
0.46534835790175494
4.135962735261477
11.954469662259596
2.6340542434022307
2.439902985992716
38.219324944410936
33.14497438263233
12.120393286905154
0.8101525119482377
-0.2055082300550868
-0.11411605276288124
0.10346878598007299
-0.0077371943473859605
29.066344719648296
-0.014941257964632176
-77.42190876337234
-25.856734808196887
-28.64158817910202
-8.327842331511215
-12.529198021460346
-0.0003975140195654999
-0.13830000305920784
-3.9828944530319723
-1.6444151671664091
0.005383405493974027
-0.29428616277120795
23.806997117800467
-2.3058331943032564
-9.342751543216925
-14.2543554612311
-10.126528631166439
0.007477581741849122
-0.012689946609473826
-0.030115374464433818
-0.43499061986403253
-0.9951271185101258
-0.06684557531601984
8.084976934996291e-5
9.6835788066742
82.1218981715566
33.07101302442746
6.730664665266285
1.3065069222739123
-1.033756296924706
-0.8827514313122147
-0.43980510139405304
0.03817084792820038
-6.946160072290755
-14.402640982892486
-22.793358054672648
-5.077848717230595
-10.475817563248667
-0.02617430160273168
-20.198750411757803
-18.378687217856303
0.12828745392264992
-0.0015579953074645351
-21.027420396317297
-29.719794037524235
-0.15292928985504728
0.0037883648164809777
-0.21969196028161414
-4.828965151154966
-2.092129419370581
0.28448312383547214
2.5001596465952463
-0.0014992350765152148
-1.194363946433137
-2.5335632754423263
-7.292702837690671
-27.97573324807174
-9.913957553622842
0.4517060826728348
-6.995630408744254
-26.060880661944275
-1.14627508059133
-0.004083041948627939
0.056973101275071686
13.106085468982243
8.505129492431816
0.03472140788753593
-0.3261244103398425
-66.21152700377976
-13.002613465420207
0.017820228734481698
-0.2429352484426294
-0.1954992764265159
-0.1980266169315471
-0.09729665733722219
0.0027446207602618107
-0.019780624850344097
-0.036691345333978345
4.684316086789117
15.875108287152637
24.325094629450547
-0.47633021908591777
-7.841524711656066
-1.3741375039601125
-0.5168456416640476
-33.34742386786623
-21.423562768114778
-23.470649617824886
-11.477788277159851
-17.78822129292199
-4.367668600844202
-3.651621350340902
-23.01330169181242
-0.01566271002776836
-0.5291932296014082
-5.551948452847913
-9.471342708097806
-6.598861340255038
-9.060060690469587
-8.881060727713303
-31.49278544369165
-5.185637471262349
-19.68549086662464
-4.4374035844520545
-10.367646784013
-0.1842103613551158
-0.2814444529615698
-13.412976197931108
-15.574623437801636
-42.39489379034946
-12.484415987342977
-4.570411852491369
-8.496629252670065
0.018618642933779347
0.058574698003212675
0.03203151061695985
7.695068001645217
22.27772435286338
60.14945772497067
86.94014277083353
21.167291014829715
17.804701788852395
0.27279542434860166
-0.08118362411189262
0.05363953967793721
0.007097175162175299
7.321444815134315
-6.75223613943562
-1.4444772654365579
-25.88184572113784
-29.039545063864097
-9.463228396029596
-11.23872852888867
-16.4837433485779
-8.526740954685609
-20.96773514127418
-1.0798088592441635
0.0035962535700850853
-22.563016306237813
-3.5001508515274784
-9.03259257686943
-13.357219028454963
0.08600888280244266
-0.022877286276126414
0.0842144609280355
-0.09483457155735095
-0.3662003864017861
-5.716428306021256
-4.883119959197911
-0.1492050634511585
-0.7001721217039125
1.3520525201683544
0.31982371034396123
1.8921095094146372
1.862501387129596
-3.093686909511236
1.7282982521986262e-7
10.838255498442814
20.713178811345845
2.584409447376623
0.017276252525911823
-5.033366304632453
-1.7034398431542552
4.312250797814779
13.019069285751163
26.550582703649564
6.917871090193161
0.48781971826480025
7.684281224305939
-2.554398114325131
-32.341453021123904
-0.9702436021209734
-0.6578864951098887
-1.6636076156023865
-7.331318545341102e-5
-0.10599003377636722
-29.321604508151214
-27.10843887943953
1.3000611347775035
-0.2852831026071704
-0.21354752113723147
-0.16630870708934023
-13.823439593725498
0.058200123824361016
-0.022625013505092148
-0.034349099768163555
0.6529543911316936
-1.1794753030521334
-4.07385178301242
-4.067783716700199
-53.75840169956126
-4.498054940279214
-33.35919416829434
-3.603496488653328
-0.053414057962759394
-3.0385083251004392
0.010113120959542666
-2.867138139415473
-3.0023340746490352
-4.676406353656875
0.23128200116955025
-0.08480774669274171
0.0021637902094581206
-28.68664303871278
-30.652810120466345
-8.851347884892736
-28.864057827949054
-21.4516285459689
-0.07306474154696453
2.3416304700580235
0.36415762343318475
1.216965752446766
-6.48163756768422e-5
9.450954595641775
104.25185745272564
108.17506516147114
59.96771366224459
21.854933072436623
0.13608253627227043
9.154613212426145
31.266969383333684
0.08025878038856615
0.4026243658149047
-0.8213916520347004
-4.104141581024432
-73.03766719160714
-60.531875684780495
-20.996962921157714
-0.11304874716480573
6.442306627585026
1.0489018180956318
0.006618706065643502
6.266868894593643
0.23600611946199887
-1.3097008080269803
-20.256261832968345
-6.688449010284417
-5.087329376177889
-0.6286090054614027
-0.09215173242724581
-0.5514790170800349
-0.005645583377251712
-3.797276108330064e-6
1.718405816549767
0.0031780703779633944
-0.0007262334925867528
-0.4799254829227633
-0.010187353420865991
-14.373729851520212
-7.56178638180214
-29.6754753764611
-0.330947412175554
-0.6333840903211274
-5.764873114892233
-16.236251644053926
-19.452513709695012
-0.12804287672624648
-0.20934618117975318
14.761182619285709
12.297525814818721
26.700186421695996
20.8499792570789
0.09892121678519296
0.11829849608132365
108.64119036141105
16.29194511131343
0.9473140819471312
35.7936305429992
4.260501479633422
5.316759077356875
13.330688316863414
-4.033481089871781
-7.641015801188606
-7.084082630514121
15.65331920308564
0.6961292811344
-0.106809928300571
-3.318240013791063
6.216383452705936
-5.451401272672604
-2.785502911808065
-28.210005720412592
-0.5968157627914228
-42.24158363747682
-5.655576170412613
-13.19818894636839
-14.09686363514971
-6.250665019537476
-0.0677715336136158
-0.2061739547593754
-2.800615978877061
-0.5241508032680704
2.894856854731352
7.836325181663985
0.0033252849805636454
-2.134754643483398
0.13324488329499737
16.730124677008778
-7.588632611459111e-5
-9.561144087915622
3.174508175747197
0.7158625538759643
-0.022026098831642544
5.022408227271044
33.477884643311754
4.004747445547391
17.074334526280882
45.59544574733116
44.81053164585218
26.227844789446102
17.996058401789075
-0.0037336551641831968
0.5015679714082484
7.159405456786257
2.1689659280703433
104.6194449158839
7.011826302559054
2.482069918710316
-0.04721734202072617
0.504548499533338
-0.004579722485440733
-0.4657050161241231
-1.2510940853778498
-3.0513335051942123
-2.2709375848798303
-0.7983707128097535
0.03437721879446138
1.8789555608409836
0.6695575644011357
0.35455557494541823
0.5434704648753714
0.017240447435381702
0.00661146045384317
-25.712060092657882
-20.679854498273393
-93.6644890798842
-95.38255564613212
-37.92134140866064
-25.048975166197312
-21.511796271931384
-6.10343719473855
-0.4648188035397394
-3.5343576653215174
-7.4106234542112155
-22.131756098143736
-3.604916277993618
-70.36135427248692
-28.526521457578458
0.004157326882248834
-15.613439323891948
-0.0031522632009597603
16.06321930015871
-0.11299853954735638
-0.07490824065535116
-0.02065184433626164
0.0030036630024081095
-0.15037047645877502
0.04158285813435929
-0.0237080329124774
-0.00029512653290919767
0.000503249874757219
-14.684885139075364
-0.07609506052521846
-19.340502763030276
1.2468989687241574e-6
1.1898129552224412
3.766498358122966
0.33972619409376975
0.11770811637845306
1.1829377690043712
2.1767712513726276
50.64473847566541
59.64649230133755
27.623123389193097
-0.005909602886736149
-0.1996732140624053
-7.369100340840232
0.09694086080147553
-9.161375760789253
-6.200500318192251
-21.70867015832355
0.09593753435223022
-3.656091723628359
-2.786295994146074
0.16077251819217822
0.014535896886721309
0.6267074745850982
0.1303799943372066
0.9785771594365011
10.476787466152325
6.272792921916464
200.0939130454622
115.87296147275839
145.48843607977412
24.400883880438275
30.07571743110092
2.8838862716387283
1.3171260342179865
14.663709643409549
38.12374717111328
33.745181411143335
32.537369874685545
128.59812027912747
174.08865669206418
39.32787622388993
138.64249226504472
13.833424100799132
7.401420291031704
26.204529319831245
223.39898218013514
135.79888545417208
271.06595161852147
250.54046501901075
333.7608225323038
213.22609126053706
101.75791938624886
39.68503193689864
93.75372218385466
318.4148041316067
164.0340636079449
14.385770155160145
15.50564321307337
2.4342386441689907
0.1737197056007914
9.446059376092075
1.6250011392760515
-0.18622661515756558
2.11772120016658
2.0201364768384313
-1.1963716617179725
-4.297362747878556
-0.02302465476708156
-10.649826018359558
-0.325819052381528
0.4428166156347443
0.44582457284357996
-0.012255302042394655
0.32061599121407847
0.3570471476401414
1.382384982349336
-10.506151931894903
-18.694065666973042
-21.072445966328083
-4.9133684973564025
-9.089598597416353
-15.133361337766608
-9.065738497373586
-0.39032375334423103
0.5456910751085208
11.22365764076394
2.965583279799845
5.841896303523951
77.88889563247074
29.603892886456187
42.98000661916561
1.0824283718300758
-8.757700712542576
-7.849349291641371
-0.06825123793960312
0.0009642571824904744
0.010719195609269573
-0.20233724022378566
2.568655183314549
-0.5257957400694246
-7.171161626607403
-23.72001118191978
-29.396772737708723
-32.65362258586454
-24.02976524483512
-9.619059770861307
-23.235114385939998
-4.110344446089548
-18.387918178903444
0.4808263667704144
0.001060528080458986
-0.17345058925515125
16.3115419862632
-0.052167955021366515
0.008984012972890988
-4.007212977476323
-13.634116805443469
-7.200696622772345
-4.073010271117062
6.978745089111219
3.1046110938525344
13.702714307069527
47.59259317716372
33.1323137388382
87.781551283436
0.17904018269252517
-0.15856238075149603
-16.791859079494078
-2.737261042605606
-18.31936699181647
-0.35000241704200996
-0.2996641023178934
0.03598732545209039
-5.322966165600729
-9.383208776855353
-3.1949168117477047
0.20829728449470422
-0.011530028729019105
-0.39603635958069205
-1.6262442982176488
-2.919622903946302
-0.1606857305281555
-0.0665379652294357
-0.2051542408569135
-3.428310201096996
-12.605434907181412
-6.902950271163461
-58.99758546923472
-20.225817473874596
-7.706887007203929
-29.49590479270408
-10.620678144176095
-71.73509028058032
-10.537638661411858
-41.0896944445648
-28.289447286810418
-3.0737287697888287
0.08796987006001251
-0.29512565564248805
-2.1295052340391183
-0.5606896926356009
-0.003757632804857701
-1.029790331938869
-13.345350766768343
-16.271947880068225
-60.95479531705602
-35.272463174983095
0.07617255818341198
-21.956139371871863
-17.580487274993388
-0.13177085828649865
-14.638284503259106
-4.058859439262328
-1.7932659979475865
-0.5688094903059844
-0.03949411421284375
-5.001607063521014
-0.023724177957880066
-6.164225994834642
-89.93655922467975
-64.9853567030535
-8.655536906168827
-4.216581710800348
-65.82271411443791
-35.22046694621821
-13.36459228183655
-18.861455370624267
-10.06972198576792
0.04619389088615681
-0.0003891550309374592
-3.0002134591000837
-50.85852056761358
-13.638900191152402
-5.763068305106936
-24.655444230413252
-26.17594978441881
-0.4821247572353727
0.061930322341541465
-3.5437749113528834
-19.93547978305694
0.08131027211096241
1.561199713878104
0.07165569035191552
20.067484289988315
3.524646825902205
-1.6663655296179853
8.739845037646422e-7
-40.34324081427307
-9.61362089896645
5.309292281323038
6.2875318822385555
17.496059097331592
0.04812488967120413
-0.01222731255312627
0.4473950988228403
13.118107629281903
56.48285492350876
15.675828573923278
1.122669786241515
11.995122816274007
-0.5228697371308598
-2.350203070786097
8.537644394493498
15.164938733651635
53.52961280484651
45.5151452946899
0.9304323697349143
0.10747701180975387
0.6573485428152528
0.05470154904658868
0.0856937380630789
-22.486709318819358
-0.8350541699542346
-0.013149946139901525
-0.01920149695159279
0.004169952588560694
0.009590853429488986
0.09171335952473268
4.245813873016048
0.00326961425399002
0.23861752811779718
0.038180204900985
-0.12901068896475476
6.917668638177496
5.238795333138024
-2.236257327877024
-4.246032769043527
-3.7887035354148457
-3.603372830118813
-5.82651700183693
-17.510225068556664
-10.678478355624225
-2.3024050838988166
-0.0010319047367578138
44.79874034357275
24.50102245457603
3.138496617047917
0.1830911637307044
0.0032083725121664153
0.44477561108157393
0.04119186773786184
1.7175121395105024
2.160378182122673
-0.135008456370553
0.7189701609125455
0.11478273192299664
8.345203301264887
-0.032964210723083975
0.5617669424841392
4.027068260426418
0.01688426806938411
-0.03689721960413654
0.03427473637601469
-2.540296238549291
-12.52136043531407
-32.14060783514305
-0.8272627200074736
3.2583819328889745
0.04191860203424492
0.06085137432317704
0.6021411313352156
22.50424929611577
0.6120306300649794
-0.08509363650957726
-0.5492039866963725
0.28992254907735887
5.792408770820172
12.202992564675593
3.0407286557703244
0.6494801282408721
4.6925964963074405
0.009481861096872077
0.24602461543257348
38.99694205344546
142.40857851133572
58.570816796985746
57.15924796397447
5.553973735895733
-2.477787447888906
-0.8686600207362194
-16.39509997573713
-2.1687853007325555
-0.23303639972247203
0.16204265822073832
-0.15226394289149142
-0.023052598277825315
0.9642261790955996
0.8815345821667677
9.759959249997744
0.023893639374079997
-6.320397298559757
0.016312431608960693
0.11104719095318608
0.7252439981150699
3.216156973864055
-1.4554147700770985
-45.77745792850245
-23.028345139018818
-23.798514270679057
-73.8442400225816
-14.289587500984814
-3.6652652640787333
-0.31616339931564297
-0.1187986352849274
-12.392909598765762
-0.8437360347039435
-89.67796925709992
-36.473031986395874
-32.920847858570355
-12.381170359067763
-6.725059452985629
-32.29872644962115
-13.439159529043431
-0.024588456330184506
0.9608864767581786
-2.576515642493896
-17.832515346746973
-2.049518095118665
0.0020275583656158467
0.63647284173625
1.7784037150351397
-0.0039370628017617116
0.27486339450361846
4.7874491673185835
10.028802115110848
-0.23605877329462482
0.34651606239752586
-1.5605936107752025
-0.17077069547506504
8.808302974722583e-7
-0.22295168878412447
-0.8678372805015979
-9.293673219820299
-5.287175225578252
-57.445281406378996
-3.349631868209476
0.8664371036160204
-1.5043503332318338
-71.12861339083008
-5.545466713364966
-6.719951025141877
-23.078423637667203
-0.0351706251590794
4.07751569975738
-0.10118609530378321
0.003625436332307938
0.774526152086271
40.62522667576881
14.569883941458233
9.8482794988618
77.24412482455207
7.747132026695416
0.22226464778049898
13.440145898150048
4.900973819167823
0.4553708672361884
1.3043731674567993
0.02322948178465352
9.908733667080657
-0.0001515606063026061
0.5452419527589091
-1.4313644970263273
-7.541954985987991
-1.0021514266951845
0.10692673358881627
1.5023421870112979e-5
0.06423579534316848
-9.455311231312544
-42.92913373152206
-15.76295315742589
-46.087990536450555
1.9120810036404242e-5
-1.170052211926338
-43.286059448898136
-16.242510127383298
-20.796618842051902
-17.580632066144307
-20.135559191993515
-2.1654989372522073
-1.2404695931213718
-2.3814793877698857
-0.0035729539313800397
-8.092334014746495
-2.292389916492611
-0.05809093411882082
-0.00048167969008341754
0.470428345336857
2.6386591971871773
-0.04323482073988126
0.48221615863018347
0.005285661245621763
0.5183068879316114
0.6783494348534131
11.208951350236967
-0.028662273102624362
-0.13629241190663918
0.0021561043808949695
-35.73325655191305
-25.192052672335723
-0.35143219761519134
-11.48059064731053
-64.96647282411158
-57.56601472828116
-1.6770725181181176
0.0027958002567235267
-0.6097702599816549
-2.1616096415386698e-7
-2.48124301048965
-0.9865427116760184
1.3118976965368763
-0.0044273118179280055
1.0697259330664457
-12.374851542894376
-0.006193763825860544
-6.329345223955559
-1.7047051506730095
-11.846481139951642
-1.0883564239463772
-3.617953365765993
-18.95455671339445
-34.35070942308688
-29.083665197965505
-68.41946147515324
-17.421533226918704
-3.0231540843183553
8.134602349906528
0.32427997826723015
0.05552020838236592
0.10335478075516574
8.212332988400263
1.9588325457395632
5.937424560943542
-0.03971421075152045
-0.0002512873311087709
14.016853405285657
10.449179275745264
5.134005463993662
2.0476571642691828
-0.2426788105522349
3.2619749239063307e-7
-22.889587832050548
-25.318531202511533
-1.1391408856050838
-0.052181876815195316
-3.6403931269815666
-1.4200097604345672
-0.5375520001562204
-3.102500757330544
-34.431740550472114
-22.0045816667931
-15.227067351955416
-1.153519538750358
-1.9623751093817363
-24.363125704296323
-4.999984577224104
-33.077813772903774
-8.299434736151095
-49.89976190527079
-47.09998853178653
-27.44626242554901
-4.064614480774002
-16.096062947127823
-10.416703882246345
-25.460397455723744
-6.668722032939449
-4.802281490465318
-5.206051342942148
-5.549091181420232
-0.2738079435412029
-3.8244877690606947
-6.256874023233733
0.5072943933844289
0.13984370888877137
0.5089999799438053
18.20859002656035
1.3644650775277014
0.2245585336379227
28.609682698903846
6.041588632422084
-0.0004361395816062903
0.3791140713084543
20.271104244478632
14.218451908090772
17.255570948641143
12.934012602024241
4.581273143151819
-1.7334082587126374
-0.0657059995991981
11.814803804359713
0.11299694864579414
12.828257107263555
99.91235982311059
14.154254473715616
45.35663271687215
5.48001830750845
6.50516135870423
7.203636079260368
-10.597780944189628
-12.137803365662434
-2.2134532856573843
-0.6431721739476259
-9.136248821461365
-29.957452291297454
-112.18184442696707
-48.76429630938888
-153.59250650586748
-33.33029525389404
-34.20768365705166
-4.816165858894602
0.0002999252545154426
-0.21286368272448156
-19.603651902463817
-61.745301997607626
-16.61042809711237
-4.540251473789522
0.08937873424960681
-0.00039213642566318413
8.912878869557938
62.09015852994445
1.8959495988874837
0.3444228856687333
-1.505676860739394
-7.682314323411951
-15.085510519427324
-15.674108463532631
-47.42379030274604
-0.15373927411599145
3.1946697103136183
3.59101631393625
9.057533049971296
5.1650484272084665
0.8121995222381518
-0.0753826595714998
24.93816341084629
47.72670057653061
28.682670241985285
71.29917284552877
59.04858398558823
34.923426797920385
13.013426386454624
7.612528767235298
7.3323742137245995
27.87022757017453
28.637802037296307
27.53214805834122
203.417399571684
32.58434838926642
15.097554359706068
-0.004833671872794728
0.014694759224614863
1.1159272507356288
16.649938086617087
-0.29211146144782724
-20.508963702982342
-28.358408298632142
-6.860584531553164
-0.001437994230682543
-0.939146682889724
-2.4176133004900504
-0.001144291604599933
0.03753578592255571
-0.002296242017668433
1.8746968449095844
-2.54525034193091
-4.505213064655685
-7.08325550799255
-6.164168235116184
-0.005265562149822677
-9.84254157933245
-1.6066169020179837
0.26448917463069693
0.02041869108824189
-13.746792542215136
-64.19834744559408
-19.719444163639352
-13.409490237879194
3.817522349402521
4.364815224985485
-0.015722992379120802
2.333394655424755
2.3785279247069715
-0.00483129864676443
-21.51069804190403
-50.894739757124825
-13.536751538068389
-0.5798295355633729
-6.983108430218552
-5.175438754060912
-42.52619989012789
-21.959010740853863
-1.3787649763279919
-2.381028314730887
0.6189389697694754
-4.087983677636014e-7
0.014095448696633324
4.113007293159627
-0.046412271594266606
-0.5900223451587341
-0.0005286429553951667
0.030295705805896432
-9.181027947156517
-4.157862294407038
-8.6194628449548
-0.4838610154664538
-0.05097462161391989
-0.7382937677243648
-34.4534115294387
-1.3198189652805807
0.4713694813787289
-0.522742086571298
-5.194280259024321
-8.825307379517412
-4.399101658852195
-1.0187307876994889
3.2350405160492346
0.6873218133565693
2.6711825873074098
-0.002622304672802143
0.9109799595905597
-1.3889371876864085
-0.3471087623986997
-5.047942767278536
-0.7839472466525874
-6.565469230567383
-27.463695060950197
4.700640930814318
-0.007396710904608273
3.977811036916254
3.944771579721682
0.00765443187219173
15.764246569299141
-3.172793487013935e-7
0.9578109282855757
1.9494537843433128
0.02093012100622067
0.12510355874802803
11.84434508531618
0.0010400674125794667
-0.06472040051698633
2.428363036765934
19.829069657849843
61.270833555338704
214.99568236643418
19.048341064276848
85.02579618693954
16.255572226562684
4.602644845002295
-0.027113719665777847
-0.04599335196684952
-26.6929426660494
-17.812858806684673
-0.023668309904505278
-8.263192802493698
1.062739174412924
0.0002953307156608299
0.0007282424983619458
-0.01966449640897491
-0.02766161694894466
-23.284267074813794
-0.00035720696704650624
7.543997253969378
-4.835400803337671
2.413007218212131
-0.8091544310717694
-13.663438289006056
-0.4273517578617791
-43.02082135379781
-103.99488024598136
-15.683114378469574
-0.4243441462030174
-7.904611512057115
-0.22582221487168247
0.8596695137537992
4.424254501484462
0.6742004787983763
-7.409889321020716
-1.9143792486599154
-2.0884074238185635
-1.4072520763746437
-0.2399147876835536
0.14193078418309496
0.1739183129131003
4.50016728852724
0.11695694001975761
0.05568479651653073
11.788958789027374
27.37672236202807
0.891658339024113
5.701628392412937
0.8863776115547456
0.024403879307739372
47.50099194882159
13.469047183729646
7.667404830007092
-1.76998796176701
0.044280417556018935
0.008104510864822776
-0.19532708898716328
-1.1913570780671392
-4.862890140900589
-2.0852528500710408
-3.493012647399056
-123.08170234660562
-48.05548423745969
-31.47383125453218
-31.085403469361598
-0.06021617687801103
-0.07534105283837703
-0.0023808234899524313
0.014109888919855153
-3.2502660694297183
-53.08318306537161
-22.4286513955522
-19.74159901226679
-3.6590749865244394
-0.060674451043043774
-2.728269357534279
-4.907245198471745
-10.874195500576512
0.16558528106509832
0.45038840025671917
0.006591673218377461
0.00010467457809797172
0.6493923995627009
0.00019989781368338108
-8.746072302125915e-9
0.968377075920785
1.5010070287493882
0.06804910704000645
-10.833948222926178
-1.3566848252389017
-3.507143229427567
-0.2852647464542284
-0.09454801000066436
-5.251770603707389
-2.5368312111201137
-5.271062947467925
-13.006648210590924
-0.7671626741896848
-4.221854382947234
0.08323509242547651
3.582744468897727
8.484605580405985
1.8884288203492148
0.8797586686939705
0.3351886302163955
27.91431410220953
9.252240144986287
3.866436164575623e-5
0.5793331401539665
-13.837668810285544
-69.92350933281557
-67.84930089947278
-1.6435656556428775
5.542369629957448
7.8662347828303165
-3.0324474408669395e-5
-0.04265005259870918
0.03518278310763404
-8.722903514665264
-122.42684812048537
-37.67110723079607
-23.55326295059878
-1.0297828649743408
-5.461315663003658
1.9562186824623958e-5
-0.0010911590617293623
12.120683626262753
0.21523199803892604
0.12284624652331928
0.006537441159097665
0.09182444933896491
0.29874505317091665
0.809388435868057
19.725695057986623
1.6707493773162734
-0.3053756718884716
-0.4649253799441008
-18.668389969802536
-43.88973968928746
-3.3452088525844177
0.02516624345222137
0.2163227298298689
0.1347841032739267
-1.7802429956093904
-17.576044928495683
-8.715631105176106
-0.9311629250109399
0.002882817144188301
-11.189964981140372
1.553400754304041
5.206182792675835
93.99638258968518
3.1479287895944545
0.5633214871865149
59.894595166763686
22.353854388148598
91.3312121048916
18.84498380378415
31.32290497658854
8.95395809260549
27.550936982747306
98.74546632430898
41.082066706874116
17.774124340792934
30.91246436414747
104.98969250659037
53.95503309911651
35.099556754501805
54.56601085268438
232.00819397293702
271.02242217790496
129.70165845926283
96.57869343195993
42.36620454245016
175.9141526308359
141.22177981516975
104.23063756225687
40.44082459083357
47.026110021225534
44.85900934957673
56.813576800725315
59.29665853829046
76.84878052950343
167.86144985572943
7.963047450118967
0.27278004829492847
9.58450028092944
74.80844179430221
26.96146474887171
87.54188498448038
51.52187530505164
55.99182324697175
28.35483228827257
6.349958979220688
20.261854873489245
0.46289516800604946
73.57789907464382
182.9660586507099
150.08353463909032
66.43834169205509
85.59426824185388
26.612059157309517
10.174501488993767
22.066004880811143
15.698382389585564
-0.19763199929116687
0.032300566275744985
-0.00012430179240250668
-1.5632133939126462
8.441605371444917
8.617133798715027
55.93061696339903
21.052966664579923
0.3742940026638682
13.502813505590826
55.93840249112559
63.54125068225617
8.908958038644242
-3.297907738699393e-6
-0.26053156147033457
-0.38434513912507523
8.669149468416109
0.5077951001254135
29.871953909477835
34.10230956646868
10.387188734636167
14.960103423379255
1.063681866120602
0.7592501791775138
1.3945633477459198
0.3024334229899107
-13.620278761717577
-3.384043670316581
-22.070603229904798
-32.29283418416049
-33.22746446708046
-17.34601867039686
-11.459134676661595
-26.109819751194323
-44.02733460930292
1.7632992799988847
-0.07149250699847354
-0.10526741906628109
-0.047881031839706524
-0.3788478113178654
-0.002685399680156012
0.05126639103935073
-3.1224240525389955
-0.183819114471216
-4.203346668161348
-23.651978100101587
-0.6699537597463449
0.01202050784320972
-12.297733879765937
0.00773656790040815
1.1405839821562453
2.973497542974787
1.1376399597863887
17.690244367459325
210.80923524289702
61.65519277764233
6.050616002080631
16.20250480906821
0.1305940097506453
-1.3412416695491023
-0.003217522154588811
16.994104448002222
1.9181897406446669
11.737813459660968
96.58762503696596
15.848988421732953
7.06666808083721
136.63657023175432
99.3459550593947
191.4423886354181
169.12526396583579
47.07904606148303
8.114607235879863
4.8554992211824475
0.06504330604589226
-4.514389090091431e-9
0.003721649888702585
-2.742941616092786
-0.0001379899450679877
-0.4281531948500293
2.3384027100770632
12.154183061012388
0.024055536716229425
-11.098385945665209
-34.339054404070374
-35.34610580541678
-17.976607758922807
-45.637650648558676
-10.263254193798003
-1.1520773448892622e-7
23.790788273446953
0.1495820358686233
23.897688503330134
13.336082570353728
33.751512786765325
10.789627437291617
0.21672756444689154
3.270029006933547
3.5799543712960755
6.725864795436316
7.645572119800915
8.63739633944444
1.4751405978610614
0.18224193916623596
-0.0007500788031382985
5.163046920257804
12.64311593943336
81.6651567629664
23.124869555810434
0.9729317987891397
-0.06854415776189679
-2.8924854373321165
-7.400161700942376
3.2883135112839814
4.409483581488773
0.045889993824162714
0.8520270899326432
-13.07309656102712
0.0036111784423515287
-0.14903990147550836
-0.41544306891471355
-1.103005270392561
-1.2133027631711844
-2.2788974381272804
-10.017225764798537
0.009761138468692759
0.5298886807674001
-0.07526758564281723
-40.570871164538495
-12.155193535967657
-40.28498403686678
-168.21973987069347
-4.57536272309115
-5.898539737293101
-13.317265286458117
-3.284744081971239
-37.62115904201369
0.00031685884126251
11.10313452852055
-0.15445070007346218
-0.0010973069206909659
-10.010105390597092
-38.12502004500794
-4.710392922625184
-18.878162272740713
-24.61131447581238
-5.839878790204089
-38.905531338526146
-32.797469194009636
-67.06237449471442
-96.31114709200995
-47.92386292312439
-17.14263138884643
-25.53299334677728
-44.950653380598865
-3.472022029618545
0.1608029377524593
-0.22633132216292087
0.00891579845269734
-0.6037715609246028
-0.4646287399420304
-0.16495585510281605
-9.626934032946462
-23.43658581505002
-4.2986639831915205
-0.00015233413785331344
-0.30001642744434975
0.44453130103946026
-2.2681721297657
-1.167353235066624
0.4486932817678566
0.07654593885526828
0.14573166257082626
2.2242532052732926
4.515299123141577
8.674604246382893
0.030274413579901994
0.02363917948078464
-0.9835299608064205
0.5207934292035117
-0.7047376480451945
-5.52499950396354
0.006324923546218963
11.560674255269717
11.610967814055103
38.2251308152403
221.37009299091056
239.63973072928346
340.1445347365615
234.0990591262497
304.9676595087665
156.78007524713078
106.4312628402862
46.77708716800378
8.52541269192988
-0.1533397396358507
-0.5311926403577147
-0.019588271028431886
-0.36716384218814596
-2.651175340632933
-1.685556557410516
-10.713253106780463
-14.64554120784665
-0.6933675643623052
-0.01456281636401186
-20.66986844344834
-43.926428832330515
-30.106019529074604
-16.330439762685767
-3.2689688701640742
-1.5241644464751576
-2.9014446172355597
-2.6291121697449213
0.007413098276726536
-0.6209021059682187
-27.285768395547834
-23.661537758232384
0.39584768544477017
-0.5069848159576593
-0.39855934802151116
-0.5409669964544078
0.010623334611137212
-1.3339501859105662
-0.787737921411253
-3.2215531022654766
-26.926366674323
-2.6403184016753722
-6.3448439185285075
-32.09622297062667
-22.065514995573896
-1.172911790184615
-7.549544432796675
0.0013756154844997968
-0.09007804607581148
-0.03207050940785765
-1.9298528680706175
1.0971958169157172
-0.0038439341827822726
-1.9390017469232337
-4.111059697671005
-6.685772633049789
-1.2048188286070167
-5.929471847474935
-12.904037677585755
-0.22585293741390472
-37.62040219719248
-2.2014814386280657
-8.03504111151795
-4.572181917512455
-3.5464235200406504
0.0018518583543760626
-7.646473473920431
-26.101717303568552
-0.01547793860231201
0.009644223352756812
-4.994844876452916
-1.9153914577975055
-9.145015360013193
-6.894631669583317
2.203484629952935
0.19346280792247902
-7.589099023358899
-3.0243470597008115
0.7473885242435635
-0.5820863404726078
-9.373552537209556e-6
-51.05700030423723
-30.860162310945093
-0.32437454729015924
-1.1804900514753602
0.9882003126921186
-0.49074903281882676
-7.930587368851881
-1.9965719128226096
0.001700836779713884
-0.0009500914810645191
-8.396270100310117
-102.29015820907398
-40.52781848123895
-104.73470425487567
-35.65199827316279
-31.57099948973691
-3.8475586658821417
-12.737049416690917
-10.173598139622358
-1.6306964124147865
4.759558304953721
7.654016836502754
41.451028567874395
8.702243821219401
21.25274309417666
0.16482070221739475
-4.230579119354159
-0.0008838622488308366
2.4528531056033583e-5
4.033308248885584
1.6509566148867254
-0.10905493486840395
-0.5128143660093072
-0.08495190946348972
19.499291884360005
0.16613168580801602
-11.700538203120862
-0.759222166582635
2.6113227589698638
7.490054042047402
19.991585555148543
-0.0623546731788329
-4.940718533298451
0.06922373001905009
3.511948170584145
214.55832462021175
135.09772763021323
195.02798322924244
175.6973565732667
35.78372070351422
38.454503196250236
7.106450127856318
19.21874645710259
23.25617528588252
88.56836696271291
35.41557430492638
82.70077714241552
128.52228949886768
121.51893575278274
234.1189612566023
108.27639635070317
34.511766016020985
34.32669362787802
11.692598610486778
19.623320678581702
41.90927776127928
64.73073750098231
49.09458010380816
5.395329012548422
49.59863954255488
15.864041686276117
93.28935239853567
45.97737086165584
56.20988413702679
103.0628463588274
37.3343838061526
2.269399782989077e-6
-14.459652620149477
0.37916146821157465
0.00040769912867731856
14.354196134046054
1.357574488031726
13.637255337875665
94.8099487669994
22.678570062656597
31.139209183054053
0.1808962042978853
-3.420915585756032
-9.561608655787744
-13.74045577627115
-0.019861086290198143
-15.721778582462846
-1.8558241750199527
-3.628169326803943
-0.8338558876410767
-0.017037558370558415
-1.4569252805717274
-0.11514636805772029
12.670433488268584
0.04346781947127827
8.453655410034774
-0.0539163874692117
0.3088549425982986
-0.0053312124483078285
-19.81713924451826
-4.283634045576577
-9.426367633470829
-1.1677851923555376
-0.1484398989403968
-5.540809142045801
-52.98732937365429
-16.401551883615948
-1.673647115554708
-7.23035075264009
-14.012084900162188
-0.0002227251734016806
-1.3134529444689294
-2.0992725755368054
-0.9737056898862403
2.981129934904389e-5
11.008046024819247
25.700431601996662
4.576226754936137
36.85272211079792
24.565686238105947
13.862029577515758
4.733575108674272
1.054076441435477
0.3747698032554138
1.703321682360587
0.020492032394752027
3.433832606468413
7.286613199050605
2.3344527639496673
2.365390643429928
32.920729488553626
0.134533803202714
9.453417585039944
19.182714063203406
16.900414793248252
-0.23175672178022805
-10.553619595086925
-0.3003845789655138
0.006905975330897051
-0.0013904333384377248
0.08423471849697782
-5.88152886924532e-5
-10.378545975495383
-5.997383792415212
-3.618123311053986
-3.7736358856375825
0.10169299809643328
0.1416628485770007
1.4776720679068078
4.467236270135007
1.4147546729071891
0.06952666424207543
0.0008222467630985474
0.5087294605823439
1.6283112382027887
-5.32705178625197
3.006002218068187
0.8727259195280909
1.3743476941558612
-0.8949022525907181
-0.021996106136705704
-6.3258036177509585
-14.353275406943961
-66.04758972877325
-17.90066933301596
-44.19637118866452
-95.28513833671842
-27.02196414261027
-44.46725991886201
-6.7570452300103225
-2.1562251566471504
0.1605985389898042
-0.2063070610737635
-0.10471154872949573
-0.008079548509439552
0.01721752052886822
-3.8246329031308557
-3.046317601105114
0.20794323866751319
-1.0121030417842343
-3.513780103395913
-3.017356725447807
-9.37675362886044
-1.809637375248956
-56.185535011589046
-0.8047145693556831
20.446279879144925
30.89786570227429
28.342303666577
0.6024426404526103
-0.07523788282722392
-1.4284429311292042
-15.397250772731164
-22.72629916686314
-4.132283220764899
-47.467892806101354
-77.65624219714981
-16.49741265077595
-11.987399858376229
-10.266266382894567
0.001887306117330216
-12.589096029467136
-6.25368868579253
