-1.8356421049239227
-1.0684499068057993
-10.638957020717807
-8.490554816476905
-0.8721764485161126
-23.224870957795947
-12.301494742457155
-0.22334421745567587
-0.04032993162259043
-9.27629855537464
0.22680102550522147
0.0009120197821739845
-14.425868146665287
-3.0501379453661945
-0.3485655551940242
-2.989734606344877
-0.0032807782963800245
-0.22224108772971066
0.23748838657879587
0.2776291985976018
1.3738825526350473
2.5922870048341498
-0.0023607536110082715
-1.654404512048302
4.655465461031132
2.844087785307916
-0.5761329401446259
-0.9986992807860557
-0.07657675994875117
2.487313534659549
0.19598930259555827
3.2263443252131365
0.34450808204313965
-0.3848338668773519
0.7667849911035812
-1.5899839456038165
-11.346726448070939
-20.007544416109514
-25.359479162124593
-0.04469438186780161
-18.72089088051284
-77.15096846432756
-19.64719685518141
8.384784267385568
15.659184218037106
-0.0048028955013061855
-0.926934402533038
-50.58102331400843
-14.096185472145274
-9.387463330542808
-0.028788342464735918
-0.6034875943842408
0.09351059629585173
-4.392665049622721
-0.4350993721138557
0.0022571823350237175
-1.540229530622955
-17.882292851239605
-0.7427778550851993
0.002384088906986013
0.011252830770099751
4.773849551452808
0.004554288230013469
-1.4200061038155236
0.5856041667334243
0.007209580477000809
-9.07890099350181
-0.5744583296320616
-41.18663767950157
-133.20548621693965
-7.229561454035734
-12.65980483169705
-4.144327474432958e-6
-21.262363560567508
-38.45789267698486
-8.10267373338084
-15.433255988542859
-5.961179772257676
-16.432346611458126
-29.48652621695106
-21.763150121973645
-0.32829975515667387
0.3677587444451756
0.5904102010079494
2.6289158322096333
0.10115070333895386
0.05559181613724348
-32.66833971222675
-63.6336043033086
-49.1965518523726
-8.753174662299754
-21.47884075293732
-5.799213643545844
-4.524411129294128
-2.414829089310307
97.55090447737227
4.538571054018341
27.517569325462485
8.473225847572532
1.0719446372676802
0.5087689183528187
0.9850785110137583
0.07248641741191726
1.3000450983570364
0.20109379171145872
-0.9965491848453771
0.007859812058797915
-0.3273140075722226
-0.24978259319093993
4.601284405132986
-2.428398335112941
-0.09453281316386203
0.09144887070600498
-0.7566083222705516
0.0034531238598049406
4.8345943733516465
1.2756879027856538
-2.476080398907929
-0.4211675186491475
-0.5112390753190953
-0.012090954095868285
-0.01737334164851421
-0.2873119039186896
0.08682557846161122
2.2709247777002766
1.0996470073893607
0.14364291906774332
-0.007858425811840913
1.2301873144161195
-5.485900212893395e-6
4.898635398068748e-7
-3.4957859337306223
-19.667735578242162
-20.08791314369099
-5.303456628766434
-17.465940340587387
-2.467902988320931
-3.5577710987390017
-8.948845062324468
-12.24849577730249
-3.2652042099888465
-0.39041390062837
0.06969666482139114
0.6158324057765363
19.611800162540096
63.637991461867784
15.84675987820019
5.551113033186472
40.31681146419253
0.0232385902277258
-2.2566591895223
-2.153158754660037
-3.094932766730772
-11.82891914361993
-0.05296129945172447
0.27922676682884934
-0.3274293510482067
5.540094692116702
3.4848029075711415
1.1329088227564565
0.6557166484039028
9.718446867886955
38.530986730690955
1.398475839856221
-1.65802553532357
-1.5189567265600328
-1.4678530606708948
-0.6177242573208311
-5.090761853700629
-0.1993605750555559
-1.0263023955416415e-5
2.5221856446068216
45.40121123423156
-5.974714111726623e-6
-0.07577479706928757
-1.2286378141916081
-80.736789830806
-20.71416577084241
-4.979602946213101
-8.281412931816458
-0.6172523685901677
0.0010706418408415583
6.524161242486665
0.5296201393058008
4.684865859227936
-12.131881217744898
-5.2965732085520205
0.4998903178483729
0.018490443298141902
0.850390217263154
-9.728597474479532
-18.229270654983722
2.46463187690871
17.30389306260468
-0.5247664612837059
-0.012350322332422455
-0.05762502309736574
-0.04237773861860862
-5.209533792686252
-0.6106159411981349
0.09835472155357533
5.370260176432589
3.1591029299839044
21.125612221038995
26.14109093934949
46.43183253678618
37.43436698374131
311.6501218260347
290.10487952941406
319.85550666051944
89.18219930029557
9.2910388956151
0.3434050927938708
-3.789767571997069
-1.796131267251596
-8.444451831371833
0.19401279321302026
2.139970276167444
0.9140138582770153
0.010626259376723336
-0.048907950972406904
-1.67907541561706
2.3944833102758962
36.417607423254054
29.810479940858237
131.50194276487542
37.85963454693953
120.85696462745027
30.03145035048578
210.4706170147579
22.801266957354137
28.922086320229454
78.22284098311627
60.32170518757619
103.78878255682811
31.95587541011819
3.5289261232150415
81.21596287459063
13.831613532069026
-3.5403429148282184
-3.697687447972617
-35.13105401989531
-10.222657024944992
-0.1664333739808366
-0.06048229646355099
-5.48562079479584
-2.3952866933820625
-26.657938592503797
-21.34127641130276
4.213746736601968e-6
-10.390364699383479
-24.552437381566477
-11.001053292636849
1.3178927823616184
-19.73067889770703
-39.48106749532929
-6.184804634810407
-0.0010281824821116925
-0.05092398126854151
-0.004175752100153313
2.212177717670758
26.445928229094424
11.205316559058334
0.02994379235102122
-0.3790210712826274
-0.017053208216855215
-13.216581833168807
-0.12595760695418765
-28.25319336393697
-34.77706394986843
-17.450271598422344
-2.067308676560716
-4.389056711643699
-1.437567757682291
-0.002442795238587884
-0.00023707508985931688
-0.49085820249325957
-0.0011102505445623942
-9.627384249485933
-2.406348162504042
-7.96126371508808e-5
7.325487786395131
6.586372722368092
20.576708529351052
1.4454840369202715
0.05711688620366355
0.08043927634832196
-0.16865922161944416
2.9664525289395467
0.07569446638590388
52.39707721820925
5.254463406957436
31.71152307103446
58.99727173471754
83.55803899658989
81.89925468576192
94.72669614507092
29.869543116952855
0.30057123394081503
0.05505798903303971
-0.48543022981304196
-0.07108399104415448
-1.3561248945154518
-3.3006226547257196
-1.2394712129982374e-5
-0.1620538830443469
0.07061207221749141
0.9881869393549247
12.056799210344227
13.605358974639985
12.137450166123472
0.0800770429210941
2.230816118777043
0.6983415076662967
43.96438257183058
62.67868656004078
42.60402975113177
152.0784304778922
8.385177545402573
0.48235845892194945
-0.5021433119984192
-1.0614432842950294
0.30127294830291773
1.5583409129347336
1.3305634512789735
-0.775795660185103
0.0002528277662993876
-8.085502252930066
-4.9529891120717995
-19.748194854085277
-3.0097974109799113
-65.94625561161804
-74.96044567230166
-30.038546005768204
-28.073377253441077
-9.914240944445407
-2.514388899388796
-0.003963450633535999
-25.380326038025338
-1.773531752237364
1.7323749187170554
0.009937736156012502
0.010327093059270612
-0.1498887585579642
-0.02228644226932446
-0.8015921544287005
2.559051228587817
-0.3509785325091142
-1.3547486790363827
-0.029391942985645566
0.026770872835282473
-7.463428061902711
-31.00063852508175
-0.015530500470845159
0.08299423662400837
-0.015480576017263973
0.42610652128134724
-1.3144220194279836
-19.48201869579899
0.004550948770222445
32.26306378930807
142.03109774731303
132.25083253069647
54.067199662566104
22.861701160398525
26.24760398601092
20.073849832152753
5.282066377881215
0.4656622409010028
0.4648855546104091
-0.026976620286399387
-2.6183080756017736
-10.619780229587557
-0.23130482293363372
22.674477119782676
0.9574733920693259
-0.5408129712788692
-3.9156172959702693
-75.15459715144513
-35.05165874112165
-0.3711165475827934
-5.2373576648843345
7.130274975222546e-5
25.619142915349723
11.535992975453608
21.908023946601258
2.150035967426945
0.21617096861783128
-0.21889496891442764
-0.008648644164699567
6.719232780627117
5.037279614350635
48.735427308188015
-0.6904517650071769
0.14241687122317773
-0.21557657608892358
5.4153351713516e-7
-49.587179272440245
-6.204203053503713
-0.0015418164972535416
-5.653877979376016
-0.018078307432282628
-47.71924884412077
-3.7296893812423773
-3.953820479983978
2.6176249682099444
-0.2858212184771778
11.582716300733466
3.42820003335406
19.12490946643173
-18.374488996578123
-4.625701838333936
-5.803942824663854
-39.245157689950794
0.5377906969796501
-0.007327654694498533
-8.584116165116338
-22.390102719044314
-5.051165046322755
-3.0987689582824243
-10.613867940766783
-1.9024406062222092
-0.47820656292756214
-0.0008280634986787602
-4.725634341965985
-2.9375392498647948
-11.439706092369192
-1.341567720797404
0.006075280964527519
31.958807519180457
14.37589418341506
1.250980804373237
2.945405215277288
24.99304760705783
31.17830895045579
84.73228317171773
0.008466144924143989
-1.7152082867583285
-1.966503558624108
0.8872527576167603
18.810382273800155
0.0005116469549252985
-3.316934364547611
-3.6536731467438286
-0.1462932008428595
-1.8402739651057418
0.2103972990176038
-0.006859833032147878
-0.0004683689647995407
-24.834552965457814
-24.232803432824532
-41.52225271355025
-20.857923252262463
-9.272097979482735
-12.113780617463698
-27.488522995190724
-3.049601135714213
-0.11196755378968382
-0.018039921904503247
-1.5278421169761334
-57.58819640253022
-218.0984579615482
-22.97693961679271
-0.18265546177177822
0.2981886627384339
4.900812237352566
0.3093662791815727
-4.150156395384732
-22.205433384728156
-18.649733161639514
-0.8075248622178702
-0.7596247273718272
-1.5026900714378653
-0.004792667477790011
0.0035134099920323216
3.3548767918054906e-8
17.245114204942087
-13.963978897724614
-0.019292404467497883
0.9007796616996823
0.006115489931875493
6.38608776920083
0.07359159376244898
-0.003244956766307753
-31.34374548732498
-0.3599112892747258
-0.020153361495955844
0.017194830517535068
21.08767447971826
11.439551339216392
8.534329265542723
-10.693644403681159
0.9944530884921606
-0.00016342846708746573
-0.20916850654809938
-0.2597372470167643
0.0018810541603876759
-21.34054840807144
-12.014652595511748
-2.3287651506801006e-9
-0.07368238619695727
-9.501829738507562
-23.97804743977281
-1.7563002195612387
-6.526292335745054
5.259437144167436e-6
1.7527329274512218
-0.8878060741364504
-0.014178309270785689
-1.7651551275861024
-0.002226832033616863
15.277658847894728
1.218987212925578
3.206174643058438
5.308651066367543
0.020728448466242097
-0.07701207987132
13.080842275410413
46.79757210222172
0.3421437207696046
-1.7132017843417762
-0.3500372523254186
-2.7835299939242173
-30.047878754412732
-25.093102428871628
8.824191799087691
-0.0067737595895123815
0.2822106699705506
-0.7295194170541839
-27.637538509914208
-0.02238859294155857
0.013915027220694634
-2.579409229484697
-3.8926132938661193
-59.50424852526972
-58.484178812440284
0.5769633485060269
-36.861440372761614
-34.34978590756715
0.004019560546042781
-16.559547434130675
-17.2467192411798
-12.005219483872938
0.6947293500662698
0.04028077073756855
0.03327934545536436
1.106164876338648
-1.1734393978417839
-10.929627336457957
-0.6969260959465835
-5.177585729656303
-20.513639664124206
-16.77929305885039
-6.86923982787383
0.33929273245943625
-1.0588813991527317
6.0765526042150615
0.8483949077965859
-0.19850959984832817
5.987551244877997
30.835294925107586
1.0175646179687385
0.13948813438574167
-4.722471708834193
-0.06510685721718709
-3.353766901538787
-0.07923832169020961
-1.0875593843634912
-0.84847450370829
0.32600293263879904
2.331835111408761
0.482061202294207
7.833605555734717
3.59453554981596
-1.0080406574969842
-15.736371830270441
-0.5062115996235481
0.06615668818291097
0.23088699055648065
6.307948583885854
37.18568561167907
-0.05109577422500305
-1.5381686942800753e-7
-22.82309853196128
-25.08209985194464
-3.2816449515725252
-0.12798421458006293
-4.339491504472117
-29.930372934085128
0.017687355972556495
6.137276387573392
144.38408836810157
9.311312360379144
3.7874771283398765
1.5445220961263613
0.6823119572108718
67.67879756013978
200.06584780286445
165.29919993375466
49.91238142482449
39.84315964979363
1.0168796106272224
38.625817929750234
33.86411928698891
78.98108616577798
4.562178350534905
7.029576674503076
-0.5810289152488773
-0.24136068809642489
-0.002854565955605849
-4.153451652114361
-10.48128400057246
-0.006735952208293859
-6.491804759017663
-11.193826612643383
1.676201799603719
-19.700789690215252
-0.2793892101462395
28.45944788572299
8.776353612516177
0.0009466989542071069
-1.3278755855636664
-1.4192251131258489
1.1470013297712656
-1.2279079978181497
-0.41717133008205115
0.005043982076265486
-0.7614078786798403
19.090630502376662
5.0132891848265695
0.20940571405555797
31.95259308213266
0.8191847657792201
0.3547609471323084
31.413243001311546
40.37461331061215
0.00034420250936916165
4.8879788742661185
-0.1371716679516579
-5.7260965236054036
-5.2416722321683915
-0.3412611110865594
0.017123913280701092
0.29673154680618874
2.628063389919997
-5.908672522462326
0.02304261126211777
-0.8501294693142587
-2.3684963321606816
-36.19306090077933
-15.37228873090898
-2.279564040748921
0.002297034714558517
4.080021697138797
0.044117735978161786
0.023929703782125545
6.366090185203187
179.31296164673412
156.00072780429488
92.95033710939751
51.14911071807523
144.59296974039154
36.148303138459745
20.106507931335198
13.269636445785652
-0.9685538742988614
-49.81237394430642
-23.29114885806156
-28.29150309174949
-14.956396075215096
-20.41380776679947
-52.140871153554095
-44.73199082551069
-2.3569284155550205
0.2494083989164536
27.729379053785888
0.0012275055629000216
-52.10481554063322
0.012179448516927356
-0.19217040683676312
-2.1821300629635303
-17.613611956109196
-53.14057693111122
-0.08786765422415034
-4.371634068719976
-2.3182743559079064
0.11516115811264074
-8.926975188907358
-13.781402746591475
-23.86844197847985
-29.90856656142359
-20.81012447040721
-0.013700949447247979
0.13065462494839633
-2.3545829392114532
-0.7507825879575281
0.10936309354045386
2.3893719826661006
-1.6094135829184573
-1.1456951567048201
-0.4814729417611053
0.05275483261845918
-29.004521846345945
-34.0102981355466
-49.72178777926974
-33.49089533555906
-2.977040102009358
-56.77764642887582
0.019923292521563118
-2.5759310968644216
0.32613149281865195
-0.2188199187126739
0.15272319664776673
7.919642615509707
0.8209734484762895
17.527196209948627
39.97107827594961
19.620823024068063
56.937892839050384
12.171746857620805
26.70326849757063
-0.12004264590827754
-0.017089165198763107
0.005151197004056161
0.23106082992943264
5.223982588252081
-0.1082324191293958
0.6766929389247963
-2.3230787618445974
0.006140547229239207
0.44420968088594603
1.6131543683920833
0.044191106371991966
0.7572254303351768
1.9570967974719793
-0.44063601979395295
-1.082270922145384
-0.002495541353669065
115.09616891614334
57.803433711529074
13.669211916008841
161.62504178583873
47.513301982372624
54.09241485824266
148.8436293261748
150.7905390493361
77.92295724298211
77.87294258096514
101.59837206911672
141.27906886483467
122.28804493511888
10.3906849921337
24.490624011838257
75.02699980418012
42.22687731772847
34.44848361430307
134.49633210317026
42.04802175954006
10.897881051133961
0.5760696519864597
0.0016632434662045747
21.35768288078662
-1.5762404491002824
-0.045281409490282955
0.34313880817398545
4.06577481816425e-5
-10.519519592770317
-9.44140499344438
-1.1485893068644366
-5.870884545878897
-24.148710278056278
-6.450229619570244
-3.2371991256243473
-1.1241452887718062
-7.44550079122199e-5
-5.959993002890449
-8.174772474321538
-14.366048205726464
-36.27217496639218
-12.502847397871273
-6.265661836478551
0.856171320777966
0.08977120550339639
-0.5897872282732453
-11.865911542456164
-0.0033723612147654983
-0.7995469745205176
-0.32623843485735304
-25.40324809164658
-1.4498864567070215
-0.7808861313900703
-2.6931487866286035
-21.20539488270123
-18.50993132124847
-0.5691691573011901
-10.15025544344811
-0.7588440629048645
0.24271950458611818
3.666363208692092
0.04388327210038141
-0.07040764789692668
-0.44004117247288776
-0.021827186755747567
12.350127368007065
6.471026543129846
8.127978090606705
-3.3926238708494236
-26.036135339286993
-16.694802819587668
-1.479475878336847
-0.0009390199677824049
-6.006403385051825
-4.690611949525329
-21.169394764842647
-58.81849653492802
-45.96535173382026
-14.488063238982921
-42.006634272405115
1.7336999349743252
1.7400114732602916
0.08556533011626458
-5.974125843745068
-15.243719619606555
-24.089474669217097
-20.95564720267444
-1.5962801333739227
-2.584175031254591
-2.0088065828227735
-0.00016323483957493242
-15.241715758975134
-0.016265977684531335
3.9767457621694704
2.269577999213041
-3.820552211087547
-0.2559116145752747
-4.469004786075455
0.10110444358880935
-0.8605696300875426
-17.072856502375025
-2.5102408398050503e-7
-16.223344208478
-0.008383471219593867
4.075506290135502
3.5315666615113055
7.769577327284883e-11
0.569025915401053
-0.3761878243845326
-6.250989923282752
-5.911421965543968
-0.32133652269087953
-9.044902128556241e-5
0.0040256128172629765
-2.682397216661534
-0.15377354766795867
-0.3045243660680561
-2.496580096550446
-32.15062236986797
0.3753819437159886
-5.566223109299435
-0.3219441002132146
-0.28955280788882143
-23.43185736006851
-23.03804700958307
-12.33365207909539
-3.2587427836685863
-39.11936540851393
-57.31892592480722
-2.0356105070527555
-30.928403490402154
-1.6565623063734096
-5.236890605193496
-2.06223584771975
-0.22028395500509154
-1.1796412187846617
-1.2514881218913272
0.3428256463917047
-0.0011373825937172435
0.00015918886289466793
1.4272369611301374
-5.669189633120209
-26.67838329631251
-7.033727456501462
3.915315672401774
1.4965217138895797e-5
-12.359198024526517
-7.44329314355745
-0.07779956444237063
-0.0004501994331985048
-1.7633057761631186
-0.17990262460539558
0.3490330012311593
-2.564227914682065
-0.06463737014347788
0.0001451608931260345
1.4540869826237481
29.94461956429242
1.8004479277461283
0.04381151595185368
-8.652242252384367
1.0084014781710025
0.09229852210059288
-0.624412316432304
-48.150849217108465
-8.33185380173491
0.3925139463369542
0.14361898542811988
4.218079440788334
58.08916858057902
24.588623861662747
35.207759223412594
9.350968186923023
55.82910996137458
1.4218459999616033
-1.8062778787093914
-17.173337488787013
-8.447757204231038
0.52661730146916
-3.810228213927825
3.881321104298829
0.5923866966259738
-0.11997221322648208
0.3289539025393721
2.3119512279377408
0.37372542305986817
-0.890104560650285
-3.714036889568709
-0.01649760933332953
-4.571243709757534
-0.00022572117340783574
-8.000488807901194
-39.59323095960164
-40.77289982504773
-59.68057704852868
-17.39787858111384
-16.04856515702547
-9.205640407528142
-100.60199860742247
-18.21029389781092
-23.950599730559006
-32.05106970925359
-79.30391343119635
-4.236488990975197
2.828362687272466
0.0020190009089482088
6.116213776039202
0.013086144831800145
9.354570170967659
-0.09126723922150103
-0.13071585362314123
-1.052642079441166
1.4579373487653822
25.334638507155425
-0.009719864102014437
0.3030156835425214
6.620387170548224
0.12477712174850443
0.21927328127804688
0.023961189221560642
0.08327168082776551
-0.10845280284536281
-33.06885039176895
-2.786579478237465
-3.2318051258564466
-4.017532297025291
0.051107209066304025
-2.4991437405566814
-24.86955196130353
-11.897614674632164
0.06299876298069786
0.5869763189382505
-0.013261075598595991
0.7859531607599406
0.0006902022818745556
1.4172175027047473
-0.08156308161320822
-52.869872607141446
-0.02387302591429863
-4.933814881821832
-13.067156911264366
-14.050354016437664
-4.828125718695231
-1.298318675708997
-8.833552337939404
-0.17093464887606652
0.0003108953969358852
15.019703721484122
-0.07747475363329341
-15.032713519016802
-32.59281086454269
-4.594630655417062
0.10983967382286565
-1.4524138890473919
-0.43049165020084246
0.19147967218756384
0.8223401503336796
0.13564592677887832
0.007161966038415921
1.2228029716117714
10.534468395417786
26.16302803606722
91.14618073273977
2.6045966880699023
0.7309767926801922
15.245500857697698
3.628232133901752
54.6526674584089
175.2018414669266
139.04659033144938
24.087995105088396
28.157295642443163
11.141090637583204
6.818007783613261
7.628971700138176
5.183902823364464
6.523829348647703
39.11989058811726
29.6315051956955
1.1370100140444879
55.18682070790789
10.113057667361097
6.886428341985911
-0.021710067051536993
0.017280918602133082
-0.012656918674806008
0.0505145179908426
0.4557276660068444
-0.556842246437398
-5.418835395717125
0.4199761609805628
82.13114238977523
1.7931652155597877
0.1516007537732156
-7.061732230817852
-6.903547936503888
-0.06403022773166393
0.2981907666962652
-3.3318526176036682
-0.00015678980509986528
-0.33561082294953853
5.918625499600399
0.11144977829140565
71.06286379282622
2.6821165088804206
0.20124570668917802
-0.0015523689910402784
-10.859936878607655
0.11279412028905615
1.273761077112119
-6.008503526161082
-0.051049351052602575
0.7168958662372287
-0.920534580038732
-5.872433656514512
-2.677831192677088
-0.1543971911215332
-16.967986137861857
0.6702876060088621
-1.1453612660227983
8.146035872376833
0.0004942738689800946
-0.3278510905054985
-8.235587200370594
-0.17460565045152354
0.5417651110452422
16.27006324697582
3.2586573760151394
1.2663285511093323
15.599045088229445
3.1102462606999635
24.004166512949173
3.3436782652581556
-1.40412627501782
-3.095487627353367
1.7543758711912423
-10.558460442792173
-5.278377088563913
-0.001103265545669138
0.12594828419878248
0.8070179161767129
-0.0008006806862676689
0.006122584959666003
20.213933140810912
0.18510738551691536
-0.12381449068417982
2.554633188268435
-0.19342926632361632
-0.09809338629657796
-56.49378896119841
-15.039046673239593
-0.012334035375025148
-0.6890442988176385
-7.097235443919932
-1.6532536928441828
-0.01826098488766606
2.2055409860459654
-0.17743607232991426
-15.914382700964156
-14.331304997612246
-10.513267076309486
-0.7190470831727356
-9.533258152739961
0.9025648251795003
13.596963882354663
8.93795973614959
1.2829146038161978
0.04882904556456291
46.371606659413985
44.43112145808106
168.28618425428087
356.60972847321995
364.8017413865912
101.65495733549811
14.981102907856378
41.13802685518911
22.367650374484285
4.99297952070459
33.55606689055368
31.842079657529055
0.007388497942204279
-11.74159718353988
8.880826394052049
11.60641477279775
0.27153979253481086
0.026483482924807837
10.947914093730654
-1.6091199082571939
-31.327838301405745
-40.49838873957834
-21.85579549508659
-29.323425848545323
-2.711162733142554
-27.279767414554875
-17.34143698270373
0.08540791183105492
0.004765513936229337
27.92475830797558
64.28526830947085
1.128972817620584
38.70265460612769
2.5816869672643072
107.23335288314114
19.131870209204028
-0.031737522375934066
-0.20292297490209918
-8.633564011343638e-6
-0.017114628199608888
0.07277547802247336
0.08268686658562249
0.0554577899857817
0.33927313838069323
17.102971597679968
8.125631819084584
26.991347202286107
28.565651548796914
26.892006300893605
55.80888619339877
88.11001916682794
186.6757320901469
137.8128932338925
29.282458889525117
55.185530250839285
19.00271576699362
52.60138665924933
116.68324335292371
123.89228030650659
85.39356317087916
135.9767366662037
10.880383566101855
11.7345175575795
24.04426889410799
52.96746030699788
10.220267074698597
-11.192721310687887
-13.872080783051697
-8.801298443352238
-54.23283501932194
-0.02307974262605983
-6.331457081316712
-0.050155390226917854
0.0668611559893143
-11.12312117568886
-0.037007183386952504
6.781791852620518
1.4582957647113937
-15.114890414654402
-0.40005374704155255
-0.8425407757199225
-50.33801588955492
-57.220679138038925
-6.709217971366785
-18.224703319510574
0.40297352597971986
-4.127931223198652
-23.91655591258799
-26.52385925731698
-35.55169990176432
-114.30504143407644
-3.239908876080934
-6.197031776315946
-0.37080979240282125
-0.006984040176317124
-0.09849736043763822
1.1679046452871453
6.936432684755899
77.74943543323393
33.128101979280636
17.107774607077538
108.53142536139109
47.08091145714904
12.904540902753016
88.94003989388439
7.457363289960415
-0.21887313340886902
-0.029431634311441704
3.8817213920813325
0.8991626902946125
19.770672741005843
11.953510418860017
16.71884893957396
2.6578899913756726
0.030395264744409286
-4.6397018901567595
-3.0779566525417947
-0.7619619615931877
-3.4641120309559588
-18.54933006566705
-8.86228220031999
-28.763471863146243
-8.197963850782031
-30.034894929967287
-54.27288331750772
-20.183467550798298
-4.460481068145246
-0.04785178192059565
0.9728503041670966
-0.07275208197265974
-10.604782827267242
-3.654038890220339
1.1559969887633155
-3.54887672872464
0.24832913425577471
-6.702548332564464
-4.123046044201432
-7.028969226110246
-3.358513925962816
-0.00252665187969604
-9.024902546091244
-1.4314488711967595
-0.03789746302539321
-24.60938298128677
-30.057020946511027
-0.10348275016772447
-7.384372207605138
-5.349581452388216
0.01906413433865488
-15.958196074983267
-0.016109645935952432
-0.001984167044597728
-4.942685275981924
0.43403625607058105
-0.17975578848915397
-1.0712917694814026
-4.512534354489899
-0.4529556735844456
-6.277059971831597
-24.950148053449286
-11.67399367264129
-8.683209051292431
-31.589577107436074
0.6062624122145017
-18.877409864760576
21.17424608036182
9.963607352604074
13.14801476938456
0.6542864387919355
0.004420394314286308
-0.005777044945141211
-1.9061528140612132
-25.496979340652786
-56.639357938388386
-76.38966278013777
-103.91767461753813
-11.80062014932529
0.5434011782542686
1.1986789019331194
7.7722186697551265
6.898975670248399
0.025325648159427918
-15.630195141131887
16.555078096372583
2.09698829491163
-11.938191237721828
-20.203388899361695
-14.505597180402134
-42.426629370043294
-0.0926327878104802
-0.0002886772789055006
-0.3584688627149425
-0.133807617976703
0.48836260697298584
-2.7642051434244044
-30.019565211488214
-29.714833607272862
-12.028996820100337
-4.744231546302191
-7.161063613344649e-6
-32.16594483084132
-10.012887299220354
0.830974375116159
0.006584534394686369
-5.538277235785331
0.09634507334901209
4.41652092934283
2.840425631924133
30.447765214757094
13.602297625682933
7.549945022921664
0.056144759597002145
0.004524030904218826
-0.4024633204757605
-19.98362299846336
-102.90022852336205
-48.11713493002116
-43.18288544743797
-0.9659383062337067
-1.9002335289696466
0.1344396807440432
4.471438793934649
22.182875103999567
5.946121699364472
-0.0003384833189490489
-10.599459076573527
-0.2707764347681377
0.012390112062174012
0.0004939501973948221
-13.096227328300635
-0.9104893489487574
-71.89678850554566
-0.02156014072065238
-0.17931401142399273
-1.3116681182465835
-12.241744283751318
-63.39488820388374
-17.299344318582023
0.9910220092704304
-1.4037583111863678
-3.076999409934368
0.0532101872328181
68.3164877910581
20.824480620159665
-1.106461209658615
-0.19057991123867335
-9.597763252173637
27.890865837695472
6.99929899400212
4.135059235652576
1.2988792258040067
17.215354744039516
17.575630521147453
2.8036128020200928
27.28531489808534
53.410807305270154
0.0381548372055044
0.7862844346891091
41.207031261220656
106.82147252129475
188.2171337282347
47.69743813087705
4.5967304461848935
-0.19895269987739536
-0.11106259667586589
7.095009826901249
1.9713030130435
11.215422722666748
-15.162921324416182
-0.15852764498451097
-1.1679960462641958
1.7023534197851542
27.970067889032585
10.827859202106227
-0.2839028371079879
-7.728910793238079
-43.68761040109138
-16.081527581835044
-3.9503951316547887
-20.151783172785514
-7.438521262146893
-2.030888251722292
-1.9952528251954285
-0.8022018320690635
4.310444726449628e-6
-5.8669904922277265
-3.23114692887527
-2.6936614008024193
-0.16373826789824678
-0.12634826234988883
0.06708823335984805
-11.403900843379034
-1.9329776196145114
-0.03814595284723521
-0.0031853238651422078
7.911666558151762
-0.5305944332165966
-0.017285831126446407
14.060787139563462
-0.3101647076833962
-0.06569932701965564
-2.4687610493607
-2.167587887470898
12.924131503816916
12.02356180878481
-3.3356272551731077
-0.20837510084508454
-14.695273345040913
0.00024345173667735616
1.0560818241431216
-0.00046240424964941586
0.13265259517196187
0.38627747170359134
7.268121527548082
48.74715973499742
1.8151126420246886
65.6196215560095
17.189474831158364
41.124863240407976
4.838341215570699
5.647315251108305
7.457634399294692
1.7589750705055305
-63.752876811378044
-44.80216659575344
-4.256024865799057
0.06801423788694898
-1.8621131155131423
-6.904891846737002
-0.46846952266868813
-6.675016454028332
-28.52705766343223
-7.419620980358392
-2.7075447075516585
12.342771985956423
17.741991142701906
18.189881567330666
-0.07786765402792135
-55.18196832656059
-2.7520275857876526
-17.84625488951495
-0.055630110575412894
-2.572119083491855
-0.0801296808552204
-11.352635917563404
-2.067151847997985
0.13569597145075374
0.0008538622110646969
-1.750982199465889
0.2057611028928595
0.09178327673201209
-1.275525413177646
15.6717693774252
5.571536690650072
0.49524612791807854
23.605030570363432
1.2248913533893335
0.07740076640534212
14.54513855286657
25.30422182556376
0.12656229540624214
-13.252820206119033
-5.865274177421732
0.0012987901066256143
0.001024718717790982
0.015120017745160126
-0.13810666058510757
26.119813301027776
18.365381725551103
40.637729173198096
2.5394233800962156
6.654115192840914
21.865963604254862
20.962062061152285
44.34686419058652
86.61675434419072
0.7650847996949294
4.7187229913867
-12.361911079590236
-2.0762111813941133
-4.362507611194131
-4.580724360913841
-2.5412565198583676
11.082033169150078
7.498761095482836
14.012202708956808
62.49085199433801
145.2234349157116
49.2251983011445
50.299070201246714
91.43279915329428
193.06390876081386
34.09071389402437
7.184976300333089
39.47067469563008
0.007667124308873713
-13.028181383625041
-13.985179108907126
-1.3536708459734748
-2.066605465370069
2.0458391584753475
30.555988421639007
14.807850282273503
29.422773013365568
84.16088047688535
0.04186284613470334
-11.418180047443643
-5.716658281687786
-0.31653000784398105
-10.861533566890294
-22.629121662552947
0.3449558837902728
3.45151236437682
-7.369345319182241
-0.02069957212548965
-53.31009025973808
-7.313742374940497
-0.9718285682491824
-3.2444607328787898
16.394897020066683
-0.005428042340812303
-8.725619810776083
-38.76362902535969
-13.458762337509683
-0.6123358490315857
4.091549498260584
-12.750941826325906
-16.10510687887846
-16.221962908953518
-0.009176261698896532
-0.5186129176512222
2.0192982018615213
10.068702327445125
-0.0006733047506668979
0.23355697464743377
9.519229204726399
0.07223216872667394
0.5224654850875196
0.0011861159047314427
15.54921765023602
7.034120616274343
3.8995506608756463
-0.00019053485824030008
0.4802915062069064
-0.37583658423794536
0.17264556407539178
0.236805180009227
0.2231044282360038
18.10103070631541
4.386223194683471
22.32135213658635
0.5319908460087612
0.7098641223615733
4.494983352528631
8.401729081310226
-0.01267558141759752
2.2261237372835603
18.029093060005255
16.311317392881485
4.720198389242458
-0.2664717861522018
59.03464752502723
38.23504442894201
8.41804982067517
0.11964725128001984
0.17102826135925372
-0.062118055645155254
0.22380778816201297
1.6058418053223127
7.333884762557509e-8
14.848662137122291
-7.959802353402697
-4.653440603368024
0.5272386598775214
42.85599534507522
48.649727229186404
2.8267160489867136
0.08124664404099557
0.431119247515046
0.007838096356932441
-0.21068579623457395
-0.02518480525148892
-26.047909589988155
-1.3341590418409393
-20.921649832626436
-0.00039315513369774386
0.7896796374971979
-0.5590996634593351
49.297234205716315
211.96961236232997
6.657852095314841
32.97506930703233
11.434573152314279
2.243643243007303
0.4364065360752883
-1.8281090010607748
0.3549096276718025
0.054645312848629286
40.65935809900939
38.40081810546458
0.12337254177939372
-1.8426901580664983
-0.13937214551312146
5.268917288455431
6.426158110765369
1.5570420514457346
0.5820849111277432
-48.06145134360019
-0.09957497340112079
-13.588186155700097
-5.905008893090797
1.4378436143573547
-3.1682453582877375
-51.991841869641114
-9.719208145915939
-1.790542873423358
0.1022352819612822
-0.3568143517025143
-0.0032476090862104414
-23.68828868387956
-0.13109497683958016
14.956648978693185
2.1109659479662306
0.21966965195738786
-3.871508618337293
-3.683794751765868
-89.74067736902154
-32.860690694616736
-4.348489813890589
-0.15167630639464785
0.13427595305681156
-1.2371310455758866
-7.909208873433037
-3.736758292792502
-0.0009925416263509572
2.4160042619564734
2.09996816222889
-2.3125277466266043
-1.2756238451904083
-0.5962467603180306
-0.6984723552929871
-19.158401985247625
0.0947693231894469
-5.53574589633913
3.089632093700683e-5
0.541981107460887
28.647282993718157
2.7049225975221027
-0.006801224331361677
1.348853021432162
7.191788876951385
0.0600138152575016
5.698618116634162
-0.1562683099455685
-2.707668604268066
-2.990799534085954
-5.122668969052345
-34.12380156192104
-5.006242798572684
-11.894775382710609
-24.03679911399714
-4.149140752216245
-6.281633450140514
-3.6329594794428006
0.7663779232399603
17.05207229283502
42.83780890191894
7.534909294717584
-2.9616223559047286
28.15966900292038
0.9340013704137774
43.65463530705966
47.32442890564155
0.03431245633867321
0.04998835168093231
-0.02965947596925835
-18.76987750843379
-54.51602761136843
-8.180159514735259
-1.0097829449829885
1.170752029151643
0.14828041660126073
-0.20578361012431448
46.90656399576972
0.028378960698488345
-8.207411388722408
-49.22240542345373
-5.3597001864375144
-0.08851107991183495
-4.177444423162556
-0.4543733020379462
-0.46207950872375414
-1.672750952248014
-2.649962238999149
-0.32108000380865487
9.737069515163855
0.4118775441648046
-9.336859230357053
-6.684031724569934
-22.8883527579464
-0.848871481794397
-0.7781246793331587
-17.505752927328583
-0.119188297890779
0.8064053998037208
-2.578732700630947
-9.441287484182654
-25.101506601671602
0.06408855831833608
0.051622385702011234
0.1398842160349083
-0.30871440993334
-0.7693466248539211
-2.169744097531225
-0.8165604094586283
-19.53442142383346
0.013627106596608717
-0.7860799115640158
0.0009503262907586653
0.1201516479957889
3.0314553185295123
4.844559097080745
16.23192783319568
0.06305694838212378
46.804587456720064
1.3642137068914997
-36.20638433573209
-16.468221194623073
-0.08368545872348311
-0.0004961337058038099
-17.377136755739958
0.08200349992576562
-0.23180327050227972
-0.2593130483522414
-1.52739423003948
-0.801223845329122
-8.934514261597053
-0.08330286305266134
-0.5156326895025773
0.3801424219996007
-12.892502734041747
-0.018244009114776936
0.30575307243961564
-13.964936117092615
-0.8806394325477881
-0.3118296404330917
0.06551485538292685
0.021143532387805926
-0.0005610612936670076
-6.192692104114762
-3.0684605254609663
-3.303298024252182
-0.2564953563440799
-1.3866586689989422
-2.485644353095105
-0.005153772839478223
-19.31279437872875
-0.00039276081853231054
-6.044228273112525
-0.000588173377704883
-13.292599709346014
-24.72887474425542
-0.42305310026773413
1.4901023136173854
-3.2878639748642424
-4.2769003249693895
-3.5865175226343387
-6.657408077762253
-1.8471415204982238
0.009940403080919315
22.559186036124824
0.23116092992441473
0.03914877593103237
47.66153577819758
0.7948395460628762
-0.0005465620054514828
-0.9794596737103175
4.3443661563202145
2.340265370381949
-7.605188997050609e-7
4.776305063475421
8.953445189571585
-0.00576082544184618
0.7081011594426161
-4.664476719250335
-4.983811198135705
0.4342968772317811
22.839531827331253
0.24873915185013068
-0.044152937030930456
7.471812107132522
1.6978858816951015
1.0619778825149564
0.00043809724868858695
-0.1285870582227223
0.46812616186981926
92.43946144244192
89.01898567628416
74.23602592620958
100.48493981684132
124.4937589903623
16.981923093764152
15.635326840071208
-0.19596918827356932
0.008145727411125398
1.8762251825786782
1.0893669252083102
11.478735078839218
-0.022934576147683124
-27.471971121961232
-37.48816723252851
-9.101620834178261
-0.5779019427745679
-65.41238991649739
-2.497476937548967
-42.186709850120494
-23.867906298461353
-44.77807615959905
-16.187338927494427
-3.8148151181399856
-0.06313386307508843
-6.994099276536889
-23.925782887694783
-1.813009983871647
-1.6790912896660346
-0.7545373342033252
0.1809065810286592
-26.710925818324636
-32.185424944005064
-10.46636614033412
-13.93310452492344
-0.05238172087128689
-16.027781470127767
-1.4845730831251145
0.023341531384093814
1.2285859102584535
-0.022740714993496156
-0.25632512313287836
-0.0038396033370603705
15.459832300052147
0.4848168799343019
0.23716020881912522
-0.0016655159142843375
1.9539479314305601
0.20383971994268504
70.06454979208344
127.99393384580642
91.86576716425365
42.939012030380816
4.341617186325812
61.36313297802933
48.494532509993604
7.363889065158153e-5
3.6080950657875457
17.74628566024364
-0.32150068151152933
-0.6520832451767907
1.5759641653772574
-1.1832326928471473
-21.89018230883626
-1.1345513496618076
-1.3902838341441108
-8.014865629707284
0.0054241643376419495
-16.524878435227482
-30.615109340227118
-1.149232553195119
3.6558100041309562
1.2823516273564528
-0.013158407682814717
0.8996977734012933
4.747273600894752
0.0006299158728526683
0.12967551587275308
0.0008860352509294425
44.24545981986541
3.2762874366251107
0.01800920382484099
0.8706156047810815
20.17428543972705
20.814580497699204
0.08478297796188768
0.02411262422544455
0.6270501428654539
-3.157023020698117
0.07479529652941135
-0.016188708210619122
-6.854586735411615
-0.387375356996822
1.4850220628347408
-4.049742112821168
-37.03485218597202
-0.8612004041793156
-16.563258338498727
-0.766039517050548
-1.0046215955823121
-3.0812328515679246
0.028883798838436697
-22.707684792861585
-37.95947456539654
-24.82310824691189
-0.8643131650555435
-0.2781834886658128
-0.05309631483117814
0.029302929863783838
-0.12453227787515492
0.4259454831318922
-0.0359921300273707
0.11439663591113888
-2.7286439187813976
-10.203796597413344
3.929356788938326
-13.554065705051844
1.6040880955928523
-2.3083702037090177
-0.0008933569690935659
0.3784041215906858
-0.018840295694798906
-4.4978805859341
-1.7068223197909684
6.751434744907696
1.7270279632845176
-0.2705453374420093
-6.47772406970152
-1.285633628999131
0.025671141272733997
-0.4463526859718166
-0.012679928382310326
-42.32510693084646
-37.78914046554296
-10.558940372981683
-2.851617311207937
0.6615838901179751
-0.42506670496098414
-0.6068901392290351
7.914249981555788e-6
-8.084585263606478
-0.10344961872541723
0.03479613491232415
-0.4150098959908239
-0.5246156650996076
0.00022451616554041275
8.511128631940912e-5
2.0486921914778846
-6.1924585301819475
-1.7647322533577998
-14.023777178068856
-0.00519922836215625
2.5457175802945837
-0.025798287730618083
-6.061536297840972
-13.780361337620928
-4.448004824377618
0.05448199500991445
-0.42479496337162764
-0.8356457843811391
0.441883820736842
0.003559555644720024
13.545050552901
51.98468959695192
12.024280232803784
63.84350082068303
37.92433585129146
121.50772491142438
195.1335375426084
5.0618979461273845
8.58776064923554
10.25869327773607
-0.021336958421662763
-4.82867204961432
-7.33466274604077
-35.09797993066554
-20.00120169682785
-1.1919804222482675
-0.05845701815285424
4.540105553552697
163.75741288745152
27.411016345342848
50.773089488646455
223.47199367107132
61.31719468668735
67.92168510122579
35.314845995737315
86.34578333181416
64.69615000920608
12.665125038903822
0.5462372666284716
10.523220855975564
0.5999403027660709
-0.12060041617155734
-0.4939584725839736
0.0944851771193804
0.06144010623187318
-54.000339900458854
