9.828855452366062
-0.38949591839031616
-0.52430931313468
0.0021421858287331446
-0.3048917957487641
0.3431828399929355
-2.0053506940811734
1.0671653816539441
-0.027649301735498358
-0.3945037246670845
-7.450132398766693
8.038405253449158
11.106015195721355
1.1614931959564168
0.0007432272908142162
0.9360736732134771
5.640244587111382
5.575050613208697
35.8461234182174
1.223601567222552
1.6743808866591656
0.028082811466750124
-0.6130066637348343
-0.0007710117006892978
0.3960179488340352
4.001563237846953
0.275075748651005
-64.82142517633253
17.678557784488046
5.729834520474563
19.759070662129073
-64.8603882100215
-23.3277973581293
-31.256285408631847
-10.411071871127993
-0.4184546260635876
-0.13195765072798912
18.421635472465855
-8.612994092009012
0.002446640242731643
2.035171269865871
55.436131037016025
1.8009260949660209
4.19748504598372
57.8420783124042
-0.000661255111642784
-11.253264580140577
0.08664996525679496
-24.241838143140544
-8.786165335544695
-43.81305194806245
-103.79297716710143
-2.7157419320969294
0.25358365015297357
-8.266365995732384
-11.124746342519098
-1.3035168851857895
1.003728203315457
-0.08037033636303717
-37.555687120098504
0.03071604802482061
2.7065329377215157
0.13654867167534088
-1.7135452072128678
-3.9713054498124722
-8.793633246665545
-0.13904143860551113
-30.665273931292738
1.857613534239374
-1.301628470704996
-0.030976261699913483
-23.285266626748182
-44.48522996813483
-1.1201238972986098
-12.759870638954135
4.610796704642293
73.59244077652846
12.956674359334745
3.05934404636199e-5
0.059150753793052756
-0.04469301481108788
-0.09948081089648425
2.2732116409953043
-0.09886254889008346
0.2197580247514497
-0.07176989743784794
-27.72580140518214
-0.3066971191495053
-8.347419096385813
-1.019866196578221
-78.94477341981263
-24.538406619620293
-1.4024424857333304
2.1868152795867757
-1.4681489819576237
0.045609085953471136
0.354435956539555
-0.0901942179508049
-3.6035519438929646
-25.630312946926608
-1.2266219263302478
-0.03686421184415683
1.690936638066459
-1.370233894398268
-1.5519144195550787
-7.896611492047284
-0.02994901349035218
-0.7716837119804915
-0.1295209149552612
-4.389931467916518
-0.00016785877444599478
3.2053916041907398
0.14680474166115418
0.001761225006136717
23.50456168146283
18.911268198320453
-0.5556521851101227
-0.00015478743761015022
-8.955746273597402
-0.6204306937786437
-88.08948764226463
-0.8086382341908283
-30.589774592726652
-16.211737312674266
-7.063495395124664
-0.9682751421347694
0.8532673389813218
-8.38948021507625
-22.69129663607202
-5.171794167194171
-0.0064475798356899575
-0.009546117969425593
0.3130807525341738
14.399458424752684
-0.10409587862358012
-2.9365464725291677
-37.27985996115805
-11.30293696890939
-1.4020651331043519
-14.906753429655486
-18.059828890085072
9.498108706299705
-7.196780711851908
-16.404762920245805
-15.324041563635694
-0.2609356199746183
-5.754999091505483
-12.868748427348715
-2.863645242498875
-0.6476147445099736
-0.225592638000607
0.266726941726252
-27.382632966730068
-16.359682799465457
0.6642726526928524
-2.558012760090651
-5.89982690654601
-7.9701373595798986
-0.5519387800218155
-0.7796521213316683
-0.40090837315705613
-29.826913826616096
-7.7964886148561146
-1.4804811361255128
-8.855973065567982
-0.4647014759800373
-0.0868117519553689
7.326406844847365e-5
-41.75800514334833
-0.5573738578030569
-2.570451692721649
-0.7964758366110491
2.9737713828728336
1.9366188264208382
5.227983056822693
-4.803378696243161
-2.8535793604468784
-0.8807988768466927
-34.021528088316906
-3.3021354927652404
-42.328338637013445
-1.8078858716333481
-4.986374816564602
-0.0017396683457090842
0.8014371947606276
-0.023736254480112073
57.51030797151171
48.98012291702674
1.0711864748791733
16.604170308696297
42.245131551414836
19.85411603682582
0.3599767451701188
0.1750873182136821
-4.245745207575237
0.23463135329046986
1.6598666717977866
-0.0005034616701255866
0.002936338601151228
-3.49486364959234
-3.912799868387399
0.00012436324439424367
-1.8192215589232428
0.002382317010264957
0.3103032438701254
-4.668493777847903
0.010015922291473031
-6.137097711662507
0.10069201645204776
-37.34731293317389
-1.1154285641601063
-36.12894402681344
-8.986389717394184
-23.34848988275807
-1.0912254902888652
-0.10177361109941205
0.0004921722421379703
-2.785414001829571
0.05651581215594932
-14.790464230234832
-5.5934350841248826
-3.8034634994726937
-0.01234888578674618
16.886056835912793
58.0865044098533
12.878430956683832
100.49223791113602
17.098604952265422
-12.794498074588239
-0.549120563146586
-0.56235466537701
-1.4825405750100324
-8.611871701073
-0.4160367797088632
-5.62677017132922
-0.0023793483907048525
-1.7631904156703309
-6.595022860334146
-2.872604408900044
-20.4424932114679
-0.8560073052327387
-0.2850978845221796
-0.0029076056505472343
0.16867833972215485
-0.07281265946721396
0.11514852017336455
-0.52650757509838
-0.4995253975553723
-1.4768109654149557
1.164179219272761
-0.0027550624541281704
-0.17663390723616323
2.789414142258181
0.005446762716636291
-20.500173015431987
-39.18600781199964
-2.421668643012791
-19.20404429790577
-21.387570047087355
4.58200242629843
-3.1147699018250156e-5
2.111100462503367
0.000937560732144546
5.0581312864521
69.73283863764168
27.980385965512795
41.518092005431804
0.5774188982508316
5.427632826182033
89.34292384682232
55.46086006596536
114.52243066638918
52.5704753516663
1.768984396861651
0.0005982179246175547
1.5921048662493205
8.235100051014623
112.75174394846684
54.058173190392786
-0.0774226556759949
0.3425056545432279
0.15979159206813093
186.74342621017973
15.158037615228402
65.52048209663587
12.836033440187656
43.130002436355575
155.7108564918925
95.4045585892589
165.50235468568306
158.2971186762318
134.86176869719188
36.19861760618878
0.737340016931754
6.872504654481058
-5.3421451760062304e-5
-13.175923266038039
0.029395374823423227
3.188933116056442
99.64976273158268
112.23604922669965
89.39722440930959
136.394843132855
49.89099289337827
64.18853906230568
-0.06220874628352406
-0.6686198083616305
-7.2286985748862005
-0.0006175545922358757
6.470521226539851
106.87917193391742
87.31942299771906
16.88701261343149
1.1130881549275027
0.9694728207188923
0.11086782483016856
5.9118378480845495
-3.059665937126288
-17.258109978569294
0.0022385750145039766
-0.04577604967306889
35.168715912709466
10.069179145106409
1.0090092755093554
59.588873370545635
8.027318197258191
0.2609406594336113
20.602429594385324
29.37102326606073
-5.036962110084855e-5
-1.5995426462537914
-13.348532693805769
-2.2162447397878435
-14.587110174391052
-11.420123236636545
3.9773660015271375
15.352848265553657
54.317399466431404
1.2596367511604178
3.6167544778863707
-20.078568471590117
0.0009523297094763129
0.009166928353262981
0.9294603642820172
0.0022581774976896994
1.395632226342066
0.06330340022392057
-0.48970204801814843
-0.136928325875181
-3.9466264957752695
-23.993372127671535
-2.042931121492471
-0.21153610464355704
0.02670164051839437
3.6412054113776695
0.024743520571581995
-31.99259945561342
0.06625737039373435
13.767996290393983
-0.05589607135966438
-3.8037981132357076e-5
-8.09644214645056
-0.493683454432811
2.4107985210381234e-7
27.772762047218226
18.07802188135522
0.01147575028464937
2.860130979693972
-1.8565131841791704
-0.5905479117973916
0.013717361731637833
1.6702992768092255
-0.07957182065408089
0.17968048813755752
-0.2730042503866477
-0.4124648945846115
6.220973299412322
0.00046995079785465085
-0.16318657341447554
-90.74849687963282
-70.52370477710647
-58.58534467326095
-1.8243312227247086
-19.164184412014304
-0.016770009223477544
-0.688731713978591
1.7695540652545714
8.738061360587064
15.451729599039956
0.02241630111272171
-50.206286174443285
-0.3461098759025113
-1.350847153869319
-11.518292825434727
-53.0718624740738
-26.838438142279873
-1.7678063512657445
-3.9321743138238396
-0.04599519841131401
3.3674029817827593
27.599354797208587
10.419703255581286
0.5818306071950624
-0.44879597628068557
0.012807338326261035
6.256686984993664
0.520402946217765
2.4846969541985047
2.268377896378688
1.0023028113617674
-0.9057282578205563
0.00021798763943845282
-0.1798194968288675
0.606315937722884
-16.211829027008022
-33.63966761324985
-24.50764353287842
-2.9452873399439374
-7.040915624093628
-5.5129223792418705
-1.1583021392876334
-22.22165385203977
0.4078310414448822
-6.019718059260392
-13.609180203386835
-0.02129846199729424
0.5063635561469259
0.33734747920800817
-0.7277260280316955
-3.4686075573872306
0.43698079934690387
-0.24558176451328312
-1.4126836673543006
4.899322202068664
61.20809315144348
107.64025195455494
34.62827675257101
0.2594480232673925
-0.08780549845998711
0.24635033528348277
0.11852565936221575
-0.0005486391622350477
-0.4215134945556093
-2.3467936285950977
-0.04704589586095928
-1.3083894836581146e-5
0.25161637765716643
18.259792522725846
10.504937686879641
1.6031568332626267
86.31598804583297
142.09348311439675
-0.09979545858065667
0.7341935832134042
-1.6196771342436131
-6.9699854496886955
-0.008399347794909048
2.3284731876455957
-1.4476982533000486
0.014721044355557225
8.680483724095357
14.739313519396953
8.077274658387642
-0.021719227167906186
-16.11204972017433
0.3302236131990889
-1.0626848871045347
-1.458341121590132e-5
0.00012126422141288624
-0.8157099970384385
-15.335261793653402
-0.28057786008578584
-4.965235184083464
0.017205991481687097
0.23895808933724041
-2.7432022530398346
0.18075647854932933
-4.970793804111677
-16.07616791292427
-8.7985069304333
9.02480181252637
46.37172577366649
8.49591317759498
33.42767980474872
12.917799941949845
-0.5980095375846767
-0.0020614462521091974
-3.0986503809639987
0.007627102640690089
-3.0397901971671017
-0.08037915398123321
0.10087164349135032
241.84126310800804
40.887009287586565
34.17435238359357
221.66051558927185
223.84015816956224
288.30433275352414
57.18780231639438
30.260645737855747
1.7782565691042003
20.434264685633178
12.592607070291395
-0.05428886350560882
-0.01229876543119076
-2.6928922167720783e-5
-0.021209357152823308
-0.23578236845984285
-7.212402824189564
-8.697243444091274
-29.664644609682117
-4.816365349009669
-1.388341322946318
2.190132380649296
1.4583791030772637
388.27908612038664
536.3629591097465
102.5552618299219
0.025828605372886414
-1.0553263971924418
-0.0042933415982743355
-7.306251246119076
0.1353483410132622
-4.443325491607728
5.668173761668362e-5
13.308575911071408
11.508730807506762
1.6403106693624097
1.20449545621513
-0.15254338743039783
0.00014594063225623074
-7.513508749410865
-1.164564791455361
-44.81767803648308
0.1641675847793135
0.28303285667905864
0.35240239015692737
-0.9409767209794945
6.962258035638193
83.87101564854254
85.24061277028304
57.77184663363828
136.86088924028465
157.8424350395249
61.69954113685696
317.10753305568926
162.8622515998207
147.9531382912944
294.60248809840346
160.4412387367468
61.03716336432306
79.06917100085745
90.16166197998626
17.96884279469221
2.7611262679066595
32.136611531832585
42.81926833160014
46.701212817632396
20.08543738067283
0.9327000988205657
-4.386818828295634
0.18810226257081422
-5.627723550833522
-1.183543131871905
-11.057171885524646
-8.056269657304927
-4.7004621139768945
-49.78269761517253
-9.803646109144276
-13.649774199928752
-20.970320813522967
-15.031730288512163
-0.11308872753883209
0.37006154874379377
53.125258893878836
68.4234164073505
3.0768298986574507
2.24573674852573e-5
0.4176634073998438
12.710908610244704
0.016462585278641976
0.19295118864518537
-2.070767285523841
-0.9053686493729131
-0.2329818731667532
0.43091369874554397
0.6329413981159951
-0.9824674550028177
40.076625022297556
0.09346135032923657
-13.09679146252454
-0.04671985965213957
0.04991185195785949
-0.38339384513469155
-6.349306402869004
-8.632278615835602
3.9327793129395707
6.555781290769105
31.82586816268102
0.020499919308901476
-0.008050400842956159
0.0745028510818558
1.080889990035487
6.6239813945787205
5.66295738388364
23.30210013254371
3.028913373431064
20.853438054111876
101.85341060723803
-0.23934339760665188
0.7630048305962612
-0.8705022261516213
0.028285536391498216
3.675841735627887
3.1050382509744323
-0.34238273415051096
-0.14085596545274595
85.77366897190076
0.9679068130659791
0.023344454792799448
-0.04637028671309002
2.178367823534415
1.122687957258316
-2.575677448099625
-0.006707627363432611
-0.0032767981729405057
-0.178350105432749
0.12638078379977594
-0.024709059608286434
1.724987681071121
-14.436655772021492
-11.4661481424983
-0.9460768144084785
0.06798192423375028
-0.08778108893783666
-0.16238368658297347
-37.209802389337206
-1.9907580209138578
0.1158241696072747
5.617880467453028
-25.625741860833664
-17.607524785407346
-0.12538346673393178
-20.019383923129677
0.018226984328354977
7.088447275558491
-49.936459716405764
-3.7276924794433195
-45.40786672761234
-0.0018106630884158243
-0.8679867079712091
-5.93661172007867
-0.026167068045192626
-0.6740947484868992
-5.077546782513691
-20.43974074404983
-2.9214991646426562
0.9478295358126573
-1.5910675496020255
-24.16607656334604
-42.795186721737174
-1.7305436882730096
-8.143514248340512
-19.8124920541718
-0.595212940579487
-0.0033538145788125045
-3.573366204703197
41.23155667641812
4.092080761481833
1.120263644533685
0.5519935193961946
29.182226629852636
75.80085493035186
40.88685549642369
-0.1566867652424833
-0.488102018856353
0.0004657957144966977
-3.702058663729279
-1.5652596822527778
3.012327311499525
-0.5679139891989041
-6.565441737217609
0.35614451820171583
94.06122318508721
44.365643621924825
18.727890335517614
65.8520183612808
0.10868774756766658
-3.463276981500113
-31.53736998270736
-28.660297955608772
-2.0617853618571966
0.047711820956795326
-27.487684726909283
-0.05314207601078718
-0.8878132714957082
16.98531843726475
47.87119780338833
4.123894726857736
33.4009198152717
16.34537796088719
8.424495274060853
17.110593964515246
27.06333244779595
104.70205910454257
6.0933106021088514
160.54255374507804
28.0243799605422
-3.3259560121853853
-0.2621255911205612
-0.3802109271461843
-23.457117239359352
-1.1604711785841073
-1.0225625628097397
-1.2746778395065559
-1.3570374523044944
-41.04522909900726
-10.066103691370186
-45.50349400790255
-14.790298365810004
1.7302422533223518
33.764523418451894
12.718996431782445
0.003981455090671519
-9.832864490013705
0.1271071405196909
-6.2934338865491055
-6.38307717101741
-2.999994165204805
0.04989424688192415
0.00041936371224194263
44.37312829047685
165.78861404385643
5.173357053636416
-9.373130378768682
27.62435377092527
11.402997211560532
5.00922359251515
26.90740496958212
91.91826492172997
32.19175776673989
0.006455848638918574
12.05972511023214
-1.6551842232815506
0.5365028479136541
-0.37699157734454974
0.5584952280370141
-14.535000950051286
0.005539818209608433
-71.08971767031552
-9.709123320883135
-9.433936200517213
4.895006180206894
-21.850067109170883
0.0905955607297022
-1.1137088198967163e-5
-1.9219189628485294
-0.3209798527810961
-0.591272102083303
-21.384588272637775
0.07027673688878552
-2.2820447754450677
-0.392206977708837
-13.112058483443088
0.2910891778833368
-6.4237006231291005
-5.911143983326907
-0.01432950683629702
-0.7026725231023977
1.2819496426484316
0.2429402736558437
0.01335297388963846
-1.0561376470366939
-18.01137466542627
0.060094858638767366
2.1302664980146218
-0.9904424188296167
-37.94113087766598
-27.929803604503878
-0.00016218877136602678
-6.464179082369881
-28.666172584906843
-4.556934409685403
-6.098743903213065
-0.033292636226128734
-12.491291498375313
-30.014746015426287
-6.634909057369218
-30.50036259560906
-41.79314987027522
-0.06294154389351161
-0.8227743503246557
-0.029173400426892933
0.014327346160919685
0.13561289987039696
0.02104014754594483
-34.62556630383534
1.2130237315002306
4.772855287818736
-0.001006819152291261
-35.29671881909063
-24.0528906984959
9.452542071360327
-0.04351246765660513
-2.8674241794173025
8.820049249820666
86.7660328132025
19.259038663124027
90.25236803006842
1.0653179218552973
-9.021779735902242e-5
-0.10872709113309194
-0.026406533314410646
1.1042985913995982
-6.7417181610070545
-0.9727984626618938
-31.39609987171989
-5.8585471240272025
0.2714109924829396
14.973398260292917
-6.8979807358251
-1.9387451571610266
-21.892648127429972
-195.91966203675847
-16.426964757048772
-34.843659062971014
-20.35855586800134
-28.006722896406053
1.1011212610412862
0.06212121667614855
-3.995708696333418
-0.12851712278791888
-0.06177738452765172
-3.279945606784513
-35.68853312831986
1.7870406817729032
26.143926289471125
0.05484876897774977
-4.65746800421735
16.920433438423668
59.06453943698755
117.89100169011427
1.511405514957168
0.8622010828925488
-3.4090688038179624
0.7229425357595654
-0.5115025059855254
-0.887133060051172
-17.29474144418807
-0.012911366223681468
2.27847115346454
-0.6849916199081705
3.2609684354988104
11.113440011933545
-0.38112597752857696
1.0220637857621657
0.8936071968199983
-0.04012788237634356
-0.9058790832153223
1.7783487983729325
3.4556696514324448
-9.093289339886843
0.015419710738908148
-2.743544340848634
-1.4213261266443995
-30.9317916448178
-2.265974704650597
-2.116673941193447
-9.59701847580173
-1.415158619678979
1.4455245885903238
-9.619550361435659
4.147101268919259
0.12885904899469158
1.1629422680134618
-0.4967976285435664
-2.014735066028885
-7.262320729530839
0.002850102752031158
-6.9639598232362
-28.51549861280906
0.3959544053154144
-44.916475709663466
-0.14947559802619506
-69.8842738381823
-0.04291086348896778
-0.6738289720507266
16.99337609461162
17.354225301692157
324.56343307202053
85.75772076794006
10.281427252765615
0.5504592157257846
-8.248154526877208
-0.12075733980417676
-0.0008730979645578767
-13.27053596486032
-8.077156276947273
2.083931009191492
-0.08136678406556451
1.8979831965364575
17.521387660367783
5.426755588889397
13.686457759280803
3.0397848582580784
20.666788748315998
52.24817619949283
121.75392752071376
26.587912143465395
-0.14350061030819342
-5.7191120399682065
13.956725806042728
-2.178380696531208
-21.040828253192803
0.30719887893895204
0.056240923147347376
5.907866301537132
38.8535081737954
-5.76732519984203
-15.140647559820554
-4.042642385218121
-21.515726333129425
-1.0025888838873382
0.0028797959758051156
-0.0057683084150120766
59.909924984482934
80.85662813790854
-8.666525250882746
-2.684305683913163
-0.15042229528082787
-2.3761499721456287
-1.1013168319894143e-5
0.013611430132197554
-1.1836607661657306
-0.48221599397665443
-9.903746768421257
-4.935766020014221
-1.803304660806617
2.144747267542554
6.865570272868421
8.752327336842225
0.01856503518978077
0.7169115272256724
5.2054481506143295
-2.8402602286784604
-1.5761688288812847
-15.092652719832575
0.23179869834525274
-27.903379012436567
-1.581217623812709
-2.419186828783569
-4.857859844092088
-0.06474487128783404
-24.512108236275772
-0.24589381941664343
-10.881046244688727
-0.7438692167912269
-2.446768902591588
-0.24700995497766
-1.0295520653311134
-12.230181777210992
-4.266824185624501
-4.846498739614981
-1.3641127100811137
1.1369043928030245
4.145550844848259
1.3571284626486102
2.2157711235464435
0.6305625231246074
7.940687761913442
2.2987846298176535
1.1379988183042524
0.026750946195050467
6.965775081344768
18.749039688327244
52.6817716147941
13.048679331407195
8.371658485984153
17.960479131605076
6.294048567033788
186.48635955500453
2.002918574628011
-7.972851436720508
-4.72474013325953
-12.490827587054799
-8.366814934392984
-0.26085439022049894
-7.984441973994175
1.4547188347886677
-4.882885318347503
-12.285117310135059
-4.668850932126567
-0.4137743336698256
0.23570137539547623
15.977884759177195
3.3022065734005763
47.02941231993155
-2.7179230089104305
-0.02439192584363787
0.048691745005442426
-1.4754250646977984
0.18380009995521918
-19.353076868944655
-50.028591061734005
-6.373128741564924
-0.03374238408626104
-16.81137931734599
17.12222012790673
7.622377572114828
-0.4906543567959168
0.45676161093620243
-6.605449360570799
-24.006860517321048
-20.17617947045357
-20.99185903207907
11.817799769017881
21.079418050019985
-0.37767141495824996
-5.113848873305079
-2.2603203323619745e-5
-0.0890121636371499
-10.709837841227202
-1.5235151371027333
-0.8342189736885337
-51.75896890766035
-14.90396056527707
-10.652716945705661
-0.042072323561016825
-0.1710808951834538
0.45721849964997785
-6.50188258896388e-5
0.13999814029651367
-0.0880746921004599
-1.0059570548629868
-3.6089979573438096
-85.79537031776373
-18.58709792490307
-12.207719251457693
0.26759954927208696
0.5398302211032606
0.6457756091259845
-5.141005642469471
-0.20009566594496966
31.058887018732943
88.75622020199066
54.42486149214464
1.382077614987855
-0.7498356317448186
-0.009923801952004385
0.021033235426376737
-0.00042736614570075776
-1.099473564637109
-36.45722243022801
-2.595052938759816
-31.47519287963433
-41.0739337374489
0.4484347733311569
-4.022606191042278
-0.0650017227205187
4.761539112591617
0.0016189807527211082
-12.377472640193528
0.2596714070468662
29.325246296930306
33.77908183236017
12.552087579763029
14.04520861146272
1.451976738968687
5.086481719665599
0.26996353247013094
-2.0641091121100876
1.2892299047706293
-0.22856349135646972
0.5575114512457097
-0.0029214743770271338
-27.11781764803263
-0.431830821309495
-6.077509849763044
-3.8368105157275614
5.4283517936540514e-5
-0.423725887602601
-50.44625926514547
-7.422922565995394
-0.43455539140898214
-1.4443126129117358
-18.905204417202718
-28.910190943397087
-0.04571603023837535
3.8999079430680963
0.42644730834395944
-0.7118340861308797
-0.029818890258859507
-0.06067216063734657
-35.26549626875572
0.013610321201906219
0.010021228786368614
13.243627889516414
18.686334795566268
-3.2480983373225625
-10.027152812944864
0.48270058992595616
3.4252127494138778
1.082889773412577
62.731676966565324
132.4838530677357
57.23252051341135
4.068722329896079
-1.307455714421165
-8.042626001379212
-3.9431050880681373
-3.282004101992895
-8.160826127494323
-0.48112567617517643
-3.987750083329094
-0.0018357185991455317
62.19352661840204
30.42849426622721
62.74430991360675
19.55175290761439
-0.1529725451523186
15.106597636882194
172.02704170219047
138.86054393727247
-0.17545414511407245
-20.42431313176277
-36.275188553022154
-16.168426063027994
-15.667310005835258
-15.431220153602826
-9.520362188740897
-48.704418104463116
-33.381575860779115
-11.603065810278164
-30.644875648948826
-0.00037214179790402664
-3.7525436352922323
-0.04264853453433331
-22.791695786745663
-16.120873819908596
0.00028980015319760195
-1.61400669379333
-0.24135943591285167
2.507332335436271e-5
4.690733372901485
-0.22112527945082014
17.27892527345877
9.929319118415572
105.79310645621453
389.6827381340625
334.43634991124003
203.18597734219807
2.876649141635641
2.805564033583528
-6.515540060322172
-17.978377752783715
-6.100998028971223
0.00024745188115089724
1.7436367960660586
-0.1478705322531969
0.11682451787659398
-18.304434098075784
-9.943810075886708
-3.1174412569787946
9.991712734963139
23.893869057658694
25.167869383975514
53.37570413683222
1.6598100661741628
-8.332944095924303
9.145211831252976
5.577907487231922
16.161044505206405
0.29031163761337625
-16.776443516822123
-11.620642241367976
-0.15836250436888544
-5.651702370839547
0.6556841969107491
2.551523681052272
-23.28047563169796
-4.390291487678234
59.914706738459195
23.92966956131029
1.1881906999493985
0.06117837123333047
0.1329743549302853
-14.812261899796347
-3.5258870459106624
-0.41718172751635174
0.2619549210551986
14.252811706785478
7.361925596285617
2.9848174421955256
-0.0001116421573649622
-0.010466021379448865
-0.14811021498388316
5.394421898919918
0.001978682664132948
0.0009672597338969291
-0.6763823403140792
-7.523302929979871
-82.19970618406651
-11.805085752359712
-20.367198167709457
2.132870645590446
-3.0708978529236837
-0.9384060390604674
-22.393925408515653
-0.0011686012751545996
-1.5595176424845907
-3.294681538530367
0.1771937575124277
-0.024935252205020443
0.8833226835767587
0.004120406712097452
0.8530589698274116
2.867487106929275
87.86660046992411
29.18963104186782
0.025258441661194776
-1.50997611425647
2.455680872858766
0.8343202349705983
0.02082688654610221
-0.22222847186224026
-10.071798638795277
-14.295099787745437
-0.008766662372832417
-0.07658877363855389
-97.46267876546526
0.16899814915017225
-0.5285186221025604
0.04503895402938207
1.3318379722178058
1.6755891763902941
4.741755223679319
0.0006459442338731646
0.029733233278657345
-1.436555255970576
0.00036585590457995093
-12.05474288707759
-2.8581478759398937
-21.091860659366684
-20.266877679413444
-21.518396603692405
-13.40980150114838
-22.410565561475607
-5.170693764323937
-2.8499668254294432
-33.81112254814147
-28.424213676884932
-0.6775486901746481
-7.735069499837839
-0.003271828960823537
-16.6905312232261
-9.768859852493339
0.41702166708579713
6.699361037009635
0.07707735604873556
3.3310368876247224e-6
2.3395017616451774
1.112798551515527
-0.16544723187153687
-7.924565262425564
-1.7337911245968791
-7.313988655190444
-0.18456912106720838
-10.867136409927175
-16.741398737763085
-125.94648501804073
-3.384464889826621
-5.212792048208336
-3.047195191552735
-3.7820506640859866
-1.1895484023738263
12.239313370319755
3.394782550801246
1.645000560506818
6.838573791181896
-29.03855710166187
-3.947575985434185
-3.62260066743348
0.008523821948238459
0.15814964077800517
-2.1828061998343387
-8.219117093840442
-4.229194289409731
-1.3245361286156665
-16.949925487070875
-0.1311139762827248
-3.5995949434626966
-22.46901491652046
-12.590031207372359
-9.049127090776066
-25.647019656296443
-3.501344801560319e-5
-1.723680658433045
0.16846213277638827
3.7190783836562478
1.2676624343596357
33.42806061805134
65.48652159126306
116.0692607105705
357.29335665185306
318.16237882512763
142.52301040009567
18.026593124194697
0.32864036408589814
31.736451005896765
1.032879805244628
-0.05626654553488032
-0.016340278541353916
2.58054083058954
-1.3051619717808387
-15.44746494830638
-6.11295450234899
-0.6276592122723361
-1.1293292271711528
-6.645155015209181
-3.257101577083774
-0.07509332493609701
-3.4699601518940186
-0.24446193336440822
0.08850930338537971
4.948359124026985
6.128890993444854
125.82755088616453
65.13488507209301
62.74613475933637
2.823471284681032
-1.9131068945935623
2.8771241577534203
17.524169621487378
13.318209518863537
0.2265321863960041
39.02226911999041
4.324442577821638
0.2594015904150378
63.917561617756625
-0.9983889342699455
0.24426437928389277
0.000829260143123192
17.93703173588815
57.94274691307116
0.015562041905136208
-1.1671809998673457
-156.6457925933717
-23.89693410098075
2.476796599540546e-5
-2.142238643260097
-65.29627910873789
-29.003893320498193
-0.014620905913117349
-0.05537598099262306
5.298906032253818
3.7847830379695626
-0.19821945245105166
-0.015793857484318184
-18.70207871555616
-0.9406819784096192
-5.313695532880369
-71.2502696496447
-2.1065951142905
-9.138499331634742
0.19113098822846303
-8.796734228459055
0.017320671895329005
-0.001959174598210171
9.577750683318541
103.5582645383964
5.86829718508617
-3.934840424860401
-23.988619331639214
56.23045436472342
21.3509896992696
-0.02315300313346929
12.709263530540788
0.0015791992782553965
0.0003710286564340501
0.041362113798354826
45.59514515478751
93.3423487754342
261.1310754902579
381.8627079950638
87.62926486637349
73.54811359523565
7.117293164442556
8.954037400337981
-0.74010274095581
-12.633831920555215
2.6283611675485665
0.720495221751446
-0.0003179823623510901
1.543305534491634
-0.0021604779390681315
-7.078694649123321
-1.5349744959073988
-64.17588246260829
-0.03838678321760205
-99.32302510372453
-11.089917949172367
-0.43434436502561363
-4.116139832177815
-0.22209439893325028
-15.949520399259562
-1.0740506290799876
-43.31050586715369
2.741762017462689
12.162831366935771
15.386037961671084
9.733516230405263
-13.979954438972316
1.1329476539244864e-6
6.573200877656273
0.033950749488145505
251.5199167723431
135.17118750055664
111.06949034259733
4.596572156399732
4.592369751848754
8.173849666995805
24.571153719374365
3.327646561542586
-0.13297291783798634
-5.903558939661899
-0.913015411361304
2.289905631084043
-33.577987580833074
-20.97959255891477
-19.272126326524948
-0.6948581216269127
-9.802698570320114
-0.006996209299934018
3.9017420110433205
-0.0007775190549110414
2.4498509274002815
-2.895490044422808
-0.28487781616065916
-4.791601867593548
0.09083429358506649
-1.586046727078354
24.789295542014585
-2.1048750651601056
-0.013231503102473726
0.010732323530736432
-0.40506556702836777
0.4343843148766351
59.7841118405819
86.55137106840753
8.574870089692922
4.105904273815629
0.0003757405520490595
-0.00578977793726007
69.44804568954525
0.35770593231351316
-0.6689562203079312
-18.899360137669603
-1.7276462063084284
-33.93638234914243
-0.10888898908548425
11.892206764936311
-1.2506722038281848e-6
-9.241878374755148
0.04253383842642097
-7.82108803556613
0.00771519837514779
-0.2489282673707296
-0.02312810773848378
13.978120977380316
-5.575203107668582
0.8393812393286562
7.284453959149915e-5
-72.55966645389861
-1.5070604346877237
-9.736941192273445
-3.895687381522364
-10.43434717360278
-27.237701333815348
-0.4536890547504758
-3.265436820997707
-0.03641717587498804
-0.3581330803329229
-15.608774716184437
-4.709719027507608
-0.12258808861233376
-0.01676140364531672
-9.520992246732645
-12.176418793558842
-27.642929907536857
-9.32921058963521
0.0007325873444921789
0.5032160848706465
-0.1636134598127175
-0.3132420190095156
-6.52445535979597
-61.95928980272718
-10.047709549365075
-13.197489910891061
-2.5206579218651948
0.01706109182535982
0.2500714436312408
-0.0014581650828171132
-6.127972879575288
-0.002967206079145501
28.997704763859076
19.450966441016966
-0.0006443445021933123
-3.6499197686753
0.08777860371549535
-40.03622702018685
-2.1335194035968224
-0.1335897952537388
-0.1568337644221291
3.739930451402033
3.4262605088563416
-14.288235659003968
-12.243353967894265
-2.4320251139918394
-13.904250198784132
-4.591407812557851
2.706064163931846
0.01895991845304989
11.960554093170478
8.239772561159024
4.600155311472008
-0.271324213549781
-0.18571356656759025
-4.739813318973855
-1.5676218848715038
-1.0199771655726066
-1.6777158017393787
0.14370623150328665
0.014106678749564838
0.12414248935845942
-6.275673789545037e-5
-1.159889610918482
-65.57670397288294
-1.5020492749520367
-0.12048220188041163
-10.615250555892244
-8.36356845104829
0.0022186206707030622
0.008031684744217688
-29.113771496338078
-38.350388430773265
-5.197348572301291
7.609659589791716
15.924445942998041
-17.13894320220984
-59.22814600982643
-0.4866980099021121
0.010739168060795211
1.7315019341681595
0.05171540466469957
-0.44522191593142096
-22.315483529915472
-11.708943023549097
-51.44469700780793
-1.705164889362312
8.03326919733741
0.0014249280449265555
-0.10376917816477375
-12.377264179045369
-10.715596935516608
0.016235716534778705
-0.27570847619409933
1.312311494884017
0.011046740678665307
-9.00892094783878
-5.337925315925642
-60.11308632433342
-9.748532158807185
-76.36704797592184
-29.318437157444734
3.834589593238661
-0.4258284578501972
-12.283234763658422
33.87228213625986
-7.9570690529757595
-0.002574624785323511
-23.30577063037914
-1.8153428468095427
-7.14476735233236
1.830021717603603
0.004470745987613276
4.229794545914758
4.546454882205479
4.598134533139166
3.944839660561526
4.800395464298571
16.043761787877195
-5.062438485589782e-6
-0.7039298493522463
-0.05605438774047142
-0.010391956538146565
-42.53949206520799
1.5904854445926973
0.15342286814764466
-0.6154366541429028
-0.043787681869058466
13.637743796726193
1.5689269348489148
0.03926991859059472
-29.622268020808914
-2.905018507111627
-0.6717123913597858
-15.055566836033673
-5.741595176825301e-7
0.044789633581679554
4.197178748109946
77.70949969147094
-0.2567416724038469
-2.0896593210204277
0.03028731868296104
-9.442869047086107
3.885298830146815
-1.4509882479498386
-6.376720396538517
-45.270737628311615
-10.21822402522944
-0.057528517335094655
-34.03517101731113
-18.34341932549579
0.019971481354642943
0.5707082894586155
-9.541453672612136
-6.1947536228575615
0.15852676180158018
-0.46834679619534436
-17.508059018365028
-17.82020278646883
0.23282977257777654
-0.06915004829715157
40.38881912323693
-8.295790595261453
-0.8937058531550234
-41.64063805446109
-10.278970006599824
-0.9576768611674407
-18.564875548572832
-26.704817955815734
-1.8270206637706117
1.7312609371088786e-7
0.6262078277153197
-13.414983879884133
-0.0014170954096938003
0.009845792983254754
-1.284368857854821
7.6355899721508775
81.7919815401136
76.01944197736938
42.09261710551112
81.52604343952497
82.46346435803984
118.1183273150636
8.71989898465613
79.90252175478732
-4.229192042794709
-0.051710194307622574
-3.792036346823221e-5
0.32215938865630006
2.924487293371412
194.76497586197607
154.21552944510006
212.04111088666667
246.29732204959794
350.0636369132105
517.9141168673464
61.61975314887869
17.855372255672496
25.81153797694523
1.830791608646013
-0.0003736430169855955
9.201921607487337
0.0032610939729580085
0.00044113957331762786
-55.93827921977316
-0.5590941742076287
1.4677034956450803
95.88870613725483
146.97211440233423
11.282969441879578
-0.23468782761700602
1.898641340862996e-5
0.09382845478876108
-19.358382531156543
-1.326617032114762
0.005197588100972448
10.237716765115248
0.008169398720020279
0.00018328535178317121
-28.28207720496195
-0.00097494287953439
-21.96836048173783
0.16063708208728752
-0.31052326586814083
-11.89457276531932
-21.0181719689654
-6.8658860313692935
0.0005575698971753626
4.723355330197365
1.1490632776308272
-10.270792127359087
-8.726495413478926
128.5535793504849
4.026510874410099
0.02980605281642904
-1.7968653488335764
4.072245598887621
0.0002997167271410113
19.36776919226248
12.19138580208493
137.88316980448977
62.330446346261304
12.498542422919597
43.397309337172224
5.830641619377943
0.7847411187005084
1.1362644626975744
-28.112545494454494
-29.153741898790457
-0.044074579605332245
0.04984437563478375
6.864587302984328e-7
-5.815552577333118e-7
4.451094191387167
-0.9093523459255953
1.0709098596364344
0.004126538832371542
-0.01669703785069564
-1.4645133989281507
-30.070125543632987
-5.245726068914458
-19.963627676255395
15.772908900739576
-0.01911592332640809
-6.524436411428195
-0.17802760141061758
0.2769121258528299
-0.11068641263037667
-1.6021329038353969
-2.681206953713686
0.0010396134745472836
-1.3105447751268684
-5.411498082830659
-14.282347082856552
0.8429231077777196
2.0567133272557727e-8
-50.75888267356272
-7.324493916474586
0.048259060947594586
-2.8492809567491135
0.06668419756365306
-3.3332822079811684
-2.790490919980964
0.22839483373869673
-2.5499708584723404
0.11316072418472854
-0.057608204295366394
21.70781429010837
1.331853199129997
1.392536929205914
-0.4334118630460996
5.858887693064757
1.0273074586626632
-44.00162721504512
-9.279686402098312
-54.618242517970565
-25.67314942407795
-19.713778013635803
-2.180276958914976
0.03729822742752123
-0.06922665732746926
2.0981896493688197
-10.882446064185485
-0.13024970186846158
-5.720777059467691
5.295603257151398
0.8328391124731185
-0.0005308127723984957
0.7361215656939648
1.0249462391385298
0.3007180821224545
39.663544639304185
-7.225876241363153
-3.371699279452197
-1.1185920969289662
-16.278905233348873
-0.30219433062919493
185.94627970129292
14.934932467918646
1.1355155505776477
1.5060244849362703
-0.7239801454027648
5.807202446358668
-7.497221388555485
-0.6994737993023898
0.18159406477335618
2.9240347616816895
0.0029632746424454446
-6.6404520999263115
-1.7459700683971722
-0.7177521509981221
-6.587026521700262
-0.7580451211288854
-1.8691203024819096
0.529927291222709
-15.732819144526035
-151.23457033716946
-8.2763356537305
9.098327763012927
-0.047813850456672934
20.97213170354247
-0.002915138192961882
-7.42278405349018
-8.806336926836227
5.118947614434048
-6.072523772612541
-8.92080785572048
-4.732406883950812
-1.0681401698769564
-2.9255756857157387
-3.0386162108534673
-14.642722578269478
-53.18802107366461
-41.41085378102051
-43.03120124106541
-30.950997327559158
-2.863766280231376
-32.18973068854157
-0.016371647467430236
8.55233001322877
-0.924512491899005
-10.90186751720102
-10.486975115286235
-34.68946790737227
-1.5037549887791422
-0.5393151070867711
-4.310288782138152
-27.4721796745447
-4.286075611617461
1.8950173112523554
0.6579309850659192
-0.0030291854694719598
-0.02874321103146826
-36.958962198871326
-0.09746743324154927
0.7941138856948766
-0.5093489782164683
2.446253558907953
1.911698452563587
0.38059186330087846
3.575327205229633
4.749430135827198
6.803767029444774
-25.394908009353035
-49.272373970226774
0.051679289055693425
-2.0105180235845475
0.0018255350556535552
0.46554105940933327
1.7066857242925908
1.6806225330603413
0.403112038830216
-5.2939097926926255
-0.348449704385922
-2.7154340472917835
8.510015807800707
4.154901372400024
-10.575588501019562
-14.709792396793056
0.005393139067430278
12.883622372127858
0.41260996220428975
-0.1726268946091949
-0.0006833926791162273
5.794502106774997
11.057959262835128
125.68672058030972
73.9393806646606
115.32471487195166
349.18964456526595
59.81120119668641
52.07403888299996
-0.00694207193666537
0.33864632603433287
-38.17505079154175
-13.817462077633465
-20.03140738789735
-0.16018346567979944
-3.7972263719682258
-2.646012687616862
0.004302218904990236
6.75021098423593
-0.0013284762713437165
2.6058753839455326e-5
1.804704417232004
-18.75785767337859
-29.215594649062723
-19.60540446170867
-1.6979766273782844
-0.001186619095739613
22.93962215320039
0.8828282513247695
-39.98961576113405
-33.145569111529966
-28.195076335129613
-50.52029753425602
-21.180122613725768
0.02147073415742808
-0.6153700348929876
-0.17898963004569587
-2.8324039132558974
0.2332137332619668
-2.8047220871065988
-0.04650065833991779
-0.02071684674268172
-0.2522755608979783
-0.4983114904645203
-10.183317593780657
10.866583842699363
0.11868938107863442
-15.166584406657853
10.769118787047349
14.66232754010903
-0.1260039101377075
-22.258719038082706
-0.40661874507032564
-12.726326477578814
-2.1340371317743925
0.001638268872127235
-1.1781212772479346
-0.46289855798218066
-3.6683538626177357
0.7993585876786574
37.11005661536233
-1.2583067265571248
-2.0137289826654996
-12.053169642213739
-1.4436951558188262
-2.7509940153094465
-0.04991806995591871
9.233163863428329
-2.4525393783293534
16.352396106304433
3.6580672729727097
43.62411761765544
31.92467188538759
82.5917591076153
0.026359517929753152
-5.37712450387681
-0.11376439307962308
5.968743572590985
-0.07544502882456267
-1.0861660428554119
-0.3091533024752187
3.3834168679591388
24.866494962797482
19.315243188676487
19.5236127321701
1.3530091019203252
-5.5327366681878
0.19150510293255898
21.98291423842715
3.7491080286764213
0.21835828442612118
1.2333152395198441
-3.650627511302966
-2.202078594154697
0.009176466055551826
0.15620737459084666
-0.31812961589598837
0.14638637670027202
2.0220559802817712
4.475486267624865
21.1537438545067
-0.1819615049561997
-8.388820738724549
-1.7313036349756128
-1.7049340801422865
-2.50076281684813
0.021715322681458794
-8.781222494232615
-2.5590020026535227
5.2658175396118
4.982059446894272
2.5096756252120827
-4.222958944596564
2.211139396792094
-0.29104592588334427
4.824075879836284
7.257744932024329
0.8080750823048918
0.26838518873213085
1.2341914999474793e-5
0.0008455905485994235
-40.53494274157967
0.004231244834106357
6.548507515545743
3.667415825524398
