1.553054296529408
0.05351205891364807
0.0003974487500399148
-0.5908022758281221
3.5642121083957194
3.135438869550301e-5
0.019051757555070353
72.34466681593857
-0.03811577552897971
-0.7581418195693725
-0.028615182050761457
-0.5445471389742266
-14.065983523527729
0.012318668533152617
165.2806742012324
-0.7291249460353711
190.41634876534297
-16.479552652836414
6.166971266814153
-17.960846270572528
-5.973129248190752
0.1746616833732275
-37.62019379537288
-13.922578100854512
0.39037357235056214
1.3659852301357271
-11.467228908986472
7.639127724386903
-5.091201715119546
-3.6425285786360937
-38.06774631110314
17.16234399317757
-0.5313139992689215
-0.16742361493281405
0.5721332981566928
-12.096338187504399
59.819256970040534
-29.112568484138677
-0.9538901393673518
-0.5656019164919653
-38.69317242167233
16.970131131048568
-9.474507189746266
0.00014697064827533048
-0.05142035186213509
0.2758715399406992
0.15060624448152524
-0.0009858017379199174
0.01849164744649046
-2.1502912480516647
0.0034569941898125907
-0.0017896972054810077
4.05438441193034
-0.4805093655397612
-1.7548099160757682
-1.1531632335015265
0.0004317361237083441
5.712729456449127
-0.0012353273389205353
0.03107213501912494
1.8000539022132835
-0.8589188319371791
-13.276544367975381
-0.43144135780508797
-0.5684366903586914
-5.386381190967062
30.291081576200668
5.064132686872444
19.25722815395598
-2.5288367481672973e-5
-49.38956720548916
-8.12375440730517
-6.8050089452914735
25.118521282811717
-10.389615707890279
-0.004081278778631169
-0.32399557820721325
-0.23961633963594578
-13.411555362884183
-3.8287918514273587
-4.509802563642123
9.112903995364443
-1.3509750442108626
35.84584560839102
-7.118602493938425
-0.6464694605370471
34.58238017827979
-1.3712612610177952
-3.191252721895573
3.1540885479976675
-0.34757563716775924
0.04581076748688057
-1.6200650120839246
1.044252595567172
250.98016486652773
1.088179084758883
-14.192028254746097
0.0015871227287551047
0.017137531893334293
-0.0038293679014935063
-0.010251938528570197
2.0125869086924064
-0.006773796906552367
-0.9923085896793146
14.81667417595034
32.851818151798724
-0.030824044605085914
-15.345081653822826
-33.26217482834266
0.34337252939720075
6.433208534732408
-31.37969642237407
-0.8415700679120945
-9.157893201528255
-5.685065987226714
-0.14687934539419986
6.547095154804049
-6.323694727830149
41.889209434854266
-3.8806478128183253
29.760029715635994
4.109885267601987
5.7611331959930885
-90.849047271083
0.5012868684422165
0.07703178018952041
0.05556214598483837
15.706968112032328
0.022353535300265397
0.05730315355517857
0.020019628000769868
-1.084116395495197
16.61961734101448
-0.3860643758173863
22.30205585370003
-8.864245699938133e-8
14.533695348629214
4.221458121787558
37.45785498540878
8.935075722742113
-0.2502794650157752
0.7309083985360968
-2.0245026515731306
4.237694826154466
-5.32697115721556
-0.11340837696143626
41.50869066339498
130.7234841444205
-17.313839513491306
153.13762691878097
2.2607423211806768
-16.296271377447706
-5.199799641548622
-4.810910976238196
4.7666401211426646
-45.19358449000712
-0.04949498289773177
-2.745825968731548
-1.3391946691463839
-10.759437079250334
-0.06296439971716916
4.657412680095879
1.554198433900282
-0.2585596835165798
-6.497898792935872
-0.0780285773645679
-0.8604310119893225
13.823548396075823
-2.004751554847897
216.05072112337135
11.35858114547041
-35.30004465836115
-0.26548305890722296
-4.7086983185478335
-85.11566503623091
-0.2212344624128593
-0.020563748064426728
4.453849734405409
-9.221407290443853
-0.0008056816900950583
0.17260808824176643
4.789280594672806
-11.793741334365288
4.034475259005636
1.2714281428672825
45.8080023117222
-10.902860480064453
-8.857151898901368
2.0516108771862593
-39.53006782414678
-0.5759167899472086
13.198812348345832
-3.1757307275309836
-1.1607303474554567
67.21036367366924
-33.70441805184572
2.1596188542205543
0.041071846583596576
16.937609554580675
0.9477355774202328
-0.6596188028818397
-100.90246392568513
41.50409555502792
-1.6659284707924578
16.79542405591844
15.440609732778661
3.4304310435238556
13.61034307451795
0.37302176637505946
-5.128074741241148
20.758034889382913
4.063348092452042
8.545450084533742
17.189647618091207
3.982749941248936
-1.1132709698126435
24.038510081243484
-0.25380969812587817
0.10806037537298872
-20.01311410743166
-0.02039238521947368
0.68496518377529
15.097724656771586
-0.44730684503735574
-0.6671888968241882
-5.494564337157705
-0.6109636090298972
-2.9751029934820137
-23.85695489288293
28.157819540186924
-1.526855246485811
3.307911665302882
1.4306548186848385
24.066745387196836
-0.20830043616837324
-0.04980922715369456
16.90474880640602
-7.5712310337190445
-0.08270307810748298
-10.73284620364394
3.4681915335278264
0.06910157038975887
-0.06926085957408461
-2.4600708773804905
250.36401641840826
67.62990527320589
-0.6805337305283573
22.478489226355045
-3.4784634748680725
-2.665772334010553
5.697353570210071
-4.240587768557574
-4.565899514563695
0.1189769237119641
-4.032917653290712
0.08620494759183873
-1.3822764850869158
-49.25524225432877
3.360727519017249
0.000501044570851534
0.4576919365982114
0.0019908122880361433
-15.415951514865348
-1.1730692565409186
-0.0907859125705143
-0.2767625380424923
-4.547187772193638
-2.107165194259677
0.17869553973808622
-3.335593687169453
32.925402859591486
2.066166416087706e-6
2.7870127304323957
0.9861994900259501
-2.511758672676655
-30.857467503096704
-0.057953371657482926
0.012198338905682863
6.257951094100573
-0.00172062361625507
15.005899250780471
-6.335886538582262
-2.4541180332225
-0.6128276227746867
45.10578793013071
-3.885081080752668
0.772063911767277
-1.3015379496905992
-8.105897534855595
0.001024814803523832
-13.286174944667664
-0.07306250167411187
5.797163231942468e-5
-26.940435960992403
7.186103984358939
-0.35892385779166874
-0.38002212114458467
17.028515301020132
-5.882203222089247
-0.02371070630910148
0.008084109914554067
32.999650623463666
0.035912329702105915
-0.17918286609399267
0.0009212344591683004
-0.010858160154302432
-1.8009716569758336
0.05921408162962459
0.028712083232617095
-1.6562608270864199
0.11270410018251777
0.5048691585592203
27.589342429984885
0.40092707089233104
-0.4163059992523539
-2.0500879930026756
-0.5529336248459125
2.6131863596542
44.79258372886545
0.06358627032781443
17.282778569462025
30.875297125613823
0.8519180053017275
0.5177951710334937
-23.715048807381827
0.0027207619960059317
8.931743360909454
319.7711879177733
-5.224362465977253
2.0034583892741096
1.4358330697993233
-0.1531596029249041
0.45198216965977
-2.2991281297905597
-0.8994028783487629
-25.65558795909877
-0.048226755896013475
-0.023149366936312265
0.15362428996467262
0.010490829219367575
66.25106179184526
1.7796537243447443
0.9121849858256826
0.10706838327154365
0.00036365902023040287
-38.24834281659368
4.117287046149837
8.292975245192952
3.8271081085932415
-0.28092384556387884
-0.017782942024396273
-19.72988986143296
1.912445625690342
50.721591190950356
-0.8858127348532726
-19.84568829949908
-6.490742359738089
-0.020655407170215218
-1.4246942502412907
1.0134392244678738
-0.095422298733529
195.29677952954057
-0.7455548495188423
-0.6465288143046165
1.132252316073737
-0.7245791749801881
55.353470215531665
-0.02277100019981438
-0.0002865875926614071
-0.3256744732638605
0.052688837655619034
47.14685532601326
2.0995149499475008
-6.693071575189675
27.35407079860301
6.586516330396556
0.0002368622565405702
22.914038820553593
0.004717071879826016
-0.00017155732726479819
6.567036245068956
-0.333808311324296
-32.98684753911998
-11.690800946040635
-4.808249816820076
-7.393872176999261
0.07275508283830211
-9.547953288814895
-37.114266577215474
-0.029086002204009306
-0.8376395486405707
1.5456062002915998
-31.37749466178549
-4.898683528004102
-25.87180945735297
-21.01797511433657
-3.2216958473666657
2.606626321420268
14.140660836219823
-0.1039209164688948
-0.09842990273719872
8.449781675978558
-17.35949001792741
-35.40229511530664
-0.9316629875588294
0.5721310718288242
-0.4000436680861092
-67.33963914420266
-0.04361868135339245
-0.11280553534626529
14.045510286150458
-2.2839325549765843
-0.10948582518503318
-0.00034403845483851013
-14.253619886442172
3.072890324769103
0.4413349506056703
-0.7261828901137439
0.060891716234285305
-0.0018944278371815638
16.6978055149717
30.012630455251493
-25.808242560985963
-0.9095582547165719
-0.0015329038927072546
58.12832564056196
-0.015486582859031945
-6.650335946500627
0.6318237854846173
-0.005176720131084571
-2.065192508847175
74.68896809726849
-7.695757359679065
0.000414543654478494
0.06914443747195277
0.055299367947198634
94.52414205347074
2.2195343124782023
0.617650256919512
49.63193719248617
12.099615281844962
-13.50732294167823
-5.5672331082609725
6.16348024404382
-20.74086946735756
4.379220297232874
13.445254237244884
1.770310349034776
-0.001955315987473082
-0.502528275668885
0.9810782741356544
-1.3066358975465457
0.5000843986513542
14.954028280559827
-14.00002956934229
-2.48817208197929
-1.5519040442205358
461.29772912978905
-4.701936680430583
-16.708457991958465
306.026499500375
2.706551440760114
0.04979676184889117
-2.3700444975199284
-0.5879763038204204
-0.015582143304960805
0.06147504049987796
0.6035871527867903
-36.542267186390404
-55.696871435968625
77.56865597858081
-0.18588937624001015
-0.006587220900245269
0.23603560430816725
-0.10336140819938543
-0.4507325581272262
0.8386820513181448
-16.221104200692324
-18.88305270522171
-1.264551730935449
-2.013154158386241
11.051753791851466
0.00012579346177973386
-7.315148094167796
-2.3073243703387827
28.956760860193295
0.0009012072922059524
-7.392355518900805
-29.02247485278019
21.04540350273126
-0.3560155138621748
36.48468137291456
-0.5884074345392598
-6.468382327588009
1.0216797150470394
0.9529772845515192
-1.80320264099381
-0.5941728814082518
2.7424025065027176e-6
-0.5839308159803621
-2.938125178877617
43.06052569581551
-7.852326544223161
0.0008592175080415265
11.99495996183389
0.0033584688482292883
-0.5602456479817038
0.055251030517799976
-0.5812747967484564
0.19993842546412804
3.1263266541981656
283.07034164816815
-0.1301231381115723
-60.135178237954825
0.4372010068357298
-5.908703938279148
-4.740914702522013
-4.768350203399678
-0.03833676843362602
6.316664387296387
-0.009978333879570192
0.004227550563868526
-81.0329173990327
-8.509505904606087
5.1174614580252685e-5
-9.836645150556711
0.0007829555252656872
-8.176983038869228
-0.09914006899976677
-0.24209042904228165
-24.855521239768695
92.35701426070108
-7.331545287559304
10.202137954409574
-5.810025779116131
-2.8539882804646632
-13.551286143924251
-10.234190311195654
14.556950924047534
-1.687742601275305
-0.09896590943272046
0.0004605218333631909
-18.799455351366532
0.10045059254976131
-20.422978114760053
-0.5283879927683782
-0.15854257424532123
90.91893626419026
0.3718149760014393
-0.2429225316846928
-0.19737962570819853
0.00010038402059913646
-0.001632826810196042
-0.09311429499963254
0.3082171689034202
0.05460472027875518
-0.013607857044041364
-14.327150128665732
0.41804576035998725
-6.311096279684309
2.8825430745740004
15.371722599126436
-1.5648033629250797
35.965000928940015
-0.8639644307712385
2.2426342670850534
-0.37088357954784307
0.010898073647281556
15.564250659842946
0.3795575561751433
4.476412633820904
0.09951692351772515
0.6173243538280572
0.003771642670517557
-36.344798422072586
-5.678911131610898
2.5031036605829478
-2.276547143884954
2.009430998233642
-39.786546289279464
-0.21123061891871006
11.039643067645956
65.20405528474599
12.42322528201247
1.359257140046555e-5
-0.4160427046506666
-3.287628040480333
29.54045370286889
-0.6603429018862885
3.5850970613139546
-40.46137800476411
-4.043326324035064
-4.870285042041476
-6.593551152909961
-0.1205756716146419
30.47203265948062
8.13660194332456
-2.5626195014905058
2.1406779374993676
-0.07778353258288574
-8.564107571827238
-0.0018632350613806694
0.8112212987582842
0.04579989195900824
-25.02103763748266
-10.613789308207307
-7.596521236108082
-53.831262718078335
1.1111233351665115
-4.584775081727653
-24.515612603681156
-1.0364027506006497
-0.0013935772193412652
0.6572846830810924
0.0011923706895075339
-0.1987659557566355
-9.573910302815758
0.011872184288979994
-0.748065199901502
-6.023016699398291
25.908065418993782
0.005058615427383005
-4.29300589738405
6.17594184847603
-7.169283974414784
28.812171152140234
-0.797490430808423
-0.09704234679233943
2.005114533667684
3.3961127733487664
132.8504293711976
19.207159328124348
-7.250429341008842
-0.007100292659885514
4.474882745001168
6.60865630024821
-4.913444854767438
0.7448740010960085
-1.6422122324741386
80.68440978774214
-14.301303642042926
3.3079511447339414
-0.6533153534065397
-103.91138352510617
-0.5140740687635987
-12.49105009266282
9.199663756532216
-13.92844433888123
0.9973188287202148
-10.149757497312086
-3.640089206372225
0.008958724771290841
-0.5866560857428581
-18.65295810130289
-6.15590457697534
-8.370084032073482
11.919595260458957
-1.7659856608326616
-0.5998287873199474
-3.3455082704818317
-25.738217531932836
23.48304086198922
-0.21161164588731685
-6.975828950501816
-31.41059450420441
0.01379142811919321
-6.40248860189577
-1.1504815288760368
27.4155258734287
0.18479730236908662
-0.12540937941287103
-0.018976754412224683
-29.47312809838448
-5.687144616193267e-5
0.13021013720347813
-0.47194279424250035
65.71625604044401
0.011318049962936458
0.39909453081569557
-1.6876259455460745
-1.530279612286698
33.50985216730696
-0.45354339747877714
-0.25928057886513567
-3.140201413255416
-0.01894487658569519
-3.3725201136263303
0.22504533323822545
-36.96393876903722
0.022359640880791776
-4.542106314270657
-0.7108972614715686
0.03611661569774329
0.022298608786932163
-0.003574233552324833
18.931519073463118
-1.7507735520468186
0.41448594911385633
-13.781619243629615
-45.68674520557603
-3.7951373617806454
0.03686585307276898
-0.24818306923570035
-0.062461142538124084
6.463530323655768
5.017335786142065
-3.654218169601645
9.511021592072556
-5.765932039152359
-0.9283347065543386
1.1936812792465943
0.5181812687569862
0.04989929666352632
111.7843604332069
2.461798015284946
3.605814661753041
0.007525563109215583
1.6103905840315487
-2.3095670505440604
0.005513894289734917
-0.0404637554044684
-0.423891721844817
0.0096075500588098
1.1663331308885097
-36.71002055982083
-0.32975285138363497
1.781171783611564
1.3152742056085738
0.18260066952868131
9.916498622762427
-0.059025907934317216
-7.9676116820291885
-22.610879361104868
46.095147605164385
0.14001317018963674
0.008653412761017963
-0.03392532705208678
16.077100797159567
0.6465187822991701
-7.746270305181412
-1.6860441397078307
0.757601546456587
14.839332885299267
-2.2895583940390885
-0.24073931564649365
136.05397917617745
-4.60002083699092
0.7045465198276508
-0.40097871711485883
103.97373956099732
-2.4844735512125222
-1.7683037810390443
8.257438616553499
-0.8463491221194986
0.013435286273514794
15.883826022871597
2.96462382707557
0.0007225931969819025
1.3382726917612855
43.02070946307914
-19.59990328184605
9.212176884903881
10.76344698539195
1.0492133103636594
-0.0025018150396331888
1.29485675752997
1.780776760456046
-0.8475353509992946
-29.29768070161081
-16.068050084376054
-0.3212515530747506
-0.7697208649652044
10.767681820681794
-97.4441133139947
5.648875849359525
48.99690561744091
0.26677137212278923
5.8827448099422215
-16.32574402676384
-0.15731382531167876
-61.5431747121333
-20.60616157772514
-1.8532739156951163
-3.692860020336943
-2.9262056110438777
-44.08160753808021
3.5626760425465904
-2.1601138052051656
-0.030887742145311186
-46.21370698113476
-2.1265639580400375
0.0014532630204154207
-10.301629824865346
-1.473798711354869
-1.1309298948728566
-0.5706969824933995
7.184384781188203
30.279117476778804
4.7175499808669805
-5.027471938145816
0.013919374776890314
8.321167084317175
2.500630969930217
7.5692905082046
-0.6889908475171229
0.00010754182991345238
-0.24060729117364674
-0.0010414975385085305
-0.0039933602702734525
0.0048810332032198445
-1.101234111283519e-6
-8.943547106596375
-0.2153190762469289
-7.494895028561121
11.34695770201245
0.698020855372518
36.693363643019964
-16.4015387975255
-0.00017742034677819708
-4.377280095874743
7.228799814292436
11.494081672714769
-52.954613654629334
-10.407574930995263
12.536046888040925
52.75837576749996
-0.11947169531710711
0.010232200607015305
-18.350267335302448
0.37311024521696845
-3.1087063512038746
-2.0879407347039183
-10.083078124910058
-9.377624237176034
-0.768273636410385
0.09860173789907033
-22.9030018053079
22.55755133598972
2.1836542134000214
1.8650294867576334
-0.7491682087513787
-0.240096663300547
20.939456535444926
0.13984761992094863
208.6087300944869
-0.04383122252096921
0.006632689432699859
1.1659476233498676
-2.12840214631688
-17.23944356564796
-25.60009205577047
-11.478700479753488
-0.2112219361648482
4.906458683554956
-3.598667933534385
-23.357715360584958
-0.5945629436602526
14.100203944340736
54.03588431492568
-0.04243324025901911
-10.055408033375814
5.887722298666502
3.988787579836935
-55.48745075122662
-1.9371945143201346
4.6856528253133956
0.0035007140181318916
-2.761801849782559
0.001692746530657269
3.999316640794837
-10.053536798396747
-0.011126905376366904
-0.4140934863636095
3.1659611799456853
9.232233965126615e-7
31.79504472447371
12.635471425656412
16.982044029541385
-72.12821770936324
0.19462896479036784
-54.80622012321097
-18.86560695904583
-0.06073501687750853
-1.1896501462543825
1.1865256647582678
9.256748483289968
-1.4714556271944237
-3.920354331276409
-4.52409072398422
-3.2934073595857507
2.5549124187437378
0.02134443846321219
0.015042449136741024
2.8836447935833305
0.1325931575605909
-1.1941625804057974
100.84682003061063
-0.022166067375129096
-1.4757610449048582
-2.4005885852974584
0.24715803175570644
0.030773625522779204
85.29397482370818
-3.1576998699965793
-0.3732049483038936
-7.390178330895261e-5
-3.9994968670313926
17.20869702140904
-0.011975180614763721
61.315106851716486
0.8948825727791628
-22.080139665282303
-1.460859579946204
-25.600107427221914
-9.189597558485069
-2.1782706077483294
-5.147226339692585
-49.271531468748336
-5.0725474276526255
1.1971216758156353
4.949343999090667
0.1056689353546979
-23.590617134277714
-0.09977007870256195
-7.119490035447787
5.577715156250085
0.0018839896864553782
-3.5904228443004444
-2.0817734635690113
-1.0200883301629147
-25.50580376901755
1.5989350187984734
0.08408246260971089
-0.013701319927341105
0.04564605417657249
0.24125418661996928
0.027442756213677963
9.668485885835521
-4.093015841407257
-0.0010877131944088065
-0.0690866046848866
-18.965306966776485
-0.019017754247222688
-6.288443224239631
-0.6986763817869727
6.766995168542948
-11.71554946286928
-0.07884151696243452
-0.015405022504572782
-0.44067186774498734
3.7533983575721606
0.17613161211547837
0.7095068463910856
20.593706897419434
-6.337047832042722
-0.00013529322625828485
-2.975089203727948
-1.4921010440629467
0.14936047778318573
37.92557037585351
39.821456856096916
27.52224625745582
0.9502069304054712
0.17626850643809047
16.37546666380361
-0.00013821571995191638
6.580650806782967
16.29997379766496
-0.00891665397511973
-0.8583809702859787
-2.5145637468306368
-2.487843271984302
-0.7973616280988451
0.5484843146658113
-7.093938027607023
-2.669772076846733
63.21795508765208
-25.422976536745395
-0.04333016712492335
-0.00044118154912111193
-0.01871171680507993
-17.85752467754169
-2.352945931391769
-0.6403400192942601
-0.9153984408636816
0.0011199929524618774
17.374418235129905
-2.307766536166778
-2.6686885698179896
2.9052661943557414
-0.065478698537099
-0.3008026137677125
0.05914678426972413
59.16411367096454
-0.5641473479078158
0.5508409700967835
6.386878686720433
-1.2788985542007385
-9.470452658755768
-11.493925035257574
67.58431562431728
0.4215421631001108
0.00020089424350477666
5.084977336214667
-3.411984925337042
-19.834424326629875
-0.1654797256783495
-0.4661388608504305
2.0927309457935603
-0.9503013468938764
-22.204266936645446
-0.9344598725602137
-0.0007123756812703436
-0.4806318337690489
49.05138795257295
-1.3937433636997807
0.8847136729463622
0.007810185829379074
-0.011043853959842746
-0.0055561167987798
-0.571125567289651
-1.6045415098633937
4.641254333045918
-10.754685867746277
2.7485536419936136
-1.0563236695068374
-6.271813109725367
0.022712058561622693
0.10924676569768794
-2.089879741008314
-1.1497733652185635
66.10434486059376
-24.888898786517633
-0.2858232681795963
3.523784351946199
472.95398311075814
-0.6674909118309882
5.8955320087698615
-0.4208026202925291
0.07030318217799783
0.00010643197863032241
-0.5407928773453874
2.06733915392955
1.3544312980260484
-4.92911478753021
-1.5643880335154838
30.528686576193802
9.021225193042556e-5
-1.6415068375626807
0.49237972944016983
-16.43476121586548
-0.26100215667004206
0.2022918930546441
0.14369709292345237
-0.80078526023328
0.06773501801017441
8.10565827367828
-0.14121447580256316
101.4601799650424
2.669336311875517
-0.10029860550892472
0.08328747175349677
0.39327578856080153
16.398730039295714
-11.827582147657383
-0.008689196584942476
-0.003561363073401683
0.013135524335406459
42.11865772291787
-1.2079482866828233
-0.034173022076055035
-0.03454266847133243
29.434120639045375
55.87152354814947
-0.3014676920459618
-1.4359598556657425
-0.9619023502274411
10.262266810689368
7.146360062990306
-0.8232766684507008
-28.80701815360715
0.7457935672281344
-0.028025298214116787
-13.500850536362087
0.00015169324631835257
23.733192170930778
7.260377967976486
0.053818873220261056
-16.171390772727342
2.4613016940850105
0.5347024207854235
-0.0063246833205079945
-0.024926368952126687
-1.0986133891362635
0.4679741003381575
108.45366390046063
10.859747073653113
18.28321380838359
-0.3204261601754217
6.960941159011003
-0.6492041269853407
-0.3572993493362469
-13.19649047050239
14.554360115359012
10.376871589432977
-60.687357873957204
0.3061628243361515
-13.49997522731555
-1.9143050541275082
-0.0024690350591848364
-0.039478556938297334
2.331384256592533
0.003061202411802148
-0.09632578428143829
-0.0020402950491958927
-1.8158670957174277
-0.6274307599202932
-0.007307656321481483
7.245836436745013
0.2739133735811172
5.627592731096347
-0.07827722759135669
-11.229290239413718
0.38345472750180987
-21.028211876678423
9.974730166849548
1.7607228869110216
0.03669780576678715
-0.002082697478241226
-60.594949817870344
-0.193670098478849
5.7685863373019535
-36.866848632761624
-58.59339488579785
-0.11211316979410058
0.28743301038397523
2.749956969084603
0.056795952869522236
-8.279353411529316
-0.6157011201265221
2.373907579180499
-20.9092435346052
0.005553511107455509
0.24267149677353247
0.048011439010086185
-3.0052029381733574
-0.029914336028139664
-1.0088961662629974
4.086650033899158
-8.731774439300732
-0.0022622673629863837
1.016442673496853
-4.978207870555595
-0.018395345903170553
21.40059246360327
-0.49489383610836996
3.103884522840707
-6.357168188499929
-0.2879691741002927
1.4159759843240416
2.811090896445615
-3.3829362641431104
-1.9763775073147432
21.715906176367636
0.4398083256635829
0.09333395015266713
-1.6657001316788265
-4.477720934941023
0.5762707220512333
-0.4558846141746351
-5.999569724346683
0.0513998408132362
-1.1942193991802452
-4.3057435268529805
-80.83667943281947
-2.1378688854017196
0.7072168006831652
2.820380407297222
0.12926102534525336
0.42192735922818037
-23.714136073718553
-7.181493762595796
0.06142995724227722
-0.00998915697564148
6.40996879767325
13.096502806390832
1.2139672568747344
0.5965803526052845
0.01642132939070248
-1.054479527596315
10.509380714825374
-13.61467504221806
0.000769594012397124
-5.570757609132646
39.78540913167756
-2.2536979413301945
17.723828162207877
-11.676251289476577
6.037147623068528
0.9375619089399793
15.571225484553988
-11.857419242287655
-21.632605582216367
2.161850177289142
-0.04713940798740393
-3.6679080695923325
-36.65556778124657
-1.2304185749481453
-27.77481834740347
1.346797489854177
0.715469199994903
11.168632228761671
32.16123012247778
11.404139732503921
-1.61373212312151
25.55271629419367
26.49935966654591
8.55365351437276
-11.37057167757384
2.229812289172083
80.357739764087
3.394041180582962
2.318841984645168
-41.910933850614
0.0035132549516993204
18.271062118253546
2.157535110890545
7.788336848377317
-33.446368790056745
-0.09918328320089982
-5.8156590767626195
16.833211234955513
-16.90567895111609
-0.5704051920662426
0.8116191369013346
-2.7845089133006264
-78.4349076812178
2.085562853847073
2.2174296935246947
0.830678582848977
15.643377906231912
-0.15566102705531581
0.5979497622185068
-0.03851658045272148
-27.848529534394622
-14.4025380234751
-0.6221988443980561
-0.01858804951255701
-1.1606642200169963
8.447011511943044
-0.0010412314435487432
0.0006240800698954208
-0.8142833728328429
12.451843463391455
0.014877450959176251
53.14267666232589
58.415166323866835
5.960746186179454
-24.839229415299496
6.7149655290980625
0.4818254114914238
0.16733731931765083
0.14245403488875197
0.9109532037616803
-1.1974960576217988
-0.011605201057805438
2.08472128431511e-8
1.1205633359395768
0.00022536885431934358
0.18136298383910168
2.932950428358052
-0.2290597113589813
-4.591275826860643
0.032841623968156285
1.1404949383967957
-2.075773012679486
-6.607337365428043
1.8956958490756994
30.592717493258437
-0.00028510218016509966
-24.69633159270443
-0.17279045934906445
0.0954872564665683
80.00792954179009
-26.767547096059346
-11.925510941708374
-10.180131965810258
51.22415587629889
0.238454727433084
-0.045476650454987874
0.464627534566421
-17.37136605892088
-3.1068736677838316
6.146928907790849
-0.0004222769795629652
6.534169350801401
-0.48949634706191775
40.48593974504976
7.656376061826532
9.795000358704897
-0.1820819774170438
-2.704039288414027
-0.23177147975868687
-0.22994514138267688
1.4429416712368042
-0.3558213027180698
0.01941210231289757
-0.1662856577729057
-15.366376822695475
-5.408509330496072
-6.392115986642084
22.35705668869089
-0.602571901489111
0.9574732567021959
-9.223431367841956
5.603485238403441
0.01874937550939685
38.245624003035225
-1.8100333589369182
-3.120192477623711
7.9652093655323775
-0.05452036230582375
-4.97649499044175
5.379172940114327
13.81890748841951
-0.2826316591691059
1.320108907060514
-10.593100505027532
0.02087113877489929
-11.703814355046548
6.706830260251337
-6.950597114836826
121.8234042821957
4.778556351976169
-7.7609604414160165
-32.865486497351576
-0.2510789772991304
-6.57020823231614
-0.3865704217903921
-0.0017144144795328416
0.00012290713683563056
0.0058477436209319975
114.99253772427475
-3.026400031503514
-0.9660650627228818
17.234136353846782
-19.461642714566487
-0.131392006770878
6.743631768144951
62.36756454962679
-0.0008771189743458465
-5.546538443376254
3.762156681031619
2.2664381557249644
-19.481888339730933
0.14133787612851156
-16.69950108082098
11.977413621305885
-22.663198666663373
-13.178892246768505
-10.599484540547143
-0.28798159802546786
88.2771935922824
6.898506254364447
-1.187368899829534
0.0002447820267448653
-0.01952124798519874
1.64681195559535
9.234447882476907e-6
2.5583275269199497
-2.4459162204796634
-21.634504188187346
-3.781811007938093
0.0004829535443806149
-1.0387458678588257
-46.77670830358152
-4.203595622989517
1.6071763347097094
37.76288598708602
7.501958643148331
0.08126985198306505
-3.0339779629193924
7.003844763216258
-0.04433658437412868
2.201641415420122
-26.11293576053006
-14.03940757027423
-1.8113379625997392
2.3760119843592595
0.240119812791024
-7.570146388242487
-47.579684417342534
113.47350840879638
13.728194963546837
12.756731012906823
-1.2911336761141223
0.1986452010701352
-1.4111358653535881
-28.52249184023473
-0.33733364499347357
-3.200587424085087
-4.113354357144415
-51.057803701534525
-1.4305771036795094
-10.495852876463054
-9.957839048606312
0.9327700347407013
-10.580480266203539
-10.152021046814399
1.2564089568910282
-4.068952557864883
0.04458324534037233
29.51008167857748
-9.673232485376651
95.58180740355745
-53.254937153338844
0.004719805826280079
37.84703842553282
1.277978147278703
-8.83123464989406
0.021800953930476104
0.8540509764952681
1.4492003336740085
-0.4318457185221604
15.730296234422793
-21.97140031105199
-39.13993316715723
-0.19703723212203458
20.533806047749994
-8.224534199320862
-8.060329095441662e-5
-0.2472023557006128
8.594189806770704
2.6133812728410217
2.545694320866838
-10.264792976181438
-1.5747461305032167e-6
0.0009463480643943387
-15.784678154237591
103.04502814907802
0.015556261396655204
0.006092814745037956
5.281170319885008
-28.412477936449516
0.0035089646762979623
2.337183228123748
-0.0014497694602568117
-0.01838438839718053
21.707102104438967
-0.20052942215513234
-0.000494101730295722
-5.779166334782837
-9.104931170950834
-0.002265905158915418
10.623038373385086
-3.9407432613594846
-39.824404316417876
0.5155267044319046
-0.19811073549321317
1.2911515151553388
-24.081236519323152
9.514370783406891
-0.24400677040858704
1.2309392130999928
6.37935731180281
1.365442579235329
-0.004617969954078241
-1.466156190159178
-0.005699620152970945
-44.3445153384594
-4.4918637694452705
-0.3898410031755399
-0.08253152962311151
7.581106945292685e-5
12.234005745961785
0.0032809646039819854
151.8802795872979
-1.0993916215825565
-1.4778738133187943
0.08033336198579537
13.369340369427174
27.55196947256881
-5.3099548549341735
-2.0664079311357746
0.046183843180853126
-2.89033429381129
0.31147762015816716
-8.014275788535448
-0.26796568726000364
0.007822904916970205
-3.084551975752604
-0.20665751174440813
18.30587094982899
-13.337191453097443
-2.0371033867913693
-35.64734441025212
-4.494823198508714
18.19469265193338
-0.462253710775784
1.391632386470776
-2.5174351310419856
-6.636669362163887
12.045440348888015
-0.6647012632601942
-1.2525973581062437
-0.003299048491359389
-0.6059711899474203
52.38655613510485
0.31696472411666904
23.15893340826841
-0.07118406303146071
-5.230031278923833
0.8103011593759122
0.08814369146011995
2.84270066004041
0.4247487947592779
-3.855096567145105
3.7920378680402385
-0.021404964734902127
-0.01944927997435823
22.75621025079003
0.8435786730647956
-35.598986441321465
-0.3283173783830529
0.32159883496700714
-10.844125374764289
0.6048073391680596
-0.3782475820002896
6.846475927631734
38.49949972917857
-0.3809210025184914
-0.0034416886413608837
0.003795924389357654
168.60083365255574
-0.00043082873252981135
-0.2869329056220983
0.010742344899507237
-0.24447799297221842
0.14192154206055319
0.04423462331397266
-1.5080774049087295
36.94841230915437
-5.207588775519028
-25.160648340322954
-5.9425759325638765
41.14907588201804
2.192536139674771
-0.6572010896746024
13.651709538946553
-25.676774724915965
0.0005419690754189634
-1.4547853462748128
0.7089701441857611
0.030012873887584123
0.18514524602384383
-1.5886798224998444
4.75862843381874
4.3456382527206285
-0.4375964285318437
-0.021558558427749185
0.9682814419525372
0.33741541466264585
0.38916663423075853
0.3179266160643713
-75.5860172860331
-4.178376502001311e-5
-3.3147358834294973
3.7754301178184626
-48.703005558652364
10.244307317692133
2.831438046151071
0.265301884531005
14.805990116596798
-4.174176285903867
-0.4823987414269146
0.08229593924969383
-8.0634068076535
13.865642727564486
0.21044955906066645
3.9312896233096293
-24.89555080146785
-1.2083613639885298
0.1202590311257141
2.7876539286823396
28.858676818192393
-6.29357521593327
-11.033562351962663
-0.6763255807588823
5.961488478686658
-13.885071998003955
-30.733308994578284
-1.075632942159812
13.363811811003583
63.70992306471483
-0.7446126928947744
-36.9324664623478
-2.914660681507917
-19.486462355145477
-0.0920934316986081
1.5761900913574196
0.9501583111935753
-1.6054385186422537
-0.0013361329887473282
-65.91436842916049
-4.206788468079342
-0.07972476063778275
0.033420567446048315
15.890437988603418
-1.8785485668696227
-1.8948632974118769
0.3891420731536289
-14.101420475966568
-57.44288896717386
-2.7835820139420946
0.7752999581406592
0.6227628258099919
-16.867752810458395
0.6438478864459114
0.21193910257436857
2.184949702621214
0.18753547267716603
-1.7807535017983602
49.13825568972395
9.85906859743255
-36.872071767926485
-10.924824013697247
-7.950439017321321
-0.7942950601146007
11.184490119389261
-9.44900040679744
-0.018190188923689034
-1.2398670494905406
0.1256124206187944
-0.31227826214451093
79.68288642110893
-11.137884666288333
89.50368474632748
33.08768735335298
6.823185560851233
9.790882627648592e-5
-2.2382233534860725
-5.982732960675922
83.5082301915953
-4.839790320587263
1.5324739409786778
-3.374495137694757
3.5728084323965272
0.6882197019841213
-0.6803118213395868
0.0002184524995090206
-0.09854964481769833
1.3283540401010232
-22.379455807001822
-29.99742682556726
-0.024950506741449524
1.3690596013881589
-0.009923830877883467
4.451046069039568
-22.143201248504546
0.008866519729808533
-0.03364675256125887
0.003258569474205778
-4.082539453997246
-2.1408341280341245
0.19447424396902063
-1.610395490591965
-1.794300731476404
4.430630368207673
-4.5848746568323415
8.167092160226677
-3.2049992120002413
-0.5783060781140685
0.801540659297942
-6.922417204661694
14.780011672694984
-13.524556632500063
-0.014717534088604413
2.634450989219103
207.95801571739912
-0.0001358641770095902
-31.478140952765724
0.9311257815203448
-2.394965057982673
0.5031058259360087
0.25727062773097953
9.645976722565113
-8.305262622268072e-5
64.1463222346567
-1.1925381911722643
6.732009581158384
47.56876289173012
-0.040362908872611576
20.634742234014347
-0.07079299696248571
0.23156905089776966
3.2552199024137423
0.04638043005568422
-0.0002086929420348187
-4.429376566048785
170.15468487689103
-12.583639868360935
12.866765048562701
5.887650757174891
-1.571126949453743
21.915605822295575
-0.039531867307512944
0.0018755339899502134
-7.665013580532091
-0.6894414600459042
-70.00951411624273
2.303883995698629
0.1920475779940523
-21.641617751661045
-44.23609148836912
10.434935375144462
-16.559722207426077
4.506738857309322
7.852086532577376
0.021570574247546395
33.75507756942639
10.127048346079015
0.09191181493651361
9.251581865264365
-12.524537709139794
-10.207756884280704
-13.942531701515751
-13.62256916170646
275.0424133974713
-0.023382136407164297
0.16556939247128738
11.894095118506504
-6.116058765965914
-0.5157170676506991
-0.1786152903697489
-0.14899441804047656
0.01698038165620093
-0.21911986868789163
0.4294191954574969
0.03179672192775705
-0.641525230523763
15.313157427187717
-5.824373004530743
-0.23641958322768722
166.8632627493722
-0.06941005413899627
-0.022127460489003856
-15.878692517709874
-22.228061137574752
-0.41546630734887274
0.9966462334745362
-8.858832341922376
-0.5341550930217702
1.0037406616819247
-0.1001044037915875
-0.056256971745939036
-0.758864537104722
1.2357196963881958
-1.5043746225385584
0.025695760993159518
83.59499919184245
-1.181841912044443
6.370206397545356
-20.38645873602663
5.528845479376453
-3.025850422377931
3.1800210675883154
1.4941760463761236
10.494379956759593
-0.1755962666447933
-11.059758705407907
12.261856400703808
-0.0016356824689935834
-9.642006671626081
-0.8672133948613806
-3.8142327679277646
-0.14318555982355063
0.014545561618159005
-3.5546613793996995
-1.8279451946347611
-12.650325063984818
48.40001377032516
203.08313726103216
77.7667328180599
-0.5312522357954805
20.580760379993684
1.9015842620258716
-5.718073399545804
3.468784846150945
-0.009581247515926105
1.4809856414533735
-1.695227509099505
55.571093201998345
-10.02201196906353
-3.995448352633223
-0.09311182769956917
8.729921493831448e-5
-0.15927605626415364
7.378030231475032e-5
-1.071944036015596
64.24023422624839
-0.0034363305982877596
-16.454511196954957
-9.811997189552441
104.91329136491791
-1.9984219123431972
-4.595339163974776
147.15542936820881
20.874524069599744
-28.10247087715138
-28.97719377199898
-2.576239104851859
2.476125280470927
-23.347373040745097
-15.001445734639965
-1.831946536301206
2.648510570194465
-68.8505430264069
-0.14039382679085172
-5.869856080245306
1.7702175668255407
-1.1019885698976806
-0.2583121657713002
0.7456856560541868
-0.3704611471435026
-0.8772039890934098
0.7892123531192342
-7.258024902813689
19.28792770284972
-0.2405270095326741
-4.782976811951318
0.13759745685439362
-0.6886306326431996
1.979780100021844
30.468755883022496
-12.155055011495847
-9.364663391275135
0.0011454594124894555
-27.63089134456743
-0.06274553274154737
-2.6078012729178566
0.0965943928364752
37.88499983562919
0.5735798970622934
-8.58443772209791
-4.854761912377462
99.57829189991061
-0.5764984195131831
0.026550391062965507
-1.2941030671421787
9.581869440400698
-9.420959484543008
-2.6095837948242675
-1.3076418987532492
12.27920754793819
-1.7002526823517674
-0.3265208625429448
-22.921929771773307
-0.0002246916106202316
5.159150680537047e-6
-11.476387992392839
11.588004969031545
0.014068082652564854
-11.609129919176304
-2.718329405293054
-4.60119004725271
-4.8105328408173245
-0.0013284849455199026
-10.58543624395324
-0.014587372052704868
19.897964354529197
0.02118918579168083
4.120264413097533
21.92435113620552
6.1754048367689425
-23.965834413431757
7.241152502483524
0.546127924914963
0.022554572815936483
8.179993327187368
-1.2707420610943418
-8.55622711912631
48.88097598306268
-3.35952210704789
-23.007799918399602
-8.208349559457702
-1.4475399457870004
-8.898298544010947
-34.10310156819674
-4.090357404595388
8.545591783275507
22.255848501274986
467.4156937104234
35.97024822366038
0.08411915520449353
0.10389441204771506
-6.633819125725808
-0.11122387323134465
-9.427082929139404
123.62129298623742
4.130921650590512
0.48234482086218033
152.75235940474275
0.3492938279333169
7.234613404424589
21.404834311865116
4.344377346734632
-0.0036269186572190047
-6.67765317589287
2.3054135493795562
4.544918441491443
-31.497189404928434
12.442843980743735
2.0321409733963605
7.90380617991023
-2.851039632742008
40.333008826361315
-0.013023445200691864
-0.0024627421301112945
-63.12377364530477
-2.453425727357362
-0.11413894348586505
-1.0515700793559417
-8.729609065106496
0.025638776661388973
7.138047523532945
0.4201306820427937
4.014468263815663
0.6843874674857917
0.13471132999052599
-8.860047768110285e-6
-24.89655692018594
-8.734750254036527
-20.305947891246667
1.3401820494857795
-13.719812620175285
0.7053999320151215
1.5262882317648907
-6.234446033978175
3.5023152355969565
-18.75045779277658
8.774573718702472
-0.405278694904348
-1.3186674579816047
-0.277698880100985
-21.449447777670887
8.209605112867543
-13.979306929653813
4.028026084610665
5.072682177650893e-10
0.16069189269696982
19.004193605948117
-11.947410800846152
-2.67812605175513
-34.20547473377268
-0.0004420873583606325
1.684513875148815
-0.15910828687255493
-24.021626412469764
-0.38054911684396947
-0.13339093275024505
-38.37424141989735
-19.872935801877606
2.4355162973281304
0.3122973778083525
13.06585539317863
-3.6080934388365326e-5
-1.584883759582421
0.06649781491651469
-13.638958378651564
38.20200334888648
0.18399852565869215
56.24797851674213
0.5331260525945773
0.331378983290165
65.52558660473427
0.006622663415177403
9.218627910193701
1.1650037450341826
0.3784542279457402
38.4432540040116
-17.875641796334424
-51.41204330970796
-82.62867734604896
-0.9083603956038588
-0.8714871649024356
-2.646813990257639
5.629288842252506
10.811429319726068
-0.7373290538542182
-42.520233386613455
64.28410881752708
7.513871423265331
111.96102141547468
-25.35465000124485
6.370805157844324
-0.008438759242156766
-1.4024370019661387
-0.49801227540267573
6.7936354993860375
0.0078079718370962685
