0.1573783933801996
0.5119170529134848
0.05162925226676223
0.06984164278510747
0.17230548425880507
-0.0005527382456554187
4.341312600326514e-9
-0.00014954159257032747
-6.880257397846665e-5
7.380341578805252e-5
-0.04750390062652638
6.03508890855063e-8
-0.002312848677516636
0.18746040973753725
0.5560858452361547
0.7207291355494758
0.39599503128896235
0.783592786508831
0.14541283296491142
0.1864862794192437
0.0012676351707343384
-0.004370885831598794
0.00948438507056295
0.0028862364379642
-0.003010507305892858
-0.0015675370880174676
-0.21487406907507695
-0.019659244737481586
-0.3892975072403809
-1.697226937491088
-2.9532365263205977
-0.46256879884011065
-0.3754448769670061
-1.4760645989192949
-0.1982102468219551
-0.6973168118917322
-2.4692736535794584
-0.1724647340231653
0.0003896929337842268
-0.0007332694714549695
-0.007229055105789029
-6.710094538494e-5
0.007136726982232669
0.013138620839552041
0.1804801024994294
-0.02802922667967547
-0.16380242308106233
-1.2656270569255614
-0.006228993840024887
-0.12843151820680376
-0.1402474601361188
-0.03490043555855583
-0.000511310405377049
-0.7113020875801029
-0.1471087164845757
-0.2528899391816627
-0.03144352106413486
-0.054278749359853086
-0.03338317159982103
-0.015079332757249202
-0.07075151167663646
6.190806767781786e-5
0.5663329642907742
0.16254576725153635
0.0001899480544179678
-0.00028204458815935
-1.4585119437873757e-6
0.0002271145118931318
0.0019547560137381957
0.00012182746692030237
0.0073170512680519545
0.11757982808315182
0.13277264351208676
0.0012848449358178454
-0.01816699597691835
-0.00022040700494566217
-0.045726614330625956
-0.45521328854558296
-0.6859668046043746
-0.6710755948210615
-0.2792709505607387
-0.4159622180490728
-0.20762749364195873
-0.6009712787749961
-0.17094024370714186
-0.3406281463283595
-0.09693274427246777
-0.023528709982497738
0.00018658303341686158
0.004299758629744157
-4.8669094368692566e-5
0.02552767611892737
0.0006394905944659031
0.019443248430285224
0.0005341552883449723
-0.014836717979690007
-0.05926897599809024
0.001908888960544115
0.0003292607658891625
-0.00275990437443304
6.672874160196214e-6
-0.00017501992158196422
-0.005158833150548171
-0.00071053244680094
-0.0009158455698274139
-0.0778556859400764
7.018849949385876e-8
8.293105201785104e-5
0.03311490270079724
0.14866433557824565
-0.018415257872322174
0.003176317952546916
-0.00035253210376218924
0.039621973814785307
-0.006363566718007047
-0.0009836245199863712
-0.1270723043170247
-0.06523605721106503
-0.7193413296673794
-0.08918672350694942
0.0001498244008673173
-0.08705663461673979
0.007033336175340798
0.13748490597445817
-0.0009593928404732488
0.062340939862053774
0.4253453843366572
0.24783368200652856
0.12158792937480767
0.04420941355049938
-0.011762824950384118
-0.03961014508821179
-0.5220915920662308
-0.8506180623109726
-0.4103957237654675
-0.07216763339879242
-0.1064947036651241
-0.033743346160379585
-0.18333298160559536
-0.540811792837183
-0.5799214983190092
1.0219675045306754e-6
-6.720419739127114e-6
-0.013653219862033496
-0.09811577907757804
-0.08526573897836694
-0.0026177148076480436
-0.010174084193513669
0.00012122715661452171
-0.1555988359661697
-0.1529628481267362
-0.27821151940200006
-0.035404063549301805
-4.521211740169557e-6
-0.07096171674118935
-0.0318885337606929
0.04029026547564484
0.015730673489348528
0.06472297764287725
-0.007677177295488388
-0.13533892097751551
-0.08969486495247693
-0.03130412957773508
0.0016858420796344144
0.014718786190206317
0.25556030295844284
0.12613509673851836
0.19594369370418752
-0.0011528559843519037
0.0025674002322103057
0.00461974003873765
0.00016841643125220466
0.004390351345246354
0.07940777236804814
0.10510897887606513
0.9410117349911324
0.6771342937632233
1.3971339124264421
1.1389373244746122
0.06271567308426312
-3.835673438076595e-6
-0.07089833344561214
-0.7525126322488614
-2.6431661425828903
-1.2464157059732512
-1.8977104701995033
-0.4998601835556386
-0.27397030924757637
-0.02039607190712086
-0.45217720112833437
-0.07176001125357086
-0.6262186884659408
-0.13636064020010816
-0.41322508740494995
-0.002023424668870828
-0.46504573444013586
-0.9565684665989863
-0.24085939266311956
-0.007049475368194737
-0.07334846463101197
-0.4643688691043078
-1.6120565250733168
-3.726573382287291
-1.2648898310033359
-1.4391120880428523
-0.348537793928799
-0.24478543800049105
0.0013182722011127659
0.039171397760797026
0.5333251354478821
0.08694985465552234
0.013772038773110595
0.07095033982450293
0.06403723342128542
0.5410360059492514
0.12447681306427348
-0.003118369194883578
-0.01293087266119632
-0.3537292787256819
-1.1672920271646086
-0.0024922497280259505
-0.016324875079100517
1.5128427035471647e-5
-0.010183501686622428
0.015325977442334281
-0.02110285684475822
-0.7070775328210444
-0.0631722577074242
-0.002919172001363804
0.00046107725933244934
-0.13854810641806656
-0.06497111533092553
-0.025643783155434367
-0.060219649774357405
-0.0002992983524910068
0.005060968762862893
0.06823588344435368
0.29788158623284333
4.749843785434331e-13
-0.0016987481449145044
-7.730976580242785e-5
-5.691678816258333e-5
-0.13834110651911544
-0.01936573525255302
0.007504734317367594
-0.058583830077219526
-0.002840604024888693
-0.07614030193742692
-0.21240209630347118
-0.0006236554886400494
0.007756503062759243
0.07109430704900574
0.018266122187420998
0.00334053350361498
0.012130159470102955
0.47642112277449616
0.2239842608506565
0.0005929166983123433
6.995379862639246e-5
0.724222204093726
1.7323619244470696
0.5381009405992877
0.5678346875306849
0.6189613912388041
0.1786384322859209
0.003642919882976357
-9.610377966380808e-5
-0.0026158156443782817
-0.095927211051279
-0.0775487573694984
-0.0908202119890408
-6.683349152513252e-7
0.008846294439113321
5.717319316383491e-5
0.008233999358032512
0.5076895948328167
0.8619649122559913
0.869869317419303
0.4112674858317176
0.3417523405663834
0.028527748457244387
0.26396621453130564
1.241765787650254
0.23472049781780402
0.0011882624746297715
0.003724680204025973
-0.5442683804220616
-0.4739084735844957
-0.17514597801403792
-0.0007451581733587868
-0.018189061276244447
-0.01452219027534731
-0.07022375154521422
-0.051887981641779816
-3.313659327332772e-5
-0.09337224917629422
-0.046386501740713876
-0.6104237892548435
-0.1029964668354968
-0.2142294152406996
-0.05262154837244654
-0.13580715814082853
-0.42852315522933415
-0.009585016605053094
-0.002483280712445457
-0.3115407400149922
-0.3102973640175266
4.8232609043382536e-8
-0.057909883302278316
-0.20120226880370512
-0.4869759962495244
-0.008557754162450214
0.034054065460172596
0.021024302360666002
0.8203745209293112
0.44685654935354113
0.3468882712676738
0.14076261461100228
-0.03341905074257144
-0.03762256337376709
-0.0038054010644994075
-0.009289276309393437
-0.007110188135196739
0.0002596360616713365
0.016193752135389476
-0.0025546110796021383
-0.4658782992893275
-0.5561973316352272
-0.5570524287226414
-0.22338987547177253
-0.6618381912765083
-0.32241563098455633
-0.1733220214361335
-0.0005797532342828494
-0.00011603336129318686
0.006009727083996766
0.011186035715740714
3.9031036141190534e-7
0.006056622035237754
7.3282431334096904e-6
-0.005142817658290516
-0.5199519360396041
-0.053955188130332905
0.007430534018073097
-0.15209018090008988
-1.603296158389635
-0.3876332305921296
-0.19143512174128374
-0.19032313594807157
-0.16055011363025248
-0.31148914769183134
-0.35672023729421487
-0.009839061565742959
-0.0031291053803708547
-0.18438633630068038
-0.6705495249424723
-0.6162074569887509
-0.06024266015699275
-0.03901096109091332
-0.0029732105575583697
0.028907939025160975
0.010357342423138958
0.17804822541045162
0.11057264452153359
0.6547440527710651
0.6381769820959697
0.6408050386076344
0.13633454394740052
0.034825674330635686
0.995639620981296
0.7836425370850939
0.1782596716285322
-0.04457884130792965
-1.8943258453485154e-5
-0.01156028891905394
0.0003687875405675595
-0.04662547908266095
0.003144614929270843
-0.022323718256102222
0.00020961743887266994
0.025062318518637973
-0.019213013830725
-0.05258142214695015
-0.0865450324990167
-0.04230847521708213
-0.02747072223407363
-0.13950951550965246
-0.33019185978165605
-0.4226141373448521
-0.38725316186989883
-0.25678887774430253
-0.18262673315625516
-0.11193835184599854
-0.1460355891166012
8.178921549659037e-5
0.006375915940768486
-0.006870543271028722
0.0025517146251791026
0.10860537995826042
0.3380040602150256
1.1188958246381957
0.5969022948134579
0.8218595730290305
0.02162261278137442
0.0016302411310291627
-0.008850890375248582
0.0026746660982811996
0.07091300814327053
0.10392845061962111
0.012958325467385515
0.01541222994959793
0.001761646999971024
-7.318053705589951e-5
-0.004947265244644783
-3.7171596392765735e-9
0.0032537847194777183
0.0007707231178262861
-0.0878608552515071
-0.042016762357096206
-0.3103573733974855
-0.2524757251755358
-0.8243859822435456
0.008283779592602316
0.15394272769521758
0.08359168133617768
0.14082035708615948
0.0006437079876985141
0.03366981652111658
-0.02091275785012319
-0.008643651599605043
0.028632079193302174
0.4678129942310439
1.2634829856783771
0.0574204803684905
-0.0017681513517429043
0.0011932003726153858
-0.024523562290287952
0.0030588982878836193
-0.0006166004004379076
-0.00023308700825094394
4.930710921478621e-5
-0.08741727447061083
-0.27712265187316054
-0.9564171088245754
-0.0040855165039659766
-0.21911634171028582
-0.006084468912901444
-0.038767896856179346
-0.15371622969466323
-1.4097137313771526
-0.8527970096532388
-0.6787348328697885
-0.6580302199272091
-1.1433889503895966
-0.27917469128338496
-0.021205148862268396
0.009900412555574006
0.02224909209579331
0.18492797761279403
0.650567550724546
0.9072983094313791
1.3061634011390124
0.17726583216416741
0.291429756131476
0.08671767860922122
0.06909650631244081
0.00410629065652006
0.02313437075760505
6.339070782251638e-5
0.0180341718831092
0.05411508156133096
0.1136855699030465
0.1323137291598015
-0.007567428437288349
-0.0011956958988990237
-0.0012360939736963397
-0.013088870296188847
-0.0071892587470080375
-0.05270350282987922
-0.2743099439652112
-0.23419887498380262
-0.056151555928418556
-0.04695644758301154
-0.29438034303509575
-0.03877703739644803
-0.05193546330301579
-1.7009488004645352e-6
-0.008230887885326466
0.00916384569375412
0.002595939818488569
-0.06785060022782817
-0.07582589081787922
-1.004686082637656
-2.8742423890906292
-1.7678975482613524
-1.660245980067877
-0.7023069375272659
-0.2622959992223769
-0.10317384531529591
0.0007740904219384881
-0.025293290596174692
-0.002237319699342781
0.005422607192075115
0.010402710999942387
-0.0010562382893799865
-0.004569592086738756
0.00047336244061406386
-1.052650734868257e-5
0.17376432677806422
0.19819415634970036
6.996860083486628e-10
-0.3528582753385752
-0.3102016972014361
-0.19074487382808766
-0.02843906446307831
-1.0528266922547133e-5
-0.008877421461599496
0.002916963732785241
-0.0017627499101429368
-0.11890016091685117
-0.07892368070282525
-0.000338500220800552
0.006969983885378408
-5.8147306415799036e-5
-0.008985355182135895
-0.14727542647214875
-0.2540803510205878
-0.005336183947534369
-0.06247591531401269
-0.09674080549250642
-0.05025375736307127
-0.24815285360529768
-0.03939970634989907
0.005465928737354477
0.7182414336040587
0.07405429214267892
0.5575846034962326
0.25420284002025406
0.3289055280507613
0.2558149715634965
0.0026639263392920364
0.002409375074994114
0.082237408401119
0.04646506537703285
0.03572628463252158
1.0827245396362437
0.2690451951953953
1.5148865716349083
1.5981682631668395
1.455282459214479
0.8520254149572977
0.38142215559547576
0.36050979505786224
0.22390764977877245
-7.479869898019062e-6
0.017680583392472
0.06610756831851304
2.7931909689783496e-9
0.039209881003771686
0.038941967705503774
0.0696136051429085
0.18870237912725552
0.082489913184729
1.2533788072619967e-5
-2.181071388778077e-6
-0.043561332030688966
-0.030612734339131982
-0.14514160585564173
-0.005782952983487457
0.003312585285546026
0.008138025348645451
-0.01417568257468479
-0.14710918245845098
-0.1723875558788581
-0.014310411317929003
-0.06175637217837749
-0.0043035040537177695
-0.011680058604309866
-0.03331004378753978
-0.050142489995942105
-0.001101775271602237
-4.602174942008505e-5
0.07240835901518358
0.24641308445256027
0.035845747474417974
0.01005044194048304
0.05957884947591637
0.0005678496699671438
-1.4949614271632487e-7
-0.01157378184817474
-0.22804111945205746
-0.0850996564813234
-0.04049738384074951
-0.07446520457471345
-0.0008317043367527462
0.006864730691548289
-0.003468677209667349
0.011354847281231399
-0.006903169103578919
-0.0006601080283256404
0.04290054570745522
0.0005046959100622913
-0.51625724448775
-0.07854918859570292
-0.194320180959602
-0.04048314407168345
-0.008314324187346603
-0.0003608864000232894
0.006789794344175848
0.00580444718295255
0.08512277073893686
-0.010476030214669831
-0.00541136029116266
-0.1304314284501335
-0.5507666288261164
-0.23505072661616067
0.0022335290741675343
0.018722636529568463
0.0007419602626676078
-0.0037272360421780363
-0.004186807639120064
0.05243770879832031
0.10102528753054564
0.15594711549284757
0.13812835667599488
0.03475321860957511
0.3288148928017321
2.7425531641065564
0.7923006449730675
3.0847578869740384
2.119727928748253
1.796046423555353
0.1147416607269336
0.2715388821031876
0.05801260444359899
0.0005680888329783199
9.252335737385407e-5
-0.01053627959100656
-1.0130876222386175e-5
3.7464483583439405e-5
-9.37032696266686e-5
-0.025376638511734575
-0.002928132081481911
-0.055005811754112656
0.0004986859968464304
0.01046021562542939
0.16358977256794788
0.5462432429621463
0.004249618411693145
0.17051585785801876
0.053793470966154014
0.012758202541599597
-0.2079194605668542
-0.05042969298501631
-0.01159427829286108
-0.2946430802459592
-0.3342170948131532
-0.37268081320732627
0.004255961481460223
-0.006510879973719551
-0.006172507669417778
0.0015328022278697962
-0.16411791245697
-0.1287873557972561
-0.11663715338787181
-0.01763155388474541
-0.03386303150914603
-0.07834458415723496
-0.035220865437643085
-0.07046443394999123
-0.1220838986752613
-0.019076915890457263
0.034288902166508976
-0.020953675608820752
-0.047775267114430475
-0.061714197640099146
-0.33533836337321865
-0.2262772429853146
-0.5422708247778234
-0.009123337032035099
-0.00936352114792579
0.00042579042170583833
-4.445281147995206e-9
-0.0011446906064855507
-0.051817712082343884
-0.010558884704400428
-0.009953729420566569
-0.03794791932356078
-0.008326614013631882
-0.04469573182799394
-0.035400970276794494
0.015214393012541223
0.06095341844493976
0.2638397972864702
0.026488569008262304
0.023197812557102515
0.022901894914832722
0.0008594813169737469
-0.0905236153246291
-0.08647310741782512
-0.038779497168622674
-1.1921829309125735
-0.4170260756917786
-4.268000975272381e-5
-0.002839796587277311
-0.01659610087895607
-4.102083341995782e-5
0.0011346755244835784
0.0027494528619645513
0.002214345890772238
0.6249400412789683
0.14668624389830864
0.5885003887444034
0.10450236890957744
0.0971336572193039
0.4022960735135024
-0.025953077922407464
0.022003816006067208
0.05688282212325655
-0.007489662900559321
-0.006451797489783523
-0.00032156839204294015
0.00652829238457833
0.000249440181039785
0.13917161000294306
0.0033256169903875315
0.029957690931057893
0.4070336024318843
0.028230058266955658
0.0038107178517708925
1.430588129754386
0.9015340799453363
0.6060700512503873
1.008496369428212
1.2599200142917142
1.6040469584299186
1.2615227833693405
0.2478180064600847
0.011487702228280532
0.05414583670495562
0.0037033309581695406
-0.0341121477241698
2.2884735330805577e-6
4.1708636052647784e-7
0.014104268379058045
0.7292284313409841
0.7098659209098976
0.054918583907581774
0.012913037851739244
1.2254114201396946e-11
0.004461852608649415
0.0018176552833670185
0.10285497636841445
0.00699379851882829
0.0394370712191547
0.13624098073632762
0.12988574040075881
-0.039042305349197566
0.014599556617100613
0.013459657626032403
0.18217608407225877
0.05241113957886784
0.04463168394642135
-0.10907667398849015
-0.16414101481631382
-0.13848392385091873
-0.0024506616722583105
-0.017298733684172896
0.022337134039302448
0.4302184265214489
0.48282743879556084
0.04125999884386407
-0.0006553367483989994
-7.848136659441713e-6
-0.01671395597495497
-0.03872333938399374
1.3236783579728345e-5
0.004145092147610552
0.0005285608868951385
-0.012649578822391677
-0.0018307827336738972
-0.0013521474268985319
-1.59359621165073e-5
0.2571791378186095
4.658162789904261e-5
-0.0005405366431923591
-0.0017067569419965435
-0.045370377853751497
-0.05489055985484345
0.009989632412070414
0.18172680795240254
0.055516401586557615
9.294143553106877e-5
-0.0048009205522975325
-0.05477689386149458
-2.1492276962877146e-5
-0.009503166165719895
-0.007562389167276385
0.0013411461019026706
0.02112108713420883
0.04223052943265941
0.00018976683417669233
-0.002081284849201341
-0.00060843615538111
-0.013934159112836629
-0.013482116624767395
-0.01409033150030547
-0.059346753218918094
-0.5127866314600816
-0.0745329020442096
-0.01593613306165265
-0.1984044737007179
-1.2522105696801087
-1.9354612389418704
-3.5934761405353624
-1.8013153838413487
-1.689031045338406
-0.2204300207568789
-1.3236662741621938
-0.39956803531339113
-0.7643891581584631
-0.03902673899610774
-0.3437646693638381
-0.001939881620345503
-0.4234639766716544
-0.259483195295128
-0.11410489896777494
-0.1910370062513446
-1.6950673093831163
-1.6671829585886293
-0.8417062502435854
-3.398409008886269
-2.9890159595668684
-1.3187453677126817
-0.621798064754513
-0.5620112167143948
-0.14582516854834998
-0.2746595669278094
-0.02405982165874559
-0.02973224975196829
0.00032186305918615406
-0.0007210158142705083
0.3470722617518397
0.27515091132800773
0.20836643673186825
-0.07275915038557054
3.770267900907551e-6
0.0018016277529971695
0.016878404446454484
3.5692445810196644e-9
-4.184199055396907e-5
-0.11179960601305239
-4.6523078708719
-1.4965432825293024
-3.916278896496873
-0.7323297730557605
-0.1514304389389631
-0.031008494320834114
0.00015241108536264913
-0.029308586406917768
-0.07596480579654102
-0.2804597036380894
0.00040298393123173445
0.011892769471517028
0.05126314740314281
0.22499982647403408
0.0012576454126253453
-0.0144330911275568
5.348108390582605e-7
-0.0023487544629240105
-0.027675938816882916
-0.0011352213068775339
-0.004486758947776631
0.012852313596882617
1.0964881794253905e-6
-0.11096660868935766
-3.1070157098951265e-5
0.001140349013421372
-0.01231344992615443
-0.23631940512128732
0.002456704422895831
0.010431725472407482
-0.0008067820618196661
1.1513976217481174e-8
-0.051517686526457634
-0.28740758763102964
-0.014665064297507984
-0.04312308860188134
-0.0033346437833204276
-0.057661589831726194
-0.011608596948345791
-0.0005601081789911891
0.04199836925932297
0.04162684552141003
0.018541001925972342
0.01871082629729333
0.09554861305599041
0.09145093280897074
0.17912044017137502
0.10473871068472812
0.3227676477067563
0.030796346812304226
0.0022825850817760644
-0.0002086965649149796
6.057883971933749e-6
0.036893279894638635
0.2428671918060074
0.4392528817769774
1.0523444144932081
0.2086455406436456
0.6781006184383036
2.326015043259572
0.5307040327109943
0.0064574673245856515
0.011673248452687978
0.1855411669336137
0.17720574666685596
0.005983015687671758
0.012417652899984139
0.4877347253929259
0.7548596945169551
0.39170849611400294
0.43168876898161185
0.1953536129345607
0.14895497236954935
0.10968093135139911
0.08655621186535577
-0.0024079376088580965
-0.0024976660762952517
-0.518582625924643
-0.039066787588342616
-0.6002139706399076
-1.3698923600218822
-3.4872578058807124
-0.904324924063576
-0.5237295273206342
-0.06241057865922227
-0.22882348847692377
-0.0811316274356112
-3.0647374812570615e-5
0.3262132573735901
0.16959974953816442
0.007707363233232645
0.1365630426073097
-0.0018149851957698167
2.1517041668873763e-5
-0.002761116020945242
-0.008659686927612846
0.001661652672868908
0.02855401046117101
0.2970799401673462
2.1744877064276364
1.407482071160426
0.2948149915869514
0.07247971804322907
0.00011152940814100116
-0.4413222774317676
-0.16625661333596542
-0.3095630939644936
-0.06637456065417131
-0.05908449806091363
0.014436762602392334
0.10245821988459337
0.03405333370522216
0.11770601319108154
0.0016783858252120696
1.4579054043416107e-6
0.12050620093422593
0.13325194898455464
0.053843793368362154
0.04136016013455086
0.13415993076735208
0.5437817634469178
0.005709601570406286
-0.0022948485490469255
-0.011642004676286876
-9.926451254734329e-5
0.0068087973265842485
0.005060221012671992
0.0003774946690805169
-2.0752809799360585e-5
-0.04345130551957156
-0.005292130304398549
0.0005048707650619842
0.42240246167511086
0.3961794894568261
0.8276445401450127
0.7569863282528076
0.16524996282572113
-0.008582917492942864
-0.06464866628107338
0.03897897906597153
0.04956058671088079
0.041534370860693066
0.0002061037466939033
0.016735103334005606
0.022019672601011495
0.03969982802595416
0.0029964587168040246
0.06354441579308068
0.007928793960040696
2.0708175982205287e-6
-3.880346865393022e-6
0.05669477143921494
-1.1453635207433846e-5
-0.005773481451751831
0.00824413812445035
2.84340522636748e-5
0.0587429205947806
0.18175939947541375
0.1845538482177325
0.36785310156726864
0.05307506792817557
-0.0005027721360624409
-0.0018478895527827138
9.858799205477064e-6
-0.0006944830513877878
0.0002141560517421783
-0.0012770574504048443
-0.2606319625390547
-0.07184087550367474
-0.0016295821384367133
0.11425290779138857
0.1195490623041861
0.011265990108552233
0.017501159137705558
0.020771702275373352
0.002147999584422784
-4.537378386279154e-5
-0.022729507913260148
-0.06290723018934008
-0.011207844239983824
-0.17282593455040385
-0.7657933351493283
-2.205745417766176
-0.5349187684709974
0.17675874744231354
0.00010111110348415671
-0.4204438293927279
-0.003864048639833585
-0.05093434994978856
-0.0819210969634664
-0.0015127633921695842
-0.0004953752789377258
-0.042605695696574
0.0028742964615276517
0.00012719797148944586
0.047931899709604105
-1.043883723801801e-10
-0.0688533851103514
-0.0981775982658593
-0.11731635760406894
-0.14875854071957934
-0.28630064512653736
-0.24376448126698352
-0.3520747170671871
-0.4337420835150116
0.00019692884959237382
-0.0002546740937715622
-0.0020559311070892008
0.24902966215053024
1.4058056007065691
0.4389387325407274
0.06478236185711608
0.0490451344856256
-0.016329337477605725
-1.7080381386763006
-0.8948937228262873
-0.8696441453567851
-0.7391088914127383
-0.7748984804678937
-0.006452513421886821
-0.005666680183965889
-0.010687071861233624
0.03398077129371005
-0.015532675867835147
-0.04710574229033722
-0.012968866770366539
-0.16390055392839006
-0.025758700282483542
-0.003434110729393789
0.012611939036567954
1.0280124953938141
0.6950685060132511
0.49799920130124087
1.3927106070257966
0.9724224957556418
0.4968038151570442
0.3145723315316616
0.09951118667446344
0.13103594707414162
0.4885730325452675
-1.8319027374086157e-5
-0.009224971323387156
0.18928884851324668
1.1168395883772496e-5
0.09587972863526209
0.00869172755761397
0.16700347200649238
1.145674254616075
1.4092507008002226
1.9969953198693648
1.5248376409154498
0.2702985657390489
1.0159965641783564
0.3788339244551939
0.007386704517910687
-0.0018573839338959994
-7.766224639503833e-5
0.07303830166020268
0.7229836569919997
1.1593998643358125
1.5574832320688419
1.3956242467662863
1.3341888020198107
1.0971006540746875
1.1353556840559513
1.0129971950323864
0.1190471263412332
0.04792895661297061
0.10898373299225579
0.23159499211665707
0.7657143849808212
0.7016488311445855
0.5685825177630407
0.003087583428749768
0.2563190481906565
7.70499713413217e-5
-0.02204990965791513
-0.6372588333562419
-0.23537928087993637
-0.37196627930336645
-0.4589620119066384
-0.9536302905170624
-0.03571447362125374
0.004760866154277303
-6.803438567055047e-5
-0.006996427146073265
0.011061787371092034
1.2935114382886677e-5
-0.08689729112772376
-0.4414842348598781
-2.4800888909275316
-1.2159078696442076
-0.7623113707849061
-4.699643571581179
-3.6530442865830226
-5.365006274285542
-4.268986055611957
-2.129550351695216
-0.9943544960259708
-0.6406715874848229
-0.9435054277488477
-0.29054576484965283
-0.2699978227823467
0.050546605936730764
1.0148816862330003
0.003677452815192668
-0.557339020564688
-0.5185893317954962
-0.8796722753919003
-0.25474319888858604
-0.03059053553277379
-0.2760498198488105
-5.783292429155614e-5
-0.005808289646965169
-0.020223605880461244
-0.010937400677873696
-0.0003093621668413679
0.06305917987586689
0.2827933761064189
0.6745617832860947
0.19604550760294354
0.22727932505461249
0.16228592924060742
0.01627809567178628
3.346440443467034e-6
0.004017318049050687
0.0006484323516316018
-3.8831536234354576e-5
-0.006421065768072491
-0.03546620493552181
-0.9780908027286668
-0.30923987481206067
-0.4588626252528949
-0.002054998531048151
-0.05805891196578993
-0.04264156622369252
-0.060841318926399234
-0.24322403362575598
-0.015784022243529826
-0.049587110425950764
-0.9498371267492661
-0.3544160158268228
-1.9683498469424114
-3.733072031660249
-2.3914171394072197
-0.6730948455916951
-0.000355462544578881
-0.015165339080373293
0.00011417155204888663
0.737269909541169
1.985028100050255
0.3830786776404625
0.4215601176668006
-0.0004224577988127786
-0.0001088989350976948
-0.008458863056482151
-1.0614312566680003e-6
0.016188700743183067
0.0015378854614363615
0.02320739772919448
-0.0009766558812900389
0.001498508149684647
0.001333153065547723
0.005753019207367148
0.0008377085446360257
0.3785674292061343
0.11859274491000196
0.45838657179810194
0.8137967634526903
1.1208959305134172
0.46029799009094147
0.4971619390508069
1.5330708535093085
0.7187478635026886
0.3712452717124863
0.0065788748029875655
0.26599089373943036
0.13073811185796447
0.10954051639363349
0.07516539691284385
0.15577057824971952
0.022689352219146492
0.1413881059877424
0.2739971479515198
0.051726059372129
0.04814903305792272
0.13123074434145093
0.8753819571634456
0.43378233951505274
0.015277582613047213
-0.03394967061983696
-0.03869914625868985
0.0007740025018460038
3.9570718923122526e-5
0.0001642765340783648
-0.013018906341183465
-1.0992469348762958e-6
-0.0006721917251966773
0.0003649748936961677
-0.021641474362005583
-0.17704264159283054
-0.03828607786207857
-0.009452429595861973
-0.3596517869569911
-0.11468642431985455
-0.0040452646977917625
-0.0015829159669549537
-0.0678198163588614
-0.12719460316679734
-0.0043245820994947835
-0.021507115817594336
-0.08725702250469165
4.501224457580194e-8
-4.882216990915494e-5
0.2965044431221601
0.09930669522392314
0.01833304665687727
0.740995822216412
0.6553304097906678
0.10562729967922936
0.15832625496626795
0.4018418672895438
1.2561574050885957
0.3019201967388819
0.10239133798186527
-0.002134557056799843
-1.0165650099278517e-5
0.03429049643531541
0.07467979780759013
0.1810504990335584
0.283949185517952
0.33541444221039485
0.041534526531856096
0.02253839196371553
0.00035283507120115545
0.09223166671796329
0.010121819756894978
0.0010023586880049868
0.04891562851052465
0.13005689133538748
1.7838547886870831e-7
-0.026688901395220704
-0.12800444405005854
-0.37197663436884704
-0.05937266930890809
0.048707431879731554
-0.0007886489318514934
-0.002451525545149439
0.06638422473030356
0.3693223212112729
0.40410667254655414
0.758610688275678
1.7200742306172492
1.527464221797267
0.5390230466838565
0.41258879669048915
0.17831624616836173
0.11527630683456869
0.09587346834530183
0.09273552418190904
0.038607107972200246
0.002847412832021714
-0.00680756027949866
-0.059125607016823546
-0.19012770008288096
0.014778997503367187
0.03625520311881075
-0.0007630299393009068
-0.0017499776277772009
0.0002691020253270017
0.02534844605276155
-0.0002540282885116201
-0.003598234830645949
-0.005302837336815339
7.269369587377496e-6
-0.22783307120997978
-0.1513871975924181
-0.04355372669343671
-0.17331886955834538
-0.7108131977608787
-0.3374348603125918
-0.05002545319676777
-0.07633187144132626
-0.04460716636344385
-0.17412729254921305
-0.005188826411883791
-0.19462152294859988
-0.48616819817205215
-0.03254611486114954
-0.6095528237474492
-0.011721353008330918
-0.005481575087980702
0.000525174414307516
-0.012806194560945703
0.04484318853935986
0.003673590517404203
0.014670076857354502
-0.3728434651393246
-0.04581325761702745
0.000824156920609729
0.052148823501943185
0.04788077211367009
0.0009404923297721957
0.003357081990374137
0.08562858055676839
0.00787320210029837
-0.09604532928197615
9.779748746458307e-5
0.03501364045588131
0.23901108287612902
0.17944598455619062
-0.05085572345697902
-0.1713432874411019
-0.04080928208758234
-0.5693099579705116
-1.8678444472642732
-1.9231284516079874
-2.976256852308677
-1.598184427555905
-4.747128203579373
-1.7007368063235568
-2.0070804510730484
-2.741094925404173
-1.2435600197717842
-0.5719223051517295
-0.09997334638300308
-0.5465772580828997
-0.38455728514278276
-0.08984415869921987
-0.16939194917521985
-0.1449584703238648
-2.687165394371695e-5
0.1976729752627628
0.001617275001758849
-0.05490006974898527
-0.07375837813378334
-0.346031050075031
-0.549986578957891
-0.894322816399954
-3.6754226732797375
-0.34749475976933464
-0.07533078670847443
9.492587629022437e-6
0.0034979611896070444
0.03182940865491343
0.3190972751670302
-0.010240507524544447
-0.5663323584786822
0.0006291999869082923
-0.0985254067571626
-0.00017595555050347008
-0.012873244567901893
-0.0008404026459749987
-0.02668431699883378
-9.247500234325435e-5
-0.029622964550031702
-0.021451635632432454
-0.01027605214736729
-0.004635205286535822
-0.0015724891204600057
-0.08452758833065288
-0.02104367959087538
-0.001734656316781899
-1.6933576325996047e-5
0.0858909226007659
0.2045210057769521
-0.006100054944006051
9.113494714421588e-5
0.18754905472845415
0.22597790888994207
0.27368531730313767
1.3343783597570926
2.720895907795875
3.685698031630007
2.1264073179585745
0.6972682353020324
0.43066323299087816
0.10597327888175598
0.0016619782032904584
0.005491573872300404
-1.259571973597492e-5
-2.997077688768572e-5
0.0008194076341679462
0.008287616776575822
1.1980785262144495
0.14759818703618308
0.04193362136810309
0.0028322737216677947
-0.002505494057936254
-0.00044498155688661815
0.0002121535017795537
-0.001713326153502555
0.001612578362757725
0.002444550648634083
0.00010090566477743664
-0.0020774786043890672
-0.08693962793292205
0.005948654683590306
-0.0006360073966022026
-0.13852972196421542
-9.766759510060958e-5
-0.11993554054972856
-0.03385085637686304
-0.3959686285059692
-0.5598375565786803
-1.454970456258347
-0.5248989110312955
-1.6404097164727678
-0.33210227869813513
-0.03628728302684694
-0.0036816729332681468
-0.009973924517042933
-0.00047805386940091247
-0.5404411840274299
-0.05488083099631001
-0.009047965089566326
-0.16557900717823776
-0.012125840608166088
-0.028338527448301096
-0.31567162113758535
-0.01846561510499616
-0.17422374149889633
-0.5271312198105971
-1.9619334149250025
-0.7497806461237897
-0.8862293482805292
-0.43176191085017274
-0.01123963966594869
0.00817370926595726
-6.162620683387369e-5
-0.011250666851923745
-0.6800020783929109
-0.4423868903371191
-0.002842474192534668
0.0010689505341578984
0.174354997908595
0.08615668324012112
0.044601787178269695
-0.010059875748723659
-0.012063022408114722
0.0005990768073604219
-0.007329565411809782
-0.010347017522538915
-0.02833490118506592
-0.07561240167479517
-1.2532030296757322
-0.5137527658982947
-0.2527701064477173
-0.13500786570400955
-0.06375456551566788
-0.027469119385173223
-0.4187177495895799
-0.1315438158416719
-0.7360940191595202
-0.5035597474165711
-0.001215741238976444
0.03543276773586557
0.3066414860457343
0.5156268573970392
0.018934718676182242
-0.004281716087691778
0.07471537074845858
-0.007851409428166499
-0.007326049009414924
0.038427493521590625
0.1204442158000075
0.9268163357995818
0.5374852561520208
0.43368101037738793
0.5792939950062916
0.09835880451288245
0.030745734455757505
0.3182672837889181
0.4888852959065255
0.6982798590057688
0.13894047314695981
0.2910755416731056
1.3301320523618803
1.0106579263217128
0.0805114274041536
0.16762150034272955
0.22546918090110218
0.13130025350377625
-0.0049470612491158
-0.020921882437953235
0.053923035561137644
0.00010432354276652138
0.005163857646150888
0.38487635011809135
0.041401885631878785
0.1614903401940458
0.01942398194634849
-0.003386691100037075
-0.0007596800374761723
0.004120360846449362
-0.0020356169046763773
-0.12647030292360487
-0.6402961821167975
-0.011390385013736999
0.02398483193259722
0.21983426614070534
0.04959133980832504
7.189257534781077e-6
0.11992123088705003
0.22173178540714175
0.0969888908031156
0.17474305838091453
1.0654526247577787
0.059440844722647046
-0.0067283621527599756
-0.30735265892914687
0.00031374616399497575
0.08313463636303167
0.2633806090844435
0.1338290133314138
9.577847614664619e-5
-0.02034133523885979
-0.005901965688935383
-0.13695073846046293
-0.0003976991104118284
-8.457987578261602e-10
0.006157455871371995
0.06151126284787792
0.038766189632020026
0.009276127155983485
-0.016446919984757946
-0.023960046817560282
-0.16887338692613776
0.0008522236520149046
-9.61707316754973e-5
-0.03774916107902021
1.874193235112901e-6
2.8263693277669726e-6
0.006094357769104361
0.04042485671998208
0.1393627220636919
0.07078363014366089
0.16072499046596392
0.27244477086193813
0.012153406540160852
0.004628686961281448
-0.00022271683089233044
-0.00829511702424601
-0.27019314072932354
-0.3743006925230946
-1.3405604822648989
-0.2522906372186885
-0.10810249123098196
-0.2010353639706859
-0.13979397835850974
-0.056453832738038834
0.0021991277777323056
0.13458196687245091
0.031390649377673344
0.010967595440678192
-0.07986080414158674
-0.04683728825531991
0.09416514656300008
2.190457176886867
0.3901125724702761
0.8303285094571455
2.5977417298419696
1.550882944496893
1.8623171603608877
0.896163274031978
0.9482961261192295
2.4092277212316686
0.8838805684865595
2.310455908048326
1.960971677862207
0.9516292391534703
0.08924437074461666
0.009483115912214532
0.05344713266217103
0.25287901331076185
0.09337863399225226
0.06222990088870009
0.5002873426719692
0.3516871349239508
0.3146179880278559
0.02893537863436456
0.025068469749760198
1.423241473238854e-6
-0.17868297270865097
-0.2748693147591613
-0.0024480909067780086
-4.824179028563674e-7
0.0008323177584986083
0.05753113295964683
0.13794499849330416
0.17691895997204662
0.005947012204104015
-0.2231358401917834
-0.08224754337303376
-2.851972770451938e-6
-5.6782197008877066e-5
-0.158048137385712
-0.003916139109292724
-0.03471235957062578
-0.09550934610837492
0.06855192638591132
0.10938162565477463
0.14175488951086362
0.1985485633512906
-0.0010575989753523805
0.009797589205488969
0.00079442085754512
-0.027722799298572503
0.00020562903878077878
-5.4587545783551475e-5
0.1257581699501928
0.20056601449978975
0.016401555460912213
0.004714160206043666
-4.777921714937493e-6
-5.6204143701093396e-5
-0.0024703199285456374
-0.0005258886519696782
1.605149993887231e-6
-0.0013896219594047052
0.003044145911455883
-0.005503075336515557
-0.13887507411566524
-0.909152071292853
-0.24334787067811567
0.00010079495344738982
-0.003731922276503095
-0.0007535648831962341
-0.02129011572652567
-0.32155701942985465
-0.7734684206850349
0.000679714737916014
-6.43865528051818e-6
0.009944873783136009
-0.0005334900182543875
0.1120785475064277
0.0013023203782154685
0.14803842152398594
0.00021050485037891795
0.0245822272683579
0.24860797952837396
0.7006297864480536
0.39423144820390743
5.688984706662465e-5
-0.008755705942640786
0.0011498625512108712
0.007393881598614421
0.017528341070007246
0.0030062071557930723
-0.0017026696235903996
-0.0697370311664407
-0.0053320141578731385
-5.489605943573814e-7
-0.00017922823008661697
0.0045517642617015335
0.158540706464286
0.06237479925844319
0.28596836075998255
0.09476629061225378
0.2476534870160994
0.12372026413460993
0.12602715549503724
0.0001718592921926692
3.059431940656586e-7
0.00823372641594578
-0.1302121454308239
-0.26312405347109613
-0.6613448865025876
-0.005245328626933911
-0.1837823609387494
-0.9338449576213458
-0.38493322564437144
-0.5914944234073161
-0.5945386560624958
-0.0345964509779989
-0.1448143769485441
-0.34071944710070234
-0.08728287548618112
-0.24483795174106382
-0.2150965093527428
-0.03366480270210011
-0.08736335142374939
-0.04164204789953708
-0.29729328805438177
-0.0733855510214377
-0.010915019000916761
-0.055068733915658676
-0.0660492838882792
-0.3477074528577981
-0.17949574273107585
-0.06721755127347318
-0.021194074753053346
-0.2198309235677744
-7.335333874615252e-5
0.21389713026781063
0.20841982663027198
0.1392968748155788
0.4439148390093874
0.24163382800776645
0.5107810806692654
0.7225535072338559
1.5061733266558475
1.3424869769451704
2.4722177662497584
1.6253244205284876
0.9736875123261887
1.583660744296008
0.60529387145706
0.8539759439654564
1.1119548273157553
1.0338194881799472
1.1613864724034169
2.149012775897988
0.6132998940735547
0.037986701649893546
0.08882286058634002
0.012554273349140187
0.0862761415433819
0.09561207505694767
0.15179130513525707
0.21274949341759825
0.2725549023731475
0.24470686402774636
0.542125709951379
0.2746222389744856
0.060251591529105
0.00036600482413402525
-0.014674782983551153
-0.02017393203029205
-1.201394578859838
-2.9699415488311516
-2.4527781211478223
-0.6352251322405977
-0.6869840278186349
-8.843935865963845e-6
0.003960303925286065
0.06169473778832999
0.10772965468649558
0.028862750178747076
0.00024473186535875437
0.20461217673145313
0.010569829721081036
0.006384230557927293
-0.003084950848961269
0.022733642421669906
0.04320302205247482
0.1400713271178086
0.09084753374710137
-5.467211261589098e-6
6.904365794850671e-5
0.24685772537204234
0.13152677408881094
0.03832077133661581
0.07212271157973242
0.000923800226591223
0.060604078773452474
-0.020669103301041297
-7.914143327731945e-5
-0.013882586768593027
0.000707699484500152
0.005696876804035721
0.07268723240060734
0.8737772119127305
0.018232212402860867
0.006473162379001936
-0.015389891414318069
-0.16555641031004936
-0.38031733717292715
-0.009244463818603313
-0.002973199502131927
0.01723956576778084
0.3305672533779707
0.6526995694492906
1.2594140691684539
0.417317924028989
0.23068873901628142
0.09328538441885392
0.09667916719019992
0.00013367654765478467
7.553125576166516e-8
-0.008250578494857002
-3.0156723880674428e-5
0.0048040029648175235
-0.0013667623194112538
-0.08141248260070931
0.10854352540358686
4.584837859495014e-5
-0.019166852558882428
0.020663353033257663
0.0028122698856222895
0.04996803404583804
0.0705947632244716
0.0057591945405366845
0.0004055421313708055
-0.02217135903125013
-0.04444833438622513
-0.03706749142835548
0.004380412326550897
0.040935278019124575
-0.0005604048365860608
-0.05969513826200734
-0.04771262390114081
-0.09998701804935019
-0.5640190112972647
-0.4115278111444
1.2968609072140135e-6
-0.003908706819768656
-0.005381399285911618
0.1063820606424223
0.5243774449603974
0.635477877004191
0.04248855644653464
0.014065046803818067
-0.0031816701783119977
-0.2621297689240387
-0.07883019532991387
0.0059571586155318665
1.8288487617218094e-6
-0.06883681571965139
-0.07231180649442694
0.0034540922529941584
0.005979752562013874
0.21887411906715387
0.002197792738516468
-0.005286971092978349
-0.07254424740398531
-0.2036501101918469
-0.01024524431747512
0.002877943647932764
0.005290972992667445
-4.850522888028918e-5
-0.002967960752048761
-0.014239317513990891
-0.5280003174037574
-0.8374852047321237
-0.017764477458450213
-0.0893294129087023
-0.00046640057727186703
0.09106577821179396
-0.0007500383571710267
-0.05079746670282001
-0.35520745757987005
-0.9447196606317269
-0.3543422416178356
-0.3553475445515636
-0.13505468297733245
-0.574286985756228
-0.023500938316566643
0.0006860050276565515
0.19310468560807023
0.0018941353450062347
-1.8849653831135597e-5
0.015831120187382624
0.0013351827150639161
2.0231948580286705e-7
-0.10723988566384342
-0.1462858886495775
-0.3885139375752659
-0.0007472846473478918
-0.0001060748151320563
0.0020142757016710297
-0.04195809225451829
0.0038247723411786736
0.010400840694760265
-0.015227748941637446
0.00011520177868380869
0.005836994860848048
0.026907334514603292
-0.001264310149496598
-0.6727913789341319
-1.7902641991757358
-0.17608000020362546
1.2100160817325796e-6
-0.08029562317784227
-0.02089947740978958
-0.0398812598362758
-0.020189228280098552
-0.10227493702804206
-0.12543040761438934
-1.0621894709784011e-7
0.0007133109158183197
0.01860593350631917
-0.2090477129505228
-4.3704580843643115e-5
0.06263876274636139
0.08274475713499267
0.13579980096030714
0.07244497818946354
0.0746330629186382
0.032071157294715824
0.4686376565726777
2.1987741303300297
1.2238211404434929
0.3803142112282457
0.8029091056411305
0.7819183232442513
0.5159570768839099
0.648280522196685
0.8683529550105206
0.7021783589654824
0.3733882200343931
0.43860700510446654
0.18780414750793575
0.30738523318455774
0.33497427054121953
1.5667457774824578
1.8813133281990946
0.07053357724071362
0.003198331383646396
-1.7398265288499872e-7
0.005878136855590176
-0.012969887096850825
0.006864547846838733
0.03796906439778033
0.08803397304708231
0.11814592240063304
0.5948713350920996
0.13207116944126854
0.31108393831674874
0.1726568957344952
0.6504469823226378
0.1611621857060735
0.2586157065183356
-0.0032174170990501897
-0.10269938431829011
0.0033331537553638172
0.003451352927983953
-5.621460033002992e-5
-0.00016989115821565288
0.4980726265296921
0.11669717140571527
1.6449568430922117
0.5802115763213217
0.8536082946861127
0.43266745924386085
0.033974664706142195
-0.053334704539508414
-0.00021782434623117855
-0.015183003765759684
-0.00037925835884576635
0.0353391388798086
0.045671773728269874
1.2503029850478926e-6
0.001188978567277553
-2.2813996852544128e-11
1.2061685379625332e-6
0.00044211101414839786
0.010001969157434312
