-0.05967741397553807
0.5765883957693182
-0.6161844290174905
-0.3038214116106757
-0.14665167673771232
0.07357116281465371
-0.17467484801656605
-1.0878888125028963
-1.9113661683521432
-1.172933985102583
6.9401871631096075
0.8341916461225662
4.165213318174994e-5
-0.24234773418971067
-7.893065576654707
-0.32394299440073243
0.0425547900494209
0.1961220979719023
-3.692924798265636
-19.160417951568615
-0.003899441551652774
0.059601062503887206
4.052770077228754
0.6177789045069579
3.048907983622996
11.656164550309901
127.18080299718731
47.19609134627125
7.637927133165617
0.9561297533864479
13.396086672095949
-0.558324245127192
-3.4308886100607565
-0.02898973763522681
-0.37465514201775324
-5.572265989205004
-1.098349580653781
-5.333334862706608
-37.886037038778746
-0.0009780535137352585
0.0022268860103861286
0.9039059911155098
14.35307740808355
0.4653528873875593
-4.10601053887721
1.7540725055569393
1.0230335546293463
4.976139846212353
-2.407269823540457
1.0360578407081364
-0.11999004981533616
2.065800931170939
0.4068655454305473
3.5071676922562225
9.782177582624865
-0.012206816496347358
4.75601739981386
-0.0011746990389391236
17.959366702381992
0.0028123621995618203
6.534533647266349
-2.049187934886791
-53.28380204257217
-3.597691129354403e-7
0.007838937268562326
-24.393797286880318
2.6479948741301036
-3.321728834114223
81.27902035201446
0.10188370438425236
-1.689921039174471
-0.21796059199461154
-0.17990762028330978
8.927771920698432e-5
-1.8842188181869257
-37.58663878204174
-0.05765920935945084
5.069424959866328
2.9214921922246355
0.46995256982704864
-0.03354925613858522
0.11130884788364186
36.52312211106808
5.649453001434395
8.681601852707951
7.198308549900985
9.042930089689435
0.633846824966644
-0.05321968730462446
-0.17087021989825565
-0.057541232226088694
-0.8635186259152099
-0.24078247427962168
-0.906467168322947
-62.69255215537579
-16.096058765166923
-0.16362599073808878
-6.861930941478775
-2.710159942040054
-0.02265884911606564
-0.0008919894372485653
3.5403863824546162
-4.520996789529803
-6.868469370448783
-5.229322829308073
-15.537457073483498
-4.135556760971501
-18.186971639049794
0.08917551423991045
0.16707490878013148
-2.752241195449339
-2.6970191079807795
-3.830713313347239
-11.10517383810678
14.048260024701795
1.964323062225076
-0.01151826689724391
0.4413358742731884
1.1199593145964173
0.3853238648094338
-0.10217263772370432
-0.2416828694935251
0.1807638239437071
-1.7399239125852324e-11
-0.0014254510109209338
-6.043879808832431
15.994787210956465
-0.11461045014191237
-8.17119521211845
0.06030734644084886
-1.1810015134925131
0.5642727927102109
-0.0035771746292922397
3.0222635354919927
0.024405936290217756
4.79975203153643e-6
-0.00014213846825574281
-1.6453386910013268
-2.4352355111164528
3.0024644886361775
-2.047106826741377
4.235907300985686
-6.718048531322573e-5
1.5290285579537306
9.624757247387674
-0.8358810261061512
7.958228210454834e-7
0.00044010771268263005
-0.14134295557179602
0.0069482368274736755
-0.03343981747366038
10.598983680697856
31.452179999373943
0.3354593448863767
-1.5247863238393105
-1.638270377801446
-0.37810243636343754
-6.957638807580801
-0.31505977572841065
1.6277916072633936
0.010195911748850942
0.06687634672281774
0.1584847486777963
7.701951024470246
16.735799785950732
7.768478678475884
4.674706648672818
4.308665763507747
-0.0013325732313297673
-53.96730111213313
-0.13110544202831675
7.7649289011307445
16.426201731933258
107.39766720485156
45.16061354563831
5.4335721233170275
-0.48535085183077187
-5.812904876670302
-47.041329057308225
-32.35040143720687
-37.83666490135852
-21.455348079940517
-27.690816825954972
-13.858151290527406
0.1465182292764969
-0.003021928235985704
-1.7627761915358557
-142.85195435324846
-27.222266062892977
-11.93004070788625
-18.712214838636076
-0.0032195359103182647
0.32774819275442446
2.489087581359606
1.1994071223539237e-6
-0.19635440403875112
-3.1874805195547085
-2.211352664612112
0.0011277871026422847
-4.019488276129664
0.24675700985442076
-0.10000691561163663
0.9558777239986596
0.1762424388863875
6.836470687869109
4.706758045491595
20.389294511693
4.332854752856176
-1.7043623920128204
-25.287257663697563
-2.0142339815323247
1.0384170174305174
-0.0004044977102127699
-10.65791209466991
-11.64726894785985
0.4068677048795842
9.070314993050242e-5
-0.011811905389636633
0.2771551167617954
-0.001733237873640054
-0.4485208437951825
-0.2963903375716781
-9.493099119910799
-5.478242036713399
-8.09825446664523
-0.015026540878755953
0.2659394030827783
-1.441639991497476
-21.133321857204226
-54.15808803423024
-1.5286819277028738
-0.02550936309503707
9.114194430271544
28.063436960145776
11.320630840201382
-1.278104085643649
0.6502801331967183
-2.9773045672002382e-5
0.1361764170604057
13.233520559486362
25.69779290946498
-0.07345821126940334
55.513520461681495
21.02402756441301
24.557749955147827
7.878922369461559
37.244887230086206
1.8168149855993345
0.23462405340106093
-0.005326845122694979
0.023928421230864506
-0.0014899577128672003
2.0402383303709892
0.001750488399613344
-1.3125418797118582
-0.505827236179909
0.0028483691133198096
-0.062276536766497685
-0.5993087154799439
0.002063466763459954
-5.558933562321881
-2.4153633028962327
0.030713152939748866
0.5514288254350871
-0.21911861611042768
-4.620515738892647
-17.345763042430693
-0.11900759276316923
45.495650786004276
6.08696000657383
30.842934544834993
-1.0113385842613625
1.7034439117165954
-19.10305936488732
0.18208981411207772
-1.7375546013691938
-24.429454250851364
-5.275436242214284
-22.037038646971475
-6.624223422551846
0.3088260244972711
2.4275738649517002
-0.025719581602682038
18.9242938385792
6.110743665181566
0.15412358565353143
0.7964816209234463
-0.15494491692213824
-0.04755969908011669
-1.475250394983189
-0.3076341576208598
-6.0115501930250526e-5
-28.286440084779677
-13.003594985116814
8.529556320599431
-8.137997451205743e-7
-0.4555012894901484
4.31749892752132
-0.6899576630164361
-3.5958299904501305
-1.1308761053255523
-20.486940689161496
-1.2022167732639317
0.3787368486324437
-3.94356567363633
1.7034772874624309
1.9428711384490827
-32.69463213533403
-46.86139641932456
-0.9777365955973102
-2.9093743426111303
-0.3628669127260679
-0.16456264031884632
-0.0009907498927461723
0.45269814573285105
0.4295684232722748
13.644972953565745
6.978892052117217
0.953436716128515
0.006834065826952081
-1.0404336883941914
1.7343703872444736
1.597006387383356
0.07426770751769438
-1.4835974086649684
-4.55793919371732
-0.429771239803761
-2.932529946980966
1.1130110776097069
0.417219580329764
4.829209781766392
-0.026724254261476697
-19.481819957083058
-27.167078309080868
-85.38122855810023
-10.698481717407
-18.563887166185687
-13.983370486969092
-1.1664226102665043
-0.04075434867118157
-3.6992890411656103
28.149650824141933
97.98751725730975
12.065497976778776
0.9440474169961806
1.3029525434593168
-0.06443018473017652
-5.502857107048059
37.30586763155188
0.005663298432371488
-1.942889159711816
-2.148960206481306
-20.617142320130558
1.7390556203566394
-0.15131985231846945
-1.1534406565474578
1.251927178254881
14.39171219401389
4.755830872252628
18.03545390911557
0.1695392365704698
-0.36773624468005844
7.106657401871604
-1.181088017326498
-0.8951874361507401
-0.4802870622660986
8.574897591730084e-5
13.254635148984889
72.91691509584247
181.76567377449533
9.560331735815087
0.04160523049032276
-3.2353539748784113
-2.3975746230075377
-0.009430073789307932
13.65679707426108
40.86181889450288
15.798522237503175
102.55763175933043
56.809948328790206
72.52146536800745
10.932202333684385
-0.430463035648632
-0.02497713252394271
3.4468515815128007
-9.397744979903258
-6.624876183533357
-16.072344802998085
0.10545852904607704
0.9941397923133931
-3.644699201577614
-20.10498971225817
-21.252959146809133
-3.6540477595951373
-12.898721207678674
0.2147712536418369
0.004745604621162357
-0.12015552319936519
0.007167989787059616
20.5723276785731
2.549512876101185
-0.2505700859636085
2.2135647138614543
-0.18349332118922776
-19.669267434906118
-1.145584613107852
-0.2019915962497963
-0.057918798639813335
7.955127414641153
3.8766561294802977
35.316878917043425
28.549702633126063
5.872918145692616
3.1586535857957263
-45.65883901663336
-0.6414620715578487
0.6970896506451599
-1.942644883311521e-6
-13.10160761368607
-0.0009965368871271037
0.10296054266176813
7.361467496992351
8.0107613985404
-3.8996811158454863
-8.98125996738049
0.1416085966394263
-0.009035975994034683
-0.0029587179359991072
-0.009622403736581136
-38.48664392766126
-3.1722717616797196
0.0005396476749623978
-0.2739981065372517
0.0052503802757858375
-0.3213990147157789
-0.46501881219876606
-3.528561967173526
-6.936998664927226
-3.16120828098033
-0.00466926721880958
14.433152018836067
43.71413771696752
61.94145490415733
41.09881964390031
2.8180474962960695
1.785607547050306
0.31472865412227086
-0.02285688494872927
-0.2641367435106039
-22.739020204876315
-0.7503479350075459
-88.16438911680314
-12.023502151656283
-41.94347342130009
6.023340459656681
-3.786420221480516
-37.1156973756169
-25.752360856286135
-7.136559860033408
-0.7297991470468024
0.024436161545520675
0.005739101966268526
2.7123186581235537
-0.002625795704650754
6.127512789088489
5.207905655346022
-0.021665042334069674
-0.10514958855247174
-17.385475765876844
1.5623714797324861
0.159303443031312
2.9070486985980217
4.418725740830552
20.67104805006887
5.279260997985514
4.926574464918912
4.84966766867289
17.965523985317393
1.737276867821814
0.7855636075119006
13.725769634822873
46.464883426323496
37.53283165565047
0.4634675692069052
-8.61609909829963
0.011032407488606552
1.0526367836460724
-1.6691410688287001e-6
-2.235551565484724e-11
-2.6019122914617574
0.49380365373271307
0.9780777423649647
-0.16833867868230212
0.014369705155882076
0.18049777605471745
0.7092347499650554
-0.2503734968776983
1.8707583027968202
0.24464750367733767
-0.008647319207660762
5.010162681309679e-6
-31.59095931985501
-1.5431387635110707
0.001983579075047392
0.027942791453614075
0.8282400854901054
8.859141709977639
-0.908222264731342
-5.260561774039656
-0.04740880553437476
-0.002531141468820592
9.94210765448918
0.34562218997149013
3.590649059133423
-0.5583335564117907
-1.4580565149689717
-16.0025448719447
0.010331641491287713
1.390547212768091
-0.25438662069545676
26.949011313976943
-0.7411472815366424
-0.015377449637404993
-0.06386354484871061
-0.19965978143463817
-2.768326226486265
-0.19798221890925286
-0.5454229805153262
9.536265160430785
63.84182494760073
25.452901313267972
2.9369184115604385
-0.1743893888671599
-11.03455385072432
-1.26902819996384
9.195421385031437
-0.00020891808860305403
0.08085618771817404
-0.08479880519447693
-5.030713245217225
0.03222697445165134
-7.170659101002239
-10.471529604052627
-62.08452875974608
-63.21950814107121
-52.96351897511326
-10.324506423331222
3.956652520003101
-0.0031867217449660936
0.299141887014324
2.7468189839578385
-0.7988853958711785
0.04364031896263985
1.2481146944828547
-0.0047174610128692136
-1.0650644605779245
2.8389674115224923
0.3318500223629911
-0.004627544201798482
0.4682398270334625
-0.0068168812562301
-4.808142819113662
0.10181542219269032
-11.115757152066065
0.001091771798025549
0.06683989970232163
-0.009322421942597392
-9.692093170017717
-0.0022541397536772283
0.18853305853236935
15.774930315192066
5.5295624172467796e-6
-6.398751583014919
-42.80297461659322
-23.48137822579023
3.9162433692905734
3.8179283625177387
4.1554792795801045
3.740868271020049
50.84861126704136
41.56316826255879
5.112715189862699
2.8112651304681298
0.1412641262790805
0.035391787685094926
-0.8567515720597527
-0.20362772548199576
4.7532140215845695
10.777378824989203
3.8883138812491755
41.77845910637838
-0.012229155239006886
0.5190118664724362
-2.0871367798606872
0.0017325842860387189
-0.19182313999084874
-0.05778802499663864
-0.7425431050961298
0.11162381003075501
-0.2198375232307143
-10.022866747406475
-3.123418699243173
0.00013017587385869372
-48.209667604994344
-6.875333677538517
-1.2651837673167898
0.0008275514690732478
-1.2469129782150057
0.3367057167646716
-0.00024466003885003783
-19.49970281403972
-2.491305054346687
-0.25937311794817225
-0.4779610262559678
3.7746360045446306
3.2331409025467477
0.9548215741797501
17.297051283810156
12.489241157938064
8.822004256118232
-0.05485663154960592
-0.6408100917803046
-1.970716832962143
-12.100533968832897
-7.489169460002996
-3.1387308830649747
-2.056026380860591
-0.8677147148497726
-38.929353486920355
-13.05992871456408
-0.0009586211392164445
-10.011578301425612
-0.2352212831541851
-1.4802962113280944
0.0012038316877844464
-4.560255437010655
-12.14878257752908
-17.22487538014463
-48.55534628165963
-24.287473099797847
-1.0429816290504483
-4.72848212115817
-46.62869215995996
-0.031862771609488735
1.56908109887274
3.3628027706631722
4.857493608985366
143.12333292017374
6.57400060152988
1.9141479966977102
-0.31457456033598535
-1.5472692413785596
0.2906463755095376
-0.0407062105299717
-2.9243247658204172
-0.42024211355512653
1.159136162986345
39.14592552056445
-8.03656227932011
-0.007452757985779014
-2.9053006278306066
0.1187129007941655
-1.0084483238668867
-0.1242190697964501
-12.45280290216804
-5.504763818639954
-4.648697723599714
0.04991058312805132
-0.7430362782752138
-10.70786947472628
-0.03235898210297392
-0.4934194984665798
-13.080612005794826
0.618885448029427
-0.1280833431648638
-10.269692752777177
-0.023539934332797652
2.2140053923494745
-0.03769876295363889
-1.422851911848601
-0.2261589514891229
3.188587637733145
0.4583013635473492
-0.0001018719432298331
11.70697292719475
0.2561454625436196
0.007215586013264828
-0.0557917568943195
-0.7008388387721131
-67.27515640267353
0.002440961111217983
15.692970377227144
-0.21236235434454137
0.43513457424562024
-0.053651530985219194
-2.0661934250156624
2.0498531576882616e-6
-4.972075928942801
-3.1962800306919927
-0.4059161585566295
-0.6604172477078137
-9.226128081824677e-5
0.013526666824971842
-8.970340401810336
0.19053294024381676
-7.24848559294205
-12.96206711149309
-14.79691989883206
-0.28529720314806184
-0.2643576508069633
-12.743080192546543
-27.60500015261778
-0.0015490541998233087
-1.4325550737838053
-1.540601273120253
0.0001908376210065553
-12.861719139024416
-2.184309524389335
-0.1997247690166862
-2.472827605677767
-2.108458673707326
-7.841696058949457
-10.11977230650577
0.5025601341843147
-2.7402022752101987
0.011201322268840732
-30.84829266872745
-45.33975994288272
-0.42062442169916403
-0.020044270533561743
0.007098475376304634
10.64134427632106
0.3510547070550449
115.11755659946635
3.6738940884675264
0.583487746368652
0.603020682132026
-0.009625675539788655
-0.3238776929295632
-9.743166632302376
0.10145757968994548
0.46911117347584375
16.58234258359981
-0.18192996949883722
2.014118726480349
-8.561974698403498
-46.2451386881952
-18.16745369365729
-0.07843877548739184
21.14372830969979
7.837174247829648
33.55892419629944
0.016978722882370668
2.746659419116649
15.884841431794966
1.9292207828484573
-14.56709097341809
1.54768828275896
0.24558559394177465
1.673792873192531
0.5661710061936339
1.6667259750310153
-0.0148324353074033
-0.6196797637185483
-0.05260651542491552
-0.12697240568663098
-12.236217018267917
-0.0589060416329006
1.7323176268052263
0.006419525578125878
78.21551533020906
301.5345388054573
82.44821365296622
12.011339150500188
2.752866694943753
12.34041106351284
6.816943192011719
9.388344463099491
4.465178431304639
1.6946791833350645
3.5458357002448495
-2.8518078226930736
-0.009136217717817061
1.3290125462436928
24.758212104261716
1.5608419753247273
3.732832843787668
5.8769698923024585
63.520590943452966
99.36077773345194
124.84655029444828
244.21589590474827
113.69524424729626
15.767919090230448
58.91178814331029
36.40790859166091
5.590736585728695
11.82726936967735
17.848318561461305
4.876147859686875
13.4793395390795
0.02358103240001327
17.42070195114973
0.8671022621374677
0.23431714774114024
-11.696780872476115
-3.76453156674786
-0.024602152338753354
-21.15109440134604
-0.32511761472794554
-9.94166619426271
-1.373967748797761
-0.3041285606743105
-0.0002355047320142194
1.003880508507217
0.0036890842063773566
0.09814195571785747
0.42005824252846236
1.349093445811081
4.409461500808036
1.2777260870898306
1.5417189953188162
1.1229295948247937
-0.41600231721976627
-1.380295776109754
5.624308753024239
0.5641858368235281
0.24076098768097043
28.3685604866053
38.182931633260985
-0.0772212769387192
-12.036466893336573
-1.8921875122968275
-12.727029808639184
-0.08156940796717022
28.56560380084781
-1.2459882040778307
8.656769197664367
-1.7382707682723901
-15.651155534009725
-0.1390365159526384
1.635454715130785
-0.049808020706848775
-3.171952400650035
-9.474151855133867
7.096094283740858e-5
-0.20935500144900418
-17.510289632996404
-38.97122464407269
0.07280955288081462
2.1222711968166226
1.6748789138646285
-0.8292384732287289
-0.4814106570778356
-5.205905253880114
-2.6046000708764354
-50.22066720416048
-10.638388456843572
-0.25323433819918645
-13.710723159192028
-3.371563884363491e-5
0.6304749610478957
-0.025204025507887272
120.23153725907865
62.31573902341281
-0.020570491283696053
0.020091316827885796
-43.05319227929511
6.211877817197253
0.043204441397023854
2.2418666890076784
-0.028234690817456713
0.005262286777893957
-8.15789421835398
-0.3228368917087585
-6.259378207046932
-11.472381430952558
-5.440699639309109
-29.394760769500373
-63.39162621120938
-1.005585593521149
-47.967815421366474
-28.599693861381446
-21.697068996853375
-11.810656477121235
-1.7859415997166008
0.014679080239347456
-2.7877112031164955
-85.222430467458
-1.486877472790663
-5.239616090760539
-1.2546322035051027
-21.066489381370843
-16.7418490894242
-27.35083856592355
-0.0005014823836162786
-39.92916255007262
-24.209952590980606
-0.47875367717676753
-0.4417801363925354
-3.087183682594163
-1.4324017528245392
-0.19606507348993094
2.2812493606891073
5.581144733651066
31.885638313032864
18.159911158696502
0.8153734487404035
4.831570962834973
0.4753743654483265
-0.09130961308499012
-20.82866103519141
0.33026719391067605
2.9209600348135627
1.1119434041248581
-1.6251313791343658
-0.19456062818967432
-26.727015538007553
-14.678002384199587
-32.32259417091891
-0.6237997392987853
0.35779055428535583
35.25651887633706
29.10527167171635
47.36217237575301
14.541825009270518
0.22966143172341982
-0.046070642520527484
-0.5815847431546061
-32.68016932263687
-6.14023572629726
-28.24785796990504
-0.8208823369510941
3.2070046918007566
-4.6218384565079225
0.0021495062036607604
-0.9423033243208979
-14.83647096974538
-29.11577889206638
-112.75816419650842
-49.27864018629986
8.330113280266485
0.12968362542591513
14.048852483556674
3.9924906413839945
0.055975093780072975
5.140712667589789
-5.741554118452436
-6.348720444195236
-6.500636168158145
0.25967288054210313
-1.0415828295557564e-7
0.013884653751507303
-14.925823697850221
-0.0005830732824084767
87.81955499380089
26.16568262695889
14.702247565186397
0.03575510166889855
-1.517571877237045
-39.04750896989365
-191.58391900605335
-42.69504970325302
-4.274522668927309
-0.005890606856623543
-0.5692786299472143
0.020569052935224853
-8.987783276051553
-13.483370898080171
-33.61000863857112
-1.902179862302531
-23.228928909810893
-4.274349360912878
-0.0005169674849812879
0.6999519599604944
5.655258954720454e-6
-1.2977965853696949
-0.09362013929303503
-2.937276866977952
-21.04365446965114
-10.99330996083204
-1.5304744333993072
0.11299677224887587
-0.014762601350273437
67.7649448171785
107.5529281217113
0.1731730078792856
-0.06162910264932488
-3.301849140966336
-23.322809451075415
-20.372663232473894
-4.509561295996548
1.4927190525579812
-4.185183238214228
-0.00028396860461302046
-31.354139755894753
-0.04920159241108914
0.5247001135906326
35.034644318216166
-6.638814356333097
-37.20091237524897
-31.138567578789765
-13.070697935006123
-14.334711542375203
1.4149991291703423
0.006937913683305532
-8.471089244795914
8.680066966165935
1.2064936432092852
0.05187302344404804
2.9591090840676757
9.506201898695469
57.38857603335789
0.04295144180927477
56.968542902093034
0.14822462168339237
-1.2464025080538517
4.201732943307886
0.37125194621555807
25.500441227770224
0.006881467386778911
-5.072727794766224
-17.165327052487935
0.0013041808384671833
39.23184154310024
18.99057724149205
140.39787409493954
131.50767736465914
107.15300154920502
40.744344351348246
26.767863729484045
11.406612927125545
0.0299249374961306
-0.09713363957812232
-1.403089772834614
-5.260448907581428
-0.0019740938366458382
-0.6319017979259763
-7.993239808665079e-8
0.8925555008876985
9.679844824077378
10.588098565259724
4.252516651617915
0.6331612121150301
-0.0005548805817363304
-9.520852895302696
-0.007553331899937881
-0.5498834984540892
4.0956778572008945
0.8946350626512558
0.013362498098972634
-5.6541118974378336e-5
-4.587962613373176e-6
-0.036931651698170274
0.09093156766610723
2.4366589813343476
16.485340566700035
-0.935335087923445
-0.00023363047242038853
-0.059251428286784986
24.0832302562752
-1.8625426176371427
2.300902296006312
-2.7262557315247893
-33.753078359404775
-19.67618509493472
-28.825267710216504
-18.568393714926362
-27.86991266385854
-17.672089770007112
-47.09473488447816
-0.04237115888247851
-2.68584827213019
-11.822810768049917
-2.700668904006995
-40.569279058404874
-1.9345340321032787
-52.74204630493565
-4.605026215628382
-3.752038363168483
-1.0896985172920062
-1.5109038074852368
-0.9323623641250679
-8.936728371559253
-8.600761759437605
0.38201841159217675
10.350793104799337
0.20302740168118713
5.953960374114264
3.370688984937755
1.9492035297152897
0.0011647520231113737
-0.05025661120967461
5.712320179872973
46.83755575508256
4.026336248195938
0.49867945370323286
-2.4417889562107122
-23.045666087935565
1.1770755727969504
6.167504181370183
4.065265269555376
26.924795721321782
104.59377611281174
62.090082443531
55.25413193232071
35.748647580110195
5.312493130789668e-6
0.04576888963781785
-10.249775318769805
-20.161743322115804
-16.333422710807053
-6.544737140609991
-13.097109232381484
-1.948996505187889
-0.17904392180292306
7.895473513609257
-3.175178755159382
-0.32377234120160453
-0.36795608421899234
0.0016574380500027931
10.304204155839473
0.3526665841069608
0.000139348079753319
0.2814364448043246
6.451517844541616
-1.4043300708046031
-37.141112913219345
-1.2506251681566778
-0.1940391209672886
-0.05643979295155702
-28.439168622520533
-17.26564427715307
-30.05756406213515
1.4027874898704766
1.051420933975914
-19.75096436478553
-61.17318626959824
-20.40387585895844
-1.0533406514075618
-20.212724024666496
0.0016386187595997636
-0.0047095449666357215
-0.0015819686988406832
-3.190931129896469
-12.847818161975383
-13.865955724258415
-12.959991625012522
0.03413450710518066
-6.127590305569635e-9
-0.25292029844876146
0.4392943624493147
-1.4495217438507588
59.89332517907686
110.19624374117132
78.46247728228579
13.459610457094042
11.644421394318407
24.05799792906361
0.3331998241356427
0.003980177738225329
-0.0011649926826417987
-6.257602987698235
9.422399501893425e-5
-0.3516371963507842
-25.75998870904249
0.876403285069245
-0.8025407998294516
-18.35002230388621
-12.276774068083094
-3.107583086445153
-3.0587817881872432
-10.52531538516566
-29.138517784440015
-52.26358195368958
-7.449158367043464
-0.45470024886145266
-1.5737911403982163
0.0005292925781776872
-0.01907251629366835
-3.8539361665208967
55.78862642283904
20.58185025843155
1.047915754224878
6.408188588154899
97.24535359284206
3.3512377405782847
47.516997000746585
-14.111113994449013
-13.06274724520722
5.445199013213474
7.702344260809627
0.095976326734472
13.36576504500537
46.071003447727115
57.87697453298874
76.35608134667183
100.98150002064132
-0.9846758610464696
-2.6009377584094744
-91.5705786848217
-22.773927116622236
-39.810265651402766
-50.92640816390166
-8.826566029841613
-70.33545915562075
-0.013951255399442097
3.5766365300780096
-0.32184714736161585
-0.7676440405016868
-7.339464937795117
-59.73754097059481
-9.399060881996432
-0.8044053208520944
-0.024040124190947216
0.0397070145407006
0.748008176566214
0.01847545774268951
0.4052974099952972
39.16793784088257
26.53606097276123
26.462366969899204
34.3224689468947
20.743958363585417
166.42055189127288
77.42469164722692
94.51183484815716
39.37648984731296
42.33358270877244
5.3875272607936875
2.868845092281438
3.2418155492610685
45.91307664201635
-0.1295410506227671
1.2744900933286619e-7
11.169005972800367
1.6197929137993543
15.347193745109527
35.96379880564537
2.5306308987413964
-3.392042832911592
-2.379475585802157
-0.03979403682727153
19.008729805821886
35.884571224321895
0.961947567231055
2.1806433874113917
108.99663871730685
45.39312141316292
33.627319877818465
1.0864166232637298
0.18947526761907213
15.125492885990193
27.48083101522638
-0.021622566341914503
5.4278254611490855
21.274663229537836
6.316228427847069
-0.00023400140630419866
20.37903061931208
-0.0025031738081091833
0.8268640617895114
-3.9774618562235906e-5
-8.417043613047834
-6.89012010970294
0.23431441757110716
5.9308369974070185
-0.0005080366886111358
-1.8819572066442738
-6.079155220738034
-0.059782901915440785
-1.8469987981137468
-0.03739390530869717
-0.6593241769539913
-0.44393662779375154
-1.099288126207733
0.0013365107291066524
-1.5222904623141698
-0.06781642395293422
-1.463724774921164
0.0010723677037234468
0.210499638043051
-1.0938218190369329
-0.23590098699998374
-13.356502333507006
-33.538211367414306
-17.85800236241373
-39.13427549144614
-13.168595334804467
-30.333950913655478
-48.968281929864744
-3.9757931875615817
1.6247033534785915
2.2584976469194236
11.175162214312353
0.13993289029339476
-0.6555944830847421
-0.6653376169145073
0.0598739344485309
0.5057617050302958
-0.0012331194018497017
11.640760935650613
1.366285631214107
0.9771879149528759
-0.29177758185806363
-54.58424213896914
-83.74823838756028
-37.29998125769021
0.05978221590375593
22.46427052457215
6.7140133678201295
0.48673361075991367
-9.582767601191788
-9.174641582275022
-5.860803033870196
-16.573641567112624
-2.833904800066117
-12.886644109050561
10.314035055069699
4.5060098485647835
-0.5703268449761508
5.369493188441196e-13
4.611320698794762
0.8267287071746192
-0.19709491806853113
-28.58901000841814
-1.210364775604363
12.14452809053502
-1.1735720341529006
1.8151334718732888
-1.5662437648512495
-25.091303451557174
0.006735043360411481
-5.410177503471976
-11.574162739238625
-0.2408421291046856
0.5621464894766577
0.0011790076387215057
-0.08256581369144753
0.036638718674907374
4.487511944275117
3.031976852525376
2.1584274792040294
-0.2501659701815348
-10.191657768737388
39.113643665688656
1.3651187433500802
2.5610307540604604
-0.0490969745230447
28.102741821590232
8.686960283506355
15.018246158343338
0.0027919253402771296
-55.7380719600197
-1.6848697098887946
-6.7561004452999835
-2.50630993437828
-11.21837149727211
-23.559141528320776
-22.038946344060204
-0.005240564015748344
-1.3788862078762913
-0.5270268411484903
4.935468666540383
0.36276628634320435
-0.045247138386414185
4.928281873463537
6.865797406859528
1.1492579678430979
2.2525711538100386
26.16190882787062
-2.740670625668095
-0.3461183883759231
-0.19423153070811305
0.12798473159478757
-0.20525883470515222
-2.388210363968609
-1.156647371819553
0.13326822994337525
-0.16917832440352557
-13.44717509303136
0.001930091150445822
2.6358608222573
0.046137881992899796
37.87367431400333
1.9926045006330284
7.602370005427589
3.202093396565787
-9.057970580414075
-2.4090490381063803
-2.201329681213712
-0.54036724736694
-1.3014329750785977e-6
9.401367772679848
37.765469819577056
73.39554917143262
77.28206102842985
220.23808119144604
180.99436330138658
98.378885644377
92.67113460110244
115.66118420721502
18.145070146055133
1.7328451487819938
-14.206652327833435
-49.950051275124586
-20.25335730636704
-23.359288134803876
-2.1960743332732937
-1.0652999803638303
-39.34647933643994
-5.608827975144234
0.22898643649852857
1.860128588977364
-4.584785389894417
-2.9215793028891737
-2.772985561346847
0.12152604015047215
2.2715342932421367
0.3171749014397249
-0.8889940360871845
-18.07976297305191
-44.097819445186595
-0.23018603222142298
0.017954152728283074
-0.11467001958402932
0.059745395351020136
-28.44048134801726
-24.01298854051584
0.07236601538632137
-10.84037627498147
-7.283966452320895e-5
-1.7987386747607133
-0.001642214601868239
-0.41504324204507625
0.7207239097581336
5.675111107717807
0.40221048177386187
-0.05010461270926335
-1.2420576994411952
0.05368278963336019
0.056404914931069985
-19.39307646112457
0.001380424431846543
0.9881910202486782
-0.01763907041539416
3.0561608768332964
-8.404210862801127
-45.4522197483481
-38.02505436824315
-0.006986551549877557
0.3386573599838658
-3.1546612535992735
-0.3891770780633826
-0.000979226081923628
0.08011416915742713
-0.001617512141696072
-14.620256913759993
-27.683978815092974
0.09201615123142226
-0.596641024716171
25.431533106653777
0.0350288387763036
-1.740030683216189
23.88181967815836
65.03561903053095
13.763881129050406
-0.7307379524413409
-18.258991366676764
-2.0465415074183824
-2.115710564427442
-7.5784908998304275
-23.368914389829907
-23.091735316181055
-16.577958462415037
0.1868937739600944
0.21970793707920705
3.2556757786263444
12.317517198629117
80.64689897211602
98.9500336593291
362.7950658983729
404.5701013752811
303.3470274947302
115.6212093175734
274.97912312532713
94.07708990523939
236.29459011904473
253.75575682549652
215.34486731025135
287.11798412039286
150.90033211542033
422.7267602899816
198.48522849241104
243.59183709265847
21.602542089285762
17.80763372825592
3.272226288107616
100.17136691256314
116.43172666341883
14.877442420288359
-1.5289416400631253
-3.628775574985538
-32.60138939903843
-0.0667672071973946
0.06640948656481421
-3.12131907036573
-0.982366036925477
0.006556976282100553
8.424153796079294
59.95251853407518
101.13751791934547
12.122813330478307
8.174939430643704
19.62849852929
-4.645709898310123
-5.5962540942447365
0.011432850407037056
-1.4524596331382231
0.0011782242221410224
1.2169845737656477
4.692038102619684
26.355693212483967
0.009229791589597356
-1.1130749634532233
-14.291420472925575
-60.019124920533386
-27.32032880615889
-22.242105376209956
-8.36982990886333
-62.73461032269182
-0.02027086685197388
3.0210825700142385e-5
0.19325025186138153
8.528256748161972
12.257366544726503
-2.181874305403281
2.6880563607492216
-0.114058683952959
0.26913564941927937
2.2009712956686736
-0.33290044154120046
-1.7530116435754097
2.6748134643466273
-0.034043226468409085
0.0001245978988614308
0.18248180616318213
-3.693885162713569
0.020610389133567355
0.517511871315503
-27.852557933937824
-0.15162869166222973
-66.21707316234183
-0.03658337422237094
-0.6610448646034875
-2.622929530864377
-12.624047878835308
-23.643889820581755
1.398211448333138
-0.10285879587188188
5.050184090797585e-6
13.042438121858616
20.58297080991424
0.013869307071418247
-26.399347970164524
-0.31688071273588764
-0.07218182043404939
3.019007181527274
1.5389951197693228
-0.7199342761445684
-0.3151808366680244
-0.8203737936201022
-0.4031468885643093
-42.26985239208848
-1.416957311020679
-12.193252906095195
-16.118749391315234
-4.3781069352571045
-4.990144146606806
-31.82201762281852
-112.60715158782493
-2.5558769459563946
-11.42352376894004
0.0008097345623626799
0.006926333714820966
-0.2960085933310217
-0.8211299152593633
-1.833377915090031
-21.994500316868542
39.22724311207372
56.1840243696809
4.6834579689771525
-0.04087439382295323
2.6194797955444455
65.21946399608015
134.7420527517379
11.710816596652363
-4.9046158209143025
-0.1065788899973317
0.5900775948625616
19.458426702544678
31.265496409006495
-0.10833612542564845
-3.118777487895513
-37.517095130950146
-35.81292585559918
-25.383931453421955
-1.3097780934347738
-10.04683202142072
-18.78166522945561
39.26420729443777
0.14836054490550782
0.00033719190400414
-20.273042346315858
-0.1950631905058734
-2.9042483310145863
-0.0013244750567293062
0.4283746799771888
0.5319910789479524
-1.0943469888583377
-0.22662333325740602
0.023572958625796798
-0.43657087033837844
-1.535497179146659
-1.054932176506934
6.948281483560264
-1.4940678422511813
-0.37116309008712073
0.00013698226502527696
4.931466647900627
-0.008523159909043083
4.087718438126714e-6
0.6134729790243827
3.313579158615719
-3.435249078942343
-2.4080736809686307
0.0565350027590025
-1.896624281509547
-0.007486344272559091
-34.48387705955994
-8.973141735416567
0.001052164867843358
0.2864933457540162
-11.802818215640768
-19.38427952411294
-62.66497224847457
-24.29552792548469
-11.581117637454634
10.303810478989481
0.009250784061814937
-3.03203900960815
-0.0007845432084227791
0.7053893216104083
-0.4613972586524318
-4.404954862268811
1.3601891768094838
0.9963931643504239
26.91744254576245
0.10828474772871721
-2.9953340695720485e-5
1.2551792561345914
74.08091443619516
-2.96058104068015
-1.9746521788922573
-20.488376506277195
-0.6498645636791197
-1.1926587545229754
-1.1534462320505243
17.48942498215296
12.910274351434909
-3.067662028273534
-0.016335388117926973
4.577721757742487
8.153597380414944
-0.12789915491209158
0.010448070434617051
-0.02093715283110331
-0.0002763605871292076
0.008061392618854572
0.9141234659513637
-73.88107378372374
-25.86317606133692
-14.584887514497424
0.082106939749258
-0.8775045917158393
0.665624423334634
-0.5892152863950832
27.55815572173372
10.789889151631002
42.99715010715896
99.26242081044276
0.012842123027271567
-0.26916054557405056
0.049788135218342355
1.4504015540353166
12.335292021504344
0.03849828566236518
19.605714331879735
0.7470396846894287
3.5626069183828677
-3.728209321849639
9.406535847737654
0.014892275164732361
4.95049583802688e-7
-87.77602542772213
-75.35226267376193
-95.414678186486
-36.27959762933592
-24.681308615098548
-0.40039652016054955
4.47048175189594
99.69545577589071
22.914079227030562
-0.00041897226925739973
2.859352202773137
15.829404653438964
0.006661655332585182
-0.32799253084507163
21.99957913687541
42.10239098190683
0.03178131915584029
0.5537798411329633
0.0050751308787553495
-30.84944256958531
-2.775917144166046
0.1539852733085294
80.85588605501661
67.30165367643478
11.15123141937142
17.848204079451435
0.9090103267756211
-0.04100681543488479
3.5798415176914005
3.1297420197357364
-0.005642879804720267
-0.014539850827407386
-0.9747188163794873
-0.02711530050967086
-0.0725737713619849
-33.91440244967477
0.0034216391924058536
-1.8717246011612112
-0.7476029621777639
-8.15270042988053
-33.59170954907706
6.042872523456974
14.393586535153222
52.93408149756884
7.597139181659792
0.03434305705298107
-27.10253388382652
1.8993787499727544
-20.859817951732502
-1.813238836873763
-8.812391853565686
0.39672256163284686
0.8858147723962102
-0.6841256189819909
-0.5469514373983901
-1.4648557042210235
-11.111572870260229
-1.908586741324116
-1.2209879934245416
0.15234032427622093
0.7531206009947001
0.9010070509198325
0.11157281127978355
-7.442360733482382
-21.98577615799454
-1.007469082183893
-0.2441121760024739
-0.8212604025836638
0.0027562130336870887
95.30150377057845
176.6374677692001
93.44107131416202
4.820277295842612
77.02715688571386
22.026393567327712
0.14992802123965315
0.19728438794241335
-0.4951536126472597
-5.113278503199866
-64.70759393255689
-3.4838136982023022
-7.440986834145585
1.8455920015624534
0.5000633856563398
-0.003467866598972834
-0.006161841679007704
7.088194091484079
12.219547974872476
1.0737293632081493
8.056835838775589
-0.41322613472664055
99.43321661407747
55.28924561489099
31.447064270007953
22.281421771870583
26.838177739875476
26.400166121581858
116.05290281411597
11.702329027345145
0.4429007299429376
-7.076990903385104
-8.888463607983061
-21.526890952019148
1.5086179324908635
-0.7593587861612343
37.91246837796816
12.912192773845039
-1.5125268862505224e-5
10.395340352435147
0.003393539377263296
-1.3521052242464007
-5.048812370092154
-0.8558439567659338
-3.28906192768195
-1.930079066868064
-9.552540930235295
-0.29459291775437324
-1.993513408681423
-0.44552303348755856
-0.4294635662177347
2.8238463560893954
-0.5998699580056429
-0.323649413013347
-0.3061294934769879
-13.919801426045234
0.3870656343424335
1.0860769567315032
-0.38927645461395594
0.01511899882153402
-0.0002529941159792438
12.037223689968009
3.625180700912997
8.951246106827087
8.975680359401531
0.4967668273320998
-2.0288899536979397
-1.3294748611861726
0.14395733646887446
-0.026883013997573098
-1.0384201790707313
-20.084600555818326
-36.10770660217789
-14.013779342431341
-4.318914667694425
-1.2887505386291627
-0.009937026817588972
27.783907087572942
20.599891336501464
0.004141189074754115
1.3012928852968564
-0.26622119391621646
106.29891370751218
20.613112482336575
9.638477542083475
-0.2190055451986299
-7.050788550837617
-0.0001908879383699748
11.447270698563065
0.01676220648043722
0.2771822867282518
-0.02222608417681017
-1.1410007441793066e-5
0.0013248524444995219
-2.0555705623086022
-0.40799777670495196
2.899230441302173
0.00469094765919175
25.353334115064225
25.939383563130065
5.157137803633617
0.898955918921897
0.24591343239812002
150.60986041440447
27.40410676676027
40.79695648994077
12.578049234465887
58.08888771355995
7.821241864286581
-18.04673414452774
-3.258206294888542
-0.06145142450150162
-0.009868950510504303
1.9084971043533752
0.330978596937657
2.294009714586179
-2.3804859071804776
-0.01086070476519468
284.6850945548573
64.38139945264895
9.937237567364924
0.46731057030192363
-28.65635824966959
-27.906656517855673
-47.996692983886334
-57.91061343909288
-19.647456901981865
-10.149779852964443
-18.245966762805413
-28.173092831250997
-1.4629371386036114
-0.09174763975829542
-1.2319419516408554
-0.22678361091298568
-13.41500891084012
-24.773318875542017
-31.128657447459183
-9.576429380816824
0.04148815749406395
-18.152353636400374
-69.92937729766379
-8.030792178343136
-0.03984734109143787
-7.964229492658607
-0.017089961068126044
5.289279518416592
-4.210260831827482
-1.2252689280103247e-7
2.443382604979361
59.165146378097205
0.24221908761262975
-0.00925407458179362
-5.064803866071608e-6
-6.565469757826138
-21.259666715346594
-0.07139146233605455
-1.8555477238154097
-1.055374815303912
-3.947246364021257
-0.046897581835419165
-3.287380131634498
2.7133573205035355
0.03320947321082214
0.0008513174590749654
0.09082364009734734
1.166670009026968
2.372519042380285
0.811799556114544
1.6891587572306657
1.9582696088758456
4.209237841647402
-1.2483938843339777
-5.068354423183058
-2.1267674512548946e-5
-1.4501323708331533
-6.4946620636206065
-5.598839636648387
-0.00038755710826468456
-46.928434853587966
-1.7085412070150412
0.001726271246144
6.380250680263664e-5
-17.159223375531425
-7.407727379646849
-24.5103200060492
-1.051765222394139
-0.0015716224968732675
-5.564483108085566
-4.453405192085046
-1.302073865451791
0.07186429737511704
-0.0032168617406126616
-0.07731901677153832
-7.292739114797747
-0.3420166885958922
-0.3705380300940089
-1.7569721024561071
-0.010443836014827875
-5.76975494570537
-8.035008239050374
-0.7834800938782129
35.16864211091634
-0.018074868135072888
-0.10009430575982245
-17.55581710188891
0.0006450227854017213
-22.86549368062979
-13.00641141655126
-0.9991258958707281
-2.811595697380937
0.07112739257426674
-0.027536704068823345
-0.11789694094085951
-1.1620409661573483
-0.0029873362982419578
-0.3449732830603011
-1.9971367291875441
-0.21748755001287653
0.6706106569311834
0.00014197688257042759
-0.008774300112296442
-48.308554457137696
-9.354713615503492
-2.9536879560400697
-9.37074437537238
11.64204294236958
6.463016804988474e-7
