-4.450719889257206
-0.424918485899318
-15.797351391081268
-17.718436499727883
-1.2227888884982516
-0.8601432091038598
-0.08972681362304592
-3.3879454459885205
-4.976941391134496
-1.4254254387029877
0.0510621334727356
-0.00024140688882072015
-0.0006870606986984046
-24.992736759321083
-22.537022829240502
0.1554122598594308
1.610643170256931
10.368485495102352
7.421462767102255
9.731670796997612
2.705544932012536
1.7829484629164936
0.10436719953165886
0.05246507269911578
-0.3280815364372472
-3.9922089142121604
-1.7475836404989837
-0.12491865112195195
-0.8719586502367739
-22.522227699071053
-7.3798553020003475
-6.685260543700808
-4.7431324564525115
-10.747509704261109
-6.54554709570171
-28.820076611742643
-59.335200327926046
-23.78457213976306
-28.55789411032458
-24.27667396770315
-12.045226225028472
-7.616062049204032
-0.0537321837327833
-0.9205432849870593
-9.897573295029934
-43.63924686018519
-30.450970798650015
-0.21252288065720734
-0.19018908088107764
-15.056668739012084
-27.594499853770664
-0.013178402701391817
4.494754394495966
34.14706271472092
34.397144820797244
25.782878430992525
-1.323905440670395
6.761519673548503
6.795187736525028
1.431642414137008
16.68630505631442
20.743491446258663
5.7941884382876125
1.6328487718692528
3.2261444367904826
-0.6161150548352162
0.48176714860052033
0.028609034838148098
0.0035128869657739745
1.755443832695017
6.266175227986827
9.332427541356694
6.0396293590466925
4.770400596063511
13.228000673613439
0.00580092570450864
0.09967835671569836
-5.776795218015132
-0.2330108716562154
-0.4969163017043497
0.05406577391673621
-0.4516142345246286
-1.288043937489512
-1.6895264222303419
-0.13833139054459023
-0.2488909962235089
-0.003257103964572849
-0.21443884091508006
-0.05945410929679519
0.006221836118198524
-0.2815091455049278
1.0123921576650363
-0.0008791478844312363
-1.9112443453968
-19.513972976831873
-4.300424901236551
-4.052915746569733
-0.742083782498871
0.2004628567168161
-0.00013812778639796927
0.07334349125292175
11.336099141649916
4.361770190598642
8.25371908202805
6.61046558652776
4.363883351866219
0.929541549815691
3.3064163435819776
6.455978004845675
14.356117054553177
20.484065455797534
3.909209176297502
53.467945621024626
16.96389567930982
36.99896920607401
22.78153146896084
2.0371247986759817
1.6672338901911907
5.287543700604973
5.511122581077369
2.2342760588729877
43.29926264788753
56.522921623317046
42.71309174611558
14.299044328875482
2.882676163338078
3.7004014153925078
-0.030502552227669243
-0.6989943553896076
8.617815981416675e-7
0.07514948405470002
0.023320320011779992
-0.4994510615225798
-0.011332628801295696
-2.87542010018236
-4.79279113161389
-3.4114857041144377
-16.625169404192377
-9.135611258007945
0.0024483293788105896
0.2871109309586326
0.9975565655069146
-0.057940292209324104
-0.004827983737345305
0.03853666087852873
0.02489628867201889
-0.002099266657345488
0.11445411891316438
-0.4349248360769997
-1.2557588790902794
-0.007614066901227658
-0.08952471893367563
2.2415717843458838
0.015617120095676888
1.0547688471852636
-0.047807351932027356
-0.158839237723306
-9.018187078079066
-13.07152446068872
-3.7818770325186217
-2.613688090108271
0.06595527191642726
0.029424118493519873
-0.19580560165046637
0.038088257377098415
2.5717648137302733
0.5119162596014675
-0.5025504782454251
-19.853009341323556
-1.7213836030667269
-2.625764498493518
0.10818546465100487
2.144514744754545
3.5205556371759075
2.265950114274684
0.002890543932619893
-1.5824832711740304
-0.6220401963423048
-1.022691797994809
-15.196277842111176
-17.981144110499628
-1.265535406325952
0.35671947186121256
0.10546711393858639
-1.7531238164116485
3.411131122560788
0.14760132806203272
-0.41512528221930084
0.043901768776694335
-0.5732201112993791
-0.17394500313986166
-3.204052361407791
-7.850372917792975
-19.17717427246634
-18.05179111138242
-1.8262646969273026
0.20441745944817727
-0.007140003210041213
-2.6717664921367485
0.00011304789197662363
0.06316959226617619
-19.176996102258656
-20.681242684305285
-0.012191315514538514
0.23519733021727218
37.98375682637141
22.194226201722916
45.821748510769844
3.552912290341971
14.008438446116672
18.602687270375604
57.61086326029905
26.936310371309357
10.260176465062916
68.90081934233851
14.262226836798684
0.010021405005203475
48.69449033718336
24.218363636665114
0.5209673123125833
2.577021201518238
0.010357764329324542
6.142763988212066
0.00658048940715512
1.0558304481848457
-5.232306700594013
-0.28567911085955167
0.008778034376062909
4.954932867549469
43.822269845617065
14.391572507993182
10.434703788584882
7.3464487706904995
0.015000365827361375
-1.5206488735886263
-3.737390480063943
-21.050400146502724
-5.1392567568379395
-22.253901669049103
-4.779546925135978
-2.34260239269538
-26.308553415947838
-19.615597288974833
-1.267801073460497
6.734526858097723e-13
-0.13867934082261013
1.1938579059839305
3.6077872734312066
18.822171488622022
62.15477517313873
0.7604118035641343
-4.156181816297365
-5.374751301774597
-17.650816028928904
-0.5515259008770131
0.31188789255153326
1.0237951792209927
6.8568325813627276
34.39032612546745
34.23464834199492
4.483039261938445
6.158045812706074
0.5559768302528646
-0.5911023067086993
-10.74513897566067
-9.55323641897545
-62.93596395567567
-2.835701191011343
-0.29514088425607843
-0.8848958010964857
-26.79564667373749
-58.321428659675774
-71.7067554609278
-13.80805352409204
-2.5490548151126093
0.04185622976726241
-17.354619723067945
-10.027718993303818
-10.25362877034008
0.17247202324633198
1.1826966193868278
-2.1265850570739717
-0.4040889315463417
-6.335422583754712
-3.1684711325641355
-37.266361315244474
-0.002481955489229549
-10.443713460002078
1.052301427126233
0.09232417002861051
0.52129250227791
6.830865096151803
0.01238060933243383
-0.00886749294885279
1.239810038398997
5.877036570493531
4.468701054660939
0.05957139406388125
1.0151285361762266
0.1252262241056353
0.07412919430502495
0.6406648525044518
-0.029911691033520926
2.9442913283861536
6.286988651464831
0.7617578174034316
1.0077478156239463
-0.040217582821378814
-0.6727890756642652
0.1679401408890796
0.0004137386071340279
-0.03815880417818997
2.0669315342951684
-0.23404740419364478
0.1925697222540525
4.439007974676807
-0.0024469993118054582
-0.5871127976630436
-7.968113799401551
-18.79103333900151
-15.92115004209901
-4.848893002690341
-0.021086024690733455
0.18998306595000666
-0.0007866244066217114
-2.1655314272138155
-0.46260333440142065
4.6951211767225765
12.022499791634019
15.409137557953406
5.298008755401956
1.9225033413220787
4.899447954886847
-0.014747519115583226
0.3256883264609597
0.3156670247003931
9.033745888599265
20.846576760337538
23.975692346098228
6.902191771547037
8.653664166511582
16.52526137748701
10.540718687427166
16.461345497899067
49.902837169929214
6.7547728116207395
8.693004606668781
21.45700409948108
18.662154501385224
11.980842236065612
0.962290411254076
-0.24905976051870007
0.34150378357520633
-4.771502829165946
0.11792599907886787
0.01794218936440961
-0.00415537495704452
0.15976470439215607
0.8532833947082209
-0.015800726491531757
0.3262429529858722
0.14112252484867252
5.100980783659724
19.180506870233867
0.6137961202295603
11.560363154202959
2.3324513955600583
0.2179557311513702
-0.0014124880507350992
-6.320303987333556
9.748944309087065e-5
-2.69366928977759
0.01721855750125376
1.0347092582828616e-7
0.18306649290214042
0.9248107631321343
-0.8923192485859258
-0.0808857049169324
-0.07208463352738703
0.06319079193018903
-2.73909700009893
0.3464414872267246
-7.434517274734697
-94.48013511056391
-62.08981571294592
-0.07385389723744157
-0.23261764593046788
2.5564995145271356
-0.9088787980869697
-0.0028880329405756053
0.4066784013772038
-3.9664485358474244
0.09583473972265073
-0.20543214074686225
0.13472698186968052
-0.869112653170791
-0.8376374691963634
-62.361471750812676
-25.890666773709132
-5.8985393991865065
-10.084400293010544
-16.709257176907343
-0.1746543974109418
-0.10035903522050332
-0.4900199734317333
0.00045678749352518556
-0.03528457654810327
-11.552675225931823
-6.648733480094361
-1.4600005675999885
0.011093926911675543
0.8193805767907609
8.322367803310922
0.0026615567831328683
0.010173557711848401
-0.07424221990188178
-0.2162549560070848
-0.9169613923125356
-3.8663659754640776
-12.064847529120911
-24.20342442655538
-3.839310640126311
-48.82642281471799
-59.73358326675046
-22.608953336231206
-27.398802037578477
-0.8087845443718936
-15.203292424796834
-41.808047378643856
-12.276860214907883
-26.81452318136698
1.430527257189996
-0.003346817954189394
-0.32560547718195726
-2.072579872689205
-0.06554129744941865
-0.7765041707266956
-0.3272420537230221
-0.455288767938565
17.35623650522576
22.69353374968692
6.332151475112815
0.5333996834093365
-0.5809453935831665
-0.9095862519567428
-42.581311819507896
-29.882226461845015
-0.883016355176893
-0.07595385359749506
-3.0344178639065365
-8.863148873530283
-0.34219465350525013
-9.240599656075634
-2.113945174599175
-2.7952723209502315
-0.45305884997545526
1.207909167038411
22.953435376248738
8.801629252211601
0.08564547301048493
4.8759466772297265e-5
-1.3307345623817526
-18.12025712799904
-9.267274113235494
-71.2907379306497
-24.877676579611993
-103.51948854485497
-8.521086285446046
-34.55398461029873
-48.44442741364499
-19.081761667534092
-1.4833768219352723
3.431617249547017
0.0024023759380671175
-0.23701411044445142
-0.04397530254044107
-0.865462451203555
-26.20965005125246
-4.769495516444849
-47.39137337470913
0.002263876568939562
1.503278839253266
6.385136111381017
-0.00011413626458840054
-0.0026209885250282903
3.1852859271850984
8.112286099167452
5.644003931742701
-2.6939333628595006
0.033364092088001236
4.175174457022528
-0.00045857020663769035
0.0010607446144112955
-40.94186839575584
-3.486087785083291
-0.008332593943778683
-0.018705943214956035
-1.7051329600370377
-2.682638905126005
-2.1090515163567045
-9.370957188725677e-5
0.40800861425631735
2.4997943087547356
0.0025898888580403816
-11.598499049482337
-24.995875057507778
-12.693153291207702
-11.199834043156223
-42.32222279897438
-22.376189494484677
-0.06086635646969412
-5.042227737876377
0.03707877044887887
-0.10875405593106256
-7.065803000937706
-24.13722605767795
-31.03468924918223
-13.070383743582283
-9.646994782278743
-47.12979555721058
-0.0991701003240024
-6.864461020374949
-56.34037286915828
-46.02077592506965
-82.87177272776911
-54.93252621991767
-54.27711788800736
-27.326371014823454
-24.380072795058336
-15.258247381376762
-0.8853101320705964
-0.13722789329086438
7.89379532791696
3.1129162631595704e-5
-7.45726737286772
-18.090857418957608
-44.85760842249669
-25.834923823695647
-27.72563006052103
-26.637972187262488
-0.8589882408367012
-8.24857595839796
-0.11475918135686476
-36.44213635867698
-16.693281405719247
-46.06321870416963
-9.731741141682765
-0.20183827561745238
0.004982306808716814
-1.9309146612678882
-1.9589820431167182
0.00023854553428579635
-0.24901814630090507
-0.07565117970794075
-0.09901423722783556
0.42446489496578876
3.0524885670190716
1.8527946519421856
2.725894659870586
-0.7517143090395028
-1.9407020091910563
0.008994099571324736
0.21711173790057084
0.0024647142054938283
7.8677656112182905
4.019238176604033
-3.63890801881163
-3.380200895516755
-0.7480048275713906
-15.779590146672522
-45.13552145160189
-3.369639877579342
-11.145546073156158
-0.0016609450857053647
-0.3892096318420106
-0.03414730722104561
0.0021868587244576907
46.59141375820743
28.066573216334543
24.10132527413392
6.0278277943382985
8.847644739733813
19.29069176892667
10.861469134321961
2.8239110818797304
58.564246423884
39.253300181577686
7.994855148539489
14.643802482445999
0.6764941152608817
-0.031021415688165983
1.814984751606355
0.0002044270096714605
-3.995454169308271
-0.3758981751878152
-2.755259588713924
-19.88680214426699
-0.03827732577294139
-22.835037594611368
-0.12744042944147066
-20.02067199180381
-86.05576725683298
-110.75403094029858
-21.737498984752996
-26.103699216604888
-12.010645051818168
-6.952885966392373
-69.74732491612602
-17.721756577631776
-3.295892133396249
-0.08862197292484629
0.9659718248801752
2.8652504032993806
7.063917763989317
50.056876213217926
65.4579538785909
234.93053556485629
99.47706625724527
33.370059549749946
0.000344958094320728
1.7709445920810367
6.633734381851872
16.743620182819154
0.7257271068540142
4.299166852384506
39.83081088168243
16.484292391547914
35.300908053656485
4.792727849721104
49.42612620350905
4.4284542278037895
2.1150510419094486
6.370657892637398
0.06615645742221707
8.60485307195114e-5
2.223573616970718
1.5983961541292628
-0.13778501646983515
33.7599881453999
44.253052677779976
12.852531068360246
6.775633304409095
7.902307914725603
0.18507223818121016
0.4084281525322342
-0.34507479588059914
1.1656023545708727
7.521581264376653e-5
-2.6628385116618496
-12.045724610384873
-1.3947377683860551
-3.4239625366204947
-1.8627981120564445
-5.892347701560951
-0.15429695739065158
0.000622048077921235
-4.807901386748491e-5
-18.102763267492954
-12.031542534933909
-9.600417677553214
-7.688000799048679
-0.41507795974493905
-10.249071527097788
0.2357836231215603
-0.5864148829636445
-0.047333877156236374
-0.0004573615546722825
1.3366718311289698e-7
-4.52851602031232
-0.08626481296245087
-0.024031634896961154
-5.113033882898718
-0.18897000982754858
0.022196430704562595
0.0035130450569512248
1.1917252469334363
2.0490382073536617
1.8195766598282055
0.9761932688720563
-1.1382035234101846
-2.681638440372633
-6.740833704849553
-38.20344906453046
-29.507775258888103
-4.350696763212856
-17.434184050402987
0.07273900215804918
-0.004836636597390242
-14.622921960386519
-17.662569303996527
-11.25495465470292
-2.9232887160488223
1.1595666257984572
3.3126440338231107
0.28836812326020195
70.05841101934543
12.868742038799661
0.24979871146592958
0.615222608670399
4.170435478665968
2.381703057428146e-9
-0.005453086951156381
-3.1060823336137506
-0.38541343580612053
-2.2408751976143986
-26.134857550534758
-7.849316482207115
-0.04998021409680788
-4.10609877024325e-5
-0.7881886433828893
-0.0363934845220669
-10.981189433140235
-14.956661896421465
-33.161216816711075
-4.3363874356655
-3.2989392379753775
-7.075586599524948
-2.300475726308939
-0.2926295595988405
0.018687396630980343
-0.13028336711499502
-8.631561969745269
-10.062493121470224
-36.24202027158393
-34.51223844030889
-3.292011154106205
-0.13314704784784373
-3.484488526108077
-2.360402603491931
1.3187468372460731
5.5819970320132715
5.704513938738889
-0.11587540454271193
-9.708853003366116
-28.255527684614684
-35.235656082012554
-5.090014716604489
0.6304683357237534
0.6257770936020566
-1.947953228261053
-5.5459127248195275
-0.04842471971793127
-9.869896054621947
-6.861020779782611
0.07819028893565609
30.737839849148106
2.3919156144879574
-1.1188341867968132
-8.302302649183869
-18.030832926313657
-4.242852252450676
-17.65118566718037
-15.87951541588252
-4.323006579273359
0.020391821206172882
0.11185873048570634
3.6455790066293123
-0.05898555804442815
-0.06715855185509312
0.2913107654790522
7.697834324106557e-5
-34.651621097752944
-0.08412996377752757
-14.035737337823656
-6.618018730878997
-1.528447616266862
-4.376321261711211
-7.555062106006413
-0.5233726110244273
0.01770720908538287
0.0009921486051733019
0.6376815207675356
-1.4349199929351126
1.5916690304274974
-0.07900963244442907
-0.6044614631839871
-0.00522242951951051
1.6874767567939237
3.250963075164957
-1.2861619667424435
-17.743261946204093
-0.14194503043173556
-0.2796034169461347
-10.935209262433144
-7.169987175929175
-39.331810084382546
-2.967938556541725
-0.13815164152051032
-0.2795973134606485
-0.09589124744170657
-0.3860432304539012
-0.004295053901673651
28.736599773678673
4.310967056075789
4.0893445751792274
0.016593648218413654
2.4196240042127948
2.6598469098221478
-0.6775580550411059
-47.208525997840894
-12.697599490481151
-49.815154129692765
-2.4641265850411593
-8.659523885976014
-0.0016029281128689212
-11.487041262250365
-3.9099703438292264
-2.335529347816108
4.143842938387142e-8
0.5821370896138608
-0.0011477840542337457
-0.1161200063806185
-4.479689823554998
-19.79443694208471
-22.940429130556566
-0.7208904896518508
-1.996761523918566
-0.5935516885076406
-0.04284542811249332
0.004201560724918831
-22.46660565681405
-42.02110908283098
-32.16038873518784
-12.995316849420316
-1.1410599156321735
-5.681320334870636
-0.04582395878286978
-0.16658324420757634
1.7154075277950909
0.33637206007208503
0.07713491591180437
-0.018783055130759018
3.19087144736862
-0.09231825497573777
0.07680607780362578
1.169346546415365
0.7630478495439251
4.931563600889375
1.0799052570660141
1.1542536561317553
-0.6423715080753395
1.485668814225555
-3.3949453240277725
-6.440046876524656
-3.7930036581378648
-3.2535640822989715
-0.8789315889058794
-0.0012477444845214135
3.8649736373659986
0.6365623332197381
0.3382946604936164
0.007960957135771433
0.9816297689294626
12.958051976751943
14.872030129306115
66.24142425623343
30.221599341612976
117.49915402584975
47.00143555785697
64.00796111086278
12.007356511481941
48.35566216899385
14.33932729064478
26.796574131348162
-3.110289912219727
-55.50473345644272
-10.405407581961674
1.0430042038426073
9.094551945070494
-0.23987504683839697
-2.0846446468364572
0.09057661321839226
-16.774090230537382
-2.334978174955136
-16.347772203008
-0.2232542375787561
5.473568535306483
4.464637113726286
3.171525974975701
0.00012189214866196995
2.1252783355121024e-5
-6.936756126196958
-3.006111908553033
-23.510492951683304
-12.673836034890597
-0.40380809730456846
3.827132995091644
0.6670499337248039
0.44256524432774397
8.452758911408287
1.1453026042770937
-0.07235549711303048
5.838078438929735
0.5654208249865901
0.024179099616240464
0.00446863133877048
-1.9845654663254775
-0.0979576064313617
1.3437795902191896
3.5202741493981327
19.886012578127854
5.988010697793956
6.667539590289145
1.40567700584702
9.396554805033066
-1.4464016202169818
6.814274476457023
17.356655263281198
1.1956089535094425
0.002602666271799308
-3.1051853516344737e-6
-0.2819024511447088
-0.9651265289121618
-0.3867689272916422
-1.0206536855852366
1.9214009123495126
2.9301208124732248
-0.11256420617219487
-27.506586975785257
-6.10739042020073
-17.995882739655624
-25.77197723701547
-50.76230107556098
-1.5244806984496329
-0.007497885208443659
0.00027428671318928193
-1.4114625812710797
-0.10632417477474354
-0.024254458819886242
-3.4793143494150836
-0.38400440008739634
-0.055237504466318935
0.021236923612178705
0.7784167688989064
23.02217680123965
-4.140960033697374
0.028061620395687707
0.2764487255379618
-0.6999443030723895
-0.0006937239921943137
-2.2727393744679962
-0.00957834786532319
-5.028917390960402
-10.277584036998958
3.3648075281611836
-0.061183042356444436
0.013615277202623333
-0.048963056559069455
0.006810320727458623
-0.02898202979332938
0.0009397711419188105
-0.26596471221847456
0.43189097168629176
0.6011963617069642
-0.004353499839358514
-0.3029753014054942
-2.082867493547221
0.0015609875781324486
6.696553079135037
14.388554657355417
0.04911916752081771
-0.041662174642757975
0.7982979406848306
0.32581039351409286
13.690939794877925
-0.012103872564985364
0.6739540522415053
0.45679569330377945
5.863264287083164
4.976933800935249
7.0433579324438265
14.55483749510989
20.662046314354193
1.8345630548222098
6.109185110842451
7.263933217649737
15.679251861848568
36.276394759365985
0.023030393141360576
0.2302933620516971
0.0024913334041228178
0.04434272490982508
8.51620571186819
2.917654489366234
13.953751015035689
1.3660739176295762
-0.35626787326211407
0.20017473685440762
0.6641763317368454
3.9011027196095727
-0.001395912709413907
11.20440491695297
19.933625382863063
8.795679478596414
32.325345860604756
351.46456624137153
219.05260072262467
41.36513267556841
68.47675446940654
184.3329515286093
55.71474009908233
4.706039455383524
0.4868512677349612
2.441362571429171
0.0021588370476417133
-0.6908460095239013
-1.1761942382732047
0.04477566839849618
0.11911141519634522
2.2417856802034493
0.3319715514293314
0.77004658187196
0.7213825706210999
3.35169665776676
28.206252154850475
3.9938400999143293
3.7471700322242705
1.3660594688167131
0.48914117946946795
0.029535538919399393
2.2709531197863777
3.6749381922388857
0.16699006417760107
7.85411297883222
17.35044635673195
30.87802187788988
95.32131150545953
105.15584767200066
12.939362638858617
41.11668423368553
15.197919118773012
24.0013773218974
30.174281264509734
0.1708933816395188
0.9921485956235202
0.754243752930232
-0.05488693923219205
3.6186220649336995
1.3792771233415195
-0.002317749348346686
-20.154111902873105
-14.568250751364884
-28.462968846516567
0.00011961952634125859
-0.42317221302143576
-5.376530331351118
2.711454945363795
0.0037137513388443184
-3.2105592079236227
-22.00823943500682
9.998776421621082
3.3185187446702353
-0.19804876545037978
-0.2672793264224264
-1.0661228736133588
0.017239204166935966
13.928938494625555
122.65595843046603
20.880901425689693
32.33447351379075
0.02873209611032093
0.014560228082648822
-49.4801948737875
-57.898195519915475
-37.87434513549425
-22.460232226598556
-0.9758290818967374
-0.4480463108596959
2.5344866952083778
0.03026347990387741
-0.16442603746793666
-1.0361270152546198
-2.05860483960484
-0.07246609300756758
-24.681932150104615
-5.8033439978766745
0.5651893509784021
0.6172352425713169
3.946319150824123
0.008221851957956489
1.234746256317945
12.470178814262997
0.0014844010167577634
0.2536678723319179
-4.798979338088194
-13.497309470363065
-16.229205079716557
-6.632509579538968
-1.0559461632780582
-0.016004368646499515
-13.592105536357984
-51.34244839505056
-11.243160058300596
-21.3278925973031
-5.506307501113499
-1.6453893758423825
-0.25166272481792445
-12.80339690695412
-1.177489677782075
0.1610754702956228
-0.5151577172876394
-3.319442351258425
0.18185404235683902
-3.8412953592145693
-10.694840256841495
-46.69780951750957
-6.9046316787185935
-2.547885997456939
-1.2604373746943898
-0.15110842119670967
-11.19270680653501
-0.25966198460353096
0.1079857398632048
-1.4439197109780466
-22.284774212200315
-23.511973298299825
-36.682405765898935
-9.32572001151569
-34.087861825246186
-11.335445259834081
-5.413113036339525
-0.025066699599428487
-0.009167316845876919
-0.34308581892579976
-3.0834194590256843
-19.89005567721177
0.134006449257758
-0.006161764678021827
-0.5530497673350848
0.5315177391905186
0.023866717009717747
16.269084885143183
2.7469125385946973
0.0074871787432705785
0.000733962268494784
5.029845845826272
9.265437692118178
39.41449944898813
32.690839511798096
29.63675333474161
129.1753846414748
73.33096031881931
6.932978603354081
19.031519950440185
-0.00836049661490793
-1.1186767648587284
-10.19285100385495
-29.252200458368986
-4.334978365743897
5.119484861900486
3.6178162270287664
1.4631856835290717
-0.03789251355260567
0.01750062643084261
-1.1663667880200133
0.00010188454480158884
-1.9986842918391348
-12.632880285826694
0.07417189422703527
0.44958894178709846
2.6876339989932228
22.70432801119306
43.8559098770426
10.483196548168053
0.5942538977240582
-0.0006387829900839121
0.42428107220111744
2.8388945218819943
12.720147079777659
0.8387403538641546
16.050633855781516
-5.311183889800774
-0.19511223275389128
-0.09259223998309113
1.5940789651885648e-5
-0.0004960170670976344
-0.19117277828268137
-3.256602125923359
-0.40076990937804075
-8.841985979150202
-6.336966979787787
-5.9915356407530025
-23.177857024766922
-0.18515832107591684
-1.7680124626559415
0.02294218975792427
0.11191458281542736
-0.012827050497368599
-0.0003077084228058429
0.2145474242915479
4.5006335779042095
11.322143168841338
1.003273425985038
0.5725399772895357
-2.2673760840573136
-3.398144307883287
-0.1524580215552821
-0.9889964536836856
-2.3640068606948774
-0.024944385255876417
-1.9134014252527414
-0.007562684942491532
-1.8078478111015985
-1.256730826340598
0.0011373298071805976
-15.865979336954833
-7.459897957360026
-24.386823226935178
-26.271538909065022
-8.18556133980057
-3.891141406195076
-21.2454362599528
-13.165176633027112
-25.964394259481512
-0.14281060875895563
27.096116184106087
7.870842268564936
60.46907400962299
19.893149163749722
2.6003150449409502
0.4624771333945943
0.012858803644199866
-0.23614735109038487
0.0002790478151784554
-0.20902050898115004
-0.27318801516808383
-0.07856513854939358
3.2371863326505927
0.4731092954732076
5.644986710711384
33.6634504496875
9.13996736148652
3.101753194427898
1.2565848232143664
11.091483367614506
-0.0833569618345694
-2.301727844282724
-41.36570564414278
-0.7993324161459323
2.4052649109515754
3.1723091444055522
0.07369790014473082
0.079357166230596
-21.700108529147485
-0.08376936664631672
3.9589324315996
11.195866388020802
19.021445439849415
4.256366254626367
10.172060314824604
4.147688935834136
0.12351498401099482
0.00815253694866685
0.007147599696163453
-6.77968418554869
-0.019447761100925703
-0.09704180436479522
-0.13618626629218447
-0.08090288583764425
0.0019914643871838653
0.270444201798812
-0.07674721593906114
-0.40834943827866105
0.9978082299591303
8.589284707409256
16.43043778826671
8.820135027192459
8.743752699758653
8.363626901208685
2.7752517736634625
-1.93567243227643
-0.051295521642036324
-0.014170429735015814
-0.20299680465356199
-6.2253334720606555
-75.70213549899307
-28.411607454978785
-42.11842367799108
-11.015814388930549
-63.827626643544875
-60.636185153669565
-39.31600538354862
-5.26157915310237
-0.005452245371215928
-1.3305168146144861
-1.0426317444559439
-8.946465774017685
-20.030133778648747
-13.031985964784619
-15.104007498356863
-41.233259394122584
-17.090353860035744
-56.25837169457808
-12.045500182377962
-0.34993858950513573
-0.08331555854438064
-1.4227192098808958
-6.0447761794568065
-0.33152480597022077
-11.095776333473397
-12.462568820179543
-0.30956445525372867
2.440259359991069
-0.9198937151297423
-1.3004920719121653
-9.181645174878994
-15.647796471635752
-23.219341747421296
-6.975285474507942
-19.60404919146786
-24.468402655440414
-20.675856634035412
-12.917583621094742
0.11796971222770383
-0.08531688160640943
0.05427218957571672
5.010779038606948
2.2098343706131405
-0.031629565638199096
0.06038402990521731
8.413568611536292
-0.10806756040257419
11.31091311313421
-7.824760286562137e-9
0.05462642589238215
0.22776167081718668
0.007104900595630419
-0.0021305096494297314
-0.004091238294379947
0.19321473264334726
0.9919994995236481
1.6547357425492797
41.95977811484669
66.46105778967153
0.0637364260908952
7.889067686644319
7.158376570895083
34.54417332485766
14.926007406548674
24.789682863865266
25.034470511957267
38.66077645083109
43.492818169886775
28.043530694550608
7.5002480828853955
66.12949846277031
76.41173479289039
134.5363998659578
112.80293405536673
41.065510031690586
13.327140311717496
27.545000267478095
3.9075202855757376
42.28709836131684
54.661821434187154
18.72165798754835
34.77229474248724
0.42150098830631677
1.9800695060345195
0.5721092395006753
11.668283035056202
31.596165448264607
47.494959481862956
10.575794097861634
4.417112957620643
0.19630577765835402
-1.7036793124504
-0.10287171107906727
-1.842693368838627
0.7485656502797137
-0.06323746819467443
-0.0013689976357959927
-17.87334886266329
-2.4235914767520477
-1.6777787990091422
-0.016663376207674396
0.005139285527848044
2.9994371452170054
0.0005980649402499797
-0.014623634367468946
4.5613210049674935
10.558814596467439
-0.00019104830091187878
-22.092536235285625
-5.4354312414169295
-8.379181435835266
-1.6666081437496367
-24.257043200114765
-16.420932262128254
-34.82939715508099
-144.77605447603426
-63.67840551054424
-0.2662706225920005
-1.7728879008390581
-22.796952910584622
8.10828831019991e-6
0.32881997508997296
0.006531523862407027
-34.19545050836953
-2.6425332489885247
-2.564724288058476
-11.345596037855382
0.014274068625438415
-5.072338744656454
-0.3705280138933361
0.0629096117788842
3.506225507832215
2.0626646929685593
5.936351057364834
6.16620256056374
64.99286843487438
6.611894006795578
1.6610586776637721
6.952566092612202
7.349988323930259
0.9344476311350056
6.499455617461871
19.32880971133552
11.644852572298031
0.0049213465524359365
0.7241635876753126
4.563920523866368
-5.166543880573292
-6.388449968045046
-2.707521420303316
-2.26241509273042
0.00043606249104686357
-8.416418618678849
-0.5180467806685121
-14.24655860102329
0.012570665665240356
0.11968521002106276
0.12739365353375995
0.0983039525397207
0.1384826847378831
-1.5507797043979932
-1.6361407554490767e-5
1.051385917620053
-7.722543532560693
-16.20996463128828
-11.22571626870667
-1.0360831823072623
-9.492123599214086
-1.554288783602985
0.007338453172292193
16.130285384663573
7.964831080911394
7.416894358789911
15.642082996432032
7.257801364773094
0.09695230319077776
8.908892466212322
1.4880692918666902
1.6771077551267222
1.1875741215447428
2.149236575018064
0.0015667733996293065
0.0014518208070399162
4.306272398041552
-0.0167024461988655
9.822122483961265e-6
-2.785405959910388e-5
-8.662580499193188
-11.9388075589952
-4.621769741110491
-2.8429838691791356
0.5405189926154217
-0.19509870136033092
-12.332388320669681
-0.057740867769136325
-0.006832574531080412
-0.06072896538896796
-0.03789541082337558
14.126360890785183
22.912094507691997
38.98479489628779
32.15005671325353
71.30021311462242
175.1098559300212
200.38128276026154
376.21729049548907
265.90856391893414
145.9637327694173
184.1776456165867
25.472292834043635
37.08528755932846
188.05644848510912
64.2716078300656
50.461456311619294
55.44902310422638
59.64527130452806
159.34342220210792
42.30091516209668
4.570553193643333
4.104457404844509
3.158966272222712
4.6805778791618495
2.882729887213609
4.802098906631163
30.10898370028137
14.783466576431588
24.493853047479803
8.435873431569917
19.03168641151352
94.25132299646904
267.0034013642662
239.29109293443332
105.60016507057497
73.78004342711367
53.539147270013004
113.48734209466618
160.1982041551038
23.02566026203223
68.92718736631824
28.592054458075374
19.4124857163574
29.918281217701107
20.721643530737293
24.830401255239803
13.00214534866057
39.05957765016519
0.48906822043886355
0.0002979614957461055
0.007106215420899203
17.83135182276317
-0.004553693616971105
0.6626607866035639
7.942094236553573
8.114032305550879
6.151456444848089
0.6282667873022345
0.013808534874874243
1.12386001568103
13.731963092295306
27.144301660051124
23.70878839587831
3.712986764835739
0.02524230633465639
-1.3732137543059029
0.23856896967679872
-7.871293968355739
-52.96199343888122
-43.38989156753314
-6.687901624826061
-6.409233380547754
-3.985835490647207
-2.8213246156891625
-95.29983056689665
-18.913135739034452
-5.2622171336417995
-0.804837896770924
-12.950183666890736
-3.4414541464531863
-12.91518026789403
-1.8898849914187363
-0.6827243086565422
-0.0004695382212794303
-0.8915129708070179
-0.06286823271260496
-7.882236847359763
-35.5409297771725
-0.35105881503297987
-8.431400281758316
-8.08654370085547
-4.6746656688633434
-29.059856156362574
-28.516726734598254
-2.5712951499070336
-7.731852771413615
-35.596486183819565
-0.2845083428843679
-8.534528294840399
-0.004587129954802403
-0.5331138286690956
7.766236631594253e-5
-0.3299050018784598
-0.0430977619352513
-2.8572134953219583
-20.09747997307732
-10.125014587392652
-1.7268853426371098
0.05435023156625282
-0.36213378027276577
-0.10729766086289476
0.13092910114722225
41.37472194469319
50.81104030393021
7.287443797645311
-0.0004201831232304401
0.004370885464023975
18.77921812784478
28.047066949564766
60.63253716333589
16.928765327664884
-0.00036080546844045153
3.327371076074417
4.8367803769391555
-0.0009122501821363404
-2.824754326968735e-5
-0.16621478063057266
-0.13574233240309228
-7.090742846888669
0.5398351725530315
-0.26418036487627766
1.0986492755994006
0.37771594562133254
0.037666483328406414
-1.9770225807393174
-31.412292174845263
-15.724536329465863
-0.025262560895064477
-7.136323544557323
-0.0012474482374558557
0.01685675972126852
0.032924331512285736
3.5588815963170912
9.878320529643755
35.18181076347319
19.585747227078325
26.933659024885543
0.9620363017592762
-0.07170795290448775
6.622539216107402
9.279848587310685
4.509258408636936
0.011631641793055075
-0.37158345658953384
-2.2333307718589452
-5.826303919331714
-0.15595286708863493
-1.9469076456502106
0.7108481851846298
8.510853754322627
0.2562660911729264
-6.670814352404737
-2.2924562652658143
-0.008716089393136946
-0.5018297788496908
-6.09468924397109
-61.67372890769732
-35.547232036443006
-28.23607113985306
-58.45278381822812
-14.329634023867749
-4.153909125044802
-0.06825981582498866
-0.6635735273473746
-19.255103802987765
-31.3347105060908
-31.398701709180656
-23.38588645447264
-6.531013843954475
-9.980257267905388
-17.095946817632655
-22.974571659607957
-23.050762202381843
-5.938382165258729
-5.847320458429134
-98.78274909140065
-44.6924084418441
-35.44491109528803
-26.106805689851043
-9.537130678076696
-6.473727931466216
-25.329949457544675
-27.066870374189765
-0.9146277843569992
-0.7879096717714749
-1.1605867132693728e-5
-0.2592969641853188
0.34721782213456315
0.9949917058889326
-0.5323604676751158
-3.963060696795684
-41.772169127790384
-14.750011480716338
-62.44034423300508
-12.730573704650505
-3.2475299842582777
-11.217615255262544
-4.1707699309035196
-12.077688830432058
8.55254808600815e-6
-0.4161879108307932
-20.904288956815932
-9.513295710081987
-36.03747276270099
-84.59596937287124
-42.49387080932266
-6.451563990118541
-0.20904735425460935
17.611473236713692
0.09038007418992938
3.7898909263340657
-5.666032137763847
-2.77888619501166
0.1715163560654936
9.533595975982612
0.7780733506401417
3.4934191212517707
5.334306528863718
1.5966259351884073
7.996418860339039
-0.07963837103358028
0.016643382676313812
-0.015115026960765202
-0.9168454468423786
0.07796407268327106
0.014090687130971667
-0.007795701471789137
-0.002271068907407272
-0.9580256276923076
-0.05570642974298381
-1.3814206301324508
-2.423231060334796
-1.4380820357476776
-24.15411289163281
-54.71408504942385
-13.596043722522689
-38.96266497380607
-20.62038742532627
-45.98584132304258
-0.5626428367758433
-13.766148527463145
-7.493039056861051
-2.458781809007686
-2.607164637966089
-5.875279799376526
-1.3275663421643789
-0.011901533145117394
-28.09418157111265
-1.35270113995976
22.73887970704416
-0.027998404933252393
-1.5279029002568865
0.17534800327883154
19.043311883928677
88.49585107830787
40.80064106522693
29.568608802123652
-5.999808298435157
-3.451001353416
-2.6389932790362063
-2.957452095900847
-3.3253084483566
-6.624669511502054
-0.19902272851906433
-2.818402771660682
-0.10384148287992905
-4.7897098565390684e-5
0.8120624014209815
0.04321620441737968
39.2988672236971
39.77028896244763
50.41065744639805
62.51491008505286
48.07945470977111
5.5469769743476425
12.72378961588941
50.62091186305071
31.626750410094292
31.949803543957888
47.07347275826961
112.13316877639518
45.86474639033855
17.065211231297827
1.1441744760748633
0.963328754425636
-0.5818689186286164
2.561585970597798
11.39423812311948
19.808141119060345
17.37143292689016
6.037462253323904
1.057651741928562
40.123242995038
0.16276564132936225
0.12099506642818211
-2.0621077898400393
-3.6514506051072626
-3.8546990822361136
-3.641287324240668
0.00034057093198841505
0.10675665471638564
0.4282701354737141
5.759198301358772
96.52104242838074
71.25338758345923
14.647004096234784
7.892830063195894
4.8146311369464785
8.975686437001565
28.56591916137376
15.533839177405211
5.0962097813089935
0.12006007523554017
-4.779828124020764
6.389783913706126
1.559380628603638e-6
2.219727850468767
16.763830918177216
5.608631126347712
2.0711152917181233
1.9675500732986477
0.4738429241421107
-0.36603004072790674
2.4461459109120507
7.207971085513174
49.905877269500344
33.43072192545084
7.344725839486743
0.013539131147784435
2.150756196883721
-0.049870966565443556
0.17917035985748697
0.0008282370081895626
-0.6844660691173451
-1.9465273366293214
-0.3301539682024515
-1.9030267965898366
-20.459043493169922
-16.12789844559948
-30.958336707970002
-69.61559489486648
-5.785778414951075
-0.23984455631900478
-0.698342507331659
-11.63582823075574
-18.348808093616615
-4.180192502503447
-0.6879869706170074
-0.39362159174939504
-0.9110208553873023
-16.43107736501112
-0.9643880685974731
0.7874863648257084
1.4086169218560898
17.816633586165143
94.13210192022491
22.00425868808025
13.017886464907619
27.694017498082875
0.03977531312418645
0.1585252592743342
7.016776633198511
5.995802652711742
6.616116116263436
0.6577989239570158
5.839131871524249
4.514391494017264
0.8258681285863113
0.8996739222889837
3.203440940056041
5.393174883417274
9.830640577209572
12.323565878426644
22.42005086828707
5.446349589577038
29.44153407706761
17.46942907045945
33.295618003211615
9.60043156498366
1.5799337918314602
11.287745857130822
4.492492965321148
5.772197878120472
-0.004319422129628103
0.8343519927950146
33.68530707260374
11.656832298737553
25.518419780530788
0.12594264153261073
6.017874822085142
2.6886578909518217
0.7524052613062335
-0.0008292321525500737
0.5569269777944147
0.07241132826425721
-0.5437204455091067
0.04314139668961844
-2.1445015381186123
17.76958264011335
-2.345060104206655
-10.804563106444787
-7.26602126808794
-0.8044755481243188
-0.7545350975307454
1.0799223699298615
0.17137732723707305
0.00108870193888043
-3.65625631591999
-1.0039125356863445
0.0007580692301786636
-0.04292844936579832
0.16504537140151623
1.8196374780850022
1.4215223774578043e-7
-3.3762383221954726e-6
-3.841258992795127
-0.00145151652525991
2.937967885469214
-7.509056415784807e-6
0.6360501455457114
-0.012612115651282898
-0.36201270399622715
-0.7870793441259624
-11.707872928631229
-6.242714124099677
-1.894503909243807
-13.17985724465292
-65.91330072444991
-19.144595838135054
-0.1582294946478448
-5.822728726925583
0.46272026689107904
7.046041968517129
10.27023643375493
0.838988929014443
5.827704680834356
32.49597136552439
45.89051268365369
24.759456815375625
0.9631194462029997
-0.04313945331322345
-0.43118092625928284
-3.2312873107671196
-16.425225887245748
-1.4606458767323214
-14.647905468473581
-5.774543208684045
-5.925584976352319
-0.001423865908319516
-0.05953435151151426
-5.722315361974829
-0.13102495940583542
-11.841365028130612
-1.8470572431509393
-18.807902322225356
-4.728809911059801
-3.9238404410133048
0.08553100378036457
0.7886450187706097
-0.0015624471790725931
2.0952863568790114
-0.00042270705614858803
-0.9284138977306285
-29.00817270840742
-77.07130366219857
-12.97234271206128
-2.584480419146311
0.6710188840690375
4.421003981409852
33.886542674721916
15.854021122881782
1.1045369349461744
0.08046710083475044
4.427223776211232e-9
-0.0027166678790536015
-17.472201510606965
-3.0473224978912508
-7.5784107951714095
-0.08089055025272975
-2.9876316699012433
0.18916469004588787
-1.941335394722875
0.5637653156152878
-0.02723665935811474
-0.29762693163682574
0.18997436392906966
-4.74815218558927e-5
-0.09550373935992373
-1.2439024678623305
-13.151413813366284
-3.696704347100015
-0.37580139719277894
6.047296942144112
0.1070151564626211
6.590339295175924
9.627421872190954
81.9832764773689
23.871449810338806
-0.030050198283027758
0.00014208091627002328
0.0012673524296082463
-0.0008679422359085504
-0.0981774894222092
-0.5283486776060604
-8.11261485607198
-0.07501039671325532
-0.9272810420798387
0.9254154403853249
0.7071415638194358
0.031073316995976204
0.7642248401926138
5.025028974674168
5.193202099182748
10.04471312934805
5.945079548618092
4.788240276654432
29.849723271179954
