11.800272831575825
-0.2702502350785894
1.7381075640232275
0.829580251717894
14.64915880455297
-0.5219425986651298
10.530548471543451
0.7974841159458759
12.138479857482904
2.7120194638926964
-0.02059063973047163
0.6465975650915885
-0.025375242139673782
-0.023189406981684074
41.831342095629985
5.745329087570431
3.755092825160443
10.726554256364413
-29.48979407897774
-15.660579373951828
-0.16586713527541583
37.80728004584787
0.08215347834063857
0.0017870866418987588
-5.7012510468754645
-4.528162538732042e-5
1.1438503904316761
13.555597068548447
0.5501275793568655
-0.05164834195103733
0.44737204457420526
-0.8300867250850118
-2.2306598083247424
-0.02628849861874908
-4.304525779940504
2.3893254010705354
-13.223402921200769
-7.291738031855993
-9.668808308287293
-2.2873182683212194
-0.0006314866235171573
0.9181096855187776
0.01821229362749982
0.8254810874413236
0.2197873230665915
0.6080462094681701
93.85369831920379
32.37382800525153
22.34624169983997
2.5949318771696275
-0.3290706466880345
-1.2878341972811094
15.803229300282307
18.5070877527482
0.5784880962509695
0.4004021650953189
0.028709366215732553
-0.22727418107671313
0.8690169336482494
1.774298326507466
-1.3012393544023058
-0.6637781960478286
-20.40685338774776
-1.3687958851108664
-2.798061545865306
-1.0476774222160758
-2.6586688991834944
-0.09439250866396535
-3.70975004929946
0.20386100335822735
3.8388080692289512
0.010350195803657817
-18.20791126044249
-4.745416973181942
-49.48016074993771
-58.741598687828976
-12.355051147914674
-3.7177490367652153
-10.477597101553501
-5.882953129155255
-5.730659075948356
-14.4901938817912
0.005069219899659325
-1.7273911836511207
-40.04397215460523
-5.32185817653532
-0.31657027973417384
6.114203970287203
56.268783336225674
19.0372201945584
43.51882060533639
1.1985821415041729
19.205969659732077
4.603358476929913
-0.0008615548110325532
2.6614297447532245
-1.0232471877655223
-6.403717930955993
-5.856740578850559
-18.821573007008208
-40.40492158447062
-1.1162096528145846
-62.55759534446229
-4.682312316009406
-25.325335418229034
-38.92742943821266
-3.029565806477656
-83.5383238364103
-1.9539914104976872
-0.10963093384237459
-0.012744724629888555
-0.004471182876977255
-2.3576397529008
3.3621102554691073e-5
-1.5229966856887531
-10.551510414229696
-12.441915027538784
-19.86081639196213
-17.74811746479232
7.222124813139244
1.273849870831488
0.7781225877242042
-0.8457166467839066
0.132230597828467
-1.7365559306767069
-11.397677521908891
-76.32724204644988
-16.835202781472468
-3.608520651838737
0.273204509085141
-0.061366372440301194
3.079849837270142
2.34205164367011
4.56769959358503
-10.274522772098878
-17.00030391950421
-5.5041411922232735
-25.418231225276184
-28.449397322484476
-143.63770118244813
-48.05838146836478
-0.2540843263706559
-0.009957896458543372
-0.16231771254662394
-0.06489835618470584
1.4827004290905583
0.45185517121263397
-0.08307688607963763
-6.823147779931967
-0.2907787487053787
-0.41070942950658895
-1.6235866632965539
-2.8229295862506416
1.4726880506271653
-0.020305279401899076
0.04360597995485559
58.47604983122764
1.094041994228607
-0.01610233164874724
-9.091074447837531
-0.22412834632081363
27.965053896031165
10.238986272834063
0.0006550838071200805
0.5736342067771172
0.00015775187543236438
2.2479001044508026e-5
-8.64200053021665
-0.2941068422700951
0.06910057099281054
5.910839139521901
-0.08956792344719013
38.244915023371135
62.33828637233136
64.36126311737291
36.980519640356995
-0.5570910591083591
-0.005864182922531555
0.00012352836747085954
-1.1150760188468651
-0.4527567146152786
0.03578749422493838
-7.5365332042811195
-68.25460350356033
-25.19840384098552
-10.756488063473546
-21.65934158251558
-48.01462957945881
-11.588202267632333
-36.24919432433918
-28.29481926308443
-53.72809274991905
-15.621393905624439
-4.03350014964011
0.023403830273027715
-0.4295407466622402
-4.700441845363829
-0.061366213894711606
-0.03467304384348316
0.09542326418044351
5.529868587492344
44.577545777676306
8.048826878470765
0.2386503157698048
3.060405369337199
10.152458790236524
3.7651728688351804
1.257045727675087
1.0493438668551887
-4.042148088137925
-2.034064360280699
-1.399395764868007
-3.908528293923332
42.12877095648435
3.170689680580846
10.855590341639383
11.481371465985978
-4.10823252886785
1.38206497516504
9.512654493662676
2.198681623412293
-2.872849593933396
-0.06204829240890418
0.26559710058687136
-2.661727373299688
-0.8872172658251674
1.6327102265743798
0.02965711067024405
18.78804358812039
28.452875441678508
1.5519794303839085
0.00018360071392197833
0.03393944830284317
-0.006292167829467923
0.9673899076729185
0.12028808095684021
1.4649713967836928
0.008366264928350917
0.3122124818834438
-0.0013417919716675146
-17.7586305120504
-4.489890338771545
2.809454968279822
1.0096777719147243
14.844810163701878
22.206778622897595
88.43473950983694
49.642948212586944
6.620323747177947
0.5008672672280741
11.497649038485253
0.3037242474810328
-41.33441647612548
-12.695808754708908
-59.860344314344616
-20.11110782315334
-1.802268546569027
-7.604938428659628
-0.829036147202251
-33.221942265987934
-1.3855271622618774
0.045648844352120285
0.3168656524729138
0.00013848975778671732
-2.1516269818006566
-3.8346226095564178
-0.18764793442888425
0.01498676574273739
-5.184871659083789
-6.033973689441209e-5
0.006062528829344191
0.03243066153863598
-4.732840403628435
-6.946240754787034
-7.314781989593265
2.422134659886113
-3.0174816213453663
-0.020666477419771175
-2.0245866271078756
-1.1029502641878157
-25.325841266344565
-4.278110873626374
-0.008368297198560668
0.8084674039209537
-1.8459849243790811
0.20230890847542024
0.36084652668401496
29.160344986879547
0.5194671189785853
1.3762519507235365
-3.4304699067352067e-6
-0.12034960690032483
-5.152605311089719
-21.050239278685975
-4.029460774613993
4.376288868359989
-1.946338395869711e-6
-11.622584070744299
5.099693846894291
0.07032825483495189
56.276926010847575
174.98202594404344
25.622313892399628
3.9289612074720077
75.9049789688621
1.7479003957951844
20.645867546985574
2.357536394789176
71.95088627178059
40.244269981563505
84.4437938759215
1.4631952976590203
0.6760216971802752
7.845758524146834
0.32686092999960004
22.892041759718502
-0.00670816969612035
-10.843316647388962
0.000780795652692425
0.0006502508760245992
-0.9301662777551978
0.6898305243916278
8.038556105288881
2.9776599083412206e-5
-0.2654278502494394
-0.9172913416858467
1.4966046934418504
0.1880762363149357
-0.08127606549933901
-0.3536389965076331
-4.945000110775657
-34.83138876774426
-3.9733636731230133
-7.935047543497877
-8.80088822192409
-36.23322800646471
-11.817094362621416
0.0016170158966855917
-0.0380997316447273
-1.8332975024061084
5.402982728975311
0.02986790542493458
0.004477368134266207
16.001635222682207
0.39362989111324337
-0.07357763121682803
0.1341303658849475
-0.04281136685755208
-0.544531630838875
0.02886133340474784
3.668701343050954
-0.5061639343383877
0.0326974224460932
33.41122787954475
7.8824302008146985
-0.00013937011957801772
58.63481867868602
1.8304114278479828
0.2295124484890514
-0.15650085292256763
-0.06155668292038845
0.09637882946075185
-0.10208347720668298
-4.712828474736397e-6
-3.0314096053476423
-4.092834654492482
0.0003428665864706296
-11.610808548231635
-27.437876691457543
-0.8760425703144443
-31.58596500787484
0.12182291496970371
0.3570090428244863
0.7125145069112736
1.108401180344496
381.27817066846035
117.31236352093993
264.54346748869875
376.2558138644008
126.93911627050689
4.764315328538096
4.176057843077099
-0.05831306477316301
1.1000155607118685
60.88782210845224
12.21896118251506
25.606613013322463
-0.8881959160120612
-2.5471329061058725
-0.04013370746914131
0.21823745331239783
9.646621610950552e-5
-6.146121168795727
-4.177194326725055
0.2543995416209914
-5.937204946619483
0.5937443496196496
-0.5479475200886728
-7.439825124677036
-23.82034595990999
-64.6496454899087
-16.409550456363505
-21.54350687035398
0.08216678282858834
0.0035867425245931016
-69.80617902429981
-1.1458460923348945
7.284946069693389
11.105520460471574
19.287734526040747
4.0793423982814705
3.951422547207199
-2.7123868640044844
-26.32885624701949
-11.909545606576584
-15.545856760654354
-0.2432134931890568
2.930894233342908
4.185770586064727
-17.27382925676089
0.1174823137313332
13.7751557106161
-0.002047438694522053
6.231077074931058
-3.539248693773736
43.21354082846785
71.16085282528641
22.679868699535742
34.36998222008544
-8.037100369968428e-6
-3.0456678591991633
-0.060685501050884126
0.0009386856558920415
0.006886179748938889
-0.925181889284212
-2.581837051384569
-4.352283363881168
-1.3128441899484509
-0.005754629825301836
-0.0006298651859834681
0.24025920610467744
36.765179948893724
2.5179509737530497
1.897098846003484
27.6829286472399
17.282120884244666
-0.004093795130545408
-0.593772045089873
3.4647545684508204e-6
3.4908627852861858
4.846975276461109
0.8081289152528729
-0.0011141146954845931
-0.09567879769672034
5.358630850079572
3.289624656649075
-2.235537066763194
-0.29463549793991584
11.103865604156418
25.19258324935072
3.5660556055314765
25.022233928663418
60.0315123715493
-0.2842521446244779
0.11285633258176991
-0.24781434354697968
-17.629832494847395
-4.175087070262532
0.14188768945573707
12.236064137778603
198.12435177682897
-0.014716702576965545
3.5636231946864627
-1.2106960179804023
-0.5029624244434093
-65.48713840008948
1.0340534390527043
0.010934065671364207
6.21941741391976
6.378109349610771
23.12229983508476
3.1247485999194096
0.08090421100942011
1.6158277282796147
2.790538991085448
82.97063547205163
0.07723751556646737
0.24787046883724784
-0.0073104437517756745
-8.682604440018697
2.4431753636922435
-4.565134206444437
-0.09178674830264517
-0.8842280591068645
-9.794299689049372e-5
-12.2952643255089
0.0002619933921118278
-6.783253291470299
30.951958262926734
0.05467512158103308
0.203467152216475
0.4039072777871139
-0.38932299967077955
0.9275837133721141
14.638732081176496
18.269190428927786
82.93138320638108
43.62320583865744
29.9502850596302
1.3070388256949095
-0.003163553575461027
1.3840278969067532
3.527014182128006
0.0427640498603904
0.06411342133084924
-0.0007936332053255301
-16.25170645495744
-7.831206707468231
-2.253796434206041
0.00010569534615801071
6.843729741012976
126.20758589332544
76.84162150939714
13.978842399992397
34.55749150903059
2.6770901611940627
136.4871153071634
-0.05322189411037606
0.15362945928903105
0.4397465200108249
25.279931867054703
-0.2468695017456628
-16.528441711136832
-41.65937320863978
0.023627783694543616
2.15979489572004
-1.728674484497107
-0.0028244197222295924
-4.017873276207397
0.0009205556567211383
-0.8528309969934247
35.9706190717568
-0.03983517537271546
-0.21237886819369906
-0.2546980334920049
2.402443995808519
21.684421136795358
1.19011809808805
-0.06298872710608854
-3.429788283615245
-3.6250087055860543
-39.02153870169355
9.401150014149295e-6
-9.80129689134437
-0.006092662838453494
-0.002977996931812565
-32.17948052893557
-34.71180079266163
-34.1470369587114
-1.6845799822124286
-26.540420194608632
0.03137692930666201
7.134322762515472
0.3363841104383254
-1.736705295045043
-3.3181238632758108
-0.849328321150815
-0.9108798646326935
-0.13016553235626488
15.642850048005698
8.28936183713437
34.92117510222738
55.722812056571016
32.30503922849522
0.03432900289812717
8.040080689998616
-1.2038592094937695
-1.4039191925388026
-1.61179786392606
-8.529379192726043e-6
3.900771019197195
2.467558378728595
1.4153991780263269
-21.574849513937973
-5.5664594814103365
0.2529273257854664
-46.51858823283971
-7.372899611169477
-12.751017862978866
-19.37684440085201
-0.0005912271122354111
0.9745966679909511
-4.824852753752698
-3.223544342505313
-1.4092371834609159
1.3221580947380194
0.1372847967675439
0.6525462632407089
0.9667758354192085
-2.371723001472156
6.658627541396028
55.34996503978182
6.194975343604352
0.41480036706115997
-1.035137535102049
-1.3192727616153869e-5
0.5385456544101495
-1.480264579431808
-0.13301833853832307
-8.125331779685236
0.29085601861279614
-0.21412713250761736
52.79461350014936
0.4737023572467775
44.57172124330327
46.74561512321876
25.874707112160333
-0.6069729360612507
0.016733534345054365
0.0007659382116953225
-13.139928356623118
3.1758560380316117
0.09966077487632988
8.306418184072317
-4.029685180290334
-2.3898560650883107
-14.876394012058011
-1.0050865590213596
0.00013814066471043847
-2.525784073933232
-14.1684285534329
1.5500879178111369
-11.149644412436645
-0.010693885269217239
-3.9457686242944146
-9.97412925498121
-1.3518777631420664
-9.602077879070363
-5.539039876828963
0.015220787228503225
-0.615117905553934
1.6263185825430608
0.0012081194533715383
0.20810369161253967
0.9009025417376474
-1.5320229858071597
-0.02852451047384626
-0.09389019753600275
-0.01216850038385065
-73.72524212411082
-14.225080391113028
-1.1170350095326111
-14.540854674798917
-0.8180443208558688
-3.9627255450780803
-2.079406171208862
0.0006190431329610893
-20.223915755870816
-54.39621337670242
-12.227247217910024
-1.9226865943789362
-5.960075315575365
-5.361845610654079
-0.07461489075092757
-0.9548698975783274
-11.097674907749184
-60.412155456740955
-13.848166843354775
1.1815521969146339
1.3762589868335668
0.04886356676587565
22.657666901579546
0.29866768324127474
0.16952825949773992
57.468142118104666
-0.11189284894222183
-0.8193731047189833
0.42577777971234926
-0.006081355894235814
0.13946864766232495
-2.929272662727945
-27.561325880139037
-43.51034957402236
-102.96920687499019
-73.82209653674764
-13.202436312389182
-1.0394628261008008
0.10222717556675776
-0.012361648191643175
0.7151618125590161
-6.634846501843555
0.00818535670512146
-0.05080885722338431
-1.8544747407131057
-2.1166828989099087e-5
0.47169904094172393
17.403336277883117
0.11124531304100034
-0.016559935085111735
-0.6728731419611793
1.394836951339228
0.06989222782074551
4.09317423260242
-3.8588163656406906
-3.7969720790546813
-0.0010068210750313125
-4.275841977777841
-0.5367748892202956
-0.4144756094549465
0.3535723206578864
0.07229639984232306
10.285827057019446
1.699524746996616
0.02127619175646862
-9.338388639893482
-50.54014028692722
-22.442776674875205
-2.672249782928178
-1.0199657987171042
1.1243636857060721
1.977671492240975
1.2181205069767402
-0.9085588809767976
0.0030836748553797833
-4.306420775136675
-37.96176041841983
-5.619047060404179
-1.8820435367288264
-24.28808372145531
-1.7677007293970426
1.5636185571963077
8.840914288299263
5.81342173380658
1.1603867469820532
1.7785205806153102
0.3511210920543295
5.6422580710796355
12.706444912413817
2.0871458453603453
0.00026246491961948436
-1.7699532910387694
5.658066639449227
-4.976016928618606
-15.332308828093911
0.0034491360588229172
-19.012612840014505
-21.19693727494988
0.8949006156354093
-1.361051182759494
-0.022272148750114493
-2.7386384969945468
0.1572820721467596
13.929332690524982
24.790233167930324
5.356006202579934
0.35691677537967625
6.349654904233418
-6.045028820777971
-0.058127073396972415
0.005539741309186658
-0.005399897152469479
-0.12177534267876246
-0.13002595889954444
0.08866167720191429
-58.47169889855432
-15.45617153075849
-199.28816615832864
-12.630692053456512
-3.423243418223502
5.209736370118336
33.8061068942029
2.742478968898358
-3.307512655640793
1.2757300528286732
0.0005147168113014076
0.02700700231645531
-0.2200531093803952
-5.8484336968183195
-9.001905076661947
0.0003145004598826862
17.85015962560722
-97.74458169645733
-33.72446498431222
-58.89347753510824
-17.628975460830294
-3.6375529037942864
0.013367397215374891
1.2065793561198563
-55.39137950786077
-44.1518495630148
0.02689510469624486
-0.44993680311832324
-21.51435006051061
-0.6412584064463998
-39.348587681723956
-0.43239265744183764
0.02398894587795521
0.0038208464777400052
-0.0029954183474758403
-0.19712421071276506
-9.704138735907625
0.002625475767497548
-0.23746643374648405
1.493704069691097
0.2960617896466682
-55.92604813922547
-14.916653971044273
-24.678899074079332
-20.08799847122372
-0.24153168870574612
7.5081062779637415
8.885779567484086
0.05128493327024251
0.0029435242059010027
23.351642225055073
-0.04427727090312306
-6.624187157779856
-0.44105241245716975
6.252133013853415
33.505216586309416
0.18856538167070647
-2.878844168161612
3.3280606509759254
0.0007146070184825136
0.6818015403456691
-2.257651162863747
-0.33876235514816316
-0.7218847092945447
-39.006789997304814
0.00010994888487326713
-31.797212245942923
0.1176829989920881
-0.001987651375313318
7.216635860249367
12.278838261235803
-0.8935131414662009
-2.155324071127619
-11.916861051310834
-14.857391377905502
-16.626457153902386
1.1999786481619996
-10.233667052757918
-0.0007521678728520413
-0.8351753317877333
6.904841013687958e-5
-1.5396691066213468
-1.4275151957825662
-0.001504767328791406
-1.6513315280353809
-12.598889060110022
-0.15291497577901797
-2.7381898285114588
5.158810473270986
20.73252312668009
2.2737814667597482
8.014899475171301
2.584296969008598e-6
-0.12505019852807256
-0.07641882753271412
-0.05499110473195789
-0.04633887015726448
-9.07124314211982
0.9471622052221768
12.834472269198791
25.028981632436533
-0.0868246792370282
-24.09718960560021
-37.71373647782853
-9.83347556852142
-14.020626257879636
-2.2323643875527335
1.9428019502525158
1.4382073038424004
0.0013819117690879533
-4.31675735397742
-5.393658096252561
-12.787987650906151
-0.04110921120975697
0.6071475140629959
61.67110802707098
6.67676799511773
-0.08095822221753936
3.2013612758000534
34.6439721956688
-0.9713184067492944
-79.5496003286426
-80.86280002124059
-10.701093877546004
-0.996848535038964
-0.6182969680329592
-0.0017329802952226272
2.6643690611796496
0.9150646936695432
0.2265217976543108
-0.010061890004088709
3.074932308909492
-0.07824779169066132
1.2213110083178318
5.905967178591256
0.3474445501683274
10.731524727196126
47.45568905048108
70.58185920745075
41.61456450687974
0.5100660584194993
-0.06409267353308097
0.6500107774435627
17.284984415589832
85.19451016174362
84.88333044153515
19.32261590954468
3.8024751802572143
-6.361365170354081
-3.9243786656562585
-0.09103441724321512
2.7608138060934304
-0.004678492273872159
-6.207118632983229e-6
14.580733949059102
0.03123828326092816
-0.00955625394583538
0.933460162652693
-12.819155877645448
2.1788362105566383
-4.445374871085845
-2.392419953307007
0.5290862670427285
-13.505771745512472
-31.054572245614484
-24.155334995638025
-0.6594588712047988
-27.15586277541859
-0.17003711176785036
-13.47575252614408
-0.00725487774801566
0.06827956848126701
-6.219058439067059
-6.218177798689088
0.00010856675136413954
4.798814163187831
1.0155153972881308
4.106532206985952
-3.0344486884795123
-13.077877257732428
0.3378100337958035
4.967691205706976
1.7655038064275606
-3.7314135498068106
-0.010521549940383169
0.0026065553400905525
-7.566643899783653
-8.544029461298097
-9.372680175262685
-3.354195160056743
-32.62049483049829
-37.23085307676357
-28.666732454500355
-4.496143764569747
-3.6174389892048358
-23.68576004021099
-29.08242165306089
-0.36690987084132654
-8.367353317608249
-0.011065674479096847
-19.69928169537518
-12.841631283485732
-11.960222764061825
-72.53872802835126
-1.8153582492875164
-0.004559272812574503
9.062409321549831
2.859689293591632
2.644408108550063
0.04405656518859923
0.11493141657832893
0.019785963925736085
1.0825212611745203
0.0022182687224526453
4.897182443949798
4.302296148761668
-3.501909396412118
-3.5208031557906883
-38.192196114544515
-1.459705953551155
0.6208766649225488
46.70300888480158
5.799251126021826
0.46234501046981463
0.4979577473953046
1.6063159179420778
42.745750647563916
180.82289624306503
33.993939648844204
3.240443264847458
0.609528355451319
84.63290647513395
82.33398772701709
44.27513050883809
13.946503328294492
253.75854927123027
212.60276026870545
251.57179597536927
162.3948662579337
41.51721325729259
123.39600062437124
180.82370767318875
373.82914675604377
299.71425899140695
51.25101028664625
245.24489838510846
602.7832975030267
719.1923420186313
518.4322490473859
181.80404467683277
262.61861956122954
154.22652524920065
10.781051789986511
20.920793208124326
23.325192549010158
22.6657410565212
32.017602265814695
4.293685871144419
-7.0506377004570275
0.36145888857593045
-24.062897881080133
-47.34055848460003
-34.01925271740973
-25.861015881020748
-46.52701214942531
-3.879536897609863
-23.277695872994332
0.058410670207317855
-0.925304685199411
-0.25514487339433856
-10.169927280660993
0.49747531360587166
-3.9290700421860705
-3.9718742674072267
1.3166690262824974
11.426563863736728
2.5923258298158998
0.3471945717965329
7.576752186667959
75.04467891326638
32.25160792798857
21.512250660646288
0.013430864104720058
0.4404097257134215
0.02755030059934929
-0.9635904772452176
-5.8992659271313554
-5.572973509368844
-0.00011981655596687914
-1.9454552129324194
8.04992612028908
6.255240961260208
-1.6449863226181656
-12.292821113670973
-0.08467839827195608
-18.607619353524953
-12.423402645739127
-0.6943239613863601
0.015280749512936447
0.3489298897695469
15.406256245906397
28.38895569874982
188.44230643498994
5.117361125766687
0.23151997881776268
13.164897862175994
118.60623809580622
46.12467993236556
21.97140264850498
-1.2763996443900572
-15.635997356647174
1.3500591738002208
0.23497773932849614
-0.1731352463815841
-0.05766001957494149
16.596508162916706
42.01637047521744
74.63571679483861
60.39963384756718
201.2544153452723
90.68898751161952
15.657885201989004
-10.280842320025382
0.7998877160021667
0.01951991573907812
-0.06050789439514027
-0.3925767737212159
-0.11554120585835126
4.230446637920201
0.06335872965065684
-2.690084586547002
-0.08018233981462018
-2.6389507156061285
-9.825668501294073
-12.991031785055723
-13.206667281994811
-0.008419713526870955
-0.7153091612001048
-49.514419793850955
-4.513447059903605
7.597586161172486
-0.013982224188767675
-2.452653909144553
-4.610364148230911
-17.35089689979654
-5.2702575692680576
-0.10030335965194413
-0.5913751498513664
0.15518291491361905
0.013659474638133115
-0.8904703919396326
4.815898361100892
46.254839016573236
23.454186298474966
0.07677648666175481
0.0005322603774536715
-0.4867670063812668
-1.5586601342843476
-6.477713749857091
10.254316030562741
6.683923987661798
2.6568951751362557
0.04692259588625088
-0.09833198355538407
0.00626183772975517
-0.04116993968422346
0.0006735469966034728
72.14223941198986
28.29692895301836
4.936685052967876
-3.309400973859766
-0.9642671579111146
0.32758422769554446
0.0046362331484650935
59.27650818767388
1.064970989591442
0.3554614758360897
28.675851731919195
1.24641276190084
3.3847561374887714
5.311182427356568
0.0018914281266578469
0.0105828907099751
-7.383943487885196
-4.6009213064830385
-52.933415910283145
0.002370044217668685
5.332690154503209e-6
-0.18827159294169682
0.0394554736795892
-0.43584578461449563
-0.00021183113279319533
-5.3947747365641465
-30.470112776237755
-22.019578233598153
-12.122121871900626
-13.299839979600506
-41.844642555812044
-83.20264257556273
-14.351042710388821
0.006164807329036896
-2.830782084894518
-4.584027966355664
-5.628075990605402
-2.5228663114635284
-13.304543211050627
-0.04286267272096741
0.1401768733398835
0.5202985933049762
0.3542038273407336
3.282791142151851
3.652239558265087
3.43520259330774
-0.18015594295233442
0.6346456832124426
-0.017711360136644528
-6.466892596092152e-5
19.386696307725483
15.396861065073042
-0.1751570549373256
2.7447367768352677
-3.791699262697783
16.02504338627702
60.92474063459454
4.596332502122206
3.833745746497462
26.924489576123904
336.9819370158251
165.35199326259257
9.625130641422507
-1.9306715365165474
-5.707898547274869
15.319745892137782
19.494008180392417
6.051759017879926
0.011180480854139108
-3.291765866000501
0.1328438981794679
0.09294587117366025
-1.1635155687284273
-17.338755901212817
-4.315874001033628
-0.5620421229568868
0.5168002582243874
-10.471210780254859
-15.865087632605002
-24.245671828571872
-25.84719877527459
-14.879284270642575
3.3949320699858916
-0.3254694127326959
-4.672532448656852
-0.5902909359089855
-1.792864624901089
-2.2659585663822153
-0.5689982142022538
-20.003845687016028
-7.672729827368315
-21.370473074052004
-0.003357984520715716
-0.002476631564864168
-0.2145159853517321
3.0125736457404613
-0.0030540409328922357
0.8667204584309267
0.36362111848159123
0.2875938100803565
0.24345965274583828
-0.01468636785146479
-21.19981175685048
0.2028099602259463
0.990247475133331
23.236015029048176
0.29971042463671344
0.9105963961819513
-20.10578483080802
-15.336485452802927
-9.158438815541373
-0.3567884321189463
-0.5708169925023923
-0.0003288778185979405
-15.961883027153542
-0.05063814016734397
0.00019812615151712276
0.01204188228173339
-2.3986126584025316
32.8774389988827
46.54519185610581
1.5464530313552831
-11.04412197347449
1.753444659922244
1.3807149318425522
86.08557817144639
241.86367444141797
65.21737380820491
1.2680343481717053
-0.03216236245889591
-19.23156770276266
-0.1261964969333039
-4.049486912478002
-4.525502529988342
-1.1732051553244032
-0.0006465473698139826
6.675052444559252
7.194546427672457
-1.5205619748130648
3.6666265599724204
0.027285051129652786
-60.87708574293447
-38.61074476747618
-51.70235692053455
-0.019239686456061035
0.011481492755586535
-0.19296483293987896
-0.011271039237367634
-0.05830377417003854
-31.954245979487347
-0.025885014700829094
-38.94310367272066
-2.1579976124945612
-0.2340218376956755
-1.236020432891485
-8.76336373751988
-0.23713143419985183
-2.204405609734964
-0.9696594595931006
-26.493021637697055
0.0001843748292409941
-1.5088045895656386
1.543126081283381
81.93697666806801
7.731682996424723
0.4273926503316397
1.1171002741735787
15.226111417130335
2.9120779811506625
18.748209531260688
20.68170820521587
6.710233186769149
12.298826949597881
0.09570930024787026
7.296756241104203
3.4080406627177746
-0.0013935622122323269
1.276701421149336
-5.710084633929552
2.5501665598356313e-5
-0.12438157353815629
-1.6109791566744294
-1.375160221587792
-0.012836984597416884
-0.09586182671802256
4.474598326397636e-6
-0.7905078157196772
-0.008191760963888867
-0.04038405912844392
-5.614517799080755
1.4272341309044083e-5
0.604383372595427
0.021945962457755208
-19.457695925495603
-22.561522678941987
-48.83397734752038
-11.116604610867498
-17.092311131304598
-38.77059011263914
-11.481530737794715
0.8536526793596197
1.2148415985839203
1.3614953646964618
3.086714663780537
-0.885846015399351
1.5340141842206103
-2.1331161261226756
-0.3817936743505
2.3447164656630033
-3.5035283340401118
-28.91172590063044
-0.018546719044894387
0.005473092624095982
0.84724022851069
0.0006824783257737998
0.0956699928218053
10.749985165876263
0.00045827505563305747
0.3911335313584572
0.5697448679270801
-0.34871134918167906
-0.012378465491957542
-0.0005738465831110516
4.398113962722494
0.2312458716460384
-22.943216566907964
-0.6409721364199757
-4.818126198179521
-26.651492178571754
-3.851639733984377
-18.574254931900608
-5.080314931275435
-31.19985049011336
-0.12048013987838421
-4.963483492429598
-7.5280632873169235
-8.208960188846033
-34.04899749453581
-12.614772470763445
-17.110928930400245
-13.025180597195009
-0.0012526937660170528
-12.51106290360148
-2.998237421479482
1.5483471300155955e-6
-2.910919102930888
-12.958036112053135
17.752338882183377
12.720373918902345
-0.13545391753982788
11.084722855083129
2.2545233982993014
-0.23981282501750376
-5.593908828464947e-12
3.0653462850687374
0.44148024387609475
0.49786843922344187
-0.00021579180181934498
0.283681292373056
-7.136708084633146
-0.03959078286116589
0.8617583155874392
0.9522811126407973
-2.0334524936230993
0.19174896486343798
-21.98570030814663
-0.3068306121656705
-3.7741603182549444
-0.00834688287329238
-5.261224782537784
0.00048331728568233747
0.00010111298479433345
-39.69358239317395
-19.185662212540183
-64.34391602760864
7.181873231617459
-0.1505350845925699
-0.4130680818269138
18.394799631380124
-0.02811536274731894
-8.941089887227605
-11.621447442105186
-39.422761559769434
-1.4717689708240496
-9.774280982025912
-19.232140499055372
-7.606278967426781
1.131098352879653
-0.02823967151074806
0.7600666107229422
-0.21035099348729694
-16.228989697655614
-18.804548977832674
-20.63731813033384
-44.661230271043564
-3.2025771204261386
-3.2749082832227816
-0.6591080182883403
0.0003467551296981478
8.78801704698597e-5
36.62907813089701
71.23596107151481
8.40196198986659
9.380775526161667
0.2969357247733423
-4.28324730308279
0.8507414455897193
0.012976627030165583
-1.138859060508539
-10.483348777724174
-0.08519553356537302
-5.900078194748502
-39.74546764056952
-0.7204260138666747
0.03572543550360764
-13.115148569176714
-1.6562001721285895
-0.2958896619555622
-43.475059062039385
-2.109602798223171
0.00026151321397080185
2.8440288318144007
-0.005391152870623643
-1.2629168736228904
-5.11329046639515
-0.005818014967453051
-9.909198295793539
-0.08507980376626792
-1.5146330733173463
-0.09249233798204679
2.6692775260739334
6.711620768382916
0.026182766853829937
23.39885772118879
4.230321103176193
-0.2461450316700627
2.8157310905722412
-0.059874724990998565
0.18459444222829177
4.868013944378878
90.70544622038022
18.435750394389625
-1.7641072242597906e-5
17.989414094275563
21.788346329329773
7.09187792961365
0.5157498930041529
4.114003598447187
2.805013469894895
-6.369805149133518
0.09461107096037775
-0.025093664974099816
1.1965139823779127
-0.003678971824804001
1.4707546574143586
-0.08254350493048955
0.5694700130866508
0.20510209303644494
-0.18805899250308702
-0.08821822057617289
-0.06146120079847353
-4.623231311270848
-11.485478567369631
-5.993588439221315
-33.76789639662666
-0.021485253965767608
-7.33306984897814e-8
6.097464112490636
0.1376870102518647
57.591059721474885
11.042348868633079
0.5271420121062156
-0.32628093488057003
-0.02037858772318658
-30.260669858328278
-14.835550913866914
-7.483826884520767
-0.05554298922911928
0.5147401916328836
-0.00015793958879983233
-8.358122817971696
-25.788640371164576
-0.2105765282017452
-2.9982253040968674
-6.317283775364437
-1.3102441048567202
-0.0006267403093737361
-0.9710123899680227
-2.116978501165335
0.0001237686834017431
0.0009438200443821211
-0.5150661425126213
144.33476034316794
38.16337139909044
21.56751029478089
27.847207872175506
0.051806793061997945
-8.631528672155363e-5
13.774527046214095
0.10559091347082185
24.538519908303623
2.0354836923222894
10.613965611072723
0.8201226022066456
-43.35704962656886
-1.065476825904982
-5.458369519570735
-23.43027401588392
-0.28487022974991133
0.11729564259765791
4.892870716640881
5.037746561688599
0.0071324937907796294
-29.949789047927585
-14.595789954697615
6.453010617471061
-0.7502104501079211
-6.957539773856409
-70.31870745008649
-12.812980905818645
-2.234434714957865
0.009224768393695657
4.433643170575485
4.4635499724810455
0.7083866393390731
2.0236454624262783
2.68496330507823
1.0864308727173317
-2.1823938979699408e-5
0.4081010567320877
16.89889210362986
-0.12297842241020632
0.6245705840345733
3.9536939033596408
0.00017746048823990738
-0.005177874465469098
-0.2024276689287206
-5.922228450712975
-34.32501823636896
-6.2572133828066585
-7.604725630800813
-35.32991635699362
-35.27360594958975
-3.6433479492725676
-1.3246849616736367
-23.93198013742494
0.08181840925405696
0.8654829789844
-20.567004999742966
-67.52656759227777
-2.16753676470342
0.4964709841097595
-0.44112644565918147
-0.7176663498557382
31.884045000121972
35.271648891674296
1.7777136272534169
-0.8231019275025583
0.003513638079569272
-19.18057278267121
-27.455629047813996
-11.044210889919787
-7.91148623174716
-0.006649668669313609
-0.8974791951628568
27.4647719440737
25.372750779376045
86.09820639421129
5.541123467398048
0.033740296290779445
-2.4906524509686813e-9
1.7464392538694873
6.999537258259686
56.777157496144326
147.5047435107093
0.531979066841407
0.3333292182222182
-3.226530260366278
-66.80927765651468
-12.715359751814594
-19.686780389886767
-28.398513073931042
-16.102743509294456
-28.74755914048675
-0.9893354003542788
-27.333166583123425
-0.31297766632469903
0.08148055390975503
24.722912462171998
7.374762737743248
1.9712366904311973
0.35753105973629073
-4.34171636849825
7.548202498963423
6.285620296173839
239.55587327115293
54.42446794284913
0.04544865395664905
0.006354986567016055
-0.7247294194999238
0.003075984205367515
2.32362731156571e-7
7.914681360272431
1.6676200177560205
0.4986755620022461
-1.3219270334080429
6.417375807343513
0.004626715622410534
-15.215452722243002
-25.541746902988603
-0.3288712924086364
-4.788227246092521
-0.0005276175363773703
-31.658377137874947
-17.498404479858955
-42.14383333867119
-23.74598497352559
-57.032196746488225
-0.8248119760215111
-8.918802960058828
0.0003081067457785542
-0.16699185111070594
-21.585757324925712
-3.089866791262052
-4.014093443587753
0.7520774476495399
31.97995992603364
-11.63244107980308
-2.459410610538779
-3.3909212920822736
-2.5581169977926947
-14.83242069468342
4.511648780699797
108.63647377467734
-0.010381232785798897
0.00031939364183338034
-10.396599245365806
-2.7380507196169837
-5.222773231522525e-5
1.3336670107829174
-0.17150798730259062
-1.420899451712353
-1.1228071357105092
0.0037703930594902664
-0.0008088294705076422
1.5140040505541552
4.287579311592451
14.299980862387322
-0.016751051887510773
-0.10543174774463476
0.26791193285868703
36.52934438785183
19.506516849992334
29.571204421829098
1.06170839401641
-1.1393985136092684
3.9024717768321073
-3.3292197893455686
-1.6700699536190895
-23.56991186639383
8.47445535049269
-5.115333071376879
-73.17063930322236
-6.863023594740441
0.4615086629087179
0.058583374305136306
28.057316770604114
0.007721378663952859
1.38805382026481
0.03179154140084486
1.9195769768386186e-7
0.8617122072579497
-0.42815380195455544
42.581316169482136
6.7725591602948825
0.08544970554233484
27.399606622491188
45.44991254113857
1.5319220774877698
0.003282312294894711
72.43641371871124
-3.4098982803772557
-0.8003378077801175
-9.471610240373218
-1.2026859238578047
0.8567834195207056
-1.925573525007829
-5.836395812299031
-4.599479178443519
3.701850406645744
-0.010737110577813777
1.806837870433532
-8.95588700386002
-35.23447715792366
-5.7274655854258105
-2.2490304788883924
-39.45904143571733
-4.794736678204286
-14.72535320501582
-1.3532505471508098
1.4639340733284512
2.9234783374883953
26.26082483649805
30.715637944500408
-0.04372333998071534
0.33543407829141125
0.0004150505627618074
-0.0002564761221050807
-8.730703023182205
-22.089069771291832
-26.0681210198365
-20.997509608007434
-0.00472018731367741
12.168930129410098
-0.0006854126632730995
-2.3935582186650666
-0.03948007377909921
-3.612735120917816
0.00519221997819793
-13.17457632680042
-0.0204954303906574
-0.002293497801301872
-0.12202324371769022
-1.9481838618930647
-5.010938694740171
0.7865815039628595
0.10630284305065861
7.852214267447596
43.96732499190632
0.14690050258135665
-2.956359997621136
-13.187586437819473
-9.551307135632777
0.46983744790042553
-17.115774756254883
-1.1236657203643057
0.00667555311098793
-0.020344644818956162
1.1547604779887717
0.49350955325023377
17.503608780823033
59.47403772147747
22.26114428589647
197.1927782323092
10.430720274789524
83.70996516783379
-0.29983495809605964
-8.21205434249245
-3.685186095078287
-1.2269739713805903
-57.80418788648397
-10.728068463615063
-41.5838883099899
-27.53281137819035
-10.535107455569149
-5.28359698029688
-0.0792198779957306
-48.17600968794938
0.02328418840902314
-0.6270126695721736
-8.06144519661712
-7.205354363279484
-15.622265195577086
-0.01294546390593205
-0.0019906500652657833
16.605621321327334
-1.6314089657217976
-3.20034602985089
14.516854270345284
-7.410616786740411
-0.35313527585786997
-0.3274368063233758
5.45563805547905e-5
0.2258912761418557
0.4244130210282077
-0.542216231153599
1.2246188089674204
-20.543650832686946
-32.28080654689275
-75.75004237431442
-7.633903951109446e-5
1.806429760893789
0.009980749041358702
2.529743987205748
8.44175693377353
0.0428973570620265
-0.10197718971707634
-1.0835485444116617
4.232141833034306
3.4672123196350277
3.4059067832993426
11.337400876834026
12.591083646580657
10.687592470143002
0.1016989367973531
55.1473828763158
50.923740009968895
43.129260990113146
7.769888535721599
-2.7590477745654542
-1.7412321602893708
-7.024986296905317
-4.8159899308268725
-1.2449279782884715
9.559401384826947
103.1938955299727
170.9520007287355
251.18686077349196
287.9846955122484
154.4654635089328
124.64303202003232
180.7802245507817
265.10632235677303
295.80340834151144
360.98207864892936
296.61151506775786
26.990064094311553
2.0938561948160905e-5
0.02256798359639205
-0.003484866517366321
-1.1296206348014235
-4.620739279584857
-5.187100992834297
-27.682267923662028
-1.4255226059641433
-40.733555196937715
-1.7376209653972323
0.005166528096731795
-66.43513745484142
-20.22448164690731
-20.38964443172787
-4.201113274311353
-0.4190396379244722
0.008190977423552391
-16.74070187441934
-11.736627702272488
-3.5771332551223707
-0.01979504354185418
-8.244526682394908e-12
-1.7419935395878157
-5.931464607146312
-8.327150533523328
-6.333071851610088
-8.928639247893381
-14.577373265113618
0.00015097068569494117
4.411898142144794
-0.42530668191279086
-0.05515383178007451
6.86909821087599
-2.854671750708837
-17.023672355415133
-16.297117893812807
-0.006914034711019624
0.40698296195076733
14.609963401145238
7.316004503342737
0.00117298580501648
0.00015337819201511715
0.7235088366356938
-8.197252243920338e-7
-2.3674784759214953
-9.590996999719284
-9.574169950816817
0.17749217806422837
-1.29077925197131
4.938994558271042
-0.0001647300411769775
2.468953408166957
-26.876375055156878
-1.1347232533243454
-0.029995178222098986
-0.6359666504548261
-41.279788682254306
-37.6878473013346
0.0006517558697023158
0.006657666977825413
2.4103662530996153
18.511528488410082
18.059419343626026
10.885533204500222
0.0003604712428015832
2.406182824898641
8.127973806513536
1.0052592747100795
23.80747642841451
2.8735850623903985
9.070355369822842
11.663150672105525
17.36666162007911
11.705389417477948
31.03580675292764
16.432699802329246
63.61950525510466
6.087757628653076
-0.5568458159429541
-0.00020638024306515545
-40.06397940631857
-59.73522069243661
-11.829902902330995
-32.59358061674181
-2.6070435929629365
15.404362148353597
36.631325320452525
116.21259280948894
2.9589619782413634
0.9701791815690666
-0.32412554922915576
2.980288668515815
-3.482867735263992
-6.255566696864824
0.8425432096615721
2.3921823359841143
19.038970331978504
69.2165179359559
0.022172936793625246
-2.028883197157022
-5.467201090086871
0.006090060268532198
-0.9565714412276788
0.037993422698319755
0.0001055375330156098
-0.33593712196251097
2.9909655882234474
-18.146234250127904
-6.24474392188178
-4.45809250131698
-2.1135716217890392
-1.2421558050454542
-12.574027346356194
-6.984299138691097
-2.1653710227116925
-0.014545882554909753
10.35563259780773
116.02086655506172
4.791654193111302
1.8144865519313078
58.831301537618906
31.654651881733102
0.021340753345709437
4.428782714385579
-0.04225033985254818
-5.843763525132467
0.15683306728984395
0.8591048821505792
2.7622975816959014
-2.655792068545881
1.2249445228236022
52.63128196908187
42.23319597583822
3.6415293389588768
-2.1281345362055615
0.8730290854048688
-6.143310987330213
0.37443637878706365
29.00144303193322
1.0290271497879084
-4.4362699115233895
-0.27689559612355424
-0.03238691181347264
0.001733771724644997
-0.6681561502428851
-13.879649224718936
-2.275343973920841
-8.708332609406519
-5.920376039054044
-31.935418069846367
-17.42909725120546
-23.868917678547245
