-0.1153954002862485
-5.656146909475273
-8.297373133609526
-20.382200070647215
-0.29995171229365236
-12.735682105075796
-4.092109010282416
-0.4735461745218574
-0.5534851182721261
-56.63221933201165
0.02556315084915887
-0.08049368933749099
0.02251320821487279
2.138279902379949
6.640928586486015
13.879966633227756
-0.009522709725112315
1.8658118147290554
0.5576656391026853
5.718312777009498
2.16990208076047
-0.010632140879023217
-0.0038747611998551203
-0.011153502217269858
-0.0036175961778195367
2.092202734264334
0.729943989693145
0.0016176018079977201
3.5150385614991047
7.217052376836446
15.390419490675253
8.65742022457309
1.2104798805845716
5.7181162230012355
-3.7830557274845837
16.320813920684277
0.589237848671294
-0.6082306384269245
-0.2846945232973987
-7.380038378857593
2.398824859655708
50.79555688903388
36.69644314345145
0.5214832059667437
0.2763211347241673
-0.038740652687109134
0.02611161770078804
5.032722656018514
4.229495745356669
-20.97313360990107
-20.67635185698397
-6.109596228707655
-3.3216766135780906
-4.3376306845942985
-8.712057749091564
-0.11713220665594665
-0.7414500391819078
-7.276823673114619
0.006903845837896537
13.524250292431116
16.722561904047627
275.25642028981855
10.661859892825953
61.849836894077505
23.74844915404449
-0.22972253905754517
0.1146259727440011
19.037897360781564
35.73653813362717
4.001003941609239
-0.00866362941626649
0.8045633120518233
-0.3175012432451297
-16.316913501222572
2.3860928688485656
1.2709532280174278
-55.45008795991024
-70.89656455071936
-0.6252199108782083
-26.011432647361712
-5.9884600944014
0.12109961655992359
1.756083346386669
-1.6905338528094922
-1.163639929031935
-0.3886817302799881
0.1305846536513249
-0.3137862178989389
4.340273022503004
25.13740489452406
5.068230912440021
109.50127735392043
2.153767972003557
233.276346265883
4.41886792035515
0.13284650192948083
-1.647635801031766
0.02073752387648414
-36.529689800102176
-27.65997039137124
-2.2894100356174873
-3.0259312760440404
-16.28614499172804
-7.0402874580151416
0.014544495452902881
0.7350592732172089
-9.373518792899867
-0.35518365083047165
-0.007294621605232455
-2.5750537989730713
-2.915769524726465
-17.374140149605523
-0.013154779954611272
-15.950902517456854
-51.276225183628185
-17.607096972598224
-32.71185255005925
-17.896963852393174
-2.0223051065031643
-0.6424150300805932
-2.8122584135669393
0.322798713030652
0.038030238698822647
-4.19265458058638
-16.882532271624058
-3.954788914706487
-0.013759825110529767
-10.971426690295006
14.887895248560671
0.051720614613834474
0.04447387481762197
24.36211237568552
0.0008557481616167276
0.7716835208835874
3.2560397063664523
-12.790511706290085
-0.002811700730321442
2.4711048491234378
-7.638530664647502
-1.9717536868662418
-0.622337706575972
-0.042364396508386845
44.01365239966163
-0.01702304965411022
-15.651179273483642
-4.403551354866646
-1.5128832296739632
-0.17338921116126152
-4.367655955446659
-0.11380013356415931
-0.03781458558200574
1.0832305690249928
-23.66671810202823
-0.01679631343414044
-0.04255168941752765
-0.007486510586053936
-7.741839078501021
85.23383771011682
13.929073049034642
-6.50532215366696
-0.8461720970613918
1.848511978239599
0.018631983867162593
-3.134061845710658
-0.8812427322221424
-0.15195814849919703
0.011757102918602741
-31.501668881480878
0.8114321025373535
0.1131128224448011
0.3769605950895129
-15.707619292123443
-7.435299925457154
-0.012382509242211822
-8.982346383537873e-5
3.489340882348195
0.35324821420005303
-0.24017164054957738
-0.027263087249925114
-0.2559236371727735
3.969723877329202
-0.7235045428094601
1.1642165463575085
-0.3191596187149847
26.931407420271253
0.0010098245317665627
-6.162879100770251
2.1718176457967897
4.465877920472611
27.692490212394166
15.45165982970532
0.7166676296257474
0.07845578053998867
0.03238735716817515
6.755662991370447
-0.0977092354719515
8.09468754694304
-0.23836365467020937
-0.007098062558456434
-5.704565734849589
0.10037770609405795
-0.4351764388241017
-4.163361877814109
41.793943604233334
9.12250368327292
84.35911788534676
23.746303017205005
11.00608696006534
-0.26385493635531904
-1.1481656212028434e-6
-5.59000061856117
-32.68222218628213
-18.75596267785714
-8.30001735958172
-0.2226218030473145
-0.39665747696043335
-33.046801973070544
-8.150489572793493
-0.07570507743779839
-14.012643995367116
-2.5488359625084325
-3.276349759442242
-53.477997524869714
-17.589269002407548
18.51007236773784
-7.9862051373661975
0.6732803250064672
-18.637127321949126
17.435377316374005
-3.5110678846788654
-9.898151836993467
-57.17892348134072
-0.07532907512093573
-6.758217323395099
-0.04576072376194354
-44.603128055896846
-0.004864910383774598
13.611023781831703
4.5497812189970395
1.3977432773319498
-4.004422612496889
0.08561880886094271
24.318256473942007
26.741261803727596
46.17931557636545
-1.0591622047736167
-12.719777773240692
-9.257094492247363
-12.544894728899198
-41.511229927348886
-20.38219587018465
0.002247401115795938
18.243501237271335
13.113372020630958
1.8810443111486752
-4.958678642885928
-0.0024556940413988644
-14.674750490663468
-29.941378150498174
-1.7545482289360135
31.049583623497526
0.013734697927841617
-0.6997045196273514
-0.022617054947439243
-0.1198945210443141
-0.7304039041119679
-28.669804562311207
-10.045100030338222
-3.979783440216608
1.975423448826381
-0.7133390048393826
-4.547903143445969
-0.25973676508171256
-5.774390554197907
0.00011964463796890896
0.36513678396866317
-0.5487193462396839
0.003861650479570961
66.08230475942443
10.181944398829929
9.952176453097954
1.4995423338283091
14.774580615683359
-4.923390766913817
-6.863992379011796
-0.853502378037382
0.09156650651140524
-8.510376669307261
-11.092348594159285
-2.8141495887806247
-0.5332304713963123
-9.857039003341628
-2.441248639568977
36.613049073991434
0.16380900412783417
-0.10388585563771902
-1.7275614919372377
-0.15717120551012234
5.131875384968956
0.2542018771328137
-42.677021654034384
-0.06901172725875535
-0.3197392956203122
0.2774262376039985
0.0008402180506414121
-40.72160389782746
0.012364911186054336
216.20639550141058
0.05381111756814623
2.819704267864613
3.276940658630014
18.328419177480075
3.710381659259501
0.39999642624192033
-0.001222914690489556
-14.893173968334889
0.03878843906076527
2.317880326748134
-2.1118618804213316
62.25724163292023
23.434604409166877
48.0903731928607
23.845961796408613
-5.31613329605617
-0.08907458009538244
22.690701831776924
19.105509391696273
-5.816537561482417
-20.056898579117174
-22.748247388565296
0.13391769659280395
-2.77491544500693
1.506377748770468
1.978299079814619
-5.320725703515415
-40.33506725795622
-16.124172285566992
-0.7425605054440623
0.12981671400765035
-0.13882145060579149
-0.035569406483029864
-0.9086666905261046
1.6552298254683186
-1.862329112831042
-0.0035828748637728148
-0.19903469436548335
49.202106076917985
3.937978892899062
0.21380465802900825
0.22145203751056017
0.2842564535158917
0.001234464971118523
0.7412836458585641
-1.613196049886032
56.83309005016266
1.251860702418757
2.3703983644649823e-6
0.4658288265346044
14.511413842903854
-0.6144910180889241
-1.4833935467726727
-93.00078097406066
-23.729178436454195
0.35678803386828145
5.756598189709322
-18.259229488684767
-0.037350972422092545
3.015157831369291
-0.695272938821261
5.2870247286209695
-0.0008536588559619364
-0.05477221825303685
-0.21106343795120242
-8.173479617422243
-5.790251803073808
0.4141290005482398
-10.663345631748331
-0.08758548300020345
-8.119616035444158
-0.0024419828240867967
2.6535718366436103
83.42257553630127
17.56783235117002
23.382607268863374
61.91850952752401
4.818241148682755
-6.286600270641433
-0.029288799978054024
-57.17425737911853
-1.2644438605416761
0.003687664518159962
-0.3718692612106761
-1.099388371615912
-97.11066861984389
-24.3012322634368
3.732891644879689
-38.872916883095165
-20.76119657217759
-0.37619949356936433
-3.489039541863123
-7.70015043729174
-31.793670580725653
-29.294932007782037
-0.4001255063845401
-48.623020893981355
-27.867271176800287
-0.9173942558789359
0.07920976286889604
-0.9201716949551635
-3.744706961171269
12.887463752531252
15.728919974861897
2.950522312826565
-24.936180255042604
-12.360634956313648
-2.4452738143725004
-2.25452109138223
-1.882798744215666
0.007347341509160243
-64.02049946700227
-9.303414000066041
-14.238406136931179
-0.5650227112079924
-2.8962619709580246
-3.5753204292904734
-20.88847114138878
-0.0032709455350279242
0.003715763365660051
-19.670345636667356
0.739171174055175
-22.438818459082974
-19.48873660421348
-3.4958212907878643
-4.8182186814160595
-2.1235380391468657
-0.5319390042339522
-37.74721067321989
-0.12936312501676267
-10.689691093199318
2.20850359365985
0.0506387414784473
2.4295790622358253
-0.6033649349954928
-18.06766566165681
-2.65762301464146
-2.36804280563937
-10.182829827006943
-0.0721662543694227
0.07295508820129068
7.665791737446919
1.7480097961727135
8.918961096183708
-0.02443503652263023
90.69465354928668
8.082101692244917
8.567839709964366
-0.20495933477566453
-4.722480268629951
-37.39724019096337
-0.41739361276968306
-25.659208521413877
-8.045011898065965
-3.7741171438616004
0.9997024279252005
10.143144034531236
-0.16004418921996505
8.715062053101835
1.9594451243589746
16.821299015384533
7.453628467102874
1.0561417916924523
33.69289580108089
9.400554996111046
102.37142893657034
33.940267232132136
187.2997393233818
150.20238959682368
-1.9596828465237347e-6
-1.1377717101591645
-17.024746999784437
-0.04144478670460757
0.39042457400768016
0.01570841898397131
4.6422823430474836
11.595660689292712
2.2730531321399425
0.0010224916439654083
0.6070128668920682
-3.619677103936696
-9.62586959488153
-10.058195988638465
-0.6087894397424193
-4.2525680980973215
-6.717759207704256
-0.000845392695198705
-0.031402372139974016
0.23843389683577607
24.064714345920585
11.49391462056126
-0.02610790424801479
-1.136276283576063
13.903437174291467
-0.06861380573086272
-8.580616546563745
-2.242983138969491
0.04310459673305571
-50.42923115560058
0.2257027039131504
3.0190026529926652
1.8076393212465285
53.044256088344234
7.072460818132167
-0.0770044730627996
-0.907441354565898
0.0009546631416536235
-0.000855684052586422
-0.11234695617139485
0.08840976264276597
-0.03242735598276541
0.521023437083144
9.039114635480276
-0.006349639002930318
-0.2226586579589093
24.100297890388223
-0.1658810184777254
-0.9076107723303216
0.07609652277939283
0.010884576673348498
-55.824159372851256
-8.023975522250574
-6.896630400516634
-1.7058020234406521
0.1017266807185748
0.36384890163810935
0.028564211757954136
-0.019603617297614874
0.043595254321705
-0.02147852533373396
-8.763748921475273e-5
-0.012941889080457571
-0.000915956230869322
2.411526164561886
108.38785165643267
7.784761994815159
-0.006161587065028477
27.466239749008146
44.64229012837776
15.430257011355126
0.11454391672719781
74.04324108475781
-0.0014081758213948142
-5.178999472793682
16.138606194164034
-0.3292692141166777
-6.528150748903656
-0.91329339597892
-1.818793633486982
-0.11882138393635278
-11.584796047510768
-0.0005224303019382932
0.20918840015065898
32.42289961031246
26.924387742113815
0.06309896782955454
0.19839939297868772
-0.7715091763665127
6.344290577756578
-0.003662292516751997
-13.020344031249403
-15.102162070886777
-10.126989264162294
-0.6668829236094653
0.015013613275669151
-0.7296800932507249
93.50892858078564
16.538117733290772
73.6452269098397
10.61217422974528
0.0024082782416816177
0.016683317113013588
-0.5946160524460793
0.4730301710936824
22.694948807620168
0.23367279798206664
-0.005914588015066447
-1.2457277106229425
-66.44379241132195
-0.09809259099339275
40.149140262846316
2.846970516070909
-0.8052345639132331
8.935164347126339
45.78347218751206
4.047063031740758
-0.5691555730714729
64.10926848350272
0.072342284950361
-9.683304390251152
-4.159391666757084
10.096336865037554
0.21191162752397988
0.3106592359316427
1.1752426655122554
-8.388370946609039e-5
-0.08744400679315954
7.365409664759487
-0.10987159463183435
0.6665572963308719
26.716247252066058
0.0028357297047253835
0.03023038037109619
80.48141913378039
4.374766020727671
0.13808295576113325
12.000434236339993
-1.875966454871862
-0.00028922303970618123
71.04974362165271
0.1595239217715857
-5.34171667061733
-3.7674998800527706
-10.367599156668927
-2.9638218071770126
-0.4901740300782622
-5.9337068348263475
5.874777868941013
-1.521519101114087
46.9010718178105
83.13676493038183
0.0017986572505001503
-5.360805880144768
-0.05077603244167926
-3.0667159462446993
-4.1734759783104085
9.13046611563219
3.112717244707352
0.7800525120016213
-0.18675336743544546
0.26479754221543894
10.104759613717379
-0.34239239507209096
0.5868123915979033
-0.2871888289822855
-3.235746043647562
0.0067590704618786844
-4.530014846116933
-28.749058639480474
-1.9431002634624621
46.03458182882924
-0.21555996432735774
-0.5493414698120245
-6.972971993856096
-2.0356471605500968
-0.13120492385640586
39.52424178731378
0.013114036756070247
-0.06472207167828735
3.9557438740795643
76.04147586625787
4.071533728001888
28.841145935682032
0.11557781493547195
0.19004624214756397
2.7320631366465076
0.006796214635032989
74.65660317539582
-0.13195724726527333
-1.1007567459150456
-5.459476940774411
-0.010406382415504381
0.029864534973163243
-16.585959036835472
-12.630560995877957
-23.891095249909302
-2.94374445286497
14.385593642652339
-0.006112383834871193
25.14226734586681
0.293928972479004
3.23204308608373e-7
0.009588299639324123
-1.587966490775839
-0.010009889375433545
0.13145232491536815
-0.02361250158954099
119.76312506561315
-0.07447894624828327
40.45693543517862
30.53202542157985
2.354220335433725
-0.10610465373931743
-6.228730622451976
0.009091916223888625
-47.9565576945074
-1.2664421490046571
-0.004810866442596597
0.38651585528243587
0.5002208360723363
-0.008039903383408157
0.021456286157352712
-6.441977943495919
-0.28997846763949403
1.0339103937478242
-12.741390100229331
-0.4711911835737106
0.20453544061400153
-33.962826000092164
-24.089647265826333
-5.329887862652368
-13.130036110213238
11.396110208208393
-2.960019744254388
-5.994815788632094
-0.0318121219875088
0.15671327541721047
0.275861438067261
-1.5346948308930854
-0.83595597481847
5.869293953285128
-1.0933147313056863
-12.287230371924727
0.05776511674289549
1.867967303582652
-0.0035473601383516737
-54.533059802526736
-55.77302817551803
-1.2531300879610079
62.698242517257995
16.18306027330863
0.8297744095786135
116.84031537806909
7.085927793497625
162.05173593348204
8.090378857198507
1.006779695052706
-0.022794855555578437
-28.70529651257159
0.8330493347256515
0.04245768636280801
0.21733124409880303
-0.04442181987090176
-0.1951575432109117
-0.2550919147801457
-0.14024136116519217
0.09253257913944361
0.19110727363831173
-3.589441214221798
-28.06384952966369
-0.07614043829100035
0.005367399547501684
-3.363827316064097
0.42654768487243966
77.41477450587827
42.56295534650415
5.5443682933204395
6.953150172922709
1.343703078798252
5.07484866541365
6.177135907688998
0.844693293290397
-0.001846368945076213
25.671292902829023
-0.2834678689826997
-22.17170119009534
-13.07298909627479
-2.8353430961557855
-7.922727711641016
0.3293492406259336
-0.9941757384613941
-0.16712084892853327
0.07921761430349228
1.3591434821243564
-1.5863252477167764
34.927265509818994
-0.00031100560052594825
0.7458815134462872
-21.142944132650914
-0.16033703822328987
0.07538422892836899
-0.0017201000093538443
0.5853948705353202
0.5568497509012851
-0.46241443638625873
-20.733062033944655
-5.69392682821055
-0.5723564828095794
-8.457068044082858
-1.0833478321239378
17.689677012502052
156.27650778056102
89.2539495115677
-0.6361774329362484
1.229304959104426
-0.3505444619605895
-1.0106399705155287
-0.30223367398926354
-5.318910850060258
5.345748201622621
-3.9088212503582945e-6
0.9242228895770443
-5.82439298385125
0.0013857986344002775
0.22569921349005295
8.767189251403614
3.8473733380140214
0.06574372380224265
19.934626413215902
24.427376939549603
16.260846213947868
73.66264527880432
0.900022248277277
-0.3330309924751067
-2.5929239087244826
-1.8845836904517221
-3.0032337318493343
-22.56571776111308
-15.66549043263209
-15.839292073075171
-9.468431258626953
-25.078592326009154
-1.5698106288168625
-0.3604299868237252
66.10080320229
58.46406278863414
332.5212559132334
21.342783076943558
44.519577264310335
134.59886243209124
1.1628780783535198
0.20820531953953572
27.309583240525185
20.55651517018432
7.349239537321197
1.6436576413423065e-5
-0.059039897117466655
-5.628287161826951
-17.813873920983973
0.00034078441221434405
44.4585295019614
-11.592602951426494
0.11864998188453892
4.5176635226451625
0.37149553263230956
7.107603643836816
0.7878611352820462
69.91046457471204
20.02362906533088
0.0005798533044485886
-0.04004793702422313
-0.42175979124753765
0.8791996059392669
-0.3099784380386212
-0.7343171629611142
12.610960087795071
0.254516237346277
-4.542335119168547
-0.5248447038956633
-3.3117728943385143
-0.12385401496040715
13.227116206247176
31.921425504462807
1.7904783707039194
0.5660224402421188
-9.721013299953368
0.0031100019255373467
1.0666993082796508
-0.34489852820927286
-1.5533763585376419
-0.00039657292154827095
-21.253251776646167
-56.301830925082115
-2.5365659885048215
-5.895052658241722
-21.711163386983042
-0.04059003372197153
-1.83562225564366
3.4546580828985523
100.44666369047896
207.82806530362248
-0.02510027719260398
-18.02423553425819
-24.957956218388713
-0.775674788565868
-0.22010677991683067
-14.652575660409914
-13.000781066167994
0.1603949200129176
4.192684935273579
1.3931135900605665
2.197590597968248
0.4464770645096792
12.99548283528901
-9.5637873898247e-5
0.6542824437412111
3.341988957436051
0.06060103290885614
3.197516880322568
46.067649831805504
7.864649651583226
3.1614107216112726
15.03248589209432
33.62130157085716
34.70145503360844
165.7849568638578
11.028308633166365
-2.7121697743153663
-20.821923537397115
-14.251009032412917
1.362074767620496
0.0637017637244161
-13.872613343915368
2.0308054235429527
-0.005916404503352825
-21.615358389222155
-0.016315954449331434
0.03450946825750151
-1.224158045922439
-0.2068430021410055
0.004285191268949808
-0.0035272829999848754
18.909287415534028
7.099579072006975
0.08821369192996105
45.746021599361264
19.3617324556479
25.413670849238596
2.5228607035878006
0.047998046747456447
0.4044073249130625
6.448154000238549e-6
2.0252712582161223
5.540816746822801
-2.6575648667249996
36.68019602878763
15.276359320064664
1.8704082867551615e-8
1.6600021852236977
2.690599239780713
0.2207502860963842
-1.5285506401822446e-6
0.49182322528627515
0.607919267561468
17.76000660375929
19.243090658261135
-0.10097527206558264
-3.298735762398512
-1.8069157579627566
0.0006371841234696624
0.08752943132850366
0.029836256521402236
-0.9075302645479706
-0.025940070508864474
0.24665603742114436
-2.7508076549247034
-23.294021823689423
-15.125338503609607
-9.34523910835458
2.9273601545998686
29.156698038361007
-4.791992653788838
-4.01474723894927
5.025904190597105e-6
-8.81306688895056
-0.26446683880946026
9.653876697075258
0.16414573271883162
1.170775630413135
-0.1966533255154658
8.66115915523181
-3.7784818541466265
17.55549898128194
48.38267604870265
2.315442220885741
-14.545514636614817
-0.08515598229586285
-0.006572445680871678
-5.9930521134988
-0.9128542879299165
0.003586424114563009
-0.8272417896279982
-20.611984636035007
-5.056493959238297
-0.9121692042448277
-8.6737084591708
-0.27666618744395066
6.356656928482512
17.738671431154003
0.0008713706616396931
-16.591314496951657
-0.013422230369700479
-19.67967640006039
-12.120160186669663
-0.0048364875380657755
4.771352750572511
0.0010396140973995582
-0.011967105447844635
0.058922980438932085
11.032407739978641
0.7084045545428305
-0.41303411044313587
-4.08710287647626
-4.363882272275537
-30.272148553351037
-41.91174870781766
-29.770646602283637
-0.8207467917000657
0.1312982529327
-9.239477845300312
-4.941010070598533
0.15859183638711463
-0.053114717387487596
5.918218070813647
-3.0459103569655444
-32.357416522775324
0.986966703854379
-5.4217172504927325
-13.207063191359161
-0.5742518125559031
-0.7817202261934918
-21.85773526963807
0.3168848638566315
-0.057652040680627986
1.4758280349658166
0.33215623381561643
0.0143423084259046
-0.8201687704326093
-25.371278296573095
0.2308320071063435
0.6170929118887529
0.005764080835818762
2.7874739917324525
-5.2197423717184535
-3.186422273415257
-31.109257237132137
-0.27398766667990904
-1.1757919515855273
0.001108436888691214
44.671428780681715
-3.3000385125226726
65.82314934458702
7.9199518816311105
1.5277089087915892
-0.055274744994518614
-0.0004641323982437354
-3.227688775965739
-7.521342805780393
-0.11998279550061061
8.929647848249386
0.004031628317955876
-0.10375447112386753
0.6816930668917849
1.9569023003328831
186.82210956172193
43.4307278617654
0.0072658166541864815
0.4974482813027818
0.00011461690597523338
12.437802573937617
62.45009209845959
0.000425079941645028
-0.18192603902156326
-5.033826193779484
-39.63991375451613
-1.155067447048971
-2.828599418432718
0.12658982128602747
-3.367271418829282
0.19875178341626099
-3.799864887194437
-2.0275193403248446
-2.489182786844385
8.44039660226509
9.401882422832434
4.964436548424659
-9.576417964896624
0.22003745412313042
3.4823849091054555
0.28738153866457417
-0.0001478995522540007
0.02722507439580381
0.037237422815867824
-7.245927253667447
3.6098883064515584e-6
-4.854677874017049
0.005299871438159989
-44.33053932248886
-21.95156321282432
-15.647417789829953
-5.352955140170473
-2.5799696057530284
-0.22422611165563935
-5.333153707744548
5.518828623568828
11.528487840468342
6.283339278015963
-0.6691018584223423
-0.47399919335446444
0.2010169863045861
-1.35139601519405
-2.1837684474749905
8.56963365211995
28.518572368370517
-0.9645428326071678
-6.968296168958432
0.14899920629546273
-0.0006790243020330197
5.644743257348893
-25.764141408631648
-2.542319778840715
0.050449015973729805
-1.6034245636705124
-30.681542734065037
-0.8839137883862614
1.5513995625169479
0.18861906471292253
22.90977739841833
0.5642150955269493
-1.0641541866795565
7.189461545451394
85.23516284094259
364.84780980377076
272.72157319858405
36.47495686772448
-0.006992587519963296
-4.49090268890305
-2.368478251814688
0.0577465145098851
-1.8767479904769309
-2.1091969340798475
-7.45220596514572
-0.0012015273342892456
0.06862569250959447
-19.391916272004647
-5.907732528917273
-91.58333814157042
-0.33207825005945396
-0.5004658936882569
-0.11251214263199127
-14.394387031584866
-11.593007991824884
-1.9855675486338233
2.9916625772627956
3.9831698511487024
10.194275578221731
-0.41568721794579117
-6.5818925506006885
-21.81600133515855
-37.70956090185223
-0.1656462823137229
-10.447518583523289
0.011253858081217042
0.021450988763717926
-50.67737683396188
-0.16258977897752142
8.676080623830241
0.3585212156446292
15.254477881313733
1.3120845776806077e-5
1.696847698513898
36.64520564553815
25.52133659501094
0.18431799310041289
-1.4944878951030742
-0.013828114740134068
0.06640320088472998
-0.7854269071014867
-0.10538425447203993
-7.583793234605249
-0.025699249525076857
1.2875341013482513
-21.375188948038584
-0.4058748784318247
-6.768455940227196
-17.644179874911913
0.00966385800333903
2.907760804193486
-2.4780907483537633
-5.653566626990789
-4.459725038508376
7.46046326871131
2.469623058789852
-16.53177158103227
-1.7726793197920048
-1.108384742372639
-0.26217044770259396
-0.8429324551994132
-3.978856119156404
8.956165445158318
2.336598155919335
-0.2057658726079022
2.0456054954431466e-5
-1.4517383777370523
-6.609241925338919
-9.430521837618924
0.02026615299929902
-18.705354564607003
-0.676434423506332
4.379426551454392
1.838203158427079
14.640981619741185
5.382366335834737
0.18661577650503428
-14.269598488693322
-13.955973478812798
-0.07688765457433122
5.852653218067726
8.70550112818951
30.765914558235917
3.097493431043653
0.6188021552786892
18.518497528764975
-2.02802488837106
-2.4438630105898294
-4.422626258627233
0.6725899288094478
0.22917586129352674
2.939683645715615
-0.0031246237129116056
35.26727902970006
17.128242074103213
23.121769172694897
2.631175008722435
31.828500134522958
0.20377674369418503
-0.009286503697537595
-2.5065555890692037
-14.886261703409586
-2.420570741317971
-1.5987001869832445
-0.023874945805086086
-0.08848351487712494
-0.3427684304094612
-0.34106135407387006
-10.151085952241889
-12.387373150032321
-0.3174606149176301
0.9158210289025596
0.71765566969613
-0.438438342007854
-0.9372813175769824
8.918825384759005
0.2083321627882394
0.004364253623442492
12.658146982455468
12.297260461393975
18.071443954192166
-1.1339987710021249
-0.008348875118646286
-33.470569563042474
-5.561415702568807
51.28747924540147
5.069975785426728e-5
-11.118194985996537
1.6598898436246448
-2.1872703870174717
-0.0009962915427575948
-0.9993817521720701
61.79766372458745
0.9748013053465656
19.73989969712135
7.459905418108086
0.004362853143629358
-0.11233487559033378
-31.595696526511205
-7.6765067455243345
-4.569754972635485
3.206148042176322
-3.8611120641740104
3.908085918907366
-12.597010861541005
-26.725078835777598
-0.6532743733821894
-0.7481449537798662
6.386689399866439
-0.0016949728690575337
-0.0574423362934251
0.5442704067528453
32.016570342583094
19.200186348540065
13.446883158060752
3.095315729507016e-14
0.09520985900294276
0.7575844403824756
-30.695657106729772
-0.016916051508290925
0.00201651056384779
19.74588112681272
-7.32707770298655
-0.9146589028276084
4.352225318118721e-6
-0.7675717651347934
0.5389461054340657
-0.006497299270986157
45.156463518816615
26.34762509226798
40.525809990488426
41.40148617688798
-0.043578243868426805
0.9194286073194861
-3.2694826262113073
-12.79271608870671
-0.8943112141761577
-0.00018246573795740084
-8.696252882608484
-0.09209155273976517
-13.864559764986996
7.0120487954003385
-4.9542928245155835
21.127547602776133
22.619427199809202
81.30860805911335
119.83921886077994
0.6573241217088522
23.356879189906167
34.49491770543959
46.70344482460773
-0.11604388077038487
-0.015088676950287296
-0.37879442859820633
-0.007885465440094162
7.506562228755733
0.072650203847909
-54.99316980396907
0.1257903186258108
1.0634615885518492
3.7217385676381536
221.97150417496616
87.79877749202977
4.7920994675528625
-3.7231375383410765
-30.409964292758747
-5.666019238550304
-0.0837844609504582
-0.002249839543237842
3.425393099383305
5.001366440831526
1.0580445675920407
18.607881546837703
-6.743855627957342
-7.791123938613392
0.0033693299304755064
-13.979189132215787
4.103820220046901
7.9128567608937415
10.941907041440606
0.2505094313851782
0.8234407778931523
9.468801254236306
-6.881320714128137
-13.561406925637764
-0.09761327227586494
-0.00014058248543442276
-5.917120486405523
-0.017046495597256205
-1.5818667552233519
-6.587385981558836
-34.01071608489205
-36.422161362559194
1.5384338488191194
-0.07151025901691858
-2.2170686778647632
-0.437286772141873
0.014338587361225796
3.6086166878505
-1.2021573916441373
-7.261513201365598
-42.568174131273906
-30.53663718657747
-32.0410737842526
-12.268143023006708
0.16223937123597418
-0.11958432905013693
0.2026949331691313
0.0005829834885452046
-0.18651466450066745
1.3208606443818591
4.169980449674633
11.364460878273968
-1.216948472299431
1.5595631087943698
0.045083809311585864
-0.22229844953257297
0.0028106136510659733
-0.01054867578993132
-4.368879593588985
-4.946908809633584
-0.15111045385054875
-0.44984109883112255
2.4519292695088493
14.853917487263994
63.88381732099497
-4.167046307465313
0.0004051096793313031
0.05504049556113637
5.112613078814496
1.2306750747549378
-29.134829132872316
0.4461006390910072
6.892960511580893
29.048646160498116
41.989123278129156
6.488699117029314
0.08714627891075234
0.010333755138869742
4.36755691630326
-0.013097030896470383
-8.267126568130093
-1.8969378916728106
6.657522834495754
0.041698169188289065
-4.79475277297226
-0.40245049189566445
-2.6416146929743096
-0.033201441526515704
4.238716696674324
-0.13853873225747038
0.11809257293860163
3.6242097607254182
0.39738528434482234
-0.0036634710219095564
-4.089797339819223
-11.892473160736895
-6.434809764646617
-0.0737539158549431
-3.9942293952427255
-0.881797567816777
-4.169720651093342
-1.7265107641419526
-2.032717570093972
-7.250889449605222
-0.7643916610197036
1.8776921215374072
-0.0008787266796224537
-0.0017463261881507305
0.545853344031172
2.772532089350263
-1.5648370682667943
-1.249134478411318
-28.80055508877223
2.084063007024237
-0.2566039222136631
-1.0557722891266563
6.518085708442659
0.2253147594706043
-0.046560089053242305
-8.78677557605457
-0.24204030239625746
-1.399721459087535
-2.1047653680038416
-6.055001208271105
-5.333623422826494
1.8627297258544e-5
7.119792661308386
0.001502136247294478
-1.1134339199502417
-0.6384737491283023
-14.263947341151798
-7.871826158409378
1.708044125965942
-0.41409303629214944
-0.15144423806574042
-8.054989718580265
-29.594155190891822
-2.9122582554186818
0.15936270752588882
1.4994981832083818
-0.07270970225997508
-0.20928205057527038
0.0928607225996667
-71.33653769889062
-0.6009381366664246
-22.11644612953766
-2.7261331585066166
-12.454971326817958
-1.2832229133224493
5.8571423066187815
6.316814213008697
-7.6900044681797795
0.002173845561346606
-0.0001338699635670882
7.4958457676377295
0.8734656915039088
0.005421326822009131
0.007520277070567739
6.825173582570098
58.839745151544676
3.1420256105414315
37.02769709919894
7.4921422575428265
0.0014655356974441409
-6.1812821712803165
-0.009048764989751979
-0.31254430302712927
-5.355926145429543
0.0038951555940238136
-22.18267621694708
-0.2404091785016141
-0.0005144925602192619
0.1420951003234221
22.072821039702067
0.00927852172173753
-1.5339870819930725
3.7979280516383414
72.73625603107104
1.3550205709848988
-0.06340974652910197
-0.05657945121082833
-0.6731642689920987
0.6659598070746007
-6.894961086757569
0.5183654841447083
-17.510331326146208
0.406411160987395
4.984978416055646
0.33921854440338506
3.6866580077611357
-13.112420461718376
-2.3763501833829745
3.8873237526511786
-0.08341618870823733
28.84512656055494
0.004780775779980666
0.6421271413431577
-10.152597878909232
-0.1015386816414722
-0.6830167699887338
-7.764544257161965
-0.10228085630788253
3.3125000606677952
1.4548631118845732
-0.9404788128365813
2.733531803111642
40.78125806817199
-19.78920529008275
-76.98077181513494
-20.819706599562643
-9.037027544809746
-4.67237937684372
-2.3415661375350303
0.12832068821978962
7.6400792997978835
-1.0434928834697919
41.43965919209999
3.521403741961493
2.5585703802250728
84.5477039141639
226.49135493008438
120.82031910318298
0.1408793209445967
7.2313915591598406
1.291539474294432
-5.635715204994226
1.5469645197742474
-6.141049846246341
0.44972268262128867
0.7549076064559601
-16.09222445970496
0.5592079049828189
36.499881510281995
0.0032346828786100515
0.003304236431290636
-27.25370330289417
-3.4960986741384557
-10.649070256324027
0.1386080836620016
-0.64290964617
-14.213040058240201
-9.342895320203965
-0.8208378140444662
-46.83656691313689
-46.71407413515931
-9.254015399688033
-2.73398367409788
-1.006539335559416
-24.668770138237118
0.009801967086956822
-15.792916340898174
-0.094433647657569
-1.86239617484984
-7.100643483324843
-10.719264634744164
1.6435651975432513
-0.043929350922998656
-12.616184248722943
-0.0612146150265836
4.956693829072113
-1.5183876841178692
-36.86146752592216
0.00014669121286589373
-47.47458609179376
0.0033567717923138176
-12.13554023133655
-0.18043456799196142
-5.520477799062426
-0.004370504044252902
-6.177920748438579
23.892498504337908
0.008063988380858126
-8.621440177236126
39.50182248573565
6.163031193788462
0.3762974488269871
2.8185645966783004
-74.90323179030285
-2.121654561161648
-0.5457197866270594
-0.4248122256244813
-1.411416073339098
-0.14687768557319797
-24.240328119496375
0.8078686058132194
-0.03290295276515257
-1.3017786048259686e-5
2.2151941999450986
-4.000462967530324
-33.69468570991431
-0.00433261027585376
0.04456804464835014
-3.451263232424122e-5
9.6544038221691
4.584080467216477
5.574006128936042
13.853829815198011
1.9827577256547042
16.934853924361924
0.9278260777565615
-5.743492565422278
-4.320106815373797
-1.6428818274846786
-0.02707057035747693
-1.0691453912699667
0.2874786875200587
1.929347270741552
21.704118300566947
4.163669321877834
0.8716254732788145
-17.83872554541185
-27.454536414081996
2.9469793415837754e-6
9.21396423418428
3.5861384328050567
15.969668432329685
8.422372270555012
-0.7282378607778457
0.44190827756254014
-0.02969657886552133
-0.9036210917452444
6.21590977004615
47.71557241746394
3.735283644017849
4.753343799373847
10.304800866419825
11.781085423215288
3.025877341648873
1.6649976353413096
-0.6574793528603505
1.797495945992671
0.6995086322871207
3.3427267893337516
-4.923834193115159
-19.862445841558838
-11.285078009173114
-0.6486592730226748
-0.12842732242959382
-0.04391692333242766
-2.6882453868543403
0.2349531630531813
0.6870940223717862
0.0014146892690267338
0.24406415158629072
-0.3040414916489864
0.12166719655729707
1.4397003979000678
3.398911979622449
5.0646873553164235e-6
-7.933160195609251
-0.64987936530579
-18.385224724153453
-2.6339610552363437
-4.019699606259904
-8.433273162184424
-71.73942736492221
-1.257445425375857
-30.820609052125274
-1.8968713020870367
-0.5157796928763803
0.6138233633261982
23.759711129555352
0.162831231050375
0.696597200369033
-1.309231599478936
4.205236267498354
-0.029595224761752345
-1.9995820682070964
4.1365684379892524
2.0634571269219664
0.7098363626225738
-22.812934820833963
-0.08984734802537332
-5.69725623159644
-0.6594872879908592
0.3460287880882733
-3.3228159818555594
-0.0937823673058862
-13.22027663432475
-0.9566184070365085
-0.06799147644781689
0.00010948124775193606
23.484516695874447
0.5682302325032645
-0.00030063673967183275
37.890001467341925
0.8738908465977622
-5.46643023591319
-0.0024627983810486284
-0.10315119824977578
-1.4633566017325332
9.99810529967736
5.66954853789416
7.379252185712569
0.07023780889470026
2.3570681753184757
55.40433802325303
-0.2547093646696324
61.98764059010638
5.92870054664936
33.169264482444156
57.95551150661579
0.18473860086443294
3.4416810623641316
0.38149156577685267
-3.438936285300261
-29.679717301022706
-53.08576203418062
-12.72345089746586
-3.4704903681807022
0.01755347201545595
3.421383640017186
-0.004411906827153367
-7.895173257363478e-5
0.49209639339035227
-1.2795204982626325
8.6597052222581
0.4057363112905776
-0.021803652164150797
-0.10896720998350883
-8.889562896672796
9.788937218893626e-5
-12.178981034552033
-0.6692244293156556
2.16100071753901
14.72823558833366
31.567292782042184
-0.3587470367698671
-16.102638990708314
-4.57300982827193
-1.5292098026488865
-3.5689341595562022e-6
-0.0029111744526078088
-0.0013355661512494017
-19.424523524989144
-14.801870483699414
-4.881303296441301
1.5887915103484012
-5.5113149571777516e-5
-8.29641894658171
11.975943144934224
0.1239075319354356
-0.024316427198214495
0.33122268962959994
-0.03603494883430412
1.8351515156534963
3.5108475031676907
2.132112330417704
-3.955615440880168
0.07173078188542209
-0.0010898201309600885
-0.051476443119871804
-14.515832550802
-4.971907308437213
-0.24288905297444166
0.9128537278656568
-28.885142795226116
-31.986332935706205
-7.174467018380448
-9.543776310826033
-0.0002310426382379229
0.0008023828090262146
13.88879737455045
60.00740029366539
8.279756425498343
7.4751961258345805
0.014564740267666397
0.02250831670266903
0.11108997478874236
-4.031528114149712
-0.0058646703005173235
0.025981992507494805
-2.8466583604813374
-0.610541458331798
2.823713766006487e-6
0.7307160883176257
0.6664923429326141
-15.294246169902287
-3.656677782386112
0.2854740177359149
0.26929179269830494
-0.9914359135402084
4.72002121213117e-11
-17.39367389380514
-7.849397718416793
1.0677635758946118
24.361804974284915
0.4598049811101632
3.2509060182647613
1.5112414559341438
-0.0002116046049873096
-6.238534234736196
-0.004801101053919217
45.7406419782739
14.55938106822055
-2.3585406871087424
-1.9340201428134542
-5.061009070208579
0.32368944922129295
0.0031059477487925206
-1.4979200617680821
-5.259027848621782
-9.192709400725876
-30.71713873669711
-0.021809281485713723
-3.8747279834111494
-0.7128091814170225
-0.058134014967251235
44.60930838669654
0.2847235315097209
0.5175213444081638
-3.167584716841645
-5.592235598239773
-21.990344616665315
-3.617585600003644
-0.8322323249061908
2.365557018512965
-9.883194433106139
-0.10518547702260345
-4.268772038044222
-0.46690516514155633
-10.925315062682426
-0.12207947013899587
0.008028251369482119
1.436046967881096e-6
-0.30097417926446307
-27.349905870069446
-29.564771981040963
0.00038215520009607915
-9.920028448490653
-4.229104289691206
-18.132897792423808
-0.20211327027597448
-2.6312221763374755
0.5429626784961425
0.8605392861248762
-0.040721883643003845
0.3433546272440605
14.26574771785632
10.365241684278478
53.8356327960655
0.7579641148316016
-0.8184092292543311
-2.145324259398361
-6.879663898340943
-4.939067230427943
0.03772006892168753
-10.688106916430849
0.0029803586061446334
6.016060141824183
50.37436800952016
0.5261313533177089
0.21311752037109752
0.44013773096099235
-1.7361947464582854
-1.619044238888082
9.48894367606828
14.173141413016321
-0.9254288044736954
1.280082335946949
3.440499984866437e-5
5.669248839629431e-6
-15.820295249837034
0.002611883900180093
2.4069791382719448
-1.6948870757893342
-25.759612584630368
-2.4963388391222665
0.05608966395573003
-1.803129308908953
-19.54120778622246
-1.3237627619507688
1.114219860803117
1.1441549464096938
-0.08749169696002747
-0.04536020331367326
-0.5655226123423748
-5.964701046782577
-38.272465784482655
-13.327585571829253
-0.43161275518254716
-1.361046530139898
-0.49462484550119235
233.72346974989122
-9.639798773752551e-5
1.5134687416230275
-12.912048924089449
-5.521591854596592
-15.830683482567519
-1.873521887167573
-10.6441077536487
11.671489782530745
-7.8762643323026165
-37.94072158198415
-8.648045339194304
20.527909718669203
0.024946276412494313
41.93983787234413
3.2205756555060128
4.981698239911144
0.07527036394338513
0.33126443413325907
7.119293379719369
9.386239852793093
1.0559255387995823
-2.923112058050543e-7
0.03707571043754403
5.8831485072426775
-0.04521951833544484
-0.6810174542136139
-2.888869069655665
-1.0830605480278535e-5
5.70523198293102
0.008829420132575094
-40.330233767763325
-0.006495720702909228
-5.351923602169874
17.07237132429513
11.925154470490055
23.374035110254805
-0.9681712751618364
-1.0659297611463352
-79.36041282123794
-0.07868174620526956
-64.05520886210465
-0.005940861314677852
0.0833030519190075
-35.08998161967153
11.209371930052807
3.03108525083568
21.72612654782974
3.1780454229160133
0.14885060835379665
-19.338794817489873
-45.74859314966238
-74.82461656274845
-2.03249226451835
-0.8147907690899212
-7.386722997541347
-61.729886907609135
0.24789999564297757
-40.34772352475631
-0.4169013132330369
82.99093219276489
17.69942711455607
18.318769194088254
3.923019877015409
302.65242322357994
-0.0999980113036255
0.12133879773416364
-0.1863616866758978
-1.116394160352658
-1.5344931443119123
-0.010627662304485655
3.5704434399717493
8.901035264910157e-5
-2.1817683150638585e-5
4.780671678295879
3.489542948604894
0.8109138094544026
-2.525754863896002
14.39730813199098
98.87981648973182
0.6072583929428801
0.38629564663571847
56.99039762932251
57.548704966658875
39.10398301257689
7.563562839690136
1.1366969085841772
0.5510649689206787
5.196926389719532
-5.926752853702355
-12.3564550901261
