-0.004810590655204875
10.804378729169917
17.380991601519423
8.710271820191926
8.176567793622196
0.25277579969995084
0.3849606917127543
0.7166693122484341
0.6251175724471921
0.005554335327104293
-0.014185249733596087
4.75291733530078
14.035318872595829
41.82955198869507
24.43669332561124
16.9153072722824
14.044834324846365
34.80187923275432
65.51115816104473
47.901804469258195
3.2002457448156796
2.887166426494225
33.91522922897414
9.933068810745961
6.8495043212313975
0.027075466634077068
-0.46273482225141743
0.004951911142314505
0.22626549228015386
1.9410377203782139
-0.0005404466248854385
7.357768456049264
11.27319510352899
-0.0010535539594943321
6.626469457024377
2.0787576827326575
-0.010107799670034306
0.02518861392475606
-0.16839348429391165
1.5544853978185598
-2.565099626642177
-1.0863790181626423
-2.314856114774307
-3.3902279055190156
-4.170566112913046
-1.0955271596195086
-2.186615800602026
-0.8868702077605921
-0.04298263456909536
-0.014172887238540129
-0.5175090947080426
-9.810213345615677
-0.5823264345168
-9.06116232472653
-46.72393143476306
-2.6249056991997803
-5.094507944175993
-15.537076181137385
-8.57059765111532
-22.69144455992217
-4.869412739452413
-1.1729283011443266
-3.3816529485942572
-4.108579789821376e-5
1.378556397706778
0.8951134091316788
3.7753196445699615
0.10899970505867758
0.909892506409977
4.829233041121238
-0.0012625687769097231
0.009660647181777282
-2.2327014472584645
-11.728879267752347
-3.3442164527108784
1.2300190970365248
0.8017386435276966
16.94201871162893
49.739049950994065
47.498227251308876
2.5672735446650865
22.76350241589928
2.1067130030000576
15.693863203212755
-2.684308214828079
-8.042110924678024
-6.830012701312014
-12.899054015918846
-41.03972792872146
-7.975130271658169
-10.975496100116649
-14.388672302632456
-6.495543621478245
-62.17830264221443
-2.9566074057702636
-0.030295844885715982
-1.7240920846435024
0.001027734482972095
-0.7528094236884044
-11.713035583065492
-10.23996055014994
-19.25221131987917
-18.814507687566095
-0.09864215147708799
-1.1274083038082923
-16.240102713439896
-31.683909639867892
-20.992303292526493
2.712875089969855e-7
2.6190019195657284
0.20317121423790963
-0.0010265505320526062
4.318789915649264
-0.2618516256678865
0.035719297885751525
0.5152665303253636
12.568066269017583
5.037082091339998
-0.0012973159548060247
-0.0016811521424059284
2.1697183395886563
5.818816392930397
0.2761051755038762
3.0525604716453496
31.324189162770278
8.036932949534062
100.72807721311938
128.97146561104952
39.58411982143824
23.908238310049992
1.8401665541985577
6.3244008422375755
2.22238885647235
0.015848745687624677
-2.883911439799374
-3.755608833706573
-10.845804069522963
0.05740486120843467
2.8503124839289646
3.878999311197931
-0.2958230027946297
-0.017813744450234138
-0.016757580044000204
-1.8691948485428345
-0.22244981243569725
-0.06769213238077727
-5.786804360011275
-26.023390325168922
-49.74479646123989
-25.095111212418196
-12.211062935434997
0.029530117554273125
-0.45231611483875983
-0.7170453042637459
4.165838792666556
8.509294365772162
1.1074837250323692
30.47809431391791
17.064949831949182
4.672027828774753
0.26761500975043984
0.0029064093006707275
-0.12131737445380807
1.2533716623815703
0.7327312363638518
11.676482316938879
-0.00011769334444484453
-0.19481989715636522
-0.05046233233550562
-0.8676535585476862
-0.15218532675348512
0.38009396400285694
-1.6445180948021834
-0.15955454312533637
-3.448557730784674
-5.403759951748295
-1.180704580937755
-30.682588852460004
-2.5754026068648357
-0.07848836407371179
-0.9653741209858152
-0.0006695163589639969
0.023890893548006033
-0.7048534865054937
-24.622145771030215
-16.858826042079507
-31.69441169330659
-32.46327052105865
-31.961797039456723
-10.967073490747625
-1.13608134133831
0.5727491923775324
-0.04601690113253314
0.378972299958487
1.3806412950044993
3.6031476069521653
5.178455095414417e-11
2.9851749469664846
-0.09891161795185009
0.9318969622252805
-4.403055704189234
0.08852134546587485
1.1465152378981462
4.074328228618405
-0.001019609704648642
-1.0353459206797577
-1.1895239883542164e-5
-0.3799109249256157
-1.703918678844425
0.8913194499102494
0.009170125585953169
10.512324590796863
0.10636518365058989
0.6199141477177869
48.54566581141874
42.257406720329996
3.819546011474841
0.28705184487885865
7.753384239500437
1.6584262131686491
-4.647236983311317
-0.10327504081493588
0.012153191098532233
0.30929611995581746
1.7294547528209936
-0.11711405372550523
-3.3098340923219456
-26.982090040019166
-68.35903482997757
-30.547469387539778
-16.691377983421937
-58.340850530922516
-14.337137701612868
-1.6491003022154813
-0.527047505930251
-6.333733299805777
-24.86019054236817
-3.075506566798837
-0.017392649323923322
4.9594539376499185
42.64773346944926
3.207241400804004
0.12183354249805092
0.004729516150157734
23.655635106660995
51.47508977312594
53.666510492484434
71.72641770608531
11.23221766963922
63.760144129496005
22.787272972452616
53.577556868598805
20.985644663196364
13.592963469410506
30.609375988398398
28.551222576269677
77.06273329834441
20.208046162519448
15.946050292888492
29.12833192415821
5.707357399887329
12.755523749107628
39.95428536433703
0.016897251678828284
0.3915625871873314
-6.54005315663716e-8
-13.59875904910978
-28.28554111433508
-42.85357528707797
-7.397183118749133
-2.738358624885486
2.776037878984952
11.155424180029819
26.601356204543038
9.27001786602366
-1.54335169347253
-30.856492147597766
-0.9473501213497596
-0.30356387704545873
0.00012496416133684428
0.9437050218511204
-0.10140520138331983
-0.7515096038731286
-2.6891479269720397e-5
-0.011854600003453286
-0.16127049063041995
-0.24613129600365086
-1.1145951745632598
-0.1292989563220166
-0.0024285222050639188
-0.06360183729359808
0.27844853001880643
-9.385087737870638
0.03601328530679149
0.016176995437490425
-0.756041504512296
-1.4739563742704713
0.0654267914000217
-0.24176498495300547
-0.22595916088333864
0.0007865500409230878
-29.91524482225555
-0.23529371988578368
-2.5492371253871013
-3.8505348555768486
-116.28313842751066
-19.866452807281483
-64.135354853379
-35.05784812970341
-14.049946017119668
-36.061404015914185
-15.049557287243266
-0.19272475690092444
2.374221026333387
-1.3956719570555651
-5.8400502914652455
-18.08130760036967
-19.151237654646927
-1.7863181672139035
-32.53027562953178
-3.9889596001836196
0.31222425414849153
-0.030861327431656402
1.2970122180554622
27.163724070701747
7.9445310621071155
-0.05015504882161078
-0.08455431483316145
0.7842285525405939
1.5363069250747605
3.833185305780301
2.9293813432987785
9.809961861041314
15.648055455959582
0.031061871244073967
1.1143934983088288
0.5004872773132074
-0.0017348975516295333
-1.5203897037070544
-0.21145576136229183
-46.897613619187176
-14.79538975987001
-17.528971321144486
-78.41061649150667
-15.588637880326212
-12.41447565604629
-2.0378193417442425
-0.5110094413288602
0.03994710587909556
6.653544111946024
8.160253003070807
2.21754825888009
1.35890568678125
0.007836464523814412
3.063030287259608
0.31468229521967706
0.6083000866347112
0.0003632332163155911
-1.0906789790058078
9.957222771351225e-6
0.16053595742244522
6.580949200809469
-0.18640588100433667
0.5710117234259529
17.50586547198469
38.26174939050807
6.5524828622500895
22.969932607799233
64.65694700558775
68.94236045231773
26.235749693268108
52.72347447361701
107.8102864082812
66.47536992741801
25.764552856010173
8.088377147118639
24.121352095696473
74.47022737615468
55.48945000480535
21.959696351219257
21.786081327276463
2.690237492686602
5.409756811174724
-0.00011800994078823075
-0.46545682600275523
6.595650763838062
0.017672767236913994
-0.7227578003137362
-2.8013417046866995
-39.53125603081638
-0.0216152607700709
0.001811540260437234
0.005353471886330037
-0.006772240021770381
5.643678302503844
5.968411324623114
6.691139305492406
23.393622896981345
24.187815142712704
15.151333896531337
8.201503842255034
-5.511704340373947
-0.6716756785579915
-5.744757646349733
-1.4782529781030724
-0.6332996189276893
-32.7385770829111
-80.74385396140687
-95.37828899417387
-77.01248484783112
-15.180456599087385
-4.48578121674603
-0.3261717555824182
-7.57218333876264
-29.50227268589049
-3.361734287434833
0.003238551226992954
-2.4412354049345897
-2.236487548057587
-0.3597264178007509
-0.06491649829601713
1.1330710154005763
-0.00047164483279915024
11.324319300525355
2.496571107994646e-6
1.834867634709265
0.009133595258840933
0.8873493810979838
5.556954864345491
0.06050672617549424
-2.4250641428503292
-15.553657545234772
-37.49188903498302
-2.307664630936155
-65.10616937272412
-22.595704861453243
-17.801905188750656
-12.245433795208738
-52.70418658211338
-3.7215721896192187
-14.403138597697788
0.15283070802712287
-0.4734143351921542
-0.3111865387698335
7.633773841630821
22.09952732078233
9.731403302045278
0.009577535184237505
-0.1595007886616533
-0.010203706459410844
-2.6707739234374492
-2.565730948563027
-0.011790689095844588
-15.323836796068838
1.2544279185322859e-5
-11.382027273871767
-4.00593795084572
-27.6189242053337
-2.792109369717305
-5.6025849156132095
-79.12425891106352
-68.6900101549614
-39.16966179267623
-1.4847370301656266
-4.453572483536829
-3.001074166992531
-0.4980881761858613
-0.9024240650076423
2.3807797477896964
-0.0032143477591799847
-0.019336806972723396
0.0009595618473481452
-0.05292666352195484
0.0013455073700044799
0.011529751312192816
-0.4184364018035099
-45.9183727193212
-5.747820563325231
-5.978455958362001
-11.710185796619125
-26.256587262160334
-11.265845377952495
0.03559867942451428
-2.677611694698372
-0.8009838127465306
-0.3366035186428398
-0.6449083574554308
21.5656120894951
153.08358450019577
66.63775895896843
62.14488866727628
31.6734863324382
12.682226515374438
18.02637489932779
18.159678747357653
12.812156547137457
0.7737584767733399
0.5113745928871236
0.7165208799369
13.722408678488149
3.531479466572825
-0.35217843855335207
-1.0925187251755969e-6
-9.00465699460435
-136.7943404380975
-25.549435448927767
-6.152230793737885
-5.180114585991529
-28.311962433814315
-21.598875693040288
-4.125942467821406
-25.764180876425243
-11.461948833626204
-4.828699972575865
-4.780883663582105
14.59257409503449
7.25699112804524
4.740577853711739
0.7590607324313676
0.1108912879515145
-0.006437721070470053
-0.05440473207606419
-2.805045368208968
-9.258284938581427
-1.5604605723155487
-2.245729318361587
-0.10765294342389631
0.0006070921698422491
-20.925036562621255
-0.1615369467640453
-0.1262540737404501
0.014677922008049538
-1.0665244681442112
-6.792455171990522
-19.535339720660488
-27.49873980091617
-5.622761194347524
-9.156167684836474
-9.700284623461817
-10.281993676090703
0.62541355134738
11.477864376968117
-0.023888856016869908
2.0968915931461063
4.346002085294096
1.6140828246866088
-3.0470763599833055
-0.18993382105210932
3.5960773960435253
0.03019093941305585
-0.45194712806800935
-5.612134513528176
-37.639203398757424
-6.928503865599992
2.7405055859261473
15.199446378577635
44.90595727807543
21.869186940615887
10.305866863018089
10.009614960306864
0.17015293073884888
1.141274508721946
5.479880098245573
9.13299378238111
38.32940816036653
9.413422479133859
8.227329410892391
44.62675165430577
144.46241324237724
130.48659399863104
63.17209836515131
38.41365012347644
10.42605509999782
0.1439535789388027
1.0349639064103737
1.6249651129518827
13.921474144401536
48.163017596105746
30.37968685099144
101.1753611503283
35.195286638055755
35.89609053460378
20.32234007983373
109.90332946694102
54.552974437220115
89.96865686557197
18.26880296095851
55.32067675371541
0.08600905794115392
0.4882911944713566
9.64242314139175
19.76802416762854
27.063507278635033
69.21271287194779
136.70036576735203
28.79574203038574
28.213676141505132
42.8976634221597
53.17235717829171
25.966508974063643
10.814067471787839
1.608062428469262
0.17534041059413744
5.794441517856169
5.902339554203014
-2.2707833547070067
-27.233305656750723
-29.24729272164243
-0.08356047735344752
-0.14218272299589776
-0.03660239354554898
-0.005477493140951525
-0.001075006357371479
0.0185848189326648
0.057055620614733564
-2.2562405359267456e-5
2.38001752521581
12.902292164121949
20.375637778593557
14.101763327328264
19.954626461347253
14.94804840705508
0.016563130518261977
1.117605171822664
18.202438088345335
24.323975210571533
4.862823812680267
10.969501370773214
48.73639705488644
28.754085815860357
10.518280797223582
-1.9169872318550783e-5
0.4247489617941066
-0.7620173892383548
-2.1850630778946187
0.952903154929406
-0.04430388202099805
-14.998970397350815
4.264272038837336
7.9475626942176385
0.06263022933161001
4.407514662135427
30.13771022736706
5.544992819442822
-1.4433863412690466
-2.103779375189361
-2.949003242247206
-15.949118548227002
-5.276728908831275
-0.004386187636798659
-8.410702995689116
-10.946761742872557
-0.183701764358814
-22.203915436661536
-20.157428281722282
-2.709487626067902
-0.019709493263892423
-7.893078073478941e-6
-1.0571256862367575
0.015290159403342007
3.6191324832470717
1.569087348316193
-0.0009708766492682839
0.0028284806808590796
-1.9145871205522043
-0.00032042738976410855
-3.450220661483669
-4.650082017684155e-5
0.7021293522307116
0.17382171358475684
0.4136449123933656
-0.0742524100665617
-22.24645382195396
-11.12882944876262
-11.445702705416263
-17.430964175237175
-30.231664818785962
-0.912725220184481
-0.7954769095807245
-70.01958532447165
-58.76550604113002
-54.47738051115511
-3.8580456367823084
-53.33286149443091
-57.399681835230304
-68.13318174211982
-61.75000800590036
-2.5757462721618585
0.011274382637021454
0.6155570686269141
0.0018280880251436862
0.0014710977520413933
4.734704266535151e-6
0.1830918245592962
-0.014347405154002553
-0.006686705416083118
5.719898031008445
-0.09653558838059968
-28.796352378029
-20.372126078727472
-2.1530085498303104
0.0821605359960042
4.126620052022464
7.083942521477825
3.8202085461497086
2.250145935855561
-0.00024043512407329523
0.381515667492323
-0.027351144611377075
28.24189492707555
36.4958496022701
0.11106164779767419
2.108972258476934
-0.004690343294111514
0.008699024894872091
-0.003085019866835311
7.28684762414458
0.04356131159931791
0.22760485954488546
1.4117672361343587
23.302627613619737
103.56834910557399
80.9478672007563
37.06302251549953
12.312661568535932
47.51537357992115
28.77343558351767
12.128254619331283
18.390819323503198
36.5172550521114
8.259713642862323
-0.000852868413201006
8.770337139333245
9.55467817829499
1.7616054507036423
-0.001166012970681684
8.735214281372372
6.319404769256226
0.6640765648738073
0.0017127076924826974
22.352034851152794
14.970058293197138
37.28575247951134
14.26010804670985
2.859253421574333
12.434066802380588
-0.0007661275926519017
-3.805317914460657
-28.952847403596458
-17.31616458457885
-1.2523457788568484
-8.29876358701469
-1.0740404847283749
-2.6488119163519674
-0.3901096450973757
1.0822228955167108
1.8715382675315562
1.898358288048351
-0.1758678830639603
-0.0006928609680794181
1.9530314817772119
-0.218222163595809
0.806269868048035
20.32339905278143
5.058597889999247
2.928655772353576
0.30039411920277653
2.986001259608287
53.575298455852554
26.99899247347143
29.586734890272165
8.35985838307818
-1.0089741220280841
-19.192315115455038
-38.20995182338508
-11.32040073430462
-2.0278745332429695
-0.31425455150401893
-0.009173637381177858
2.7824370382187835
0.5729968186153892
1.1898014876254848
6.65891472011239
7.624726185522906
0.03337888306127878
-0.481640532764808
-3.2680934674540634
8.968886583717583e-5
-1.3072344931620383
0.30555728019795314
0.0032078762014521945
1.4164101360355032e-6
0.013385011866453406
0.10093031753172356
0.5147056868317251
-0.004516748027802332
-5.214355472623085
-5.460400672213808e-5
0.010562902320825334
-6.261346474246872
-49.23651719278821
-92.06898967717429
-76.97182023167629
-6.26185502701974
-36.03857738359686
-37.40100534839785
-6.497743591880152
-72.01591130374905
-90.51989899957141
-0.4951812009528866
-32.449226031007875
-26.592533407984995
-2.962800453866813
-12.295305697213934
0.22621542172690084
-0.8704652703201958
1.173728914060993
-2.329275425077442
-0.5719967443071079
3.270347651595879
8.32780896299488
3.7155337942356192
39.68347517587292
5.194586879145036
2.4507683622448915
0.014955527980910484
0.020328016686892963
0.2098570097087704
-0.6920185533406086
-1.7471136890324748
-17.789459807031903
-0.10168012974944943
0.030188996134727458
0.6439128654511589
-11.92221574941989
-10.989303655305676
-2.2331042118114337
-11.48507475836581
-0.5706334675448012
-12.422385167721616
-0.5462473692766074
0.32874362290019044
3.1966388000630817
3.172252383276684
3.751100896683207
22.18517108576628
1.1995991637230878
0.08809387219963245
4.399526982565339
39.65919368704787
1.472221193612657
3.207713962057375
-0.12607534376887658
1.9072916188243647
8.553749791704277
33.59486497963512
9.603382941773319
1.710639744900146
0.15626621466167204
0.7940685308472242
4.054091783024751
0.18049299120939066
0.00018425681819907256
2.9761670812155843
16.920686601665693
0.23347593134615943
-1.9391161028978525
-0.3273117324462629
-9.077713692597623
-9.774971277512284
-0.3543019195706054
-5.710773042510731
-1.9901542488895667
-0.12518236535837418
-0.5387789114262981
6.5231710924097985
9.472131522432978
7.164770163391794
0.3215790480079022
0.028380557094734738
-0.039009873225634824
0.27333361651922056
0.2858458015010576
3.3207016224949517
6.703165104998138
5.991729895332576
0.16857291465434085
1.920514225815419
12.068184029948677
27.364379354397354
33.23199284690675
7.217435575491003
8.054531568909551
27.219632920200276
0.011313284470791435
1.372386590649559
11.496174942975484
-0.05120983792112794
2.885124063514504
4.585211465510222
23.275990580236506
21.973955549169936
21.3547333676896
-0.19642853686043696
-0.03135538923327305
-1.947629173000285e-8
-0.0005739262503877433
0.1314080788031018
0.0034920129973858302
-0.2547368220125839
0.776595209153741
-0.20824285797251793
-0.0001204570185658423
0.3555730024867256
7.139939503793166
10.749972299260728
40.76603771342407
47.6414258920255
87.61611392998975
207.5696095554998
84.26481149090988
65.5827395448517
34.41937822202013
41.981717320613036
74.10310161183547
129.32442358286636
131.14226382937645
68.18752221815255
59.80149189234419
33.907789939466575
3.6801040435318226
0.7925004182691867
0.0006086263711549038
-0.563771462643253
0.6628355404781913
0.09129635208406564
-4.151827833646455
-0.007953146858753112
-0.1042205567000202
3.04832609608549e-7
0.21570592837291275
-8.463545588735887
-2.519359194947712
-0.048199750875497785
-0.06665315307044406
-0.03984970732042599
-0.4597556751311012
-8.08150781928032
-2.9890598197766485
0.08251713841844473
35.532780027292866
38.75366303746464
54.2605340149183
25.565604413452224
31.930019389534174
8.689323365775715
46.02359101077362
14.123050583296079
9.950596095248127
-0.3851071674543
0.00012851647825510011
0.16454104125362348
-0.7134880572379054
2.734838350050949
8.289057944556623
0.6140534756264314
-0.2899330667385809
2.844233768100861
35.674104436163326
9.802333295568403
0.08053353567659267
-0.011108580742929332
4.670811682147767
15.839692114847681
8.560361941483
26.401700677700305
5.949213478058307
28.927514905415016
51.69612283498649
37.20172907344848
91.67916109782283
61.836765134123354
22.2326119554122
13.868992224249324
1.7397963819749502
9.192835952185117
2.1773045123995245
0.42100093258507887
23.187029761449985
0.010681562602002426
1.0278557143635796
8.605842060006843
1.0920785873240508
3.737548679439567
0.013104467029127546
0.07363870884403444
6.417233270714812
0.766713209671846
-0.781747980928675
0.006298178228230122
-0.13205836676791696
-24.036445131103022
0.4990251032302036
-0.00021342502713423312
0.1264954464545244
-17.322658773346806
-5.202666802255195
-1.554886394214893
-20.500555291387705
-8.400877896150604
-70.65679590599522
-32.0645899072588
-13.33860579256839
-0.021867812875865224
-17.838072115037143
-19.684001953345813
-8.536657693778164
-2.9543008663177206
-0.197562658317332
-29.99819068996517
-22.68144965921468
-4.648739776631014
0.0187836009135761
3.5420825476038402
0.99578119813713
17.349521979910985
-0.3136023018101134
-0.1306959458310342
-0.2714589821347124
-0.0036005852287375757
-0.7806466541028919
-1.0260778645241408
-0.010380116749750997
-2.3224310143975186
-0.4949280243603713
-5.573920162722424
-11.635021674236423
-124.7808683707158
-66.60535499421034
-0.22550876790465682
0.3118572742213799
1.4714135447986902
5.741605903473079
12.416286739982064
0.265172320769133
13.333988032991284
39.452738474416286
17.40097516570655
6.270829853130355
9.541739234694141
25.131455095540034
13.013795289457422
0.06556218313570022
3.2931656278505406
59.46869223828087
11.102080627343785
7.548866913004733
87.45784838910903
242.5072974349441
200.473127758744
62.340208499072524
53.07365148810395
19.852574123410758
0.12075202809951807
0.0011736469164899906
0.037051040802357646
-0.17367755367725635
-0.6361381915630929
-0.24199891740984397
-5.914366295231166
-0.1809776576849918
-12.503133792233132
-90.06869663400428
-1.625597375171865
-7.489856136854419
-29.955557741640565
-0.03856529638154323
-1.8954201230655738
-0.9232995932412305
0.8569509846248843
-0.022743156331780767
-0.23325676718191135
6.2479942985334755e-9
-0.007600728169790079
-1.082032064711795
-1.4070231089089495
-11.228351220669103
-0.865440054079243
-0.010274088989527249
-15.577618505677941
-1.133872638311003
-3.302186973511966
-0.05255971444579954
-3.3111425240842918
-12.504923181577853
-28.351757658369273
-0.20314500836015492
-1.4107045568447454e-6
11.403092643721784
21.911493947354483
22.320246268690504
7.687140416433058
66.4269458221204
122.83944805253262
20.32194908473644
2.5909578809287
34.841190225088376
21.609327838954485
74.92231632270492
80.37638133811336
75.95778203241981
34.670608378596846
4.737942324385474
1.748933681228305
9.972628416230659
0.3718172432702656
3.939764932225316
7.778266823771292e-5
0.0005209271635509253
-4.333985119128081
-2.9250484348926724
-0.013547409281782184
-10.126334206539052
-10.102569854991804
-35.23265727635035
-109.99218459210061
-7.581671764829594
-1.6249166165470754
-0.07557213801140919
-0.0008965704424436694
1.3403332279599565
2.276001944649823
0.0015341614577878218
0.28436931562832163
-0.48643406862548755
-0.04703780491518239
-2.3216947104021552
-2.2705674128668014
-10.167311163908796
-24.896929800979752
-11.515507528255505
-12.098877064057337
0.03299054457982053
0.36233908708380386
4.794317794639114
20.612527646740848
16.184160507517365
3.530159234217528
4.473749797800378
0.2639458028263912
-1.3438533284355354
-7.009650167678501
-0.07080680764754885
-56.01571321335336
-8.346496517349024
-10.17757438856155
-1.145859181098464
0.4316868290965668
0.1846564034291621
-0.1503580837130966
1.6638164965291098
2.5278486542742558
-0.00046606156137859106
-1.609447266033438
-0.6443988725849124
-1.7463632037080492
-5.824839573184349
-2.802665108655357
-23.043177529226845
0.16623567680528079
0.1698290840308859
-0.2649829384617258
-0.0240313321984504
-1.2273555937115659
-7.820134736499934
-0.8756344167663738
-47.91962292926455
-19.053248376820516
-40.52510119262704
-0.3949888406543881
-6.571373914317698
0.24529074501391882
0.21548162646498076
-0.2954384855520617
0.006573016708701901
1.4196058502807753
-0.4739507343355312
-1.06681863069215e-5
-2.21881695381406
-2.319833925842312
-2.0981308687420244
-32.64612126622573
-18.23753842323899
-0.3030342099806792
0.07449027641561813
0.4778288223904819
-1.6000474395302136
-8.086298882645782
-0.3374863959803093
-3.8249525032613403
-0.5738495360050868
-0.06942510387636595
0.05258778784463336
-0.13977039019601367
-1.1412693993786145
9.157189955347114
8.95750245948614
4.033611788605087
9.88125811219073
28.92046222620916
60.97763290235461
49.67441703932324
71.0413050700938
6.716653273620868
5.16329288557858
9.700692109537075
31.128845862131463
24.279834149717978
10.605960678956814
9.466102053502324
2.00539998119385
22.22321847286802
1.5485533591093703
44.9758848044732
5.388609705590665
2.0348363734444583
7.104616435076501
20.1271019790457
8.204878906448961
22.751166775247196
1.20842166694433
9.849349337944439
49.58301567983717
0.7179627666180337
1.3406438981535662
24.129262276921878
27.76149167743577
87.79295018248685
116.23256137845692
10.209185588097894
0.03805161117452011
2.2815769715300416
2.8063390678218223
1.2010514389976197
0.7547244887503498
-1.9035252002645087
2.3191775353805464
16.830480576011766
8.107449176447565
0.9268592876576882
3.030775993574406
-0.024710875646132006
0.699089076149667
-0.0005411619460215799
3.606852449451689
10.43085741708455
-0.00015590774740976656
-0.06329680339522095
-0.07183388119857274
-4.971842235929992
-11.601554083719705
-6.143314791665556
-2.582819875986156
0.0077478561296849035
-4.22638196692799
-0.01127187379253245
-4.57572584387545
-1.376815660688656
-16.043163196652202
-0.1753307011914807
-8.351885194008126
-16.292513183118466
-1.7438084107487888
-0.2406434308525566
-0.2517418433172045
-0.031893201889273484
0.17665408510018205
0.27211120483547924
5.122497859923898
-0.00043807583727829315
4.199080679394006
10.429357534289789
20.60353943398673
2.3515587643747216
0.5717714791259456
0.00811737546604494
-30.566620982529496
-52.68016999865825
-0.020463971449716806
-0.9815045077451949
-1.1559691589651666
-0.042829641071221856
6.621401286030576
21.128022559626086
2.563747949330815
-4.735107280694934
-1.12242296718446
-3.0482470423337316
-7.764757989282976
-9.3985199623832
-0.5494755448008699
2.804153041462692
0.0002958681017045078
0.05166876199730862
1.7450284853776852
2.888744654451899e-10
-0.04299049133241121
-0.004928674792002323
0.5003974821995758
9.007527732985362e-7
-4.670847172692773
-10.224883401384668
-1.1291204172314684
0.33924726247111087
4.699994295131801
6.000732242328708
0.33990901099388143
0.10805407451713064
3.761828431185801
5.406719247253835
0.812194680474649
0.2073111182173192
2.1283171762355804
2.6029039796294815
9.86599837131723e-5
0.09362048562301865
21.073611715095463
5.307282356909392
67.75193990247624
14.573217795497312
6.020654514558199
24.991576727118613
19.066233448758673
68.54059877574004
149.8372030886268
41.860905372125195
8.807843547511855
6.673994007930231
7.090547821504628
4.795412470992454
0.7213521887791031
3.9701839877050006e-5
2.622284375139409
0.005086967641670979
1.130559686765833
1.2513776510069865
0.013954301722730416
3.57073254641889
5.059427050987863
-0.014985409061458746
0.005370524289621605
4.045422713026468
1.5156281183827554
4.331681274515602
5.794280750031567
-0.0014863373962628941
1.4773549744543384
-0.015518950502479423
-4.142847958663475
-6.253598791723548
-1.7901961116605347
-17.465131644200092
-0.03218894129973238
33.26230021883258
60.802909814143284
2.6518162039829427
31.04695272432191
14.165185149326366
16.74961255856998
2.274828622431903
18.925464272315782
19.44226133470511
2.8621682414119807
26.476459143862098
26.423415844381456
66.10622731717949
22.597996406343313
1.8360759225351753
6.2980476920981605
1.6493406619556639
-0.9480221738672885
-2.442072470439638
-3.4872068417941082
-0.3217025746960079
-1.8317952579004249
-15.802335912024832
0.010058260339316073
-2.2767662423771475
-12.12698175956247
-23.58698914106404
-68.21857375976758
-40.815329220673085
-8.56381954979319
-0.0012436314620229228
-0.05689509101936197
-0.9698521973833535
-25.178540424228352
-1.3427744538628905
7.374105089684842
0.15573888723574966
0.36365920134048696
4.4688286901280065
61.05940238561168
20.336657974751024
28.920434678587917
2.536391662951486
16.109272551781114
-0.05280487656594911
-0.00023705770904522118
-0.22769912932282727
-5.6466928502568
-16.425926464407226
-53.98250741326658
-21.67337926517702
-20.462220984311898
-2.271252272781729
-0.4844907638235499
-8.985574957872178
-7.657553920913769
-1.107382447955831
-8.789853154565519
0.33554418915119083
-0.06852553112668333
-0.012674755896680325
-0.005990442948326774
0.6509345926872596
7.837569063623309
0.8846806605072816
1.426330480539738
1.1620187869035778
-6.624476180515671
-0.875388245644412
-12.872641280518303
-39.07695420790492
-55.95903737793633
-2.326190787195132
0.3389261202799325
-0.0517239757521123
-1.1770882642196512
-49.70836428144736
-67.0311075210375
-49.412285213435915
-52.01820387329043
-47.86905652126475
-27.599655691249335
-22.727200958880317
-100.85189879378869
-23.6617456948332
-5.4621151934532906
-0.46022067908764064
-3.7788746961211133
0.004426280516681472
-0.0003186573802708565
-1.8190338079775736
-0.5759501058287517
-1.1304755450236965
-1.091279730788522
0.1273100212389738
8.37129691289667
21.828195798153292
15.013840884306953
0.02018241764712602
-0.1636279600691922
0.002778659188010813
2.2393197998281527
0.00016323036796759823
-0.3328244438204055
-3.3444874463005547
-0.5601684218646709
0.00011076191457846151
0.16131113398287317
-3.1818145934977555
-0.22495240251338683
-4.029725295640259
-18.1604071842945
-0.10641866563415163
-27.055732170508964
-6.509107045344467
-0.08090972750353995
-59.34735240740743
-2.057863365513073
-82.10922985060012
-13.154639466930218
-9.611032769888666
-24.888334436624707
-0.979103043684073
-3.493417955262025
-12.447196342000225
-51.86824686722735
-45.97660944842329
-127.64348251053215
-65.49588835370196
-111.18628771261382
-32.017668147960656
-8.263920626476935
-0.0026983847346602778
-0.37642381499914196
-1.5118923887513367
-3.3442842385110234
-0.43033064965069123
-0.7979759918597805
-2.4932137204127076
-7.675409875671859
-42.15330668622656
-8.918243482557358
-0.40976460645337154
0.07548901797268799
1.7920613022747007
21.582274820181027
3.511129653108635
-3.028984437605732
-0.03589902704738769
0.029007823045406306
-0.10594119908461862
-0.2682374638675248
-3.0989267589232684e-5
-0.5103006100884943
-7.041745551023015
-24.109988887592696
-10.410668892719107
-1.5619145285479137
-4.233908270552576
-14.832736768685889
-12.721257802342457
-24.290647619760552
-20.55548330867881
-42.93439954357548
-18.08311932083204
-4.222295097783588
-11.623266118276986
-22.57252223425138
-5.576972143305239
-5.898951605120128
0.0684700733315695
0.17155165131835812
-0.23089851071321996
-11.390597314641264
-28.79605160098853
-14.213356196424996
-2.590037572260677
-0.7482870499879511
-17.331345184296232
-105.95727407711483
0.20870983306543237
-4.103459625563418
-20.44651790415418
-151.41620488756385
-96.3689967529073
-25.990222325758843
-5.16678922827155
-31.886622954121755
-24.694615693322334
-63.56224069290042
-79.70356038318195
-2.9249928288883624
-1.2682388995406717
-8.457046561487909
-4.380418412740582
-1.1227671135413337
-0.020300140272114405
-0.924318565112442
-1.9602727768910229
-9.021985339843894
-2.2250036592196567
-24.61388469099056
-33.02440902866019
-83.11182499790422
-61.05946439308813
-31.17550528607052
-39.996676664583916
-15.444716001195316
-0.07740885119222742
-4.785682692900143
-6.9144837171445905
-18.55133424004448
-1.5763233823385623
-18.033239790094743
-0.1315594459956889
-0.07169982631562846
-14.990193656557839
-2.8792221548608934
-24.040212638931784
-3.0354066163487246
-7.5270360058121035
-16.824350428513025
-1.1777971471396902
0.6388304221689322
-0.5929260543306503
3.022635582682375
4.28012410290447
8.866016013400245
0.2944309200811213
18.48810171485598
5.0067873928488735
-1.6267915031110318
-4.297917116528695
-7.013514013829814
-15.296647901407079
-0.03396996503168243
-2.8343163174518686
-14.39661051677693
-7.49740591068191
-23.44696868462608
-7.3583917070068745
-2.151213185353487
-0.06371168756645965
3.1227693188002923
16.858278761743207
5.877670462162983
4.763832187580974
5.483538645521909
15.207834358042886
33.12572676135995
35.30974461600332
25.425864704078908
8.940669933655757
10.113668355436513
6.993765690979379
6.995649738087345
0.36087677903383913
4.447905079313113
-0.07478385125782804
0.04454056135801027
12.22637444207713
2.5918947149482103
3.931555080278572
14.29630414892129
1.881454191454685
-0.019012896366680302
-0.003027177206332027
-0.13172323544026543
-1.5328127552799058
-4.445927491563921
-0.021551172832631204
7.881641188778399
7.4398274855855515
0.029526388673273393
1.9718611347320174
0.26482378009516117
-0.9612751272555756
0.01100082505503715
0.18661307606793118
-0.95470155634849
-0.027219578424639138
-18.480454557853978
-15.785112314129114
-73.27032134620603
-35.30750220623918
-46.09845122407375
0.016085710937706894
-6.09058387009291
-25.919132359911398
-6.266180859416265
-7.100638835248757
-2.9744153205419104
0.012368579104587961
-1.762516314919682
-6.619588806652571
-6.318782029624722
-14.206142040409535
-44.039773964203754
-18.90890469937909
-16.739600185616165
-10.360005696560354
-22.14838943217307
-1.6147642849500299
-26.51507434940292
-25.341706793309662
-15.631592378399949
-2.7340833852212123
-10.53416634765091
-24.235058109428717
-8.91343841443913
-0.006091783310357292
0.8826912338105958
-0.07394202055871393
-1.5466496609740243
0.1891856061991423
4.824319043138575
-0.5173544876274923
0.01741240265882502
0.1491725535301775
-0.01060996949481776
0.8575872498720643
3.666599571958475
100.7678041303371
20.717602792209362
5.915175141313561
6.341924984828092
3.01273922647821
8.807983899062958
27.62724899264297
81.78035631588149
94.19168813277408
161.52837099635047
150.5534407144887
292.18474103672844
185.82855294251306
298.5751965994794
75.01207438912674
97.61940829657426
47.048256056394784
9.221976019350242
0.12908714940260863
-1.2422874551920033
0.07386091001266404
-20.593149419563485
-9.027919284574528
-16.471724960528352
-12.555412358981037
-0.00558760551633411
-0.6246405966540028
-13.161588689069008
-35.489396603248565
-13.931040325504297
-10.040842634666644
-6.412357183133666
-0.8803914800245024
-3.3161352630742784
-7.8056188332203
-0.6689200386246662
-108.23249552755074
-64.0878737335424
-23.526504013403468
-28.10428115571556
-30.398661234678734
-1.3431259913293017
-0.7541269948202687
-0.7361870763068241
-13.244220373169924
-2.4337587622798345
-55.34391057639368
-51.113826775257444
-41.14128288200018
-54.424924871466686
-0.846911492875591
-4.655351868432041
-4.572103273584709
-9.294228911066904
-3.2353822714603626
-2.016403627472739
-2.4305922958107193
-0.5480487378191763
-0.5244359521224422
-27.753005143542076
-19.923040831225755
-3.3410776617862363
-26.03665595300641
-0.20703669858309587
0.060640467022754156
0.16331443436664334
4.129383136770937
0.20173528398413382
-1.4230339298782554e-5
-0.03749277142217701
-6.80780170091593e-5
1.3399271994107567
-0.15503854713043944
8.601162732475449e-6
-7.591179765325215e-5
-6.404776528734381
-4.042794323879394
-0.005362646425968788
-0.06622821644097526
-2.0113111579564302
-2.4023629594435163
-2.0714599490383003
-1.583801795419895
-24.900225594947145
-9.373937362223279
-4.0851768466402625
0.0008019329153926902
1.1928542865381066e-5
-11.302676132377249
-32.54611063494602
-113.32375969451954
-47.661389352719475
0.6488714314425592
3.302953010065039
22.51013675270214
30.809325550761308
29.845217846382248
72.70180881314467
35.92211574690917
15.551506202965578
40.84201673281441
1.9540800623081052
1.103567964789555
-0.031818408913914714
0.7250993705706432
1.371297773113841
-0.04539773104734584
-0.0012180640688798877
-0.1405343977004889
0.011465743312117364
0.00028124308141705856
-1.1737512806034774e-5
2.5427005316946714
1.1989347422054988
6.820682716947643
85.65149636586204
144.94061041934793
47.22644031486586
20.788273571328823
2.8027716062262353
12.999930738570287
34.32088893897924
0.002781651747516631
0.06952257277820384
0.005332628979264511
0.24973299104328994
22.598390883813433
7.080081780287688
26.735171213445618
10.945663930964995
0.8204740739461133
0.008315049686211053
2.0175498640471115
7.185465844297312
16.615214515988484
6.719496789732964
4.037345019021079
23.709159059654954
0.0004698381037205783
-6.2639033239922774
-0.014713094861279743
-17.782357704398063
-66.16576006954652
-20.600230570590874
-59.14239789581566
-87.89528569000332
-85.41406171151002
-13.625137859804147
-3.415512469078799
-4.483826342405858
-2.94641953888755e-6
0.014350349056296122
-2.2762941734031616
-4.428193465578271
-0.6532657886110209
-10.476167255195815
-7.811996003305254
0.018761276687085084
-0.03483404378709302
2.419277059318092
1.124713026425312
6.767517290143216
23.96852176930229
-0.04545631224105403
-1.0194829234056737
-0.004328657270580582
0.12092240095278192
8.15633655277682
6.623565505302656
16.37648324718057
19.580117391755575
0.1542013029246164
-0.0018327504431553507
-1.689894140047029
-0.43660368440193675
-0.05056206147798563
3.328325879142699
-0.011341102613491555
15.652319158756042
4.3436932195021
8.29173344477369
8.097027046152625
10.533711127075573
1.545928639853909
2.8999497654669923
-0.0002492292287283418
0.8563722747238941
1.3776454203456652
112.45589769134453
5.937523875193514
0.6895637883668853
-0.41462671610973295
-0.8062924440343304
-7.095134935773562
-0.275374708915257
2.9345756755184493
9.212774852197455
156.11704661854574
0.0792838379111912
0.0025915045165983137
-0.022993215974783706
-0.30792271665902404
0.00015160316013784942
-0.6939965284898781
0.3686963846608599
-0.10741363925173314
0.45118580915034195
-0.7725547544855563
0.0827169652343994
8.163655907913096
3.4918731837924573
6.2583484300217425
35.96297110422642
4.98900221704252
-0.042247636813714726
0.026093232010681245
-2.0335632062202955
-1.9103656997709928
0.058283331343443316
-2.9063504488908958
2.4623590828566835e-5
0.5928068621797052
5.630260583806319
2.141460244580616
4.124306071091739
-4.649836752983366
0.0008553113920724362
1.637695706942108
3.4810506722602
0.00014748757795712296
1.9385098612302293e-6
-30.42290123120313
-16.597886972500522
-14.361816773964973
-8.481541381171432
-2.1970339785083697
0.05162291084976474
-1.2386988193635238
0.0010975077909502326
-2.478648303844974
-32.30938897065587
-11.200081927811155
-0.7504422592540031
-1.7557023506577003
-0.011041705169449597
-12.85893639321621
-23.796310187522238
-35.11106418346745
-27.974370419964334
-1.9235993439519756
-2.112455669868201
-31.982369019194785
-52.517465951462015
-28.883204672881966
-19.812726196417533
0.22028169651579552
-0.21743290409328025
-26.324367185550273
-60.43671583336428
-57.996495103201745
-40.85550426801564
-52.95101226962662
-21.146820665964263
0.15998153135015636
-3.095718373029361
-0.4729199173446494
-1.3130379266325236
-30.291696187639495
-39.7261793139956
-15.200091800378067
-0.6048521795417209
-1.9045508690361088
-0.37652088964066766
-1.3756279561975422
-2.429216908991569
-5.696162735422638
-0.28957589949414897
-13.476417704873175
-14.629393933467918
-5.705389562847663
-59.51443393210106
-63.46721768391364
-17.728235748489155
-85.738522040714
-7.270078366041932
-13.933151786331154
-58.50337202642825
-47.874381803015446
-39.55628808636345
-59.325743206853694
-132.0031935731991
-128.5876708805981
-133.9108038281704
-71.91204590709756
-18.146583344174473
-2.069719449356493
-4.503443646589514
-4.950012180358413
-1.7512379245159333
-1.3413673104709285
0.4045530752531692
-0.002109626884825115
0.024287259159471133
-4.884403035668423
-1.1069399084532294
-2.8188823981400115
-2.2713225883699963
0.0012091881691527367
0.00310627893758369
1.5391717816371173
11.537066630889177
-0.016866585065652508
0.03466734650093324
-0.7940499670300882
-1.2177549483642909
