-0.11426646059653539
-1.4448846769228389e-5
-1.008475951518578
-14.18328947671638
-2.0072454525791694
-8.189901347874643e-6
1.5628038463454637
27.403519652005635
0.9656487881645722
19.39046246348365
-5.739531749393414
-4.845844859474947
-1.7889115557667605
-0.08952271344593479
-0.6505146764048404
-0.7251192323328907
-1.6850705860078639
34.425436112154976
1.4156845860521392
-23.616481443072065
32.06276900203088
-2.428964232500672
-16.304569525443075
-9.413626164355213
-7.092388657021908e-8
22.330367352265533
9.624900528280891
6.402078089678579
48.00595502602066
0.05555741266891742
1.2827734625587193
3.364667067817465
-29.3293647820286
0.49088757716084624
14.173913868227082
0.06785283088737258
21.922138974723214
20.536027961612945
0.9341963028398834
-12.92282407068218
0.011484128509815781
14.739020118724234
97.9174822129282
12.606106258680521
5.149727656061022
12.244921320966899
2.4131571870901842
1.5702869137049698
-0.0003189058626781731
-26.288793453394398
0.0007447970169674894
-4.120416505407871e-5
0.00014273612646238649
1.5499495264526222
-3.6575940560941214
16.953922868881207
1.239780073698773
-2.324901785761984
-4.663808149051988
-2.213469391002516
0.4723660427706174
-0.005950764298915059
-23.80423871297709
0.05773380187859179
-0.8895332471504307
-21.749250294745735
-34.4423693801903
-0.5757388751983993
0.07447421571044185
-17.524624017572343
-6.6103441467118715
1.4156103813488754
-2.486205944233112
-19.397714096454543
-3.843987105513627
-10.04950038432853
-2.004652558197972
-2.4448199200694787
0.3931966624223253
12.228285439977826
6.007646356854543
14.593976064187052
13.464304013498804
0.660596933564132
-0.013154691899428837
2.2358999434077402
-10.496422174042104
-1.5849277363592749
3.6878677279091736
-0.004480986187873583
-0.03180669685565156
-0.001689093463384903
-0.35912997192334317
3.0424324628622217
41.02254230757015
0.24404853436106017
0.7432648071221583
85.28783071593739
136.31927483494934
-0.2633897085597875
-49.042639481394055
-0.04518364321929275
-1.305891278192604
-5.197235692742486
2.710072648833303
20.59818035508684
1.5435251857317112
-0.03126306822464672
1.1697338069149526e-5
0.007444365139451864
-0.0002793295817598027
8.566564802889568
-0.5806257236325466
1.863277838237832
3.736795376376918
-20.306837112078842
-0.3806287802103477
-24.936802224802108
-48.04164989485138
-14.366699452797718
0.5321982150177723
0.11972579737687951
6.424113847292779e-7
28.84196392235041
15.828524786875157
17.897900275930027
0.8039930141713215
-0.0021947547244454
0.9920143382658629
0.8389246709610274
2.832236719267726
-0.7506157580728012
-2.2120453367890272e-5
9.028096938841246
13.389371635766516
0.06504026378030738
0.24296452333520252
-0.2205193235321156
-0.03365188044022094
6.720607373618808
-0.002458635580510379
-4.331820492082406
-0.06931335266039672
-28.69327522558296
-4.878244695390927
-6.712788535455144e-5
-5.992678791273035
-1.6502221018998129
-0.03198499674418263
8.16057068906032
18.722039749539306
1.769111753435476
2.61065699715098
11.012277941739637
0.6471868140185255
0.00042155400813336755
-48.64494463123853
-1.7917895843469396
0.08661158582557732
0.6334927282299619
-3.982323819793436
0.5403777341476079
-9.749698670156116
-26.559856745132144
-0.15017286058816032
-7.618114911332656
-3.0078130377673453
-19.759422381503875
-5.7063865679165096
0.00012005323345183063
-11.997060339618296
-0.13532062271264472
-1.3402494379104184
-0.452493166154867
7.992181576319583
23.48339340657807
39.5011921440179
-0.1404156363163207
15.208716093510583
4.435864140347867
0.2617897977808687
0.07127433197421428
9.29868846745074
97.20376999227766
36.278705680130194
74.78630059988922
3.729949708767661
-0.08648418661357864
-17.744106127802027
-0.23360632400797507
-25.543985249042997
-30.05100972993961
-0.03304209482102957
-0.4111283463448905
1.2126651449493981
1.8455590695522957
-1.323661543947462
-13.267893139940123
-2.3865573241353606
-1.216053556852849
0.28550818291638874
2.827790130344809e-9
-0.0422761552148753
0.6807554149058236
4.1665115919812195
23.868929123709172
0.046284714329513504
8.657624602399839
-0.0026454070747108168
-5.156033365277439
-7.843663930477879
-1.7009335655529847
-76.64692993023839
-55.754445528857815
-16.677671975844316
-0.02740688669653915
-0.24746091858755379
-41.840316286692804
-2.0886401941910986
0.9545660914282891
-0.0005004353732394064
-0.02273180914538882
-5.6114827117009165
0.024178858685114782
0.03880055465511562
0.3089718755416842
-0.26550152620811385
-5.243123822744779
-26.630536383707426
-10.880359082546038
-3.0328720262193785
-2.8413147186397625
-0.30423474987593674
5.834802759336954
-0.2307251368650796
-1.5501891030757695
32.06757866119703
18.927468607174266
2.1964058644260622
0.1955149573311975
-1.671542402302038
-2.5225484016950044
-0.00013221462041045824
-7.22946104953072e-10
-1.545615557636723
-23.67574750634322
-10.89747860066028
1.1296439870366153
1.9206494640412743
34.662410536106215
0.009842484696696869
-5.674410302729899
-7.461129106791194
-0.031837507376193036
-6.3430743585030624
0.006706764362608746
1.1500716464651706
0.15188577933734068
-0.06049402815230569
-0.11828412629137773
0.5035069941870158
-2.0582052040956675
2.4279465591268816
-25.279241202516967
-6.919615776464301
-3.3273807866550023
37.7280226530472
1.7963752006797225
13.87796838523252
0.0012290324540965832
-8.464320550587182
-1.5293148362539262
-0.004170279945408112
-0.003537194889908353
-0.055563162763015116
12.889203935768359
102.0429434684292
13.675101507987298
-0.05463904551638273
-47.27173578992389
-7.7132887847042495
-8.156470121849479
-8.470425097875143
-21.169540393822135
-32.51483489163263
-9.067203990668727
-15.628796190985334
-11.711510833179426
-23.917412913779163
-7.350681816487538
0.9911920405909532
3.623380418188048
30.394831009687476
50.483873297691666
0.49136367724338115
3.220209856903998
0.7655355504839252
0.3646316286570814
2.1092628811121408
5.7171094856786695
-10.916290043617156
-0.4628405599530005
-2.92564542459564
-16.80858776824088
-3.2026094984072326
-2.057048949784477
0.6290071196953115
69.71793246907792
16.75466858240015
6.370724660770249
-2.7056020086437553
-0.0063510740684840075
-8.17864242503
-13.995012085604852
-1.3479105528422337
0.057237063478365886
0.010977323445451034
0.3939851985595955
-0.0009031896949603235
2.2340168021723885
11.1582993313393
2.0540777895782294
12.761790645577582
13.482482223033346
32.822340067750275
7.958352827186115
2.237746580254532
1.1103904692600595
0.42250229051152743
1.0464870246588913
0.10837308464686071
-5.564763832838974
-0.003765658854929865
13.449643167381279
0.8062561937956751
-3.303320380804982
1.5740479024481862
-5.095626486889545
28.8346127632115
11.828601550020323
1.366169587899089
9.104056736200398
-0.0003330413168900522
-2.1012661093263953
-1.1800684021090888
-0.3296490579393897
-3.36355727124808
-0.5596379613101831
28.817743447779694
38.56129630806351
5.362657125952493
4.706297358288718
2.3855066249455024
27.30007248706054
92.16475595392566
78.54992823400798
32.972846238086504
15.029603729696326
18.007674769734685
0.5132346067346791
-2.6806332151914436
-0.00826804886366781
-3.8130938911552663
-0.01187048765660621
-22.763114956659514
-0.011114056495909517
0.003703021268919365
-0.0005598521116074613
0.29983159357586486
0.22534432786455735
-6.445393019326
0.12662246211999825
-1.8455031023920159
0.08784716964309468
-0.0019942450607209825
20.578626534924936
-0.746536306455373
-0.7794642658101827
-1.945265174768202
-17.5954618503054
-1.4150892962060342
-4.130424752651576
0.4334054031720136
0.11234803015822378
3.549760696950258
28.777718580264015
82.44426633613513
555.6474790906782
69.4667540047014
276.00988266583585
43.819225139818755
11.251053765955671
0.9762124771884031
-0.005625998602996421
-0.8417974704982649
-1.1569041858147588
-46.61154185744992
-10.059859157293428
-1.2262737880768295
6.703059641417245
0.04668574704716855
0.20148907488859677
-0.20884081688166503
-5.346010950307641
-34.3913470762005
-0.004415222077370435
-3.893786410717037
-0.028189374119975793
-1.0903414340014228
16.97292145567404
39.767717485096725
1.0765901988542999
-9.271599690950532
-21.43105064972794
-11.51444445381553
-1.152997881899241
-54.26685504763058
-57.92683839197392
-63.28383025137943
-1.8298968446879635
-0.3122458514716629
0.7519744519677295
-0.022971926188533515
1.645292995497441
-1.22897860336774
0.0071993245839404585
-7.300974761288953e-5
-5.161682049346071
-21.261248944730408
-42.174101558032675
-0.2952030650817076
-0.027994533420482203
-10.696247205951245
-0.6602807841771906
-0.7626550613086697
-5.453698178676837
0.014135946297071832
0.002883012778068673
0.60701381438955
-5.359335400164766
-4.3120039120310185
-5.249008420444252
0.12849625545598545
0.3214240638567783
-0.0011299970377217446
1.9898371286398147
43.10407169142685
-2.1626485715555157
3.6347596086951444
0.35135731027624834
-0.6481567558394816
-4.0314167261852605
0.254486851614952
-2.4832212321803855
-1.1390566843433514
-0.14710943454698794
-0.02758863995279655
-10.277988650520397
-17.364722852456694
-3.301861701641477
-1.7825570022345572
13.274911187879
1.7102761713972947e-6
0.015722652568319333
-13.47005390445623
16.33814087281049
-0.7938271042306984
-3.3945653815838064
-26.070101518069436
-0.6745478280319389
7.300618641914333
111.05326784612198
-2.4797602080134014
-3.255090300072614
-13.130361896550514
-0.06079855865027763
-0.37736914668761945
-0.05131098496709088
71.37638671715544
0.980194704909584
0.1951009936577172
3.724419912083362
-0.7654649953005421
-17.96919042588365
-4.373643738214648
0.0051596737871605555
-15.827598659042017
-0.003927554579404396
0.025735288501997335
4.011436784752011
-0.03709634832318932
0.053937486055784724
1.669420047806261e-5
-35.31060333313037
-0.019286429317691475
26.93124123008251
-4.936598073056005
-15.377515619189984
-24.894749313784857
0.00510868433527737
0.17679484549557437
4.774020884075736
-0.04973699219910472
0.2305625341375877
-5.935967636564378
20.014308217455383
-6.587543830685361
-5.132356187320233
0.3300963879666709
1.9202639302009556
-5.4550317636611965
-0.06476387924423242
1.1584427346201211e-5
10.331256907988681
-0.38775073199747695
5.173135484161016e-5
-0.0738234221699738
-26.820508839487182
-13.937853511045336
-4.238455205589651
-7.820093217565739
-0.23383923909882703
-0.13231279418960912
29.2576316779577
118.5149070271621
123.51504705950953
0.6670238508147337
-0.00539423183898718
-0.0001107927096548425
0.036367353613796526
-0.06874404900143913
-6.214358506338391
-0.8607321954377608
-0.24029702997459476
-0.27296190580155477
-0.0015633088179946887
-37.60899720214589
1.1311015858885813
13.574673660863613
1.8710008970006027
26.726312316476065
-0.1942673287303935
-8.57954955853101
-0.34213613957002126
-0.4577193077350353
-0.02228169639752517
-2.323089258968897
-0.6490132305178954
-0.23650048738664928
0.17707702303739428
-13.267995426724616
-15.378982736736466
-4.901113971961901
-0.8480707996307434
-12.944863554821165
-52.1658071738419
-3.040818361532666
0.01661883547485016
47.31097418148889
25.01533590952651
5.258853649634277
-2.6891572578396345e-8
40.76381195814055
26.807145532570292
-0.04453093395423224
-1.474671674918577
-2.0223085915679286
-3.5238056733549823
-0.3132451501499251
-0.10293167121826513
-8.851253937884467
-10.426795154004035
0.6305931612589185
2.0272478089373323
84.39512375487814
0.664761406482818
-0.00810476217813672
1.4487247286422111
-0.020404570300752094
-0.04256356400273563
-11.980603997009965
-1.0689611176655545
-10.453109969686423
-0.1767415285560255
-7.628942515391631
0.40221064021524844
0.1331907800910713
1.0444093715547564
27.907862231651944
92.60341799554308
10.408064234124593
-0.35535295743401474
-0.2082459559468674
-0.005424564150738054
-11.501818250817315
-14.432036138499614
-3.7622448249503786
0.3000250264258691
-0.3092792383668199
-6.9327319757390145
-1.134203808391998
-0.048440510244252506
-0.07695087821774747
-9.115859740676093
-10.242160575896923
-50.17716724254332
-7.1097873326216785
0.0001499036234466093
-0.19933021910022583
0.18177947531115304
-8.085664001005478
-1.5821049957558522
3.84024064665112
94.33384186163535
13.908922107734936
9.726763972686983
2.6016607167585786
0.48989000916441017
-1.3127972532593974
-77.38366272175834
-34.917970437483916
0.4335301452654295
-0.00035216119333745
7.81719002419346
0.9521261757010563
0.07902805917647103
0.2851597764081919
-2.341506604204444
0.000376284305641982
-7.962507746277833
-16.475001314364608
-29.000648062479303
-38.683171404691635
-65.59675743275378
-43.56754724903735
0.052202911360891995
-11.804906353485531
-0.77659855260018
-2.092016563430334
-0.3177797199805314
-5.611636665848481
4.298887716899051
84.95765135072307
10.61552540751823
11.17602258124497
1.6699510767460053
-0.011220674768915157
-3.395782070836511
7.786435015892814
-1.6785679069306763
0.4621332237753332
12.434657204468566
171.92764682170386
37.69093048458783
29.67965816830228
107.22151483700634
70.1585039270866
267.54042107982633
34.637824673685216
150.21064924298273
258.1097680161452
43.88204060900448
1.4022019821941898
0.22747396991090646
5.006180109663943
0.38831834353593664
36.075107147267325
58.110759516193674
130.28255164611423
10.548752951258987
1.8600685985969194
60.7466044107647
43.54874389794866
0.8022397320781506
19.03836259217538
22.83329076972763
34.15751185734135
189.54823910603002
225.61467482356218
4.823417792656402
104.30654791418601
147.241339826763
3.2068386967076625
1.7689181664708629
19.103136422066004
20.809865727181606
5.620611400080051
1.7545147973534803
16.66832685681909
127.4150465626406
64.19391372424313
23.573205306737634
0.12025572602905095
13.050746125049976
34.14467183008659
2.602767996497014
-0.502838370941958
-14.770133147380824
-18.996619469186076
15.368456985345208
2.1393233400397892e-5
-0.001388555850333242
-55.57594081294616
-41.46460105062998
0.006217881452403809
0.7885749446231998
0.056422762066775635
-5.402288753374447
-0.02035906997429044
2.0391031348236592
32.63145208525523
9.55692489513716
11.816161119538503
1.3347145306365078
8.901537795411507
1.9297380044252315
9.91596877422651
0.0032476139231788284
-0.04527521193477844
-22.181282003047297
-24.477767452356762
-0.00013794696899863744
0.0001583050212334121
-1.6248093173360367
-2.7384345131191075
-0.3969826445604979
-15.12001117199724
-3.3751796674609835
10.631348321636056
-0.006439228778142807
-0.005259975838286402
7.469791122191567
7.915103795332215
1.9248037766100166
-0.6350174137179193
-6.218757575732628
-0.8457990960445576
-5.901084878905517
-0.24716762681925317
-1.788781297466363
-11.46509488210737
-0.003194759285952441
9.291692614089694
2.974640235503445
35.00809364192875
-2.2548571576137006
0.005401019465914387
0.5558851523091188
7.552430184461411
0.038899302502827755
-47.63475111972157
-2.2962857469130813
-6.975896574954202
2.150433216808011e-5
-0.007376578516284021
-16.611089049138787
-0.0035565000253417267
-0.02032748677399552
-10.435250806077113
-6.7624605507969875
2.481103540608916
1.094304299861118
0.01767958613083361
0.5947717854919634
21.368399453304406
14.750584504141958
9.61539855246277
1.4109067710611813
-1.263913461117935
9.089013394298135
29.623439371651656
0.6047641669304765
2.4606537156042454
0.3263971487401627
-0.09799215132189487
-2.432315576113744
-5.920050933914514
-12.662870098346227
-4.46030574302731
-15.67204169109011
0.0022638700131543577
0.6031496571112611
-0.47039727441357315
-0.9454225782354208
-0.006399072963181692
-9.41626777016482
-37.04302872537935
-41.916657830615264
-0.004887505415806077
-0.6646294407192705
49.21124905542507
-0.3294107961197323
6.3064865026655
-3.169411783819815
1.386888695701654
0.008896980662656219
126.25196138521369
0.8903925763096391
-30.6341339072393
1.7908662956540031
2.9206430044090768
-29.03169013818434
-1.0324328001048442
-4.536059459072009
-9.635849403830145
0.0026815200635927354
0.18387354557407948
-8.07857335139653
-1.0527564388274122
24.29717747110099
30.77121540121352
-2.719758792796846
0.633881575592021
-4.837606119423194
-10.356056243905241
-0.24947571283280132
0.3717410738711181
6.171657953338359
0.7250304370332231
-0.11626836335846912
-37.34952799169304
-0.7186931034477174
-0.5444579060718199
0.11840855868125076
-3.8068438297887623
-62.761261245919314
-4.626843876844729
-20.172093848728917
6.965906236360894
2.411508764172059
7.788558289247261
-6.402081750438568
0.011987501886779429
0.8621003503931357
-0.07240685458575448
38.27067579744113
95.08028057658822
2.1253355613893916
22.195159880253016
-0.0023665640294317325
4.5917732501448294e-7
0.6110338042800137
-1.0658618377412747
2.275832828881875
5.287388415059482
2.1978222629864073
-0.7473700256699402
-1.1462495843948146
-0.07757276391651681
0.15119214658854624
-0.0005784570105536739
46.141723216877246
0.17679432641589718
-3.0044890033075546
-42.750691679194425
-44.06045503752783
-4.97723755374222
0.49297018500438905
0.05194411958582338
-1.100122762040881
-10.3204707559125
10.010939613815188
-1.1476251441159444
1.7554556346272585
18.09693549444609
-0.00028858791361258026
-0.667186710184568
-1.733530121736989
-3.2420177780764676e-5
-13.72318594358033
-45.24912208949287
-3.296729291517534e-5
-0.00519101115136796
0.21329739092227193
-0.0006063582447538201
0.05062887012494002
-3.276840232809871
-0.07802094881917872
3.5468081978805226
156.282382993488
38.876818500083075
1.988941567719246
-2.9373350340336453
-6.645667591761558
-5.623168160996335e-6
-2.662145925231711
-0.01560596928242672
0.05824327539297614
-0.6040419818646809
13.595853387880082
-0.2824117916023434
-0.1791685300725579
-30.607208196382825
-31.511462068507488
-43.369949020242025
-6.572355007833893
-4.8741169699313796
50.15351974432784
11.156479206075078
19.49941541049598
0.4044984503109613
4.115756153021173
2.5736658704660607
51.828950372852916
127.84461028516299
28.02746430355031
0.5094411778625644
2.374298603220518
0.0535514043532119
1.6666282985558263
0.44551186594168035
0.16579729853747963
3.5609629706016372
30.13922894862033
32.83297706312223
-0.5840830087121219
0.9335977227478632
40.97906326352205
47.07873218956828
30.963451613562047
3.511136300131211
-8.256990117017255
-1.8509489788111373
-5.665333475446126e-6
-24.425169588140758
-10.329571104401673
-4.391351545234328
-7.135194044630296
-0.24997526291231495
-5.453848144728322
5.916404794623104e-5
-8.310864101776545
-10.728530341990064
0.006845396947165116
-1.575942838000645
-0.03515771337073353
-16.763474668400683
-35.79817391763082
-28.98920324941593
-14.024168995024525
-30.143691715025646
-0.013611303584222655
-14.826341190393954
-2.676901280339219
-0.5887706227202819
-53.59541645302038
-0.006622623973012913
-13.806925868072602
0.6734412762326608
-2.4868947594396977
0.01179712285430492
57.02570194414727
210.97523815710196
0.07895204251785554
-7.4601634455747
-4.553828230070915
0.018025739668159152
0.2966269387078992
-5.986849837271726
-0.7332031988767703
0.46459900231141465
-10.84434769630162
-4.215294181634612
-0.02761040113770801
-34.44179531694184
-0.924958738415465
-0.06359264562678453
-2.461214016703649
-5.06703654037016
6.564487556301724e-10
-4.773956873539242
-24.300558133354997
-97.60700858410158
0.03948821595285763
-0.002201761551888195
1.7069601188875951
0.7430525374669423
80.92658110491689
1.7583936733438512
6.7746800501480235
0.6166908977090746
-0.3708117288372883
0.37667892978399153
-0.2453109984099997
6.889305316577554
23.164736459497508
7.217171214784167
14.22753110688846
2.1014573405513515
0.011766197417426842
-3.1056241754569625
-0.007561333510749467
17.218259182192668
2.031235250244695
0.34673755240711385
-26.622559007050345
-65.52764905102724
-3.6378897667486334
-0.0002998615323130851
-0.8521965695555227
0.15633825891490558
-0.00672282856916846
-0.9705426069071029
-0.7157446433777657
0.391858950798672
-14.924549712749387
-33.88800926005552
1.211362275985196e-7
1.7152052629510977
-8.567537831357237
-4.373961603010639
-0.10815141248967144
-7.619916654174114
-13.91153786081432
-0.7198854944503226
-0.6163731136916336
-8.887561303755776
-6.813267747338889
-59.70539291808573
-46.642974865264485
0.17038384486228403
-6.869979939557212
-13.800543464351131
-0.41561861057222166
0.150910898901131
-0.07231087246130834
-1.01362423813762
-1.1661184914622442
-0.10094359689914463
-7.780905107214223
-2.3832997802994713
-0.29215276523772066
-8.435354814225173
0.2267795344612041
0.4602612203242858
8.955907743383085
0.0004169986365246781
-8.985851945121563
-0.008129495161178333
-1.0357291213120657e-5
0.035588830103919195
12.99223002234393
36.98289286440445
135.49034503268314
2.0893715109318225
1.6212311760651519
-47.794015556104426
-10.370045495986965
-1.7007620222800153
-1.2509970654884017
0.08997317046385901
9.792853067593882
17.26915558482594
0.003431941462928615
-0.01896338497450302
-3.329126871794885
-4.099391663992822
-21.49337946245314
-4.218204887926504
-21.612070859130146
-1.1501708314183212
0.5915354649086412
0.0069284891410679545
-0.24445751580460703
24.866058371369466
-0.45173445466205864
0.06701700663135385
-2.4342839556727593
-10.06388600632083
-0.3002196091502081
-4.393739222342977
0.5432000588811452
-3.3323362133815584
19.685139600942485
5.244558457123276
0.06950536723320065
-12.851671633824008
4.14641090667079
-2.262198779073233
-81.06282680090007
-7.951467663884451
-6.947093362110585
-18.715489397237107
-32.843636765274894
-54.323191594787495
-4.7713821506189475
-3.8198539302220533
-52.348942225502086
0.0012942050568845265
-1.1438023981576866
0.0256765011631985
-15.848180625559577
-90.15237659742056
-65.85464422428228
-62.537445369938624
-5.333438362252713
5.92855483104915
-4.992410911687114
-1.2775412256985963
-1.9506275138206792
-29.816106149550443
-22.53900689952369
-7.970114861612894
7.048204905317594
11.107353477547223
1.544821698939464
0.1877518009612869
-0.07754755110510254
-0.3922447021643412
-23.704038113373482
-13.818420862372836
-31.149283836993135
0.004990946763644094
0.07685650802647007
6.805660988714906
9.768678710326101
4.12105406401701
24.613886929396703
2.925304323375611e-5
-7.58352098451264
-7.904110261277259e-7
-7.28528241118144
-10.295958430912213
0.21468658971095853
-8.44220246493511
-14.143900343416925
0.5921373434710373
54.80105238833766
4.503219143811806
0.11842306216840111
20.302295132458962
30.36210217237894
7.502632687880316
7.206060008434391
91.94800648784704
47.76349395013635
14.596182850055127
5.143779675193787
-0.017383608275652516
-9.170473601131675
-48.07925662389121
-1.1045264846098692
-41.61637511091408
-125.68298315429372
-17.826331221130566
-133.63695975079563
-14.102607679561258
-43.71116354207738
-1.6536732098157483
9.912958029502631
0.0055763744785426875
14.196232237086514
6.413609244388138
0.0001715640382857174
0.1326454341273199
0.15065313450363127
-6.0225874418605246e-5
0.651349179537337
-0.022146419048132693
14.94679833392856
0.21097306448819106
44.204800083535375
94.92774440635354
31.350167588230722
0.7174878614333382
15.795015481107315
-11.973032362727752
-1.399564415780989
-0.01512428707390317
-0.05093798912567233
-2.5226760545246583
-28.091757445332597
-67.93903322562903
-0.30468392186352566
-7.484780150040196
-0.007235024059697288
32.54000312035401
97.2117839025964
88.1110728129501
41.99013987113201
0.802822552543491
1.8577569887349976
-0.05302675251964657
0.7371939540258551
-8.014842424422857e-5
1.436630673955775
0.013068749993198
42.49098410009633
43.5421472523485
19.066881402712717
30.897679402884002
-1.3350952775395941
-1.2520882597202831
-22.651948555540606
-10.921547399525743
-0.6663410945657914
0.0007468007545684276
6.541930152449106
-6.565486323623444
-63.54631042347945
-47.720514646315735
-49.04705055491263
2.1793666449583737
-1.9911733382789165
-30.008641146932145
-2.5819168850721335
1.2209192225757766
-0.05036503131178238
-1.554107754806709
-0.010352700170030333
188.0255614263683
259.09034051606517
3.883596866099154
-0.026309277558745802
16.460778995047043
43.036907858111206
5.855039832965073
31.963310640823615
50.75340348217578
2.2023686317524707
14.314513825476075
32.02175764227836
2.2458685155654234
39.27115982278901
0.5776793437364312
1.5946042729411287
12.26789066597323
26.68813771434338
56.426813836188366
0.010691550810424454
14.410227842608007
8.859240161730403
-2.323849204470754
-0.0001890457845635291
-31.957568177111987
0.20351774041522125
0.018204245392219463
-15.023010228944823
0.010433043188381726
0.2733851125560699
-6.79237115516175
-1.3452619923396916
-21.168044388236915
-2.6489425670288536
0.006331545574038718
-12.074704681771797
-0.15191801904046573
1.5064720099331848
6.402195374152824
39.83318263978006
51.043289105894765
21.106858257565065
4.888443364022087
0.9022566361952098
13.72165771145282
-0.16302440564228346
-13.848267750428116
-2.825628592613226
-6.081902256906605
-21.547423268680625
-49.17687115928194
-4.321727135661509
0.9141286457908249
1.9485684993792598
-0.00021685807100450106
-18.5750595568836
-0.1714250545230293
-19.0490552706007
-2.0131417624508785
-6.570494127593313
-2.6927704721574215
-4.385633288692274
-2.457446207648661
13.80925530525173
-2.3205299976011715
-27.7100665683101
-0.010788968398671732
-24.376696048064602
0.06413161568392027
-0.029448259672526397
-0.11690793821245052
-0.1037171923124668
-40.67454445229328
-13.204767802564879
-21.457304090604403
-1.0732460934742156
6.777501925876585
0.779288883461107
-0.1248731042484012
0.010859128796237641
-0.001207918947442626
-11.729142624035003
-0.016083066816470884
-0.2799741364878819
0.49979729084585467
2.654181641419363
7.471268921240745
-4.212237704380212
-2.364076917382305
-2.1799136548053957
-0.01640890114869314
-1.7115641003527449
-0.15106607021523322
0.15908295126493374
3.177357289734146e-6
0.00574509856782908
8.27901141085245
-7.953959336873959
-4.065954886961912
-2.057954229048083
-4.15262958501068
-36.19905416164825
-13.318257597072106
-0.1477424044625837
0.1564947921839139
0.07770193117827462
4.747222549489488
-7.29591920143245
60.81504209746043
0.18300130152111174
-0.025250180089274408
-1.3174505678809363
0.01881084078380258
17.55135013951689
22.00804528870606
0.010728904696211653
226.0707006375276
51.449828171653344
-0.16525167633106505
-7.30545404921373
-0.5317100205874902
-0.25733235560196527
-4.958918653175148
-3.978296064614497
-0.1334772678866831
-20.855630830720916
-3.2491147379673517
-0.705640398030453
0.7434675603156583
0.8465643679788054
-0.004153585598454282
-8.94582020919805
0.5912820226890856
-8.91007644776814
3.4381461221983005
0.15259266576093292
0.17541087919858628
-28.754152223263326
-5.749995536852627
-173.96690503496905
-2.4308880155575903
-0.16145415248897138
-2.7626038168296856
-18.039259941826927
-1.0799668154744417
0.05668756848926962
-0.0006080634031059762
-0.9739802080998806
2.4657660762608162
29.317709852825608
-6.054890799941109
-0.05337817908723026
-0.00038450600842496494
2.9733906620803827
-0.005040642945645593
0.21781207515368128
-0.000932197940607048
5.001440757262446
-0.4114849826628581
-0.13546798493435008
-0.4483732754081435
-3.327897120491092
18.728082846911605
-0.3052497998826395
0.26980984137014014
0.25824229317861414
3.890945535846927
-7.27168919119796
-3.8392226573122423
-1.067749585911963
-1.7082002658462028
-9.14146110284438
-4.941093426668758
-1.94313735910527
-39.102662134482614
-1.9694227954020005
1.014994174771271
0.021049861728875966
1.724901672298522
25.74614766426271
70.33350880506202
435.46675061037155
18.26242547418561
3.5611232205198182
-3.3915492868180293
-9.638386203852086
4.881193562082246e-5
-3.1632339826824714
-9.010868444430914
-0.22287489856489656
-0.009772764944898104
-0.07700895775968337
-1.3279501590326932
-13.652810835048689
-0.004527457169190518
77.06418176855901
33.54306930889091
0.09571330688082343
23.93352813420605
4.932892283842426
14.150500188733933
0.6727855361436006
0.608970146392271
0.6650379685609655
11.805020303248005
5.28101203246871
-0.05077847352339379
0.04178898696150308
20.788812735688026
0.3486381448108446
0.001552226205868893
8.509631707265632
14.113789764614038
46.25718996373452
-0.04536436482095583
-3.6548562227806105
-13.00600024753873
-2.3588882017722206
1.7568573924628559
-0.2624034695482914
44.14047112779597
16.957995259043756
15.488485761851301
-0.01609871427481609
-0.025461983991923696
0.017996914757069243
-13.095558207151159
0.4066209913764951
-4.3550232483088775
-1.963960179881514
-0.026108862099784472
-0.43395220397423645
6.069557291608503e-5
12.998502885793346
0.8706883688124422
0.18107109639312846
-0.030954301588604575
-8.213243871092018
-2.4354520811735547
-13.88911200537743
-27.930635861015535
-5.534213103819953
-89.63511596907956
-18.375569268274916
0.11853636994484322
17.129202275117958
11.084941069995326
31.650440644229253
0.14251959152922697
-0.09578618299592712
-0.11790139990328431
-1.8504976439051886
-0.13783906252411737
17.177333564914402
-18.920427508898396
-52.178440474346274
-11.334673147330566
-8.796314731374562
-17.56220133147415
-0.04323818600023701
-2.9314786725458326
-8.306026316503058
-1.840498575509701
-7.021087279602325
-1.593952954413945
0.24493005455757857
35.27707059846903
0.1110592133288166
-3.035280271956885
0.05828599080751711
75.51064932462089
64.50362070955246
44.2699309141873
93.35840895703531
39.171335262364565
0.3753464916142525
-0.24495478663861422
0.17907708462037802
0.9505865833508741
-1.2290890560682235
-1.2520559919775447
-5.906051679043354
5.351700296929681
1.3460335976717817
0.0005070015253779379
-2.433522937102846
-0.06788285087509824
-1.4149540326678818
6.239832284885162e-6
0.7880788812946338
1.1180084810744106
0.0023246205627867507
-2.844197690527215
-8.995784790674099
-13.229999306060702
-19.21452982766444
-39.7605478195305
-93.72047801404818
-32.383830590794076
-51.50391312368633
-6.714080547297477
-48.405219314255326
-1.7461757083055014
16.219817629952267
70.34024107405241
17.3909120555362
39.44719599262528
5.177231897237862
0.6168007197431155
2.56030785703256
5.426870955981414
9.982510913322718
13.709155804825384
32.01684626084037
51.839646043191436
8.216910388384933
16.021020153708807
26.641586589867202
81.24623983895924
35.8900410797285
2.1781057132776787
0.2157263727192979
36.04678131964414
81.37565773938036
44.62280108457729
11.977740988002251
0.01931837498709967
0.015499728032144167
2.457375111946229
-0.36975804616442043
0.7065865803079876
0.007440558368509658
0.21445869259753236
0.043405042736455936
-0.26940758039123225
-0.024797466595189943
50.78275974875302
28.493844730679122
-16.22387493822562
-18.445731325474455
-12.712986753186156
-7.3977224988932155
-0.5665708703045822
2.872569783142099
-0.01922411359639533
-0.023903048370745014
11.294774711080725
-3.7759002192493187
-0.41458207601774844
-0.002740716976800948
0.126179215474671
28.910179850100292
0.48231520467509786
-0.00884803580986956
-21.80439175634029
1.24385279087897e-5
89.92943123976075
33.01145654832925
0.9812383641075655
-0.0050612162268312165
-53.68272060876235
-0.09391819361353693
-0.00013339356264781442
-9.110211490060205
-10.438104822728103
-60.64743864032924
-33.268363163919204
0.012906712487875298
-48.13931656987158
-7.984501777065052
-3.0628104371080145
-0.35193756538272997
-24.72154671845979
-2.8433621285605755
0.03587259808356177
-15.91922479153727
-58.14924505841918
-1.3216091851935998
0.1866286984970897
0.05748068287510884
0.09326027259245487
-2.237591670784428
-0.994848984417782
-0.1296264504349052
-0.17447460615708757
-0.4006817477522409
0.015056913005989051
-0.4844714600754661
-8.05811839097235
-0.016572550904293062
-0.6693947548302058
0.12228956859889467
0.22603289970494003
-2.370670815410032
-81.19990241940886
-37.45268340512689
-61.80453107913206
-20.112855338708393
-4.391797109681258
-6.136003732782226
-17.756284972340072
-2.1349711456827247
-3.2184378434111287
14.352874617069462
-2.641901975361184
-16.64448983286234
-27.697355387026857
-0.48351417672328106
-0.4091362690131269
-7.314801008617004
-1.6977863530957271
-0.25024453267349034
-0.006618301245577444
-0.1211711882124693
0.9936891347650038
-0.04285107062205411
7.654183636956079
-4.496255004170973
-1.4802510002260854
0.03188118775206006
-4.5334174435406185
-3.9363855132283896
-20.45490575285458
-1.7287242948388688
-0.7845494662336054
-22.94036103674667
-9.38242845050598
-25.17098443942654
-13.070816317898124
0.8853468118922279
0.026999590932533315
0.19798511052178483
70.24892261179512
76.71902059873413
78.4225888990616
202.8464244015992
139.26058724247582
93.56791742899233
145.20589101899498
280.0634265321476
76.83613286463681
149.180402480838
141.81146243909131
20.144006027762025
13.628514320069195
0.03197420939753655
6.285634658059542
3.9601962460785725
2.9666188647456186
186.1490327574347
52.19767310569284
4.595410788924119
-0.4902739278531396
-0.03345004350866686
0.26029759898610655
-1.5685072081371356
0.10339547299300143
-0.16796254346649125
-7.906174080707439
-3.2078013394519216
-7.16475601219561
-0.019790061701934526
0.0335582197281709
-10.314950733057039
-0.4706813669755922
-0.41309477080638596
0.5302578357462681
8.31494169337233
-1.9579515103439968
-11.316081628366454
0.0678791387382716
-0.06899451590258199
10.938298816858932
304.7144216173275
27.793198476659978
10.02964346214908
43.75905828473564
21.05363622595047
18.004293681057487
-0.2097424193163382
-5.705348837837848
-3.4231674756805193
-2.8293682169017838
0.5008704312989803
-0.004908141367126863
-0.00024732361406691475
-0.06662906534801286
-3.7656864460221e-6
-0.2000619009696791
-0.4356491228696933
-0.05389577962947719
0.4190890362180645
-16.40120965496911
-0.03382586087411757
-0.024181446805403465
-1.7412483458115462
4.32056462039722
-0.21019135687251997
-0.28513037890610404
4.127323050016746e-7
-9.133163400402088e-5
-22.909658784481454
-0.7232880975239336
2.4256801964892816
-1.4048936383522808
-0.598277270374794
-19.2841167751027
-0.12165097854102283
-3.4508367864640275
0.06176027504723176
0.20374669823055408
16.742764352217378
-0.007104075773715929
-0.22030542024544073
-3.492809336700945e-7
-0.0005274738502891007
-7.2117373128618905
-5.486658991920272
-5.142349329268702
-52.030698902570016
-0.0785638048779494
-0.39407893664317145
-1.1257387002256773
2.145782844561293
0.0006157752077881178
-0.7627916658662959
0.3731389684039176
2.99894915663529
-4.913700639291656
-10.555326582519333
0.2831150653675207
-11.464148958294366
-0.6033550014371009
-15.419949433864645
7.736196930996861
-0.0012944842790152814
-15.831666325369465
-12.349943764625998
0.9322926652494348
14.419777703939667
0.1976874411411311
11.286561247657565
-0.7858602296988448
0.07983506844765485
-0.00012599159419142785
0.23972035361822044
6.486504181873984
93.91372694525815
178.63142201332167
87.22924782486278
8.650999876566155
0.4122847146046812
3.9854232217975905
16.145596664740786
-0.6520781668658153
-11.676559956550983
-1.3929690179298448
-0.8302138862597435
-2.1662455192301784
4.5338572657134534e-5
-6.000403093882781
3.013650634282339
-3.9105116191078135
-0.45450720661071586
-0.13927453179947796
15.198752553297224
12.580111576728163
-0.9159131823761327
-1.0487608324985997
-26.549357371535443
0.42880619401478054
-12.918074033602917
-6.304248879973643
3.4785376778152806
1.2444196026023087
-0.4192514666902295
-0.031886903290479614
-9.47064319803529
-22.41019815626725
-25.683260758428688
-0.34168280955314334
3.6173777130319404
-0.002377637911170728
0.19944358545133073
61.897279493186474
-0.1316426742567498
0.10538352796380669
-4.41553449278487
-0.8691612319833167
-11.429246674057561
-9.128255030343487
-69.30758243250216
-11.541313216193345
-0.07081200217118018
-3.715253451300865
-0.00019669039709213398
-0.001864886007343404
0.018424712430278017
-6.282428839177013
-5.7651132179082385
35.204986038118555
0.48725335389654123
-1.9804553304996269
-22.230265048575315
0.0043339042538888635
-0.0020354554716742763
0.10387955840908057
1.5505825580628547
-0.10759196260350572
-2.2733778950830318e-6
-7.629951297819561
1.1172507419889808
-0.33238457039949937
-0.8123783306481371
-0.031663135817461344
-43.30036960672369
-7.255167369204085
-0.7102903151095438
-1.3630242447585494
-1.2295930454740858
3.3308780724415517
0.026866514782541602
-0.3085190508120922
-0.19266338838439687
-1.0691096252225338
-2.905477369670866e-6
11.062927678178205
1.304612014335867
2.9623388319682906
25.269327216159734
6.378741375512585
-8.07602803656029
0.007235808386136383
-0.05915626907116305
-3.48320142087872
-9.817197450131719
-3.938369762960203
-21.380093957361012
-5.32393754511822
-50.006834543543555
-57.97523399400033
-84.17179332973313
-21.43924109746792
-12.116716468624656
-1.7209682480413206
-0.012305427307771599
-6.9940284966492925
-14.46882172766136
-1.0557579631701772
0.40874713743463603
-8.622772155111711
-5.527165219717461
-7.336241197778297
-0.0006616929521643866
-26.60495325826539
-0.017028895183784504
-0.0002787535051693656
-6.404577692952707
-6.78805460148447
-6.146737866627726
-6.05315275042936
-29.750362761802137
14.208355099614518
-0.590458696792006
-0.02495408892498157
-26.838898591148947
-21.42789022676871
-3.262654575448686
-13.709941625612627
-31.208675329567853
-12.958400193231165
-0.38311586776466694
-0.7215343603004495
-7.719117428148766
-4.210002022967775
-34.86257068227779
-7.362339053308802
0.543233835266934
0.19981141751447354
8.360718211731525
11.811777574948945
8.9183210206244
2.9256482946597147
0.1508439121377407
-6.894907019417808e-6
3.3550936853948072
-0.2300841466952751
-4.470350195291823
-15.26021750586016
-0.5266306827951468
0.47755795616307084
17.37460290548301
-0.0012643227081296992
2.297576510731284
0.8181768043337047
1.6904576705546737
2.8432248616846123
51.78887637785519
90.27465974312008
23.693056134119665
-0.0022727503562205665
0.940109379981503
0.09549678057229057
0.3576332424338807
2.8937969810360418
22.267223145515796
0.22132952014282598
-0.061779137451834866
-19.744926047973212
-1.8372032102917268
-18.142609480508412
-23.971257267253648
-14.29269767055844
-0.9357799971686949
0.04759925383533048
49.23658437539611
1.2679056033650689
1.114878978205516
40.21563854637539
19.492815300588283
0.6929526658045585
-0.46632212696465275
0.0005365646227196095
-0.04624589832713245
21.936681479677063
4.69380004822433
111.07143353498097
40.327674722668384
208.20364851182813
51.439844624848774
2.273495307179784
-0.3029029156716937
2.413274634254783
-4.335565880040923
9.704679107760793
0.0065441484441655165
-9.276139279701011
-0.4262903264529654
-1.1165322023147937
-0.21222250754510485
-23.765572622951275
-0.0032141367557989467
-2.467393909063519
-3.697380607081101
-2.3064452715628514
-2.410876822329147
-2.6810420624166933
-1.4127094541441312
-5.449251627740515
0.5995488858134522
-0.008340045049003217
65.6620905089827
13.104039261333085
0.5685300321473328
-0.09484220930616752
-0.9441811978201737
-5.681791433555225
-6.634003056316844e-6
0.40188953348430545
0.945479879677352
0.2505493413921053
-0.9155785770478759
-0.03677042993809686
-29.74673607554331
-8.276008099054199
-2.2658507906256173
-10.299629162005353
2.916643494184368
-0.15965263089620446
4.8048686729641945
-0.3120856770159241
-0.7560558933640735
-2.0914929252149785
3.0123582744775876
3.381113716057327
18.851838933271843
115.39209451545696
123.94001269753313
11.448638417991733
20.562288159891928
13.828523894800046
45.43441678632456
15.19692633841111
6.509286525218939e-5
-0.12555597844296443
-15.69881067477318
-20.154547817215306
2.8500020917537596
-0.9190022300289324
-30.341823068898048
