-0.002007503245410765
-0.024643468753549686
0.0019036759236494758
8.789674750078555
33.55237992747981
2.4336485274550195
-0.00010759218375167935
-0.2622428383692768
-4.552910960073753
0.12347284344456197
59.719824653849734
13.897529055849061
0.0018044315983347303
-23.130857564684568
-2.350770660057916
-0.004682313418228243
-0.5387103615984026
-0.701396467280659
-12.683435381175734
-11.098384892549896
-21.223177511757562
-11.807683909991736
4.737411257219759
28.615727146686943
3.9104506213443018
-0.00015636845602527878
35.293690734375325
2.226008012418806
-45.03420072950912
-22.77847780665115
0.0027740784403460263
-0.10634082935945001
14.135400777804065
5.876520653522194
0.07940703044532392
-0.0005288243174642299
4.285170608993001
1.671769016467824
0.006652172797227375
0.5655790000217544
0.30603391073610564
16.32775975462364
41.4529944729997
0.014577764728777004
9.20788049861823
9.525901590698085
-0.15375260308285274
0.5173173442955352
-0.023675086521811335
0.4591301763355398
0.17055498629353433
-2.2154083364328288
-0.028118524601749368
-2.823395233950455
-4.969933784632696
-79.70929695933488
-65.18071949700868
-15.429737406524064
-3.350586253858921
-3.051972575986242
-1.6292772285683532
0.7589186160548081
0.09376822089525445
0.43202082538848313
4.2960741882803335
0.3555807144302758
8.276377850565757
75.10078926926225
64.90629589829257
41.12090730831538
110.8281327526335
319.02402880501546
88.17274884561249
116.54833735161155
46.00696460234121
0.002526500374598019
-21.940609957702733
7.59032516000274e-5
19.211790447649786
0.0005981817449212396
18.789022162754762
35.90291202619119
37.248696925703506
37.40951149230096
0.10475047379327845
-0.02326345452357691
-49.9473763841356
-10.141275525321108
0.009325106091058067
5.835183304207874
0.3725062097839849
-0.4712168236732972
-4.406753453423912
-1.5295913647102626
-0.11918346014681332
2.7526028197554386
48.68117450388005
-1.5566614952076299
-0.029883007386220673
4.5627559368251185e-6
0.40851718223802763
1.555261545115931
9.095440820786902
-3.5727335460565186
1.7117918156427951
7.176316132531955
-0.02221072632362863
-1.4878611432522904
-1.119855726981313
-2.1300982397810557
1.9170450715955596e-6
0.29392345934624603
-1.1388769726691268
-0.8978190497344503
-8.053519574226911
0.017021074312224937
17.72938509306477
-0.0042008068249666545
0.02810408825469797
-21.332594576695605
-0.2729351768062687
-0.004161410334394248
-8.055291744740996
-0.06637382618668258
-76.08834826551738
-8.649082575414178
-0.10243228283751231
0.29370807895523626
30.786583945609053
0.008183362004856596
-2.8031650218837285
-2.266628349884723
-2.2899451710921257
-23.428815436901615
-0.6445025262467656
8.993734417892483
-2.6712684496615974e-7
3.454117587196883
0.21820650275976278
-2.0845556359949806
-5.663179526556966
-1.083550452056984
-20.694554840089474
-27.86788668596668
-46.70979179605757
-6.303255731463979
-10.344024789777015
-0.7985030141263559
-5.641308273533347
-3.2342369988120967
-30.72185306625786
0.04927700154215816
-2.222005005314825
-0.23673369114330126
0.0434128177691786
-2.9527803213516206
-17.70683852323769
-3.526593607741918
-3.4691825829207943
0.006301610454036195
4.366255441768434
0.013306180399178417
-0.03517514068220963
-1.7394262208632025
-17.541219318873246
-1.8265800499709098e-9
0.19210279689740592
0.0030836189399471303
0.0472280968334855
-0.019912087280758686
-14.768089335963504
-12.132852477455868
1.6064135932650212
0.18234500135947734
-2.1116374161737423e-5
-0.26172640577230966
1.2554417724298368
-0.37118466430121483
19.59738335110199
52.50126342557031
0.1757781589093593
1.0052501031709036
6.765170552470335
0.0014811872003190106
-0.4781324037013142
0.2779067085298827
18.34121741101504
0.2619790323102106
5.647179833631868
14.638282778232776
12.030702728776
-0.5842095885493497
0.008386936594241945
-38.26316786375724
-0.09259010580982947
4.2605503998060345e-6
-0.9645019437100424
0.4940928729974968
1.2500890140056142
-4.904298328916868
-7.398886553534895
-3.770376635311727
0.0035930787497189037
-2.292259767411604
-36.0951056661938
-5.248014387783023
-4.712319087847123
-1.4805528387429736
-6.932710748578172
-54.16335516504579
-19.157796115189786
-0.003261813466569783
-0.07396660113277302
0.8412148527821228
0.005112322589022635
-6.966647235906723
2.4576221799508726
2.1964992482189247
1.38106492251763
-1.2390336325429834
-0.5868092673464608
-10.874971437499928
0.3883933435222712
8.385774628976627
3.6294977217148223
1.0499073184799181
0.035383400240225064
5.689155039580526
-0.00835887949224484
8.482196592020294
-0.007167008105153235
-3.6934130921501427
-1.0418346535324232
-20.450487576822148
-0.6917344712912539
0.8896090858943488
0.3176671651731185
0.0007122158087472465
0.3060980335026761
47.12655226615629
93.31448664374301
23.505579093787315
14.09923885943797
0.4507569588355658
6.955261658150905
-0.0038904504548039377
1.1462605698918737
2.572201971228792
-2.0543786255382632
-0.04036906845440671
-1.0129696638933274
-5.733965834742238
-39.877512861355356
-0.9311461865606501
0.4724606515539274
-0.07870389558081864
2.657459030983839
79.57869748895212
52.87461980463535
-0.15030204152308474
-0.0002775417292858823
-0.0001889107597571864
-11.879241749148912
-4.293150732150961
-1.0614297813804585
-1.1935122437774361
-0.477734169673868
-0.10950107271526058
0.5267392520458625
-7.3782172905431676
0.09772070732801318
-0.3602687912422398
0.0004931120242095896
0.12987092884234633
5.956847384176366
7.827351159418056
31.271855390271156
41.49405337955429
31.37510412529996
-0.06959928931286641
-0.024985091585522094
0.6807744432910287
-0.12439754206787684
-7.94483971886035
-1.534379985158675
-0.1694419668977965
0.005279582650864571
24.77969935078387
0.3485319674717635
-0.029240090235106975
-28.295231701008827
-6.935552542404594
-4.898806742648511
0.041380071146308726
-1.0087823387559252
0.017005493049379605
0.0014378105324268332
-1.0337609208120773
0.0053428302317459495
-3.322145254174055
-17.811309862381204
-3.6508297159049743
-3.4175029320387
-43.94878953583988
-20.682059489405855
-0.17998309498891357
-4.801598285703249
-9.984469038934698
-4.937414815192666
0.04990940857472741
6.1423042896453595
-0.04005519082146054
-14.595199103216341
0.6658740941307217
0.05677779785558108
6.730080784855754
9.836528535298662
40.39014147756036
-0.00034152125615397223
-0.1994821083752036
-0.08922446820625546
-0.01915062497214832
2.4843810593630082
4.36937680287209
-0.4709254558548744
32.21303756445161
9.144849741143839
6.423759209831818
0.04489806917797999
0.09538360076917379
-2.2679568675146577
-39.76224538612411
-13.151822634843349
-0.012951242798074861
6.543328301882814
-0.1602764123729195
-11.460124471672321
2.810877431061447
13.00439678936445
0.6723835629121818
0.1564343928998922
-14.628949341468752
-7.101134497574996
-2.328264767154804
-7.466196276319969
-22.363219239396628
-30.19008891309795
-20.336001003167155
-22.336874554539087
0.02768388190236604
0.013027305048934453
13.959409413718543
3.656933682926764
-0.9437827480296145
-7.661825569572831
9.519120540566957
36.36864671302216
126.9173259199187
27.01485473103564
28.370771616709202
31.81541884723661
42.727411900599634
44.567184442326486
0.13673389940613004
-0.7130910641035988
1.160992593345515
0.026423734489420887
1.956355745112632
7.410211668659903
2.277663512992342
43.33474545479995
6.067120633783654
79.47104317855171
148.76913537621397
21.23664031242926
30.230893665373625
26.07304240833952
1.3717270061616613
5.503106389641922
37.8629193447455
105.60264000010007
0.6306619586607618
50.704237993752514
43.783149507585904
6.677060136098201
22.969627358963724
9.52085039996133
5.827709447874923
0.002987065401899469
9.202392056094995
11.394474421912356
-7.979049868393531
-2.087088200197536
-14.7046411724331
-20.63781262292145
-8.106248108119292
-10.90295048306718
-0.25571238692514753
-0.4152601830237313
-0.11939052012846871
18.859364464801068
17.173343197000285
3.2134519511461477
1.3178328106226898
-2.3414276181971245
6.514669348056902e-5
9.911729004246515
4.156775678054143
-0.039572919550994685
-16.098133296125614
-19.2096887237355
-8.126370743696679
-6.843290593082186
-5.5137586625384305
-9.303433583058512
-0.000670990076891342
0.834848206719192
27.095755734289295
6.979327610638292
49.20141696905479
19.53182681982919
1.3380600089854278
-2.6967527519727885
-1.8611213260488582
-6.317453450399572
-30.612890922207743
-8.53341155674741
-3.1953414602747907
-1.121032550701079
-66.35935014069241
-71.6678101293973
-1.2840822742065754
-0.20415808099338273
-0.48168857927282416
-0.030941069596028655
-5.250358904911272
3.9264326152805635
0.20570197281447022
0.5291485596756749
22.472619615957676
-1.0219035139068797
0.003454257216972892
5.405346400731219
24.726543195193628
28.906690025887134
-0.2958419747779784
-17.034790687390494
2.1898480418488426
3.3085597808104885
1.9348301326841981
6.943965355602036
-12.088144445421124
-0.10122018772251504
18.526755627650573
7.015935325841785
-1.173828891195097
0.050174198956443136
8.108726237306735
9.328287099574016
7.432559854590987
7.735657988913756
-0.6277209107691857
-0.48227664891158956
-16.497526683766154
-30.982671486584977
-21.759693628381857
-0.628739893952643
-0.7377981943649962
-7.180012687232777
-0.05315531086163607
-6.1156045407158555
-6.51712847526213
-0.031753252065861076
0.7106115538268962
-6.873206630011898
-8.597015412107709
-0.04876614028056669
-4.296328174665579
7.001410122264825
-0.5536615890308472
-0.3692248248131652
61.17582772019921
44.18199978338087
0.061941520652839456
-0.0004295986166020049
3.3080914953394407
-4.477810070280087
-30.77490165070689
-4.006571697050864
-7.834095196796807
-3.17697647747014
-7.913664442247953
-17.034650544682005
0.2326228515714951
-7.42299911128344
-0.7668027079675129
-0.00018561191956061694
-2.9377605611727824
-0.023610464398508085
-4.947911740969736
-2.9050595062121034
-2.1917226933995724
-2.0789657528938688
-0.38542020887238976
-6.695538420260294
0.003860306187999911
0.17958747244388573
6.861270682933235
-2.6501798964149454
1.5795045722714633
-0.660384766007223
9.678269518475254e-6
0.01451821330647042
-43.851670899589
-0.15824775837919058
-7.557564532038041
-2.573968707774751
-0.001342878886926459
-0.012502614898663078
0.9028102431478602
1.9702177972972754
-0.5894653720133924
-0.279729322225884
-6.696614115896025
-19.29673286334758
23.408520796664476
34.35297638308339
2.2840131546724414
21.203949992165093
46.91024273592774
10.461035569694278
-0.0015424917605594108
22.07235856216095
0.005669428051003315
0.6657363813901345
5.993022499157356
0.7969365271823878
0.7699261060750154
0.09020951780445821
1.0949436393628877
-4.940255113469583
-0.08298369096776781
6.901988932002044
-0.024624200271574755
0.023797502889636776
-13.94508022196103
-4.280092842932839
-0.9226591584610019
-0.04072377029429271
-10.082911832747886
-43.825230896487014
-7.674749517581346
-5.27249556862235
-11.622156352728041
-7.80816795360762
9.868800333870883
8.953593137966097
1.975181359372853
22.76576446344322
-0.11590427599333548
0.016961002720666
-0.0022130682029929288
-0.8110510533510963
-37.897695866445794
-6.381923849300535
3.1914044255696
68.10270288445096
1.2097093263644096
-1.168729125108335
-17.285226001239625
4.500373123084817
-0.10447462539909919
0.18736877047316416
6.462280949987252
-1.7149050899257146
-0.056712617627561336
11.896090844374719
39.4331855725474
6.802240260917303
5.186010801174729
-10.528118755071043
-95.87438695430846
-19.36588644725681
-9.588897693616506
-2.860791374106513
-0.02634867046158612
2.0491340080886356
0.02236670815090335
0.8327900907124677
0.16320915185627927
0.637915031270468
-2.2352419550390676
-0.07078885094320252
-0.00045227844557012005
0.9489585263662714
0.41924928460608624
-2.6131824653209154e-6
-0.29103138667596123
-0.38139613159187163
1.4889637014149926
2.844846010851232
2.0655231588188987
-8.20374457664962
-5.926022413633604
-2.3774757565111946
-48.17028004084215
-73.85126269945246
-18.93993182825238
-23.290666356242923
-15.35570780084825
-0.58705100878635
5.403776166006736
3.8747004854683675
0.011053779153376653
4.731480381738897
-0.21119867060075143
-2.6828597322925707
-45.40717073375846
-47.668946642714275
-24.94772333975422
0.3364551546718972
1.467134674697873
2.848078650841172
-0.08349561213878136
-1.1622996887245625
2.4382819609774256
0.10956200696959933
1.7844201105333435
16.013955177264766
20.596248501611626
5.414394149175739
41.69375118317786
0.0461095081007888
1.759309923153707
1.1496385360381116
-2.246441737254475
-31.238816440611718
-45.642866732571036
5.945544683668845
0.9540404111623109
0.7818184041277768
-8.256245643950802
-3.461011466799493
-5.1816148956578125
-6.035987469111428
-4.865076459566509
-6.438406677969895
-0.14654380106753104
0.11297272988351637
-0.8308948122848777
-9.369703587043157
5.95182489671683e-7
-12.521605329973257
-7.481600624006626
-1.6452476198626498
0.3771989626957515
-2.5877173886641285
-5.898245423612905
-66.48021232269568
-0.3323014016845821
10.964273885067321
0.0002807187320925481
-7.757827103326641e-5
-0.09777193600308084
1.7392796898976546
-0.15909166788907506
-8.780043941078677
-1.1812769269957948
-4.885257745666968
-2.476019460965368
-4.573909339951599
-0.47777181092671134
-0.48154259355663187
-0.26920384550092463
0.7185047710593733
18.659293259016902
-0.354709846919945
-11.506538555456675
-0.2780610318765766
-0.5739844779032268
-22.925656441219385
-18.526712392284374
-0.44227497137719307
-0.020301057744878823
-0.0014979446650097092
-41.20916042824861
1.2306543657330422
42.137964956198985
7.233564037683858
5.674360694759547
1.4643714120467655
0.5264798212329521
4.627220188598535
20.811464780859463
0.8232138435096746
-7.4526636718047055
8.145843243779543
13.861218310046862
6.003056978535222
51.79364282831162
40.697556772784175
16.97850027661112
25.314566819828446
6.602364642910354
3.497298208989204
3.717558690712023
0.0002984086320652199
-0.014129861192117503
0.04225338850823702
-0.00850827708114794
8.794143849991818e-5
-16.19802077225609
-12.631574835429667
-1.9227108200025342
-5.135044240337613
0.0003063876198046823
-0.6538402228078395
-0.8488697837333083
-0.6658526324934871
-23.181339275606966
-19.467474560897728
-1.588965735490192
-57.06023098583901
-33.26437232794642
-6.644281055432479
-20.851425452150217
-1.0547748738389302
-6.290065907858463
-36.59528114882291
0.0001483652627155372
0.0030704262722263628
-5.687866573105842
9.917661810495572
11.908284062531703
3.38265569123644
0.03814708511024603
0.04976917350489129
-7.4318582922190615
0.012569985214277206
-6.200381553333551
-26.864535419474795
-18.4355933526491
-22.14592879296313
-0.22251754079209007
-17.760542339942965
0.6388545605005128
4.1394749173088625
16.158974415724185
17.519431345153755
19.78223663497225
2.7124940207594808
0.4265361568698136
-14.551457785139673
-0.11562998379861869
0.005839188158731051
2.5946015156205653
2.5561650873446897
-7.812487298389093
-2.884013099410639
1.5789698763037778
6.210709008223395
0.24204398859452236
9.596863754432345
0.19390533127290077
1.5632215408312546
-2.710320119328709
-3.5866625874444305
-0.047632886793483195
-0.6146998160376329
-0.10834045065506076
0.009424805695451061
0.14960768230292762
15.04082962822561
5.962337362325222
68.97659275359062
-0.01159487599184101
-3.6930053557283946
-11.482616189391264
0.0005555760967224783
0.6554271674361459
-9.085768234351933
-1.7375712462584876
-1.5081049013027727
-5.047307955315155
0.26774218500625246
1.973677622144199
-0.9488143123181643
-0.365160058109768
2.9989549358734626
-18.263239800631617
0.6199043844921828
-0.9734698569753918
0.07259045833206701
-56.56274914843884
-60.434983477653894
-68.86497803976125
-40.984284923475286
-59.134103055615874
-0.15751594395001353
-13.443146439471414
-12.470772928285855
1.1323046787202689
1.2605371086034676
0.27283684356254584
2.049103438208037
5.495495005367252
22.85051673562961
139.6333697092851
327.3260502100104
437.67681487994093
257.27182546043366
98.48632732215047
54.917521981032536
71.33270210419484
13.145861617213408
2.211664654726779
7.082828770443245
-0.004999531776855048
0.9789306436612342
14.984671505217714
5.193686383540655
1.6685829114287518
42.26063897455528
0.08343071730629505
-0.00047103868534804856
34.46303648312196
19.067464019971727
3.4284271541398885
1.7023569154848914
1.9402013592683256
0.0004940082951169248
-5.002731778856393
-4.631271802477513
0.01574062782827333
-0.8629011697955785
-8.625851218813215
-0.009483825245121397
-35.764294563162665
-4.473272030482238
0.2331741007538102
-0.633359984568047
-8.518618409965827
-3.1693145469496193
-1.3811863114065317e-5
-0.004321821943777892
-0.04517757215689431
0.11755883513027307
-0.3482534187081417
-4.340537158718762
0.7582383308632342
13.140029655027696
88.83316038396427
28.314023158744398
0.0030429438073731004
7.321053121916806
-4.947698342142929
-0.954351428092
-3.8596985038150873
-7.057891460211935
-0.1772694658758418
-14.212885319475674
-6.426231834611376
-0.0042612526304883
0.13015480182921146
-2.605672597151719
0.0022070313476556685
0.034143551666373596
13.900936087902515
3.7094678195520348
-0.0007323657577494048
4.462237655023051
78.94718681453655
65.52969204908695
2.4553888385757743
44.88110464936152
4.583284653118751
0.00045374223733459976
3.1804386324109
0.10834708149734053
5.147757285650063
1.595979960453937
3.632055526593778
14.28984349933091
6.555051263387677
62.6884473005683
42.590717452932225
21.569498680775144
35.01404302195805
103.86792817636129
0.07582011618719665
0.1415453427583274
11.514951997583601
18.71840944080838
-7.369135497260583e-8
-7.25120920155168e-5
-1.6200088037009333
-4.54015949841675
-5.28628221653692
11.377166304932848
38.171966365892466
40.16442434180523
2.307589988671261
6.709530129177436
-0.9553681770364039
-0.1390504944806036
-0.44102752370544873
-62.90825132555714
-51.48247888225271
-16.473959352838
0.02046083005501658
28.160651183086827
5.5645960243917285
0.3129650892517761
-0.0005917622327193631
56.26835006418177
82.5210712190692
31.36721397128658
5.2181673443792205
85.20265298718434
10.014623554918435
-1.4161216372768461
-8.872332901389381
0.4815090499783202
-1.0967428994727233
-5.110356226671741
-9.988651679021867
-0.07293408130310536
-0.004030975772169203
-0.5487244450389518
1.8916343897625318
26.10053081520686
24.748574377955453
78.39682068257692
0.16694789527111412
0.44775483956406137
8.106089620836173
5.424717969523035
0.44335792139850533
-0.5818937503668031
-3.6945335542579754
-9.700849226493727
-0.0768637285074163
-1.5221252577230797
-2.997253176878254
-45.63262555379759
0.008414618301313235
51.35128756231066
9.090050179053327
1.2156011912350995
15.617095187340432
2.363471003116674
-3.983179838929394
-0.828211774176689
-4.027381260462898
-0.6647300360617397
0.7843349293287851
9.116379673008863
0.240556276986484
1.895367721037276
-6.410244318188034
-0.3688131278516675
-0.08200842741454695
0.001124957348781651
-5.175136890707967
-0.0186833666746971
-15.046031215787476
-0.502598919176537
-2.764603232371216
-0.02863132605372511
-0.0007113455053551616
-3.2629568875800214
1.9975632109596269
-0.21668227564490605
0.6193120814083769
10.257793689403224
-3.3533161408676144
-20.970442453271144
-20.998696216882525
-0.001019306774124278
-3.4798364804056483
-10.040421386486967
-6.962684506834897
-0.03872589499074779
3.955251775895128
-7.163120210692549
-5.509356095160767
5.799737892259834
2.3346195252688995
20.96400706108795
26.85726104702064
77.22409557590123
149.7803653862646
0.4905011142635051
-1.9929047654813168e-7
-1.1778738801995645
-16.16328781975064
-4.352691574147363
-0.03472585937085376
-2.404821857271531
-0.008527390084130535
-7.641921171914478
-9.97796047803654
-25.05736030947381
-7.246743886839827
-0.000731635564888952
0.030365152739306484
-12.462712833233065
-18.021253089800933
0.06103910611106303
-0.00020914593064501983
-0.855695607296707
0.04737954353991898
-0.012366397923364556
0.0002150564090979393
-2.240033077894658
-7.5527282715666
-7.132821293083443
-63.36140810624183
-4.68491543953682
-13.159214560616219
-2.7318062838598522
-19.60124168774317
0.06774690103299197
0.065258211231102
12.817815724759967
7.670758233310629
0.6255847753052745
0.11033555153857456
-0.5207675705002871
-0.0008993467223711976
0.06596172006397434
-0.0003606402305456989
6.747249586610371
-0.01593704182833589
0.08813274544710346
-2.3588337555645453
-0.3362224004315911
0.09711240236093774
-0.09798379282139646
0.11382344061665045
3.4087810238599143
6.099042563399951
0.29999774236613125
-8.087662680240735
1.1601873346305793
0.028907577118254806
-1.552171831103011
50.62413175068479
-0.2688213952411579
-15.722942339769409
-48.271714625855864
-8.340957955659325
-2.9895749221431474
-1.4898196067022094
-0.385156467878119
0.03714067948935022
-0.20502651396570926
1.0811814301378828
0.23591087348366396
20.76386807178333
24.985170041916604
14.59015187526749
1.829037233647345
-3.4282568809403657
-12.53077618492474
-0.9519702597021027
-0.0008570417910727415
0.09307422097886678
-1.14773938423889
0.9042873505426625
4.621460322144986
-10.460718368145985
-7.031264510684589
-62.37271939208547
-88.31466015699984
-14.567380435925974
-5.918104048220199
-15.638771987160112
-0.15317115294271122
-0.34248989319298734
-0.8961043083041706
-14.868785379501448
-1.5058786261889074
-1.3632339271503886
-0.09356839184734352
-0.7977953281834987
-5.512221175775111
-1.0735248114100462
-19.13591844062479
-0.01748981939816299
15.969307853247534
76.28823592757882
171.7972177073948
0.30640385424140526
5.79660864703906
4.897778654095805e-5
9.193526422466235
34.136376929839194
0.2189664912400113
-1.0450322841706967
-111.36912733002829
-10.032745361139513
-25.414048296706554
-112.51813198968198
-33.360538308422804
-8.642497811176558
-5.613313004190182
-0.7345095967957618
2.5775687399349096
-0.01655173751643883
-10.790553745469316
-3.8377362023579478
-0.4275575307205307
13.167110824295788
0.26058027206460255
-0.021600360754239364
5.33718158320975
-1.7402649291171373
0.0962249172583632
0.1581785292383878
0.05638730386928388
0.48658255715063903
0.6815988430451191
-0.9100178050716383
-5.045835980419622
2.984507522011503
0.9272945709922117
-5.76330760982623e-5
1.9072486371612136
31.635018915290583
37.78284412165556
102.6490711667159
16.686748472994655
-2.656437172711049
-0.5524501813749593
-1.762058094324911
-8.851481029623395
-1.6466419813704292
-11.297859926998408
-0.00026890625919892536
0.08325029855131968
-13.50708478219098
-17.431092906032347
0.027975695830910897
0.1157055832324444
-17.48796555472422
-3.2894971318359554
4.569747577501102
34.568843578452245
0.7227510506654031
9.172789623216778
-3.3898601838773117
-19.951700808317725
-13.817578782581675
0.0002789545893750022
-5.942708404653371e-5
-0.1497853492827996
-3.9504061610229377
-6.921628170202747
-0.07840645598696439
-0.08458700295917117
0.14857854783669527
-0.5508386350174571
0.5523953935618342
3.542285359499082
0.003030270524439978
9.035348208741308
3.335017536452287
4.451888041495542
0.5124065639608104
-0.001019980829772206
0.765190750934945
-8.160184298327849
-0.7465487232279642
-4.62317879594836
0.5107970296756993
-24.912071462931852
-81.64453319991165
-44.118250223937544
-13.451251845025713
-5.2452065557730885
-17.657526493585358
-0.031519662611018275
1.0543714118637704
0.0011365939619578849
-0.04111362208274098
1.7638307917825586
33.80235774018427
9.934654029103621
0.0004885135538343048
0.052690303523879926
-0.6928572191240403
-0.053953391891218005
0.5824055141393016
3.250861424547875
2.3068015771635344
1.2026586761382274
4.062542895904961
3.3471133679688103
4.132562772531177
-5.2089693439555695
-4.112257535704093
-0.017404887166080112
37.23542572286551
28.761857351362757
0.34249134696016176
1.7782131208071625e-10
-28.95063663500323
-35.18050883969502
0.14983928662902796
-7.243500008689701
-0.1990500014525792
-0.3447056789353512
-0.011118940833124985
-10.436383362006696
0.1787572385155096
5.712861843225735
21.999786297920515
-4.927101843608179
-1.1560374950673333
-34.9179168753143
-6.332485797224616
-0.057798533663822545
-1.2308005423138817
6.836480114900153
0.5167726577863812
-3.774588222553766
0.18030794578841433
1.996916744236934
6.457020028988095
5.694866627619949
-0.007386898392773626
7.734166317406515
21.784276929111748
100.56889694493823
60.39650097971683
36.97372576149897
0.10648259627040384
1.8976670723245073
0.0001655171613196372
17.132115240479234
12.880415488714442
15.08572679916755
35.166076551947164
3.1105700274502226
-0.12358104158312933
-0.09541667319961908
-0.06307750259809206
-0.21967389532527778
-1.9025689218897833e-5
-25.01693857514283
-0.02048910458162246
-3.54354913408823
-14.43737844410353
-3.4130057592133607
-0.15359840681566297
-1.6078567909636403
-54.30051873587188
-24.88922590971672
-5.737116197332204
24.3864921796838
1.7662947215349698
0.0007167048470856566
0.3127248444931119
-1.1938546714670162
-0.28900853516272645
0.005439894377340082
0.10402862379320951
0.0020984844064173406
0.5762636462211609
22.196309457665006
0.9823185869052238
0.466199124793891
-9.903794823016518
-12.46473201197401
-44.4849564092196
-15.793535948714707
-9.784433345801691
0.3248349734284676
-0.09936611680221617
-1.7177666114794927
2.203326264132183
27.61409406625464
11.31558918697416
-1.108418490078469
-3.7387284440822217
-0.006265283803004207
-0.0418815490111889
-2.239908549619017
1.279589675581264
0.022453614432032764
0.00042835211651918515
-0.007668421188512506
-10.297956238541559
0.0027622969814128737
0.7406084539233468
11.036579041567471
-0.014952446643836251
-24.263187999865494
-14.049107523170289
-13.015520184433718
-6.711435704291888
-0.3946611805408374
-0.04543497696906212
3.7321794715064436
6.357248121613763
-3.6162216900023987
-2.5840006261751514
-0.029614344872720303
-0.2908246617567854
-1.9632756944249334
-0.0027970474818386952
5.242010434963266
-3.8771594670428557
0.13741287273741085
-4.22808534127966
-0.019839150671076607
-2.2060651758373555
-7.167066928156396
10.113437785676835
-0.4364666855885407
-0.02089835038472622
-18.060622584850993
-11.860414511846045
-1.6741107814610368
-0.1160481517588459
-4.258641817771893
0.10297956274401791
-0.2631650356876472
1.416293418050888
0.27760314488253496
0.45702093857235404
0.035875003331438546
-6.4390612002342005
-0.15433628979088918
-0.038700507874364305
52.439560676588705
2.5461989553324615
0.16180916048288876
-1.2963794910109943
-0.6533828414065841
-0.0001342707498924615
-0.0006243776564389639
-30.314420293918335
-0.4710214611758901
2.265272737972428
-10.543785040443762
0.017762967958363886
-1.4261390902029065
-1.738897832706588
-0.8409910036362355
0.09573826133244077
-0.05857147538053948
-4.495944734270525
-4.197976490041291e-5
-0.0015148155245172088
0.0020058628487337337
-0.00012456407165996664
-10.3604573520246
-0.03423021930992906
-17.07468429256265
-14.182180406947525
-1.1219998524230006
-0.40508185994084656
-5.287899705938829
-0.6519213239170317
-2.9712617849544194
-3.5887850846368416
0.06606217801214263
-8.126274594480533
-0.9065470519041605
0.9636274796301236
45.496985648070144
8.743644751006142
4.354406756211787
1.1098825091544304
0.029451019170224756
-0.038109094500917304
0.21650067815016472
-1.077930830278702
-3.7740888363484353
-0.4688443023808835
-0.9303726167061467
-33.737565246625955
-21.461889781065636
-15.167001061875318
0.0014528459001795413
0.014833106468519743
-0.08806222203116341
-1.4363831497333392
-4.378661956381214
-2.235877889582476
0.27233696585935885
-0.6169427813962661
24.400050158193384
5.666197341201842
2.7897279135002595
-0.18536829693740411
-4.499143288353814
-97.93421984659074
-27.032592811709836
-18.369686659748577
-0.6200820485111652
1.0473224389417926
17.925485826674365
1.351371379912912
23.075004177794185
19.28958083297767
46.99299018097366
15.490626399746768
4.53194495060652
24.19690716073871
15.436487569077396
25.001269885040085
1.380937498690617
0.11938637216108654
2.2206048327006025
1.1744507054500093
0.2818449283152839
9.512278562651817e-9
-0.5522842418446691
-0.12187288055139882
4.2312826734174225
0.9532867962587825
34.4187321479181
1.5661060821410555
22.315603410306814
17.99819703473722
17.0327151461603
2.818857141671043
-11.469415449316738
5.579453087998781
19.423731946122288
-1.476967991745007
0.0003407035005604222
0.1258912618332691
3.8256935926798317
4.958507978973712
0.644118787524644
3.4531718316864697
0.025591065319626093
-21.220455531401846
-8.5220062761473
-27.000659929293704
-6.3028026196157985
-13.976746059317762
-4.90641317240658
-0.00011529930398783478
-3.5373496841707204
-3.612694270097184
-1.3889675914920059
-0.009300719126538681
0.013005265432012409
0.34148397127266494
-2.0507702976111335
2.169649058652858
-0.13350674350400674
-0.23667144670197
0.3995747938768886
2.1812334933830746
0.011313174031511015
-0.3787502294796049
-0.045580214999489554
-1.2818546339146426
-0.4870926976460134
0.73706977374561
0.882433906712188
15.6244443782273
15.914395304573679
1.906695076202431
12.157856532184788
-0.0022450006862083168
-7.555457015950031
0.018760380312977325
-1.6613731354464059
-4.6580290018865
-4.244634375349783
-3.6450157754638908
-1.9011547289987747
-0.6324170076383313
29.587153040401788
0.414108422413059
-0.4998452779941525
15.182173869339474
2.45469800357696
-27.88560463991804
-0.7978923256666167
22.59600553335815
28.05638479014299
13.55488934956139
12.755130740744415
0.428088193754733
0.018643893131933646
-2.702170205704701
0.17698591964490332
-0.14806267376330967
-0.11105404680338096
2.8503209231003273
-0.14362032967208768
-2.111536228578371
-10.162189155238337
-0.025280883541922913
0.14539339827211067
-19.922733159725563
-2.9118647081800466
-0.9569555815377575
-0.09536273611767726
18.284939665148915
-2.2029375773547706
-8.371748895118541
-41.06003863890396
0.0035888383797776837
-0.04252459748058585
-1.0415301527055385
-16.04227876883781
-26.672898677999086
-45.76253249056062
-0.5139233585441016
-0.058132246991742444
0.5292342859455306
2.399294354255445
0.00032192132510437167
-0.002312355081592076
0.05172795814488613
0.17323556450260036
-0.13961153194127499
-0.2680754147601779
-1.7585968003818777
-11.618931487312366
-2.6127406630511567
-4.125700457853738
-7.411721737388499
-0.49043978399519966
-1.0885707979754422
-0.35356581118323716
2.645773318213574
-0.8412409967901019
-3.9549665379992183
-1.0283866504152441
-0.13807847924481897
-2.9933711535752505
-2.9768466510614746
-27.050463706192257
-1.2139820047497782
-1.9965237279385073
-28.717983749198435
-0.8789453109088428
-0.27713104929070664
-79.21265951514431
-0.05889520513872943
-0.0515452927054176
-25.26679572570817
-11.901819256084398
-0.0973175424618518
-1.8761000975298237
2.0195937735088116
-0.02022549839297794
0.29473996868512503
-0.2179209102852784
-1.0816617734831062
-26.6598256083214
-0.24466592802066783
0.0009105975563743115
0.2202736175620992
-0.10440488108046873
-0.032895571361052686
0.009596216236971732
1.8089935778196626
5.398499034561575
10.650720027286372
67.04894649520669
7.722469395138515
-6.149654529975548
-0.1591592694585015
-5.413463993250327
0.6056517265988961
1.0103663832582588
1.1128891729200145
4.307603653481992
9.804618470309792
154.11808251017533
27.34680419264206
1.4417536211954454
25.524817240616667
49.48071158136026
27.11317046000415
33.243980325583095
14.988765866509597
10.832705283270917
36.77843999839621
106.12404130474478
69.99595836402834
7.874103754425974
0.1047179374600854
0.5024246339100663
8.41574800992177
28.990944226313637
69.42817674456053
47.68166967785276
4.639278002200445
-1.1176168980623513
-32.64298573982214
-0.1666152275119619
0.0007931798725019852
-0.5063695852138781
-0.5113937118776096
1.0624734607752087
-1.9895174174070342
-10.800129915617514
-0.012500912903716284
0.002090726408774501
0.03250305368578163
7.409205798751571
0.1254017837978459
-4.186954894036778
-0.5737024943675675
-5.086367258015039
0.5186312040212033
-0.5511229795622352
-0.18191940443732413
-1.7636696578974926
-57.55674791914752
-27.62626883826304
-46.08858100566027
-6.691105008132184
-13.547290846132105
-21.802983177624505
-0.7252120421562781
-18.461181204955952
3.5534939773550736e-5
5.23503374482217
3.2787611427179257
-1.7257049467665695
-0.035104899750283636
-9.884119461484518
-0.8213933219542047
-0.0694609164179032
-0.9295453178870828
-0.6615330579670176
-0.448993245122239
2.384587005234895
1.123568488503195
-2.8664525643518535
-0.3874694237759538
-37.35575841456887
0.09295441537321286
0.2549549189102765
-0.6023233951426988
14.675056631481965
-0.013503953783407949
-0.012664795656552598
-0.44602499443859067
3.6510065521257733
-10.765550650080547
-21.957477184674826
0.0006214896081730255
0.312739338747875
13.511240101027912
10.805795787194336
3.9242007483934573
5.2036667601480255
-4.71986343711483
-0.6112046772108578
-0.0011143376295057173
-26.474652695048544
-0.2700048236420732
2.6783455757415995
-0.0441841173180303
1.0631589642248145
1.141794340008605e-8
0.4622504297421381
-11.016181718513925
-1.2178000681182326
-0.044352433647931726
-0.0036177199479623724
-3.330288220962414e-8
-0.09077976198003375
-0.2173552819445541
-14.555738556531763
-58.98235577410257
-31.58890307002223
-19.390947303246914
-33.142961641545874
-17.73490304621024
-5.214543549092083
-18.995374958436287
-5.702111362832035
0.0008433357831404842
2.9072583656434383
0.24331192683239897
1.4875732167797835
9.582827910327472
3.6379268083386966
-0.14756503443230193
1.6892248464586481
-1.2552685471115097
-4.216899459479719
-1.611123737627681e-5
-1.8204818386396404
0.16771188377478174
1.5998557160423794
-0.5918124988492877
-0.8620649881045754
-0.9743106769534478
-0.08017124093456385
-45.63087051263118
-50.01740429379086
-4.87981195626137
-23.205651485721827
-0.5613824140395189
-2.6429618079500803
-4.556289226821916
-0.05040470692084224
-18.1756596274112
-47.83864596069501
-12.764231148472401
-6.699000282624963
0.06961645821354322
0.6911224226983427
-0.04028835922120342
-21.38232181869327
0.049699217772567604
-17.389413069326814
-0.003931395580777072
2.920068111119315
-11.357878060256393
7.593630719774862
0.4328264274273225
11.771619786663397
6.016219116710886
119.73258357553685
116.38383189270856
69.86578912146581
7.600093819754785
0.8286610747306927
-2.960182939909046e-5
-2.6711430940906347
-87.82410701066316
-63.9946311574865
-36.948938535504155
-21.252489044462845
-29.60077869316418
-79.16494108183201
-13.432161382292207
-4.8339481509503
3.662047836498874
-11.252033321500285
-5.789952252742881
-12.60272734553651
-5.333084562730956
-2.5242414821291503
-0.7293593186609664
0.0388492239307735
-27.70097671170736
-21.627061055704658
-1.2976859330638406
0.007012122340009617
-0.018092997775903126
-27.21504999373337
-10.154838191058998
0.059380296721959346
-4.756136651549775e-9
-12.50325834014826
-1.6656022208868766
-0.0016085531538057075
1.4578872075600415
1.4533963442636786
0.05562090198058881
-0.0971844356816709
-1.2409516429462055
-1.085654583671466
-0.15448562806148236
-17.05346009045954
-17.18614074772749
-7.439463462954502
-9.743274570747948
-3.00325496007114
-0.7296953289593643
0.09923322989797277
-1.5094775304959689
-0.6181912608762758
-4.243045073862718e-9
24.845387785947665
25.543637675058154
14.472685852789681
4.9963158201697215
40.94446551079472
7.511582210035852
1.598982955142468
0.9431015960216796
1.7390098008421633
1.3532752128664471
-0.29765075876395675
-1.1033008202937602
-2.5451826094526653
0.1254748448380898
3.3365546228198615
0.9677936265869025
3.8916507031972666e-5
1.7168232800308334
-0.19583174516956742
-16.01475484533089
2.432250753292517
0.0008917330011156441
-29.69006454479366
-6.779679471223372
-1.849891084746854
-0.4177418420521179
-0.26037909414207433
-25.333961822887037
-16.855410392711793
-4.931076938455253
0.4042484583041445
2.5736555122611042
-0.06299176973402594
18.498657520404663
-0.5976844069004725
0.051855265772322134
-0.6658123214282128
0.7877017211312037
1.3034835970974006
0.002494772106953987
-23.55538009989676
-5.927861200350652
-1.871107159478505
-0.0011188770648755673
8.762338089072266
2.754016481717813
0.008315027716756521
-0.9929578701333108
1.5071328779961866
0.744504392488051
82.95591078013427
210.66385989397125
221.46572177849885
82.28332009464631
114.21045806986855
142.94103838887446
178.46507346553105
86.30602143311224
5.8036179292425585
4.351995319745012
11.162342528124904
4.187367730370417
227.74553959998926
20.66803412273922
0.05641448612668371
-9.801866525085645
-4.761198378452191
-2.827480263455676
0.1530545807118394
0.08392820757588905
-0.09346986080795759
1.767961801933686
-11.797489813868737
-3.8367142602427506
-6.25193909824325
-1.4899773000857603
0.5324387541677065
-4.584981864773872
0.22845245282548632
0.36258291620657845
-0.0032676148146208723
-27.98408728522069
-26.006112165480875
0.0347326573114302
2.451966811337685
22.351281844178306
4.035640464235765
2.2939372309034676
4.844956697350772
-0.7543349262037161
-58.22834777762305
-70.58496532178563
-29.25534342092309
-9.925845588064906
-3.2438194297952188
-56.14305837829452
0.2299004224252502
0.33082407949298553
-0.43677975841392913
-0.033282716055852486
-3.974658203801119
-14.578201789348306
0.04187794368240474
9.136002510269382
5.616228985864636
3.0746357185805943e-5
-9.57328227066245
0.0008427514619368017
0.19385640964379172
-0.0011287307876257072
-0.36395098182676633
-0.6199850709735849
-22.11979382443702
-3.64638647325642
1.921421266654648e-5
-0.047734359448218355
5.414484690085631
74.11513627337517
-0.020171926392597208
-4.309035326704534
-0.726365787619106
4.425333080149546
7.411667256109753
0.017917702286413217
14.269185313517937
8.892517728208652
10.275475973854478
3.827209321079781
-0.007510888315643635
-9.579702877502033
-0.15807922686703943
-1.1754404121614976
-4.362487051973718
-0.273996651638507
3.630135499282076
8.664206514192431
2.3383590563826693
1.1057593734523377
-0.004776516013664044
19.20417993139719
4.6054367345910325
16.2662609056692
22.96869771128804
15.000567302176483
1.0363759566198427
11.802927528417365
0.8619359393208479
-1.3958949848653743
-0.0754411930234289
0.6840959328662163
2.668484635489244
-2.923689842302154
-1.6582598703302465
2.8399604315850002
0.11613007676998009
-0.09299531461112687
-0.0015463076082980413
-0.5907024078376116
-14.281056707463177
-15.182475971420642
-5.962786731582474
-9.772349603591357
-8.520380850254455
-0.07146726934641466
7.536215078199136
0.00196090254760216
0.07696142311148092
0.020536738104347283
-15.294046965166254
-34.2226974634439
-1.9329873610891826
-0.022683967689887116
0.10898685533625617
-6.870522360430637
-0.4672133765177739
0.06003266399422831
1.4210182419069013
0.0008877595813274718
-1.095303749792727
-0.2961626592978847
-0.5837013247310566
-0.0026242321110144682
1.6201314672974758
11.937570918168626
52.38629255214623
8.658504819727204
0.2886250191723998
10.028386660174148
0.17700576259935724
0.17210244309519718
1.3447058797538103
17.760210702347372
14.143709770342012
0.045062885402932566
1.9491575826704937
1.300230487596781
1.8216360043544166
2.1370926359995672
5.333379486662244
1.3411309474599824
8.852225503311272
0.02425615165819451
5.219097413002555
0.1420269136340628
26.128207043034383
6.999921097362393
41.33461863921209
0.8423086374332497
0.06644005938343632
1.1000562774973375
4.400970849671845e-5
14.6950698264246
19.19749574859935
19.572416865897093
12.01914503327251
105.45560718896046
103.43651662837688
37.97335224754949
