2.5782218117589286
0.010403961499998437
2.2358338634210946
0.35836891585724434
-0.8360199776874777
-1.5540139388328567
-0.020745009560145734
10.995842052011884
2.3414447535564322e-5
-0.060766478226199364
0.24585183703925267
57.66087684117321
122.43040825097805
61.43950873725807
1.945307359454847
21.20114650650985
12.910138944489901
56.79788571219423
1.212799985665937
4.17605059551973
0.05623085452257538
0.5172231032561097
1.8143035989635397
3.745734895343088
-0.006005943184283456
-14.325889327833142
-2.7732886608230323
0.00023292833572009973
-8.925663936464959
-30.589084501901656
-18.813705884455104
-8.023750557271677
-7.355601519455806
-33.777714670993575
-14.897431640920676
-2.114683191692026
-1.1937196086865274
0.12020616440581167
0.9418408585077402
-0.24278769412343407
0.0009412559746978866
-5.595050703688209
0.03853509846165545
-18.814558378595734
-0.41068218926245936
-1.5824864811380743
-0.20816201355718747
0.005267564641494259
0.12934278489890014
-13.61675310125673
-0.6916965895846241
-0.016055249682212103
0.046461906969440754
0.01644052296866346
0.0035157560142139947
-0.08755617203320394
0.5321338278239576
0.5350624802878657
1.828433126939759
0.1220593020544396
0.9504697688371053
-8.072244759366026e-5
0.5438233058006477
5.475731467441311
9.178902251723438
0.8383486301582666
-0.06756682716581604
11.570484206886158
17.37114629161235
5.2010384784274795
9.715487173864728
3.3388580993834363
6.503480538061503
0.07888435424684276
-0.608763867450831
-0.41455557687580136
-2.1567147105995947
1.7505401376632246
-0.009083819372618509
-2.002849341728978
-17.89264035929926
-3.7387389371632125
-0.7980572664072172
-0.04428792871546479
4.296016881410144
1.9994210618391337
0.4263952053723293
0.762620942349539
-0.06511140377300846
-0.9234182000784129
0.003829597079073291
-6.469426923366687
-10.17395737062233
-8.205289083237808
-20.151371738436787
-15.943863691066346
-0.014567545767812027
-0.04501082412131663
0.26455400317532085
-0.03927081711903244
0.17382695149929137
-6.835141556506651
-37.755118402741346
-57.113011813102
-119.24125970985234
-62.807036041592156
-27.128861697086375
-18.759858237923364
-9.305808878083743
-0.12476028191156248
-0.03383438534482008
7.831008611021824
0.12805121571940742
4.071145562284279
42.53990588549143
4.835751295408298
2.154554408119282
0.26096636685716185
1.4242804009948882
-9.350010009319947e-5
3.888941503753648e-6
0.0010987941220717548
-2.5871297581771233e-7
-0.1486294877759879
7.387458751955627
-0.0022742593187751606
3.925759981735646e-7
-0.10097692944976046
-1.1704358840995621
-36.22913128665826
-7.869784950625964
-8.579845794280766
-6.022001844405707
-0.6485163553284155
-5.758232872078968
0.0008887678995186093
4.4344577308504265
-5.3582154005949745
-34.62967881722007
-10.706612300092148
-20.35754044338635
-16.06022077201846
-62.173446176705056
-76.07031753673027
-86.29747958301024
-14.735174438555646
-0.40664682912294114
1.0626955985262256
-0.6894209760891654
-1.0172807614105532
-1.4395661349503355
-18.09781672170784
-2.863037768536201
0.2032702734526137
-0.15924763539282047
-23.66051119385878
0.004590542806572527
-2.904927170039096
-2.77517202709219
-34.10445351568112
-26.765333307369847
-1.7000412281378432
-5.593875933052899
2.5004972235718186
46.10342047574959
10.36262253249268
0.2737157840201251
54.381524628636235
24.586223934671928
0.000643354638955143
-27.277323126255904
0.05484413192134791
-1.2101562106887505
-38.2578703054038
-6.69555682165734
0.2285876350879978
0.18380099904340402
0.12316760616958511
-1.3790099578507273
-0.005081882668123573
0.557391557003258
-0.8255547332809139
-0.27392267338836007
9.054516762917213e-5
-22.20433234871614
-95.6533454784682
-11.151052267320528
-3.2602696644009965
-12.494668287001522
-5.45480729060071
-0.6985117556145002
-2.0100108945326287
-1.3374768195651892
-0.42378529704408163
1.685885563581875
1.117397132348492
0.005690169965913778
6.477301811968187
0.08322440523413223
6.950706284608028
11.946606475182334
34.92578484656388
0.996626538115478
11.1701671419666
4.763193734435638
0.000818129792954038
0.00791575061900885
-3.594045784755819
-5.489831154116283
0.5569007477092053
47.86030214277858
0.770875906614168
0.0064589157346195
-0.997472435597941
-1.4997020741121163
-5.429529609183552
-15.060864503882998
-3.6903955312894925
1.581751384820202
-0.3331558693406918
-6.316095883545227
-0.069251219494626
1.5788587696918168
-0.762268890231264
-3.3260072944970336
-2.6520550507988117
-24.966507955698464
4.400589756331218
0.42902844200683843
14.657005551839603
25.992373402677057
33.868085406375066
136.00684363911435
140.60872978533754
73.98645240105047
77.83059904411917
15.049734751525797
2.886689668845654
-0.6834952785134091
0.5212101454345361
-1.4019852381494722
-7.784456317910888
0.006542359486506435
-0.0115515244018436
0.09781529720205726
1.7399662463069379
0.27621939381016125
-0.04822217367826216
-13.162597703633825
-0.17333410902557977
0.00025759935576994905
-1.119817875183184
0.08287760021418147
0.7000956867477908
0.04263993081542557
1.4346847984629179
0.5891655836731797
0.13505178761379638
2.9890467454946803
0.14900301840181615
1.6018288012399857
47.91413244613612
14.733378005458963
2.286219002729761
28.47788454135046
11.934518458451553
2.824465017940608
1.7353868635810186
35.086371465528
40.88396579494002
65.18373225106046
64.74866244733599
60.89419798586788
149.33859891630274
91.7125670686185
19.017755473606396
5.664574074487193
48.80806983195305
45.098088515727866
45.71256933851106
41.4244747867518
188.79138628217171
102.53676479665725
0.05299990647721722
29.918911659936867
44.143844253964716
-0.004976332253103998
0.002734050528651206
-0.04800605206183096
-0.024754194904327013
-2.158326610980425
-2.9536108132310854
-9.109866218619976
0.26316119589757775
0.07222203097613783
-16.48597029292205
-44.0339331987557
-5.060972298099626
-27.537767115331093
-23.84934438811155
-5.6241175566737285
0.0074238237474834766
0.045261728521955764
0.05375174777813006
-0.7187136987799526
4.236660000485791
7.425010810836677
0.07658382099225662
-0.01537934299633604
5.736917706721011
3.213712561670165
-6.5152731434589395
-0.5956796111418847
-0.31458617899333186
1.432005615660028
2.7913632157886714
-6.764830061913977
-14.295315958300668
3.8676289733657256
-2.9711345086071213e-5
-0.003537551586725539
-12.056761610781855
-1.2894387157307963
-12.38702149749759
-0.03359619010631036
-67.55386301284088
0.030141363298648093
-0.019744246003544064
-0.02186478269571288
1.234502831445099
-0.33368459109486154
0.4456165571015029
4.695632639509458
-0.8243700894243811
-6.224521307682578
-8.008752850021208
-0.2774919687826979
-0.5887884726330889
0.017754482710971537
0.0011385768934154088
0.5105743197264763
52.086585066223016
0.22745234305585338
0.14790944631950648
48.5696943240714
5.962495563686266
1.2592386605259334
22.514201304655796
4.499785806284505
0.14539452465775024
-0.0004283704940079639
2.9279538026488957e-5
-0.7400707132678298
-6.974400309312052
-10.046112475017882
-0.14701342680698162
-60.295949522805444
-9.616995446664955
-1.3968273556445183
-21.847880821855977
-7.6684410703054455
-3.465624221251405
-3.6301979217206095
-1.3111850561780407
-0.19862632778784234
-6.638426893955261
-54.82299344606438
-15.377365271503749
0.7117467883945521
17.395716859661682
0.17598504723829006
-7.378097957774559
-4.329425199626564
0.14917183353776697
4.60477154131265
-0.02507065264558124
-7.97474418413016
-33.12664598156552
16.186551324621277
0.002703391799725603
-0.0017794149733438571
-1.1279538860308163
-0.09579656720319894
-13.24749198645094
-1.275945701637187
2.4574149118204645
-0.008116912786832433
0.30975381320163914
0.21035326544856203
0.2858358211928839
1.0342421704200817
-16.274350601854415
-11.734548654379454
-17.300516396833004
-12.288818292384189
-4.855881522202766
-13.908752326898673
-0.20669689980715789
3.202603384493136
4.087189612245679
-0.05813827313451056
-0.006526090107423173
-0.05378431469361598
-0.0057057330464510125
3.4118915531481635
0.6950705629962486
1.8128353870484273
0.3982294948058688
-0.00045409016751582395
-0.04758297139756565
-29.002827950965383
-5.435556935953116
-2.0733479894417064
-5.611618771743569
-0.30758790437808586
-33.19300931924375
-17.585874509091767
-11.913515958659229
-0.9440473453579801
0.002643489096145542
5.475112344065602e-5
1.1301609555961358
1.4266601900828066
1.7178670550733542e-10
0.0039777829291493694
0.07946226976111227
-1.6962625277010215
-10.020146563601967
-16.447224033684464
-0.3972296433955271
-1.6616866342964784
-12.571328861641664
-1.5090174648255137
-0.03472565437682934
-15.754402833219991
-2.250565572670232
-1.9969723894232352
-37.48020090374188
-26.8546706662968
0.0008998222199572572
-0.001012705709910046
-0.11478243269753818
-4.572664863582152
0.0023991932086822538
-0.030528307082149618
0.008257303558129123
-7.334698416805774
-11.953858794182667
-1.1419641327434822
-89.13808291262457
-0.3980802618233571
-2.981240564685763
-14.781722246087995
-6.738016146774679
-26.725508899525817
-21.67467060403834
-79.87430541913805
-72.94941308664343
-4.723209967359038
-0.26910934991780866
10.528279236313775
-16.00256742157092
-0.03999820253129415
-34.00940970264577
-0.0616955365024292
-0.0017609784005256537
0.8347310179064892
0.5026984700660739
-0.25468647781359516
-2.0895138526288797
11.204205811285638
-0.8152692891329391
-8.050671178526352
0.4490758600044795
0.6535341112125743
-1.4835077185114602
-1.0695248775850363
-18.299513574607015
-6.870060899915083
-19.140439930236393
-0.005374738230650593
1.5770875067808714
-0.08238238394260095
1.7242508295640078
-0.20537056245506125
-0.845210750723004
0.012944438021212744
-7.732327882626251
-0.14466823428339456
-0.3002170065078581
0.058479623153977534
0.6362688887727627
10.250194996165806
7.94224672324264
35.51616052183542
2.2683407394306823e-5
3.667226234012213
-0.22654835882936036
0.19453137021745734
-0.09472913603341443
-0.026026114796591053
0.6915983566750926
-0.02884320322252018
0.06308958055496124
-0.3650607324701873
-0.13924840313093714
4.125148908247317
3.9844197103865837
-1.173900827854766
-26.630807301062
-4.422788725310745
-34.29757540242634
-7.06421636153804
-13.163323456449545
-27.12955511331076
-88.83948450317297
-41.96274901411106
-0.1316014075924796
-0.26571852404652346
-17.294412990567498
-40.84488775309413
-59.390211790866935
-45.93281846683162
-53.66187233176986
-27.838790105123508
-4.14512800351794
-2.002624400839219
-0.13409713480590857
3.908698194043404
2.672909613942451
2.7564723362498733
2.5967229477748877
-0.0060788604210501905
5.419061023456355
6.542353275876035
3.6593913917570616e-5
11.110878950016849
23.29964272690596
5.493301495195271
0.008459094525043063
29.178287615501475
44.66947255636112
5.78390680945737e-9
-0.011357258801238763
0.0003450352829897367
-22.25236788170483
-1.2661331074387436
0.0592187526188029
6.685507489210389
12.840463717113778
4.536148590013807
-0.3735077747171314
-7.3363801414420475
-29.6378512981378
-0.6190726817316436
-0.005394477698965494
-7.133386111041064
0.0836626629566427
-0.5228974375169724
-1.0712581772962817
0.7424975074167688
-0.18267217370239355
-3.2330177459764564
-0.04947221118363492
-0.5103687274990051
-0.0018931681589495482
-10.796857485520421
-49.54260524323893
-1.871610741290046
-0.00026637078693192597
0.2162804289992591
0.21233290312392838
2.208463601678648
10.828894476654064
-0.18470382693108545
1.353355509142481e-7
-5.182266049779638
2.1431270384143084
0.25904303773828086
3.1220170687310898
-7.244029301083113
-39.26032647941016
-32.756432977750535
-0.16124030765923894
-6.4740088192238145
-1.055726096017489
-0.9862889157903162
-4.8569912064794005
-5.297830194603494
-1.4442213162361224
-0.002130104269475658
-2.234242073578405
0.0014857942429252848
-0.03168717054071651
2.5284421660825082e-5
-2.677521798208063
-2.5912442606717754
-31.77958412467217
-8.438333193586944
0.015466345170004761
3.000198137180413
32.26310162502416
2.449408104203907
7.918418289177481e-5
45.26732744368523
62.59101824338329
9.570673511846293
10.8070696092095
6.238606985277407
-0.004200847450972346
-0.01840007962591123
-9.848646775527156
-13.123220139000397
-34.569153798577595
-65.1079798506196
-0.2477329282835697
-56.87259108101849
-2.7416828310930232
0.015481600372438573
-8.171702003647688
-4.69109329783805
-3.3231113776090355
-13.058400951367968
-4.562873634161459
-1.356362479859586
-50.703950537763255
-7.385643107540922
-5.25511763351488
-7.385342943935615
-0.0005870364794456645
9.470711815634123
1.6824331530482117
-0.8254562124989687
-3.266757503435253
-0.3562204065135493
-11.773708923892517
-14.646107738138232
-16.125646575658383
-3.4984933270331684
-0.5822918256636154
-0.03632889757909657
1.948768754447511
8.6154344522074
-0.008698006161171569
0.0003509271177232917
-0.13526884934546027
0.0837477163381515
0.13193140819303215
9.417662758585209
1.173510745883545
4.502927287709913
8.68385310038023
21.851528776026807
7.791462116078241
5.3646156017448705
0.0003023294941339799
0.7719151757753953
4.284961301307146
37.602484069133624
25.19364012910164
18.396274378169146
2.025408907185497
14.153718879394942
30.01797256286592
35.11085719429522
2.5853724960688895
-6.062673300896419
-0.6641519674269994
-4.56939578877633
-62.45963173008131
-100.71558736360316
-9.494005616861383
-19.312177929161937
-12.422686889996829
-0.867598693498827
-44.49220236317425
-66.32033323786186
-5.3988574871179775
-6.538483407077834
-8.184946036920868
-5.754675766976753
0.28122966042772773
24.479712263269512
19.637059342717848
4.101973862746576
0.006941463452188047
-5.134632250069835
-19.450016894976603
-8.12753784094836
0.0033176291252876296
1.829056281297059
0.2273390653625658
24.19384290914505
10.019080916745638
36.72427173126785
11.702167211965623
10.08219798332041
54.185454798910584
56.053550006464214
21.750891749231748
60.480053034626195
12.737769517888724
5.621463975802179
-0.00025203362623611334
24.54352648429808
2.53117131084557
-3.0853535969703274
-3.4722486485493604
-11.78502799139576
-31.752823973789592
-1.8936050017981612
-0.034447979399185126
-1.39703186171025
-24.066090716860437
-23.017952293624695
-24.410039087931768
-7.204951453056719
-0.12789334650946096
-16.390135806891106
-1.0987983098055336
-63.60982845848685
-40.4660444863069
-13.983005913429901
-0.30808096610833374
-3.042035931622645
-0.010781746025799715
-21.927621101717733
-158.09236521681373
-21.88761979773129
-17.000670601312752
-67.8119160404022
-25.79710389128574
-23.169579132290774
-26.365031941820074
-9.752898501368607
0.006004770964036889
-22.795814150702643
-27.622856385296945
-2.479191814202902
-4.809049923379137
-0.10935579151162118
-0.08736167898285177
-0.03195619151172244
-0.48997453895566934
3.1409382164369006
-0.1302364544247394
-13.80763645873954
-59.90352780582287
-20.271755268787057
-1.401325715012467
7.998576689812373
22.55652622824232
5.8099664188351134
0.49750657533395354
2.434047420370899
4.660991523068784
14.443286905107687
33.98524524117102
46.54399655138505
10.234535115346679
0.04316481353740999
4.5381234233128565
6.062261842712427
35.00648938801089
63.68784417677658
39.09743967496716
53.00430502986051
96.11574291854046
190.0675493448163
134.38998359495505
3.0336228756668957
18.488216025040078
36.93124989562293
57.61310021279477
57.9930429282353
24.47964690500433
16.1838300118398
0.70369633905314
-0.7995909902688636
0.6386353273180696
24.472098292729626
-0.11820933722136198
-1.0900580683305354
-0.13305331812851096
13.020606434390972
170.2228552998186
247.01988534668618
276.5476590220579
203.51190188052098
109.56324596189407
13.900057225354699
7.900091689601763
3.395686214996667
-0.9544944895532055
-0.683148439020639
-15.423450321463287
-4.73927966091403
-5.702864167388032
-2.966824117521655
-7.848060028499747
-9.69067015944256
-24.588925560995616
-24.928999437170475
-3.2346960577097277
-57.67139019901995
-51.74260076399634
-26.172857050852112
-16.59028997539228
-2.079406035890273
-55.050310285200005
-44.89602868012388
-5.507474620323569
-7.451847169351067
-109.32735350143807
-43.920623971463606
-36.79297529091497
-14.67085465771578
-5.317248612664742
0.690176718290705
-0.0002082064881666398
-0.0378207488801693
7.804339613018255e-6
-0.8362993717639737
-0.07949544657075379
0.11518743734249967
0.099873013467271
0.0006474066521499311
2.3861954478025633
-0.22414814565273533
-2.821539539780889
-18.05788902178916
-0.32648122914799954
2.880838660530531
11.867309136711297
10.229085474716058
0.043300190221781505
-0.055974317830163156
-17.391272713519164
-66.23697337013057
-4.301450663832704
0.00020476571239470197
-0.3859647544285112
-7.821368456170932
0.012295236224795936
1.5121772139188725
-0.540781680216638
1.4798944837452062
6.601250262737024
30.60462153816178
9.4504298920891
0.072262656723428
4.464988002141281
1.0830573540117852
0.00584554847049079
0.05692405237202614
0.0015243155451508865
-0.2049751536160173
-0.00011228795762082559
0.020856909704041502
-0.44251630662838126
-23.861090594241304
-19.77219549365765
-10.51622928869727
-14.256933351368692
-0.17367290969125077
-0.6820862173727171
-11.691433929343923
-9.127849062542337
-20.519807934870244
-18.28728286393358
-3.324818765879639
-1.0064039555440334
1.796358840860912
-0.009140196004211806
1.7753851264516958
-2.7460442342925764
-4.150186337496553
-2.5971748492100546
-44.80606666152027
-6.265019733012369
-0.21289429217313827
-25.936571120157833
-0.6742173266105825
-0.9135848262597228
-1.7832852729643296
0.0006188281266878175
9.554217801100503e-5
2.0446917548041585
18.919797306911462
4.866096065614417
-0.0008083459976338044
-0.11227810400629373
-6.104354785107447
-6.419922218814753
-10.697605979698599
-19.823961357109244
-0.8968329256133133
-27.901296792684363
-0.01487200534158567
-2.6773787350477916
0.372925513847664
-0.35239489145746256
1.2389334410332942
0.6476605390062649
0.002843623611604804
-3.9804487511884172
-8.538014962834602
-31.975921112182114
-2.8102370120375886
0.02379396245481128
0.07568651384285037
0.7500632418635585
-0.05415467139230773
0.015444206925345157
2.618296157569868
9.776708640133971e-5
-0.47966477384561956
0.002904417012242209
3.060923754351445e-5
1.7810365347709163
10.563851437946154
13.056684900032304
-0.3782154401474145
-1.0414640288709198
-7.183849235148391
-1.1076660351648457
-0.31371016107227206
-12.658803753574196
-6.200875754431543
-23.22579831279843
-18.59847324722639
-15.244351228004339
-19.369176710763725
0.11170905581714721
-0.23978867232224768
-2.350653061959166
-7.196202931994937
-15.000933656376816
-26.10095209678349
-63.807689728613454
-91.66067025514647
0.01371164401744272
2.8619296574963338
8.763486517421205
3.1773931386930507
11.719804603287963
1.4326676444310888
-0.06641701563950707
0.22521997445279526
-0.12216629971605396
-0.005462649946611005
3.3524947110335446
4.228117110997291
0.001136298990481977
-6.690098918773487
-10.580469363499912
-21.249134053496725
-1.8416868908275532
-0.442594074012625
0.20409923601300875
94.20853147123007
77.77071991930312
29.319243567937427
44.2613866450773
56.871223126957396
2.6931892554510366
1.851847513779326
-2.8454863206020194e-6
0.5776339581818679
0.36781574676414824
-0.31184462150079717
-6.508172213693892
-6.515003489692277
-0.010861536250287938
49.12768900709442
9.303965254969452
25.991504767552566
66.38642135823993
37.97135269440811
58.0228657566805
64.84787270347208
40.529069440160114
39.622054650738114
0.15958780074738116
2.3572397145390678
0.6018396262421539
31.613947325663723
28.59874309798889
6.115332356481237
23.32555695799417
2.8443838382864954
0.7655153554284071
5.203667115665004
7.5469328256857455
48.28812724869726
125.2373959151293
62.98363637452986
47.06710042060778
126.32741995654993
64.04347576112036
87.1721815566038
231.50526151021288
82.40609960941622
145.64029929129276
88.00453983702023
13.583968899661368
11.073845010957054
4.631200928461677
-0.0493993875739099
0.826705081529148
6.340905451935574
0.05360294022655114
0.35301928620962963
34.050579714862685
0.13805615562346799
120.1291721079575
267.5288994873015
77.35843462630686
134.70542023254603
18.52168986952629
0.0068589492415022345
25.640098134628076
13.622126770516678
16.43589039706977
29.978862342141433
3.69122695567531
5.32355552094835
5.644211350844544
0.0742959605422347
15.43854596842763
43.82207006268415
122.79598687223722
123.81624827140273
116.20224475553125
144.72460237699826
307.8121782756892
212.85187009868574
223.50464784158365
35.792171260866205
25.923074838165473
18.693293938483375
23.133591344602916
49.327418984523874
26.26187424606049
26.706505614220184
10.755024817074096
1.8730008255386317
-0.005500868111848215
0.004652606161767657
0.05736721011626076
9.68900710024279
0.016611451938977083
-26.281207528464304
0.026648582695568277
6.089643531543495
-0.7341008678914283
5.418540385285433
0.2434014604461709
17.933196482418357
0.04824627787639484
13.8868009640971
1.3853448534281079
0.0945054825904063
1.4174845665908704
9.97240623558113
0.20012269583726172
4.801433080701549
9.518450178825242
6.828907549377278
0.8001186208031702
0.0007439717888244008
0.037433404079152445
0.002096949286859825
6.7727711354873446
0.0027937420997479747
-1.3128682208197502
0.0007870460858459362
-0.048474817706512456
-0.058864267294126006
-0.026498404518023856
0.07727417994298706
0.63225422789635
0.272124928305909
-0.2927643341997784
-0.6693615391819311
15.313560949685394
-0.220745646448221
6.841770919174138
0.11624667180126866
-0.1353613419399475
-17.387751613633284
-2.6387855326568324
-29.12992130708404
-0.02188621741247053
0.027274652899990856
4.298965706006774
0.30242627040742515
-11.046763634169956
-0.08862296252150902
-0.126091075443862
-3.0959208415944866
0.0020586236580101883
1.5018417721750676
29.286803924208833
2.10031195252959
12.231735034425649
1.602986951200114
0.005182554824077118
-5.4775433957227175
-12.899707359644845
-1.350679264710927
-33.49474737752778
-13.33959436312727
-8.516366717649593
-0.017678529285538036
0.015149765680722259
-16.75265302494379
-2.385090604633114e-5
0.15817511712218604
0.17038668110229013
-4.06564263543841
-1.6258757851468324
-3.0468470701868364
-22.925956815184904
1.40537775838539
1.244417476009438
0.0046048871482905615
-0.44014760723404495
-0.2756322707865183
-0.05901215429573934
-17.076311289658086
-0.2624526832165955
-0.3631346971638103
3.248422353790369
-2.0318440708919834
-0.07335164325234864
7.185433832491114e-8
13.727021399986368
-4.8892701325458034
1.863601251788295
8.036605251045858
17.92359746685133
2.017568000422377
7.24862729273618
13.924677119163311
132.02643816218222
61.05703239275176
7.134103012210873
-2.7272190333154698
-5.770291353366427
-2.550798874817704
-0.07336267944967338
0.052087546276314164
2.6785719677354156
-0.18700716244951684
-0.1379207955267409
-0.9598692205009721
0.05943567470415701
-1.466640815411451
-2.463969498436938
-49.76712852346629
-52.61482331395014
-12.40299184894588
-10.316757344293155
1.57331266993934
-0.22966930316975395
-4.740975052396653
-0.843350536650946
2.5153521674189605
-6.698071422471935
-8.089116730459427
-0.05550658787980282
-0.043342079774855775
-0.009456613505794331
5.80273633192725
0.00014660048113199542
-2.393376153184019
0.08265823406765616
-1.0149795909909138
-17.028805676684108
-1.2361852913128923
0.010103350988661712
-0.05518007745181951
0.8321632293343618
-0.0010235067422130913
-2.5343086476586425
-13.295504136563332
-15.255417710121906
-15.855008309891204
-13.182406885368996
-1.1426353444460116
-0.23912371812506716
-10.230738676915664
-0.6331856421938028
-0.00010031263209047956
-0.802385608359937
-4.982776278985091
-28.382570995014618
-0.10076464464742717
0.05995169685221239
0.29540375716313033
-0.24527462837296984
-5.127625291368914
-12.836848640744183
-56.05986546769229
-3.2816053000960648
-0.9319324320689286
0.09933584481941186
-25.624455747326348
-2.3675840963749604
0.2479010246358578
-0.06520128051743125
0.26055718470145206
4.1642021955009065
0.3006690722088811
20.326393480517392
-0.012111589578994938
0.10392268877188106
3.8806447209789914
-0.14043206573993863
-9.441359626830776
-1.2816044374804718
-33.429469888698044
0.008377545923859633
-4.031568965834943
0.0016013246106264902
2.2934434047128023
0.009857552810274938
0.3373397624005291
17.584450237756535
0.15414523707022443
18.699179002715585
18.52173928613638
12.142922425616446
6.6992516468536945
2.1121994682691914
15.202944988650788
69.85445048955992
59.256156814446655
2.5300209560561786
10.58321328435246
0.9616565472546365
-0.02393089478187136
-0.00029072607729906417
0.0011833133305390658
-8.67562216272317
0.07085239103091154
-0.2033617978089699
-0.48856634806487265
0.04156600192761627
0.5530434820991226
-0.6908985038563895
-0.8564545045588701
-4.918069117161408
-0.4028140653155789
-0.648789635455586
-0.2692793924516687
-0.8304760825280217
0.10959086243774899
0.06819807917644333
-0.5726925509888662
-0.30984975971065687
0.02017995730737271
0.0032520938967086233
-2.5813774752870877
-10.34003642978828
0.006865966913401847
-20.932683745123324
-2.931970718008241
2.4760192261076006
7.5374566503431195
0.0018453153974503575
7.536055755030121
3.7883500855553773
5.052096309445045
13.332541440784123
60.193578743729766
118.73174648640786
149.58759127470094
82.6373883289136
40.02302540851611
21.34020049828622
36.41393057644667
177.5008616247211
36.19830994692123
147.68436672666022
99.19521375459284
63.79520150046972
283.885992781751
414.7748308258135
23.047898403219694
8.535352078935265
10.772191436728164
99.4632568971039
63.18704279827368
24.088428581057048
11.86486625319107
0.504506364820996
0.016342267628402518
1.5951658402672337
-0.17577817942749152
0.3190290766658713
-8.543388892003914
-27.637279710856962
-1.9998129384578067
-5.951180443879355
-35.685949567964784
-12.356736496409663
-0.2975271497485718
-2.9369931804596594
-0.5259818286635333
-9.159831514246656
-19.500889381001375
-0.03129089647408175
-5.734099211054709
0.000985056141943476
0.0051767569600354125
13.708946414329413
43.05379255358457
16.424609069568618
7.364728603961476e-5
3.2237922832802446
14.618500531357302
-0.005809395385333126
-16.58618397198608
-80.88008901594347
-16.396333533021725
-0.0005776944950040716
-1.0786063624897215
0.008842546914585237
15.257185656563207
-1.0874386091156583
-26.95605376149482
-6.56375717328364
-58.09615679924895
-42.84455198628061
-0.2728399368991258
-0.6232716940299329
-4.368002252470317
-5.174923770701579
-4.509714042334665
-43.4095290748796
-11.812668984539167
-11.345391084565346
-13.776435770147721
-1.3681686413789782
-27.232771528142727
-18.6792085565737
-15.864892550854144
-40.084249713339375
-49.177612561154504
-35.15747457804607
-3.401546103703469
-1.4732233954540301
0.003254346077856668
-0.010768296459410033
-0.017644746194640935
-9.425204023251753
-22.942858124021328
-0.3315743523592501
-0.015302543687162691
1.1775995359991347
-0.026153203556085705
-0.025720066988050534
-2.29729175364698
-10.228219228250016
0.6321591002132502
-0.013978489748576422
-13.094047635190432
-19.31676794801904
-7.116466192974613
-0.40258726917393783
-0.4429020595100166
-7.203634918769641
1.0076971877108796
11.650857900049242
0.9091237434940574
-4.046118550302436
-15.683689323940968
-36.3565436851419
-73.57369806592142
-35.491050747313444
-5.2450424868520615
-8.058546762866246
-0.5223028026516604
-14.25499782272753
-1.5658995749428586
-17.221281034669808
-11.392003856316279
-20.60432355947992
-0.8844655335455952
-67.28310506527333
-37.91083335240711
-10.98960449826056
-0.2350631580309876
-17.672771452291354
-0.8103738842960463
-0.3764481349490838
-0.047981452854501214
0.521034275681211
-4.803047342525059
-31.763960850868212
-2.0769353728681907
-15.204144210051561
-0.5281510451888405
-0.04167653887560049
-0.018506022609689622
6.220246564815053
-0.4339269803713417
-1.064413603740332
-0.8005541371412369
2.7608220058834508e-5
0.2268754210630177
3.868985403317118
-3.5523187900177166e-6
-0.25798323881598534
0.0013755326454467276
1.0897773765106384
5.827966109455117
-3.5717174870503423
-13.744482095629456
-2.0126748458396366
-1.3149856411109657
4.164382911011718
0.005263666583950285
-16.2048109126
-79.7803048367594
-33.48668517444793
-0.5312964770173662
-1.7242017670105865
-11.802763198597193
-0.007586762223427953
0.0411477901417414
0.005618155973497213
2.1045435594177315e-5
-4.77598534315003
-8.479048031142476
-7.770600527755567e-6
0.0018555655277816777
-2.158562691749565
-4.335210934536915
-37.019786631002965
-15.12820636510341
0.12443860543301011
-1.1325430915651964
-0.14301634669519206
-70.9677301636093
-1.518375259382519
-21.46663692895533
-1.0918951626834659
-0.20249837956906602
-6.175888439012186
-15.473294105970712
0.28856005405181345
0.8285480161457627
2.8644657300933143
6.2162494890980176
26.647753124021648
20.104055864474663
9.975755309816645
7.970982630126568
-1.0431739940157079
14.100825160954614
6.13383319821916
8.238619190937465
23.760046456135118
6.544739835680182
0.1270963094412651
52.781886913265744
0.05715832694830178
-2.7700081295784713
-40.210713757681724
-44.320611053812115
-0.6956214818585253
-1.9340879097847774
-10.738541585369347
-0.009987638727279384
-2.629458572175859
-0.1798381196370453
-19.869321919392753
-12.35825236039244
-5.8639196982478206
-0.2127570977692461
12.74326550704838
36.122604962696684
12.174858048587614
11.448348228842283
12.58558741764781
7.1231360455089
-0.0008749894789722792
0.14206813064620633
0.28143211688670633
-1.2650466741329363
1.6246299315266381
0.17488635992876692
19.721375031509048
32.82813610721308
28.744761305311883
12.114481029079885
109.42578082242053
100.07457304651835
144.85916656711711
190.76886068142463
148.6734670473627
28.097646721689642
161.49369186642164
53.53513881533258
35.70033936107823
8.526568612370705
0.9614823724177002
0.0114789127840682
0.18363311879919686
0.09387200619647892
0.36082594930664
0.004963406433669443
-2.698913020132113
-13.995323721160394
-5.452307656845287
-0.1302992032289442
15.362122394103586
-0.5073834029451981
0.05390031370715863
-16.848854021836825
-0.008989545081605172
-0.014337539737894202
-8.064293046285824
-1.3347501053821038
-9.362562236321523
-13.995101098479418
-4.406363501627722
-0.4898844412474608
-0.0017391184991737579
-3.7039572387641937
-48.53172698507982
-82.68321612766111
-7.643581584074369
-21.993643344302377
-0.5617933830768629
-4.691198670844663
6.241753943391614e-5
29.71432532124061
9.966388437565836
0.6343822240913081
2.9345594103239514
-2.050351333019743
1.2469005426997404e-5
3.503307048815591
23.11629784407106
3.6119490602865945
1.4399516925514346
9.621406472413535e-5
-0.4571515483988216
15.863057840153573
1.6251007887090607
2.983322608393013
-3.3242837164809256
-2.741675593917281
-1.4508460165641932
-0.2827007646132658
-4.412150442272989
-12.060261128373453
-15.367094383222575
-1.2950434316627346
-10.168860006770277
-49.71654446878067
-5.313201290908702
-47.34145112945078
-27.48431949320203
-12.946750778646043
-54.54954637474889
-18.540055271063967
-70.48771772125768
-30.422975867394122
-19.820706713404803
-1.7400065870694026
-10.576208303842234
-13.044589850074715
-1.3071032943790988
-4.021418940332201
-0.0027563721338943275
-0.21816768236719156
4.613198476577892
10.138889325036953
0.2250273808502693
-2.748457185053961
-1.2208884306640762
-0.1066371328588841
-36.35747591691606
-9.829544145269203
-64.40527703946775
-24.637514473565577
-11.401982195825473
-0.1298756291006486
-18.868715323994174
-29.285539588171854
-23.534916902328263
-6.23572830733847
0.10953833024836328
3.2655684637260394
0.5755697120080833
-4.865169203591974
-4.529943500684901
-4.798287875955933
-0.3931271844293828
-8.182210046123707
-9.381118695157406
-17.945306565047595
-0.7058143832099831
0.47127493713510527
0.001495999916264352
3.1009724280735225
-0.2823530855675576
-3.206206412500449
1.309774901367665
5.434545025886191
6.060152800947496
-26.04693308248594
-3.217738437153963
-4.562263064635769
-2.9461286602269143
0.04344181289239548
0.7372086898112904
-11.872238870045164
-0.12578309250857855
-0.037055318703563093
-12.098599628826213
-1.0423182713069856
-0.007349438421369013
-3.5600711949386294
-10.049534321644954
-6.188449569601801
-6.80837075539845
-0.16976088161730615
-2.4120874944217934
-0.8880515953490397
2.836900686613427
5.6947330364598905
6.297615195449003
0.18850559722138502
-4.4406825550416125
0.030039597821534834
0.020012755914337783
0.05302681223383308
0.046852955826754
0.273643895737662
14.372721885390893
38.96397551009111
7.729586890457385
0.3736523398226998
4.484139195529014
0.013098116849377069
4.945173957878198
0.8947547294350398
0.021399361997971388
8.333350662589817
7.918469974397758
17.014591742865612
5.716622459591663
33.41477380746809
5.933568846221142
33.74716899267869
5.55372085244613
4.1105995105867255
0.1578626950794709
0.012930211035805562
1.6842984316724918
-0.0034954704973602
29.368090276763322
3.945145801060285
-4.927230992851332
-43.54064600268632
-116.59700766401947
-10.154396467998462
-1.7462069575993355
-5.834212226010024
0.004487809158970379
-2.0921373836286956
-53.50106538758599
-2.624526505904317
-32.25566306790266
-33.85858122317395
-14.869313711425901
-3.0129046885529904
-0.008718446190040646
-4.900011820696409
-11.361418430102116
-1.1305717590396531
-0.07195766446117427
-1.3603986201813505
-5.781822044278928
-78.72596768248856
-73.10781617389031
-15.831876769459884
-49.89181119836182
-16.643859846791468
0.037076992871401225
-0.024325884461692242
-4.422269405415235
-17.02550213432926
0.4557884607736646
5.271125646651636
0.8091739100461837
4.085068503777162
0.009970905782918454
-0.00216028086504714
3.576089421133226
1.7077639514552936
0.07334477737158235
-0.34977231216798266
-0.5958541996197222
-2.234476161156807e-5
16.260129027371573
42.27401354122563
15.734253113118413
11.918543060385032
0.027522789191201553
16.324354108428853
36.68065875655474
6.207313474065104
0.0012077722583974206
3.0378788284035165
0.7126296811147785
14.558631692705012
47.25767184973209
76.98206310432799
146.82854093579317
118.57602210772312
131.7655254486741
33.12551223072517
-1.1725358919485545
-0.08813992820614633
-11.877527493984639
0.02541475502243611
-7.225418145197805
-12.644703658091247
-0.718020704306262
-22.438550783454655
-15.020088328956382
-5.563545694056927
-0.08824782031599868
-0.18738558888334766
-0.6312652671186427
-16.71571386391089
-15.89838489652468
-13.769647936198773
-46.01459818097332
-0.4268902454782134
-0.9522872980483508
0.004798075430171168
0.048573668623649424
12.489302240888826
0.2724378481303666
0.02503623272836788
0.013369983591381782
0.0382648915901918
23.838122313586297
15.566440142282103
3.5075956036366214
15.804313531618739
-0.0051941329706666275
-20.442166656590583
-0.03477062193233992
-0.003929415547676736
-0.10392351487916805
-3.301621936874614
2.9346739744285193
-0.25458140036645666
-0.14084081640276042
-3.7820560954567144
-16.391247058903005
-1.8206764307295458
-1.3520530302739637
-1.4177578013690915
-0.05593015621791907
-15.22282633140829
-0.20798693832317808
-5.021719616969456
-10.853221578979593
-0.8278321199409179
-0.18671993603526027
-0.029359484398316264
1.08299801589217
5.067438203378845
-0.2968247122915902
-4.930117746287144
-0.25481382074107
0.24793892065841366
12.788353610045519
32.578236628946094
22.22709994130327
2.237266306909332
37.413205881262776
3.864267447168281
-0.8862434493293607
-3.7872440160450394
-0.3235504876303058
-14.658225307432389
-0.0027187300854345296
-4.1446601101062726
2.800248913714098
9.119692007772374e-5
0.1447066815126943
0.20533760784503566
5.037852651568324
0.6261591368938444
14.866391301010127
2.2883453361001056
61.1757541567529
9.093537469528954
223.90937864317928
0.8779112782374386
3.405028997700487
0.04463222882300872
-1.882100373034385
-3.1716813349653816
0.003412287870439494
-1.739137455698628
-2.3204342192422756
-1.0087236092467267
-0.7276970219622949
-10.286622088023352
-51.693086274345056
-1.9718432630061136
-1.7715418724272922
-8.483473548179592
0.1824773204335299
-0.0026581002224142793
0.023535839778831766
0.029464179197784063
-0.10583347997943882
0.19503979766308974
1.600507132844549
13.953759481255327
-2.3857399972978786
0.18222954843555447
11.871666554983431
19.766151960410944
5.015834922875043
33.593016737789604
0.14288454428134423
-0.005171331125665145
0.38721139784495623
1.6220677848399374
122.42726104483111
57.963801546715025
4.958710308462172
0.2718898549990516
8.879363586131065
14.197172112200084
0.4224138232379891
17.444695480428013
1.9550067202824184
-3.922995209844278
-26.11973102026111
-32.18431917870163
-21.41156750793373
-154.05082255023194
-2.967719067500265
-2.4357009450291374
-0.004890407200804602
-1.8600333443129058
0.3532139311831739
2.60199524354795
5.825012762410484
0.008482435699970762
-0.06246003179377573
-1.5041356016904117
0.0017016125206919743
-0.08004927089967911
-0.5339148343948416
-0.19104556160892763
-7.785648480675149
-0.007370918111743892
46.893190573801704
5.1392656118968665
12.025367885983195
5.496449900532431
0.5337258501164232
4.455670690441455
6.878170289552599
73.27298573588912
14.162803000262134
20.41431166971705
0.08074604227086205
-7.606307138716002
-0.1089252246821411
-0.5433593903176875
-0.012490003849276027
40.023443997294805
11.088028239477302
0.15202392445563298
2.911556085176821
8.002190472576215
66.5925587259861
22.57434810563377
23.93737013338672
22.323238317956523
6.026500411225585
16.51955063451282
79.6631400636817
33.11993116946316
87.76642686976952
49.83340220589865
105.44705119830171
43.432374673428676
2.0298206223193613
0.053646566667744915
3.28955118136748
11.387498821342279
2.5767813593955458
10.762585635826468
36.6414234833715
53.21724911395356
51.448634738531595
-0.06452298102237031
2.400020228620688
11.902286299761295
11.201515968082008
26.994987101132
1.7117518257097317
3.4275434155628512
45.79957737970205
9.552117899804166
8.245240903656693
0.20095798677532928
0.30412108100320684
26.769401064253383
17.517994827172565
49.19439452296766
70.09375085203497
22.47495699071241
26.35411936431056
74.28272978761892
50.347506667080054
12.204633791170599
0.9941543105912988
-6.351969644079661
-0.8411537372914821
-6.488866769858068
-1.140545532447931
-0.17781710672308407
-0.0016857340129048399
5.133136932025887
-3.837924383783786
-1.954703143975971
11.396004454395355
7.085503907076793
9.97614088150057
13.221397816025396
96.57346290705733
140.4084525667663
141.14293283213894
21.4191396932435
48.81231297990984
25.189370345572033
-0.8611620314060745
-8.6981093726594
-0.4176968489980185
0.4534778564495688
-1.2687367853664107
0.0032372681669675264
2.0229954989207606
5.459925996295332
3.725655526913578
8.114252564437932e-5
6.943707527763282
0.46010968545657505
1.040180030696447
-1.148856358755715
-6.206885946473628
-19.305202043845313
-69.40423957346474
-16.628687231501214
-5.531302944581642
-0.0441003591655037
0.007519406163102144
1.8022913765448831
-8.185979112877957
0.7218053542210016
4.790246360204991
-3.5164966326934652
-1.3587186441367995
-16.581618603012558
0.00547779400604804
-2.0742795266530893
-2.200058580569214
-25.779329271616056
-29.85905371723334
-12.333571880187952
-0.058129692576555585
-0.49389197080348984
-0.8956154159190679
0.02835731632981627
0.030882346775614876
0.43749832474102995
-39.884791902660716
-16.0444042205566
-11.79125473595732
-10.401901793565477
-24.45789474640622
