-0.03992625671732258
-0.41253006648574503
-14.859871158425637
-0.7786494476508035
-1.2179319994183022
-7.796912300617344
-6.230429006579184
-14.290416004961846
-0.7494288556203162
-0.9067738547752234
-23.110690441627746
-1.8541996700053143
6.194195693355677
5.307053080286363
3.107448225766296
9.395812839042197
3.358810120783621
1.383080983821963
0.7585481300644565
-0.1251041251202734
-0.1464128242823125
-22.935816441279016
-10.731850910641532
-49.16750371615409
-54.33331438865825
-0.3775635672117321
-0.008215240355470964
0.2657169501998468
0.1146684171834881
-1.361676777965753
-0.270738885066183
-44.951498109867615
-15.223766485706118
-0.28646621426277374
-16.838729293244846
-0.6217538732974222
-3.5459980337502017
-8.77793886370147
-0.044352196264896074
1.237494904743952e-5
-0.5519691647341691
-10.846158381442304
-3.5178880191546393
-66.74178313918621
-76.56830385525356
-3.0320659150209637
-3.1582150260900788
-0.21943005434207866
2.9103897856755805
5.98797869345374
30.337882752937396
7.85147744559315
-0.07548170222867154
0.716031529586312
0.0001604645985634436
-2.072195852328493
-0.5662512588110061
0.1241376683731353
0.01929600711974616
-19.283958678250926
-0.054728311791796866
-0.0011488651458497153
4.14515550373834
4.046284646682563
4.037718335212462
8.587380328106253
13.30324001597142
6.324268494451413
0.5825659010423592
0.7866363736482694
17.35614817936187
4.31257887043211
6.634309187894436
0.0027374033605681307
0.030915417278564384
0.45356935615058397
0.28542159170811954
0.005430619311334374
0.13356355667560027
4.670702423490468
-1.2357020577560103
0.13668259008650158
10.134746845694634
7.178582986492559
5.547443277706431
5.035683879240274
2.4785425316274647
0.03259468850108252
2.1272313954859414
1.2774078282312498
-1.3253453533096382
-1.873369374609987
-0.014495585388689568
-0.1215323162511407
0.018581465406790388
0.001704397667491697
1.4881233314733089
0.3995939875685635
-20.23729328208584
-6.283868632897688
-59.886828761378595
-27.355743252389782
-20.94894831891944
-37.12361218627721
-1.3173863937234902
-7.69713845802987
-12.014273927732948
-0.2841141175218751
30.16054603780796
20.3821818545924
4.8263905564619805
35.9773305796284
1.9668390294653275
-0.18932736089590788
-0.3664910973800744
-0.16851701819454065
-2.597990565798977
-19.917068491053744
-4.665105960071952
6.299815882130761
0.002333777003613746
-0.001255483258865942
-0.43406930495811885
-2.4085639209109706
0.0006408867118971702
2.02620083324029
-0.3341109347918355
-0.055456600277578746
-0.5246862609388465
0.6351274587232878
-0.735136167127387
-1.484837890128571
0.02090238391459221
0.004136566191305896
-5.050422611139992
-36.86565431247719
-21.976415358585353
-48.95591773183536
-0.062015646494537335
-3.157525041617287
-1.0958649499515225
0.001870188346278539
0.013359819973059227
0.008703622148098843
61.53581748537518
54.06001878381907
2.2390708983103385
-0.31321084272212957
-13.031708722314155
-20.87411531702067
-8.19207063074721
-48.48815240828983
-49.95360686738106
-15.822159580691942
0.0011330019218536633
2.322723437854756
-0.39704213540743266
-59.24700410276228
-6.803994998107691
-1.6279643187492978
-41.63475961579821
-7.446772914486449
-11.465450124634708
0.27692145079218305
0.0020022484942557785
0.006104227363261334
-0.9031321940715501
-6.179476292620536
0.00010093144094684932
-5.803055571579469
-6.408216403691056
0.09224114250154446
0.0036702361573017176
0.39394339395463135
-1.1160547170026138
-1.6554545869010207
-8.832409803645314
-113.08232385234543
-138.66298623590916
-28.252969064598975
0.008028812393909436
0.014339441514103355
-3.2496367726152355
-2.0711465122089585
-1.1760795852539614
-0.49374074523271594
-2.5161135750639763
-0.020670448700441872
-31.651355479411666
-0.2710789691733316
-0.22270397167697223
-1.4062260611830248
-32.78350293832451
-0.6255448570688151
-11.71233500973031
-3.1984295246302787
-16.01247391934446
-2.533604725875761
-0.8695194601251187
0.06888685544909712
-40.71654135911082
-0.725863866191277
-0.002624747341574411
-0.30025914678686555
-0.12179528806794071
-7.0464542874512635
-6.827208190763262
-0.004064054729245792
25.43176291875712
69.06955271901595
31.914709929977946
1.6511582336844466
0.8321242367434791
0.05938973141989441
7.1740470421280085
-1.0027345362488296
-6.9915758506040735
-0.1977150592115071
-9.475223577204561
-0.6076847298274745
-1.325224127655335
-96.27568771646894
-16.815564622169497
-49.6820031698193
-21.643840208958594
-0.28107666329046055
0.048802598790773144
-3.5288560115361483
-11.84401258393406
-0.12867921517642797
3.897030396032533
-0.01837088010589207
-2.5398858938126474
-9.279660006835769
-1.4161720152815405
-2.2800707001361977
-0.16772332709728477
15.736544618044832
19.596518023241245
7.6541441753354125
3.614882446215095
-0.011395512677853593
-12.82514717953242
-17.612350549395448
-48.41055462275202
-3.4221658605603515
-4.617345669284481
0.01698158915043918
-7.851312155792632
7.2089194546808055e-6
-4.963091421711991
-21.1754924516307
-15.448795400988736
-7.1939498897274134
-8.42792374106281
-41.1196605276109
-100.11127810912606
-28.339476917373528
-0.5778619091962909
0.5970520104087709
0.2985168843648165
-0.6944396978359544
-6.0928142991957985
-4.972339845971625
-0.23313979923728498
0.7555696320757856
-1.220157149436301
-1.709028651626954
-0.3478684633721953
0.7146015134311393
-1.5779072137714272
-0.28985987830499066
2.8998212798959386
2.1797558379309394
0.04780961587101586
32.59091763066794
7.2521027791134705
0.5139144201167135
1.3835965992697477
21.73368404708271
0.003956692780309765
4.020601660844899
40.115399877364304
15.89912537181158
46.58783453646497
81.62080061993616
46.88683363322358
49.451892538705074
85.841463988435
137.83844291904526
231.90572702022445
152.1953926845568
36.10775376163591
45.982725994947394
1.772548753797029
6.957611193761873
6.805975194108118
34.96496989853028
8.953653963444639
0.09770444551043432
-36.51067339468362
-22.259328269715244
-2.098216651612467
-6.721030807391168
-33.53247481022848
-2.134592902797736
-15.201701871094444
-53.393377373062314
-20.302438700093465
-11.58953335119152
-39.627903830420536
-54.149049098308154
-2.5484225941797147
-4.79581314796406
-11.565470489982923
-1.11295308951207
-5.212552520646555
-3.92701973581247
-7.099308956731029
-0.0003342756848111021
-2.319653306667454
-10.548996359696568
-0.1738510339086156
-6.353356206310105
-0.12417024709531777
-3.0517515470427723
-5.9965160015075964
-0.011456727718732166
-1.011849929072849
-10.63539161771253
-14.906319649372804
-2.4570210425671744
-3.430068399401979
-46.376689159872264
-3.1295013562966325
-20.05975990134547
-144.27945631177818
-6.9404462136281255
-8.097942877274146
-23.98038835743697
-5.491907186544129
-8.413184194437223
-0.6110590744054868
-1.605238192523371
-1.0662766877533747
-78.84960957126621
-34.91709068999555
-18.98951040673229
-0.06399398317767668
-0.6373334944662857
-8.834820692203179
-79.37288949830666
-158.23635617086117
-23.84539396173734
-0.010482761464479328
-12.183815297659448
1.7687149025936873e-5
-0.027892401510633453
-0.008470158855356633
-0.10122379077436394
0.1438192759273961
1.380386639063007
0.6918307120070523
15.12380040919055
19.893149948039827
5.762018938447251
1.4491182358132608
0.040666904300890025
0.0001739386838317373
-0.06186541907666
7.088157012007412e-5
0.09284417805273225
2.4505204428850393
97.32367995476558
9.835967366081682
25.501914799245974
105.42901606672797
82.3446176195194
13.2042102675463
0.1350808584901519
4.040754378000168
12.153166457862481
18.613117626026323
28.913379859032524
7.1013841003725195
7.4767575852961485
0.3555309549727867
31.30212186793919
9.19747123135688
0.9045414122164093
16.340111569307624
4.250987467173996
0.27667868123245104
4.165038086994086
11.024507048829385
1.9618833055695373
4.463410994484277
6.301020177561539
11.091109059375642
2.2982761305148327
6.028944898779893
63.7548584516365
1.5880316689179574
5.0349744242077765
12.992042082148533
-0.04495562147215428
-4.633729153713274
-10.7809181767469
0.00023498677958491498
0.342324657764731
1.2981543104331372
0.5343920535305801
-2.7415543098471127e-5
0.0007053163298079531
0.20097957946080655
-11.319159736670406
-13.470678976093698
-22.37125228279493
-4.392813675718768
-12.846195122157086
-11.944443359040989
-4.745893025745559
-0.07302268772498777
-16.133184764815514
-16.868531300075684
-3.073830274293038
-30.286085076113377
-3.9800158455708496
-1.5893545814402545
-59.019847171203836
-25.165545224087364
-31.83233846625365
-36.86784878561922
-14.00432543237682
-0.3794862476616384
-3.0599608803733327
-10.127488503424038
0.506123257456269
30.651992554529976
31.45602995168982
5.7643376030002775
0.5789323157615438
55.96713186290209
140.32104738554585
33.091154476189985
1.3794854261559
17.402493876027922
0.07176505951240514
-4.557429226983275
0.006056932472256278
3.4471217567577326
1.0108515097643063
-2.7526559593908693
-1.0163333149882166
-0.1101599282109318
-2.30867173583535
-9.524457745210928
-0.030244408698373592
-0.03771526855958764
-20.31412963297376
-3.8701455220948286
-1.8783360138186727
17.25858947902027
21.100387640010965
0.17929890738880075
0.18804536238901623
0.11614508929596351
-2.1673619541974376
0.33446052460718023
0.05485520003401628
-0.006285007630661728
-0.33838127579068733
0.3806874032481356
-1.529288792729084
-3.7056830901491358
-7.626107982379512
-15.772584245626446
-4.561319885579331
0.07657726318052717
0.3402690591019324
0.1244999141049248
0.0003116265878175813
8.169841999808565
-1.1720336802877551
-0.09657037585893183
0.5712860957759184
-1.2040240261285473
-10.198148035372618
0.6285778605543939
3.055786195355517
0.05578067829782947
0.3799782089704605
32.02864689451924
111.74677396151588
41.40407634737732
57.694447999793596
38.548082077777025
33.967565896202416
11.208574422282071
7.862636276859138
103.85554702086709
65.78253087813326
29.664885423382326
27.11484888680357
94.35181827053468
100.90799845405508
54.56218095853879
117.7016021775408
168.94713121022053
147.83123513417712
16.22100569402925
3.485393407773512
3.0153317809828604
0.30821309312897993
0.0006631718573630393
16.64257368873816
9.331954870371135
7.750157301211739
3.7669145025886412
11.491805268534183
1.3427059673991193
-0.30274542132894083
-0.00036035418055577206
2.3970625881328154
3.550173514651252
1.4121705018086153
-0.8521937871116374
-0.003284749378742948
-0.0158739476138767
-0.024040817117508863
-12.384402895512842
0.1620354015573969
-2.6838412238264446
-1.4385373100176164
-2.6708033394932165
-0.056210503482282646
-47.3856408629236
-0.0031015102428571684
-0.21656725343535554
0.0022438558360867887
0.6001887629662984
19.67988670359014
187.2320434735022
104.55305998673863
152.72047431825175
55.07255064215549
60.75537923257027
15.22018567802445
12.335555195363908
8.104256407032802
21.52367148891677
56.83074592375847
66.81028683580698
62.10117745090087
104.31793669920596
231.80722171071267
181.18181537858305
76.51542696632931
40.18806848344804
64.80772159294447
3.2050959282534537
0.19501616434186556
29.67231323789631
20.127791937581247
1.4985877546084452
4.3216146718355
22.298726346527246
59.11196148525532
163.3688687839754
15.382451345205874
25.903454198103876
14.850858170672813
11.6779718557659
29.497923293989018
9.030045251672284
15.386616186199175
28.287410350414152
12.178593944219205
84.73868186407584
144.82616452562254
356.8668595368911
210.6723053627561
256.5785476828988
220.1813548687584
471.67243430192474
246.27732947090473
272.3869606683718
243.8805814340919
297.6929900164018
694.5534302404039
432.3274450656822
207.76677354128705
99.45761448550098
34.95309132246359
60.88787727081773
24.55993765417901
57.84211938414151
39.0996441786988
7.067864430983333
0.12045794723698623
0.0026013706486557966
-8.55768425663249
-12.787582882090746
-9.340487847937425
-11.319915051233018
-78.7694724594338
-49.54024208546191
-14.94889699047946
0.14136525773136763
0.019590357045815875
-0.32488747963236786
-4.740256299519573
-0.14191119179229716
-0.45130409090501405
0.8657538562736842
-0.013083549500125118
2.235927856685458
26.804512397386432
3.5798201964214864
0.050696094478385405
0.13316917299069986
-0.027181122042888268
0.830356475113319
2.0084311292504804
0.013819399701728989
0.6548957340340482
1.3694347498502092e-6
0.005511946383884669
-1.1308719305870976
-3.386132374360193
-32.511219574739144
-117.56766563239863
-0.004611825152400512
-0.24712338926023145
-1.4249521292348943
0.5395654746546426
0.15574986695913076
0.006114155063173729
-7.89592485297021
-58.01401260699038
-9.338410594298585
-13.516493464155332
-11.945654906998142
1.2888770074660594
1.9108494510659568
0.009687990052817813
0.9010197467215226
0.4936557480127002
-0.5893965136568936
0.0008084178854305267
1.3289434666540787
-0.3971958358851533
0.027433302943787062
-0.10291877577843514
0.09881197912713002
2.301816394287451
6.80340975591188
3.564091681848198
75.03319414922835
23.419413568323915
11.542449130788315
0.3062048125004896
1.0759912743314128
0.16844979748856692
0.8216300394100077
0.3269923184758371
-0.15630148823723472
-0.01283293144173267
5.881994849605915e-6
-22.593152980619852
-0.4368781987856058
0.7159965222118715
14.404532117547888
30.720680526433863
5.891034418486554
19.833946281941962
5.929439330685623
6.808772112666797
1.9500507151908555
6.248242493964026
6.439425902083316
3.7269516314294542e-6
-0.6042178786341456
-0.8711217061858083
-22.710060533108923
-20.463725779152355
-30.715230941640392
-75.22857854027671
-46.815015195009025
-28.23410126319299
-33.45486799169589
-11.824217161231761
-12.907338353136494
-0.41763373792108016
-0.0017333810928402778
0.9267782968563197
5.695785760116381e-5
-9.972765529286251
-12.221831628853797
-0.02749298978755918
-22.880379757002654
-0.017843889511289516
-0.34756258685157215
-24.544081915760387
-36.63511614118148
-5.848597265734423
-9.323554218241979
-0.00047510252459989356
6.894659266869128
0.07125496239350197
-2.3237781542763156
-9.32153715314381
-21.11349814287049
-40.89409546195717
-9.476465480064917
-0.7934840521722709
-0.08185778652270395
0.007868789865476948
0.5556817116674532
-31.253019282729205
-45.201769457487394
-1.28965654225597
-1.753442349356125
-13.873099303898229
-0.29511432053332226
-17.26598318407205
-69.49055874021974
-7.171082695626359
-1.8259808239309168
-4.116942355197549
-0.9523534065590165
-0.25829010580218703
-8.115766046261587
-1.569804898530502
-0.5411316640220489
3.702707337689699
1.1234325848272677e-7
-7.805690917190342
-62.13860814121696
-33.176348534815574
-17.53055536115633
-37.46701943389511
-8.644036583609738
-12.664425332731303
-17.987183046449143
-1.3306279471829572
2.281873845838166e-5
-9.019883480704578
-0.24441783613047738
-0.015089923126893485
4.633032646942761e-6
0.010639206080930627
-0.0004123383823470188
-23.982135315743488
-23.93246492167979
-47.33819805579508
-77.75956306986811
-62.516395936596794
-105.85269267653612
-46.87805293962408
-43.40470100577657
-89.45458179996784
-0.03319235520844053
3.341805601432181
2.6169616862610723
14.980995374973604
-0.006200397386508842
-0.01096588115853033
0.00332438198830348
-0.1485907737222403
-0.9507038661202873
-0.4426189836473504
-3.6656927952444174
-7.76987902517327
-15.947205518469936
-9.104715008234102
-55.631816384047454
-17.06425769278058
-0.39224412461453034
-4.128054770659876
-5.086185934701409
-0.01569019199710527
0.07174877715828598
-0.19632676786197648
0.00013130922920829782
0.5406147034993886
4.052094606207643e-6
2.48615222668168
-4.257125741407658
0.12639720728093842
2.647989336416108
0.46235751760505234
1.9784334261527885
22.470465128651256
0.0006884360743447211
-0.003573796679375612
7.78348285259182
3.365015188166797
0.5016786194999683
0.044202223898135606
0.5552179247349037
2.5620291057679556
13.683561769380118
0.5347280522823882
-0.5021641768625542
0.757269075583107
0.00036494666760614273
1.7603382798206457
0.006518855479668467
1.178820565324925
16.455504857400797
31.275962883393795
65.6299561519025
34.76637710257841
92.88487808398276
11.367385619766297
0.5432915519052389
-0.08755288050504147
5.3041355342986405
0.6430196830152632
0.07692979342821112
25.994285982455274
22.67779456620836
99.38014839979967
44.671951183285024
35.80768226178097
9.63645461137053
61.764743182086626
94.1543408704141
4.5590066409655865
23.711993761505095
41.15987029537634
59.51187952449911
5.616946671672895
-0.0004175119050124348
1.4184928102593408
-11.460620800207325
0.0007186363244094719
-0.1269447133574114
-0.2713375402787103
-1.4439063354969004
-7.512397476949756
-0.5838029555166856
2.5291733841263806
0.010861585755977104
-0.003915059242701851
-7.385225345975006
-0.13471659327174537
-8.361985773694961
-0.203865686610333
-1.2500925994914334
-9.07211848817802
-5.144456125516062
-0.026550829388695112
-0.009100109495026352
-1.2547503215681848
-0.4424971051209962
-3.2582949333433553
6.605447101797583e-5
-10.870599980813138
-0.0005589238951107682
0.8352690071552205
56.83272615716098
47.73676740664624
14.777288943252817
25.84306883854754
0.5828322965133848
-12.855950024634298
-9.39353236169344
-13.766749476289885
-0.02399051305811836
-20.621805291644076
-8.104927706267977
-10.645429375112455
-0.03352342652546373
0.021028058756104667
-0.038818615089596394
-17.950875391007404
-23.22593836175399
-0.5571531646367048
0.01193196118446671
1.0075256554093157
7.276850446662879
34.5988728205217
15.131586475438423
9.958165433882412
21.75406446363242
0.3493973051062747
-0.5347036525618237
-21.298285028780747
-2.7601557448490324
0.895071115039081
7.704096285940839
1.3548149532183367
-0.1990179939650291
0.281803777744842
-0.01891254548953209
0.004941789347569814
-0.03539173861633041
1.0817609609508316e-10
-0.001159886254269194
-1.1499241312281023
-11.812574796779737
-88.73943726300861
-30.185217292350984
-43.55144574591888
-7.869996366607782
-7.385752850742354
-0.13541496847801468
-0.8832915528205202
-16.347154382751874
-35.17179666714168
-0.8943763805501782
-6.002132512058961
-16.77378889706521
-12.318020925381571
-6.043410840702835
-3.135351475883871
-4.219476810493002
-0.024232885469963977
-2.2790100403871785
-20.697870713562736
-84.3412061889987
-51.37940902267511
-53.89447555983408
-40.29313770440822
-44.86301724091527
-1.7683107560700086
-5.313173274525525
-0.9072622267571879
-0.22596045391987318
0.7946241446631761
1.5092060368321203
0.015805541263180175
-0.028254234123217592
-0.6596410730451708
-0.012554845214322508
-1.4872772070556195
-0.8744694194775177
0.0937172539802586
0.02901587549537908
-14.3601941684493
1.6612373798606237
0.2734973928046014
19.575959163117403
3.051777188977826
4.068688618834757
-0.2081424442952501
-1.4853361498023627
0.22629669916373624
-3.044902636136456
1.6173385440206363
9.285241123025022e-5
2.3258081945600892
0.15892692517995183
0.2621932126585506
4.554124852675916
3.304332102026665
0.9638536210613099
44.5005996998976
6.0967093161024595
0.2464414128213717
-0.0025257518274471704
0.034646544935131064
-0.5888282235396053
0.8530507916512647
12.597451785284168
3.1386059659350223
0.0017472224472241758
0.02700100715836017
-0.012409049866547272
-54.680853651566025
-142.26807851931514
-60.941892814569286
-18.54783977270735
-0.00010645133027065124
-17.714934302884224
-4.086647344408146
-13.028727312817969
-1.522044214171431
2.5749865283497564
10.978321254113114
53.1080816021778
107.56421729547763
157.41561255356558
147.8918611809769
134.68200575597615
13.531064924847293
7.168769548332687
-1.202816981195672
-5.898394946629769
-17.86407711576697
-0.07649072051942225
-0.4939939006865122
-0.0004974903456318084
0.01796063298394665
1.0493829780425616
-0.764482186505024
-0.8203947090200912
-18.597286903107083
-27.00220299131013
-1.7658021890629203
-1.9866197031447317
-2.861258518402138
-9.775132533543372
-0.46294426665403016
-4.74114530324255
-31.25078938143254
-6.897311291229837
-20.45265464976963
-6.667423537594416
-14.855844532295984
-21.90921345917318
-0.027670720359419382
-2.2984949516578865
-0.34409758673325636
-0.4099587562785247
2.136828902804348
0.3007404651282686
-0.00909637492682888
-0.009075152023312945
11.952141265245906
2.7301809242937223
5.7939389612192675
10.234327269312905
0.36925323936073845
6.407826679187034
1.7394820559894613
7.538331307261922
8.765759730514763
5.05442491680486
9.534476543511365
72.59015791546291
68.0810478988577
65.15986350365411
74.15378781629659
10.50180609357058
59.01845548556169
257.70553820138866
345.35481342511355
152.08376695266895
161.27229134721688
137.2133368324568
28.542106483617992
8.664498498272948
0.251525561125656
2.371480201664477
0.2178371060523122
78.6003621526594
0.125663231961758
0.7434922384547418
0.385547220576418
2.4277686238137197
8.390557310437497
58.33550355578134
4.943521646956382
6.40196237502976
26.084684235306053
18.957300596002245
24.829389499904917
55.83710651786716
56.17052620944862
27.787556931080402
8.285404250657082
3.605934691870493
8.936850406475948
26.179367869296534
99.12490741646293
176.15045725549876
101.46407471195117
9.78762782375528
95.35287124722743
10.515093350520248
10.99748391951042
28.766545225002336
6.9396258396221056
8.720855005685014
6.25247852693414
1.0213610195215965
1.9240289341074168
4.877824311129652
16.682663750722607
6.606717565473023
0.20740901804099177
1.234207276144243
0.039914750808836164
0.012713284290943818
0.6558773288304653
81.30103340708332
69.86821704629727
33.75180901408601
49.229620085435634
146.1260694722226
45.74077261399595
18.151733155133165
5.800722940241023
3.1516549138012127
6.603999429188442
0.0028980050232583154
0.32924211046401775
15.82803692099424
24.490085381141228
0.07967472669820734
0.23101229314490979
0.0021148394468108347
0.002258153522152461
-5.844510367175856
-8.048764597713985
-2.6505877495295906
-0.03553297555672323
-27.77846522429658
-49.49348309853154
-15.92896085370939
-15.728513967326533
-6.973117850562635
-13.176477340573955
-4.417029861696347
-3.928864160030699
-6.755924517928071
-20.28670774806846
-15.20529463430953
-0.04917796611227141
-4.7869320131828825
-0.051732916424624395
-0.04808029125974761
0.000635282656609984
-5.3174242353456025
-1.8905559036303543
-50.39303921169049
-56.001890155648205
-10.139672624706813
-1.937876952481984
-4.235992600849911
-10.264964232848712
-25.17872524322954
-4.494048212711194
-50.89415773041506
-31.633701798609728
-48.852260194065934
-12.849228861624256
-0.12476539962644118
-9.838418825562398
-6.5700417096101855
-3.8535800139554826
-3.6118564755294753
-1.9440938027569573e-5
6.400230855246366e-5
3.1329522905789378
6.802373930564641
20.681993288698976
28.92488363508434
31.845893536388374
49.62825243448943
21.989577519381605
12.597557749696598
15.70348949630896
2.3171625678901506
51.07734981678868
8.90393951202738
5.934692683651844
30.189402497252246
45.711630971994424
108.44365303417862
61.62480693089856
80.2129731304706
74.66906860843314
30.480612174120232
2.482421368581915
3.292217481076672
48.77217559840767
40.90764553913239
31.926684788895976
16.07014931634286
14.433022954501105
0.43565959683546374
6.403867787806449
2.8031656160348515
12.157252687650251
0.2871593120441049
4.2499559627455845
0.6401696990403256
-0.1273263511274968
0.20474625134470287
-9.337062241417078
-19.459540911057317
-14.079325419075344
-4.476012984776232
-21.704696814381897
-0.14385907339046888
-0.49199118736975467
-50.62334760214199
-42.27310212371695
-50.627119970796834
-41.702728743877344
-9.565299227010293
-13.190060059577993
-42.65330809207412
-1.217001889324638
-33.28212520628781
-15.051956841700958
-94.75639917584664
-4.118635631733268
0.09783788256530537
-0.5272240140312079
-1.6329810307098704
-8.364471495751191
-10.004607960720875
0.002632263068631606
-0.05340242640186793
0.05205542107936265
0.002938586013658352
0.02317291710545663
-2.393728552453435
0.26873407206078626
0.6925491386942927
13.62321050062011
28.102000994193453
15.850879906295228
15.347426493974137
76.90690191291672
125.1697237619823
21.67602152728363
16.506544163410062
0.6635445769296979
0.2599636251788608
-0.09020997462622869
-0.577858935946057
-0.8254683892682293
-0.044931292348477904
0.3988251904315941
2.892862046060662e-5
1.3860757193831266
1.580884433277657
-4.106228862619324
-0.9582716550883211
0.005352562145112314
-0.135039761977389
-4.853743886947072
-19.282396245739434
-7.023017590774803
-0.7564687660961487
-1.3130588739543712
0.5226554260396504
-0.24672613815830136
-0.04451496225913353
0.210608438720586
-1.609334562452742
-7.235765426855676
-0.047465639607230575
-4.892397813918425
-76.25723294287384
-26.049046976853223
-26.625260361275952
-12.57092459878989
-28.514990510305267
-5.023298448295306
-1.6181509196288415
-2.624581190063136
-0.01847594077029887
-5.2723274793972275
-12.208119011851583
-17.564206875458353
0.06981425292140007
-2.2835649163966694
-0.26377561775067815
-0.4034525523994346
1.9630620032069022
21.159811983967742
30.62102635052054
0.6038494508842588
-0.00064179250540359
0.019760740500866167
-2.327490827569846
0.008137032473005934
-0.13572735538255784
-5.635278214699128
-16.083405669787933
-11.206784411239648
-10.439169430562389
-34.72107204940417
-21.437740905304523
-56.14316393106483
-22.52121301131402
-4.108573073423161
-2.341057174841916
-2.342570989555154
-3.1262051937832194
-2.8417645631469006
0.6992350033727774
0.020941048416954558
8.135246403509424
0.5502722253141317
-0.6460153227246295
8.04023326555413
-0.1881913794738532
-0.1190297759612939
-0.0204628638122631
0.34795248994839795
-1.1790052781325395
46.02954843477662
3.6572825485387037
9.742264479956464
0.6348918208297332
0.06394423801914877
1.129894192679744
10.520855383033686
15.895376805581773
-1.7236218204541218
-1.3885887409301263
-2.2743545004077803
-3.0714030422551124
-0.6720513487990613
-8.577873227732498
-0.005615979151185479
-2.286562787894691
-0.11894328390810723
0.7608971794245661
-0.00584247204736866
-17.32419727647305
-1.7971644068723116
0.00017476357800806026
0.5410576360992657
-17.99275470711983
-71.45750402564421
-15.52828198479234
-16.53429708360767
-19.456797859060995
-45.408635505889855
-11.051976313428321
-0.0012481814624745672
6.468800892178818
7.314418688651758e-5
0.012784171332419126
-41.4954073359016
-15.336116577275739
-5.9624361588829435
-1.1506575533369088
-0.08449234456354451
-6.097529200862861
-5.29529708877246
0.0014973123435235477
6.364989165101373
17.685017249547492
1.3050557969663448
-0.02371262220982387
-0.9690753887819983
-0.5440932734878294
19.008358296695373
38.24460707946599
19.492568531619504
1.5041378634646747
-7.276514932657718
-22.740518169475827
-10.9694584239432
-6.4994783232173265
-1.5352148532083019
-0.01202069474636458
-28.177054104729894
-30.412873321758607
-1.997624977103079
-6.059440138448901
-8.74435459144033
-3.6347093310111194
-17.313900764502904
-43.109219117824985
-6.142545852288282
-17.5501347331723
-57.347498628984575
-6.354264512218027
-0.07895488704789239
-7.619211627501005
-11.630504022691937
-95.61382287245186
-16.647176550157408
-77.92018887524029
-86.2412288886433
-26.97566551732771
-9.581756317323226
-50.20179557255093
-12.414744696171034
-0.0006702438380458924
0.04412296458046557
0.002699947032374876
-2.86759841586909
-0.08113514394221966
-3.8724857790379708
-0.125447018077217
0.0013911287931532485
-0.3676778437353192
1.5908063422874168
1.5928665177499155
0.09981171540187482
0.028667390555412047
1.5152990575921872
4.908327950040145
29.165215187208055
21.149083852935856
14.214000376297841
23.846358211828715
18.355152892769592
17.59865123025171
41.293387293391035
0.3988636177607474
-10.758203293250636
-19.4323532766476
-0.11454866815724941
-1.36036072109354
-0.05293951106941447
-6.9520859601582945
-4.559769921788553
0.13557630995165015
-0.0011585233702479044
-3.8041018427126634
-0.3473856416002942
2.1919080729953055
-0.007392885044100618
0.09255579950322214
-7.683556779759637
-3.5781538863913993
-1.7270135043449077
-0.011582969307134285
5.8175965715039775
0.5191231130532715
1.287970652000454
0.33648538248845034
0.017669033825042202
-0.0665648652578539
0.25756757125577173
0.29993611112414925
18.77616216290399
-0.000650115251399208
-1.3587950615523186
-0.13490059155175207
1.1976214034161852
27.236283005453384
0.13105854946602824
-12.689748223554211
-0.005018802931755018
-22.254647496252105
-16.16800596960233
-25.841999379413313
-0.5624134825109386
-5.296948517040436
0.01803819041217538
-1.3704093781795317
-1.7279995612911052
-1.9748942771468596
3.806283977558064
1.0080912323333542
-0.13684310043281792
-36.77523977613948
-3.4290898184033476
-0.9145226286237677
4.785243909984392
-8.82561493812377
-0.018742622939686752
6.999229352251409e-5
-0.7264751520013836
-0.19486438794210922
1.8632953478289631
0.048659580562395555
-1.2509884812053178
-45.83541073615202
-69.08291790464335
-30.319179338896134
-13.427339220412692
0.08963109176245462
0.7503621527299942
-2.4797726929087673
-2.141690123388106
-32.981501782911394
-20.595307955693908
-20.08762565616047
-19.634197309925135
-12.313455241665748
-18.706069754241987
-27.071054091780553
-21.423232721240655
-39.551739069533795
-5.248691845057655
-8.713634622615121
-130.00862239356803
-47.68594962912697
-0.20488372335340144
-42.72720255854737
-10.781880487884
-5.385253033814119
-0.3105041384403609
-0.04044331156422025
9.768871980796891e-6
6.285028293605302
-2.325343098103941
-0.0024245218114490345
0.40667449967669933
-0.1024140229491873
-9.644386229866662
-0.3624667555241115
-3.6324853075488037
-5.670595746244186
-10.680522625713834
-14.427532274568012
-26.07761983117324
-1.5479509755532745
-0.463283221729638
-3.0305687831210735
-9.815525692186355
-31.530226683102967
-38.336456254938376
-4.040885309959436
-36.47839502929862
-20.74577402761154
-8.447586960469895
-1.341371558826414
-45.39207815567715
-44.61384759665356
-10.559161551415023
-1.9117389263190365
0.6063559327583707
-0.000421152926041138
-0.9004579184184437
0.7090246533394079
5.452368072133965
19.20254142398803
15.86011004168053
112.73012953393892
67.97216299881671
132.91784324685946
20.695244835337732
6.6898357612896495
2.631352571511537
3.542901874372906
0.4952660979422511
1.519446970542077
0.051059619668482444
-1.468732719292174
0.021889765046550474
-0.0010504700895239533
0.000374431288324265
-0.004154292613229784
4.2213967315755474e-5
-8.44609028457448
-13.659853418106762
-4.881028247712971
0.02293105545236282
-1.6266451066967356
-0.10269821542623868
-1.1515229696227702
-0.0027994298453829854
2.0131399859448145
0.12578418496569937
0.14995560034619487
0.01884766311391435
-11.771698456924835
-4.484862441885202
4.884868533124676e-10
1.1678611908865324
0.292679200046377
-0.04971864524581076
-61.833717739210115
0.0023699413174329623
-3.06277258519334
-1.8421175703984758
-1.8450362515966807
-0.7702873221565503
0.12734154710138024
-8.685829244007795
-39.936354478214774
-86.53042443385701
-54.68724085081563
-24.96039913314915
-4.618149363086736
-35.06301331001458
-4.569277431272855
-0.6142222024660428
0.012980860020662285
-0.046441437442593506
-3.366128094310299
-1.1354473174477087
-0.28093538916395044
0.44487891360413734
0.05903496788386549
0.09203257705709382
-0.20825388128374922
-5.386289720372767
-34.104867692477484
-57.236446429654656
-12.003869021513232
-12.17341562839196
-29.567855720776947
-0.48753118975360127
-31.008195397224792
-7.499687761476831
0.0003329246427678411
-3.01040649964437
-0.001644394319505604
-6.665532286243591
-3.3992570514959186
-0.6794589285594336
-0.6816618201225115
-0.3441495865730008
-1.3019502227398116
22.18015491425444
2.1346118900416102
-0.21484434055007406
-11.465570980051996
-1.8620809132872884
-5.838112846222505
-1.5996341534578349
-4.316063881841619
-38.52836120424311
-39.893013099446996
-10.926400797975326
-9.08561665069599
-23.825338734107582
5.525421263587454e-5
1.4652740476622819
17.352329949810862
46.865845609746444
40.53929693756205
-0.003896890069150202
0.029799377830399716
-0.17895758383231733
-3.4737258635230943
-11.096500956801998
-0.3339219213329755
-1.0042832418492619e-6
0.0065415217802152715
-18.799906629558677
-2.231191069195438
0.00011113748103797629
0.14702304041513747
7.122813507665018
-0.3810700421266962
0.04529454743846494
-0.003487542513384271
-2.8277766333401537
-40.27135133678768
0.10933771133895455
9.121355998047852
22.576154229564132
13.618580269917196
9.317067444820399
1.6286574384270431
0.0013796394660597925
15.506885818052984
24.666022870541347
72.62292798064415
102.0753654942064
91.30769236566528
67.70306392271627
52.30853189588886
5.94917078027246
0.4114075364716724
1.750659664882321
-0.051875313196908024
-0.6539253872050542
-1.1719463715010028
-6.5331222922478105
-0.3641500419437012
-3.5881074506225774
-0.9866946406588414
-3.0269338038201252
-4.01831528710815
-6.997853501295073
-0.3951680809613759
-3.6200163404588572
-2.8468947442545303
-4.9083536972000115
-0.5657812793084993
-1.8524051911813122
-15.950134974071599
-10.366226077222393
-1.2517566920026553
-0.09502861981310551
-4.505597054625613
0.01470319008009866
-0.6330053352992658
2.0496341579152775
11.605319174644425
15.356419043027083
0.51230331859479
0.9216671783244785
0.19441803051971662
0.5717908300273322
0.019017334668089886
0.000376239062047288
-2.885127859975946
3.4927568910926854
2.804229032257023
27.101247479961337
39.902633544750415
47.81370815676344
114.99704588128706
35.646407854355935
13.381696363655974
5.639755671406468
1.6207136962165563
7.310960675258314
0.7161340838274007
1.426498258269548
0.01344331438053693
3.038770847145583
0.34233354834477514
-0.8661439635030046
-24.07666459381046
-0.6813682620926227
-0.03911976242058698
-0.001618935038250555
-0.17685356294440902
-0.07281057291453644
-0.0831426154829318
0.04429866310828521
17.004526903413733
0.09831127368158026
-13.96931863720134
-2.166431522445513
-0.3705130918176104
0.6583674482398012
1.38158622569609
12.331765180955577
0.03257130644399003
0.751762197890609
0.0008160572599437305
-18.822672166008136
-40.37442942589954
-72.44185740731791
-73.32740751679957
-44.482920873778575
-0.584139921168182
-17.257829382680125
-9.840597208608978
-0.2239786414498802
0.2731531208621764
0.6010780917115345
-0.005436594876824827
0.4595332114446378
2.943188209788104
40.84332859314586
7.36207773209114
20.989604510784996
9.379669062434623
6.80919331043794
0.08047504092374215
-0.07271989692872327
1.6419940508196258
29.150552840931446
0.29026723415577715
0.7967764960800067
0.0006186896954652776
0.056504366283172264
-0.00779908854807458
1.022712940567782
46.031278006860305
134.12825596855325
46.611779500326165
6.518079947975144
14.021094592664982
49.22672144193983
8.746410970890969
-0.002627203696314036
0.00029135289232472375
-5.8862219092486034
-7.4861643001254405
-52.934387316669984
-52.54374733660794
-14.057034070516993
-0.6439546254586841
0.060640817770757006
-0.0004008694731207533
1.5170852702957027
3.367695971826774
1.8325022030404172
0.17792599927776814
-0.07061862198406176
-0.11556336762785938
-5.4668620824304535
-0.16337440098320383
0.05484977250575981
-1.1675230207227723
-0.033389961036323114
-1.5961493510797224
-5.13084534838301
-7.659914229129262
-0.0026938277184104424
-0.6173955018798676
-9.349350609604754
-19.979688594758773
-22.056241226376113
-16.239987336025
-4.964987938734419
-0.729807172353837
-0.914012634985439
-11.644822780081956
-2.4366094248907264
0.04812701216177398
-0.08422286092117415
0.0001368642500025046
-0.10509828691319455
-0.010592672833240741
5.872729021133272e-5
6.292676141723791
3.696373834986279
0.3260379472831846
-0.0024047137166279416
0.2469878931287695
-0.02801944084833856
-0.03669087755766434
-0.26693965686727894
0.5657316662448992
0.004090078152329122
-0.4798100079384307
0.12182780149858556
0.3444942704968456
1.5433214776343365
21.817364312240887
131.3001772831268
55.07790538299375
28.14726661973882
32.54585484793505
14.577830978707553
0.5215628992628606
-4.9480914063772135
-16.50460450201539
2.1178416279423176
-1.0867346199895795
-13.20608702890763
-6.208649695517352
0.031942032107943594
0.4455518826792067
-0.42751265694123614
-0.09383346956031335
-6.5082217776169315
-10.118676973359722
-19.884561234555548
-0.508286489961237
-40.72356005238182
-17.97843105467887
0.15047446087114205
-0.8081179458660332
8.20478492690528
0.03711518783007053
0.6641062973696837
13.399807479270741
3.6148295350011264
-0.13298143060041426
-0.9264081454735804
-11.23289690526109
-6.499673925600833
-28.287722476262008
-0.2253685006024304
-0.9133405600927188
-0.33436766346928415
-25.330091201930237
-13.611080906768251
-12.811983282434394
8.25336012975732e-5
-1.7053957379551998
0.0013103551791030755
-0.06476558521143691
-0.6007168138056098
-1.1575257090524118
-0.7935378075209084
-12.608841761122326
-3.1068754998297887
0.04367575115779613
0.016356028398018804
-0.5272627223311553
-0.7304448086422053
-1.4472925632128408
-3.297915169559072
0.22012184509625082
-3.6357446256785675
-0.00030395065304821483
-0.03015863926297256
-0.004957894349378739
11.593969636938448
2.6019213348553056
-0.0003585716806249569
-0.05356003696940326
0.6834983709493548
1.9927503558571116
9.518403648911796
1.0999804695751865
17.62499693923638
25.77802970059902
13.644187644402828
24.265409315655173
17.44529012902836
3.767755276721491
4.211373170887623
2.487451290539618
0.3352749959054978
6.694790163715523
80.66658186589534
13.575580717514162
21.033382355993528
21.135918732644107
219.3260147805285
54.05660220864717
22.710655742395726
32.68717789182205
15.97308549172513
2.332877021863756
0.22134080890739757
6.337020267627298
2.852779406444876
9.860874489419377
2.0923188587828325
3.0904313166384334
0.05842565185891437
14.956975477786326
7.461373687734383
0.6534313085547553
13.621779420784904
27.700350753782274
0.00018533307506087067
-0.03525031011819773
-1.0970181303942825
-0.2916620092825025
1.3891296153126123
0.9020574590038293
-0.021212330401482692
-1.0035787159344012
0.24740095918426844
9.468528399668646
1.431705025926124
-4.975785137467134
0.3329255429593902
0.23227772862798404
-1.5472815062498548
0.5490855176400135
1.526951568329631
-0.011904149094038351
-12.44150288547638
-11.083021943321198
-5.426453039936567
-26.172730716473314
-0.34927231948206566
-7.399494160605973
0.09276809639763013
-2.772644999481277
-0.7858454410049502
-5.741026877390724
-10.60520440842638
-35.45053921407857
-2.181775686846613
-3.4454821032858263
-1.4565012859345041
-1.2420959768016768
-0.2974261703746544
-2.031570980105555
0.0004887331747818392
-0.21736604994417855
-4.473396312738652
-5.554555459678139
-14.362842128280596
-7.959528332778364
-4.089261706426443
-0.4358172527941413
-0.9293214291515378
2.5557587726636193
-0.5079374161536652
-0.9921695208128759
-18.60902428464926
-4.102572487253078
-0.009562817597825513
1.6489101712078404
-0.00019186208620769018
-0.0006498283171569647
7.098261014017752
0.9161746840135792
0.29566243191761793
11.073288046166143
4.8990407459601295
13.105209118483536
0.6143151329198354
21.354676444509785
48.51300696552392
37.03069723035715
43.36494652360003
19.544020106227507
5.2088934408870475
10.24347716537101
26.228365224668355
-3.78106968243946e-5
7.513861396413764
29.75384659197208
203.309616073013
195.72679166114378
119.6800856820665
85.85978998798817
110.00830201857343
49.06899304098594
21.841633480882994
54.83905752452506
29.416331209294306
138.57126995103445
16.000670075920983
120.21486807762344
68.1838865494865
