-3.763684075918372
-0.07724629622822983
0.024847996609956045
56.47689323875711
1.532547821941195
0.005158238828342405
0.033039822033345816
0.4951006471263396
-0.0021867351947346177
-3.8084540028309735
-7.696773885884276
0.2008014955269847
0.19378804702132835
-1.608351145132236
-3.71189238113074
-16.221282989209918
1.5435937141129753e-5
31.536961450135298
0.3279485858708795
-49.43865217204411
-0.9930338250392463
0.6224261455067227
20.00030550746518
-0.1559579322394151
-28.079619719414016
-0.23678626987068538
-46.03031227930724
-2.352448553938203
-26.42719663363605
-8.526282019415424
-21.484388212344264
0.4363838311234071
0.2085122105732815
-2.762342510649702
-13.519982851284116
0.016239004896333214
-6.061424751204053
-59.420071474944805
2.623397909920415
-2.644864542720191
-0.013309338753771575
-0.04875200771875879
15.168644969474594
-18.821826069233868
-0.0005142356713343443
0.9789190437705663
13.886264949962579
0.46322334308863156
0.18365336311999608
0.020624173998073828
-0.6037280502331213
21.06013247112538
0.3236038801246526
-35.22568771347777
-3.9568545571854203
-2.9492434777713386
-0.0059829870549643555
-10.482272526330876
-9.167539489396933
-0.30474658404949156
0.01986962685111526
-6.595777973663094
1.2366171782692381
1.5375997311862197
-0.9219225312698206
-0.0735255314403467
-5.056727218006591
-2.8974019941614735
-3.248063248005745
-0.24969920491615077
-0.4165331181061623
-18.489941567996688
-5.493170063590753
-0.05335765867299536
0.7472141989683793
2.1555658871122763
0.15556264212109014
-9.421935780877845
-3.251070439251746
-0.8611196042722558
-0.01877067653048556
0.017852354103974115
-2.2474029061892207
-0.37081578211387595
0.3877646603364363
-4.6274984231843295
-16.912492694825378
-0.8262522282351029
-7.718005896395096
0.043685333596927785
-1.0776189002242824
-18.559293799548865
-58.478923959120486
-11.104047749597957
-23.58411570183849
-0.005025086021896299
1.9148768419307913
-22.23990732448684
-1.5576854085039153e-7
11.080627243449593
2.1313309920063115
48.140654713710575
5.765921645010538
-1.4212669273879823
-44.45816209796704
-0.05392549020539264
-1.0160162331239282
0.5991179715279752
0.0021042640536498613
7.229209259000925
-0.296857519219303
-21.172835714438715
-1.9722586852267554
0.29776062014782884
0.21356097581517552
0.07633656567836587
2.593938069836813
-0.00908143263046363
0.00019472362932561267
-15.836483943409782
4.565519176076763
-0.06817370491170947
-1.3757754810899887
-1.2107934422885447
-1.644339136009864
0.00596924624411116
-4.045887019805611
3.2158531631596663
-4.618729461841061
0.03563546685509566
2.478076453729713
-6.3515547033316935
-15.464891007102242
-9.836557338365562
-0.6522396291096285
-5.702593400412239
-0.06695410664335098
-4.918670694312277
0.5440638703912243
1.4641930351888996
3.671609629315548
17.216383649111172
-0.014309837741490016
8.74686410173629
0.014317536566140019
13.912395375700589
4.015088354006308
7.929357089859296
18.425342948642548
45.96880910018392
85.81507443050857
47.80637922422489
-0.020395358035605268
-1.6748266711516007
50.93747065602023
0.9696563324184858
-1.632761636249351
6.064071917650787
16.57857010425051
-0.5229050890587398
-1.8980303838497452
0.514103975393148
2.4722261400214203
-0.1258693997054354
-12.453368693980277
-21.383279818082578
-48.26023512561253
-21.611130541685004
-0.04015062677594109
-1.1269128419663643
-16.557861678722315
-16.218240468524392
65.1849562155856
12.45006494898011
3.424382364368038
-1.5746047484824621
7.477914252451747
56.83384026362779
-3.435216370009212
-13.748102556521856
1.0901736127908
2.106716441771822
-0.0005230336778321897
2.9112260014752844
26.182117499264727
-4.839443449097815
-0.019939181683752128
16.14244765961537
6.320308572978952
-0.0870910036916406
-0.08634024380409164
-0.30729812109891036
-0.0008776778602582868
3.78660512917607
0.9548449467090125
-10.512058781880837
15.065305797306834
24.508958126308677
7.455310763367619
62.746672450151245
72.82689014616102
2.50963354567515
-0.002554029674075057
-1.0530904097877725
0.017762621983714647
0.6016804423636657
-0.09865197553867706
-18.00494059078969
-9.01670440981994
-19.94956601147488
-16.832987636027827
37.46729427758803
5.191829262666235
-1.0669510372726811
-32.81705545232778
0.5104435523685199
1.8846849093557192
43.585247735920966
7.999886183681016
1.8759793037298034
0.16532867779007654
-0.00223097832647131
1.3176999915856362
-0.9560842472904535
-0.2058272746901275
-17.94259410081041
-0.37819852723933495
-32.87003780464441
7.930223326215258e-6
-0.5375293883629599
19.357346905782638
16.691921018405473
58.84565149680845
28.861911984048778
6.428469827858698
6.75320730289362
0.18894398342378146
5.9109180017082785
13.215183064655148
24.575141824124724
10.863912140719545
4.63356083101604e-5
-18.09512889442562
-46.61987602101969
-2.2353943371895637
-0.5070390608124221
3.243563558629547
11.432119214790797
0.012096211450335508
9.318099318021561
92.06262429760278
-0.004669166490664682
-0.7708566388737398
-38.60237880451135
-0.03165998118939062
1.3237525219893889
1.6551560235241234
1.4890363870927878
-0.31631873924889437
-20.68051592127973
-7.573757921794995
-32.57654379065978
-23.88093289156902
-22.840481324892384
-12.74386252912192
0.04055712855204235
-7.372249398486096
-11.136727468978828
0.18838122721730596
13.01202165235751
24.125178756206527
0.08724863326984665
-18.122506099345014
-3.1070192947499047
-9.69963054128993
-147.1269950280301
-0.9901255409044721
-31.074077596191547
-5.488542967030571
-5.3089550223472575
-1.5160548192956649
3.576523492141252
82.23005334821701
8.66455656576045
5.181586213845682
6.621555658915816
0.371089668330396
0.0009178522782060063
-13.379235869727541
-6.781501094061188
0.710380603248281
0.1289631683181283
-0.012154923592084966
0.10517328683373768
2.4440143991450926e-6
-0.3596033590789179
0.7015566640627082
-0.022021329166541415
4.895192680922795
-3.2133257885189734
-0.2550607741223893
-16.602031122264133
-9.855411205924327
1.1459491091346474
-22.354484183550976
-1.5689417335218878
5.566291349318581
1.7400455255225786
13.960553028430706
-1.4468932920229554
-27.077691059819834
-34.40972533326624
-6.8380190060674835
-0.44220229787565873
0.4687404675954712
14.406923814271316
152.8775629373097
-0.9638502207532016
-2.4513451031234013
-2.5188975492783996
-1.7615868356276636
-0.017137462119621766
1.6516144306085534
-0.011429217382571664
-41.447509579329065
-55.249144501912035
-0.00025407361978248635
2.3169644156628175
15.905626935358171
36.701322970540346
67.1829880957987
15.47430248350146
0.5998375146802906
0.16072383339958576
-13.254218822246782
2.0751297208766073
0.10061662354060674
-0.16605786106900033
-0.27427033111214344
-10.013899728230735
-0.5553988737684415
-28.317263970201154
-4.127448537310293
-1.7404639719183186
-6.82321657874268
-1.8046942634292
3.98930600193647
-17.787739203187503
-10.947041236161043
-5.610218184301218
-0.004086100611110995
-4.055488926965536
0.013975809323104904
-9.991264851091543e-7
-7.989862056681833
-8.527834490424498
-41.47539030339938
-0.06464243479706709
1.1496835694589345
-0.005499739448098432
-53.25222178983337
0.44549659474133696
-7.824716010672967
-0.4495541613737805
-0.03256453650086032
-0.08072617494808566
2.0021814401608573
-10.633018590668549
-0.04520425025311098
-0.5228171269658861
58.56545725233474
86.64453299254828
32.73212482046035
1.722168983153342
-0.05819113738080776
29.652342865895672
18.421009352489346
-4.76570758423467
1.5726757361342105
71.08599792782205
60.352244991223806
42.78044022522538
1.632550730032421
24.20878454658698
13.452984131714603
1.5273102698403915
0.004921491529936177
-0.07660819046122945
0.01652683759156979
-5.219278128582537
-2.590897041632755
-35.38926711401506
-32.100939496973886
-61.93399859997937
-9.615592037741365
4.827752966769459
8.729236076786174
-0.03775919486939756
-25.78001010119637
-21.059450805868252
-0.22130085528466412
-44.508381125918646
0.08639891750071364
10.914894366967104
-0.16700867987452467
-0.24329986739569065
-0.6880197410797907
0.0019385980030856085
0.23864919702812448
-2.754514264413449
-1.152556102824019
-0.030265223595986525
-2.091301798810699
-0.1420333281876659
0.6390836475781697
-0.00894851949716096
-1.0279189984219137
-0.004379027796533755
-8.871682360451477
-1.5797782367490092
-8.16577657117233
-5.2076660740310405
38.071679404233755
0.1668415588436812
0.11603950996743195
0.9207721246824732
0.47675060382922774
1.4696350053604192
105.38464506657799
82.55230480432206
2.9003578091762265
0.2925179415518817
-0.1697705507263744
7.503990213372502
36.0873857091224
6.257082367448912
0.6079162492820585
1.0532070458833744
0.07846899542861929
-4.341728887559585
-3.9327317966498834
-2.5032147488617347
0.007799481555368515
24.2925986433521
1.1270217733696501
-2.9809225984600665
-9.191311772556613
-6.124775657665078
0.0010469830616327063
-3.1060782870565413
-0.16416733717405643
22.156066044004568
1.1397816260268807
40.00991730748319
142.69692481789264
122.6265689701903
149.68995527897215
6.407913093960668
83.65659470072718
13.877933911213354
56.09506467766996
82.49551308745018
266.52780361732704
97.90582899145078
151.4591234036111
6.379819263312133
-0.14725375507982677
-5.155713203869706
0.001277404147745639
-6.527245444197191
8.67843553074057
-7.084143658418429
0.05062072980198512
2.1823412374336613
0.4779223625271189
20.586298498485508
9.666186157107296
0.2748626954329319
0.3980876381466103
-2.173605240634232
1.0820619089474726
20.2309600594827
0.005657227657927662
3.545309015891807
7.564657174693236
-0.4216729633802496
3.765168832056217
3.755454445381266
0.3147646603063109
0.2492316111846107
-0.04451065350627607
0.22360022210145364
1.4738144655050534
-0.27302058239376925
0.16245480018439526
9.69714495486154
0.02690077398913299
-3.3121655146117313
-0.05514855399222679
-15.194591720601885
-0.3588713545041142
22.930491186105893
55.62188507641498
44.902638312181
1.6820717658909095
156.92755174213536
55.10750434392376
33.19535664365122
87.29604047838886
67.1368948021063
185.02655733581145
-0.8237093721416604
0.31031315763335177
-2.2619372601655745
-12.766997442051643
-6.545362932822108
-25.3011185127551
5.929345158737713
-0.04099638780411977
0.3315586554948731
0.3776205509786157
-4.0761374125383085
-23.81881285821074
-0.06094984591562581
-14.918318961275652
-1.1589264451999373
-11.795983274590059
-4.454606007645702
1.5661102459318197
0.5642612749255467
44.68848013597443
10.122897182461124
23.50771665649468
14.936812163835642
7.805306898992433
-8.431134156630645
-5.017824972714522
0.259436664126195
0.5441548656371348
-13.384561332959198
-0.1988917307251508
-17.79553501948698
-2.1562214419331514
-0.1792238048252998
-0.032477002275231336
-0.05207190230749614
-0.9114333424898148
0.05362087685995147
-6.462065725703452
-68.08339520412886
-6.711966950379091e-5
1.9117634436454964
12.100951451248664
6.420167815015181
-0.0003298993977967363
-18.872378652082567
0.0024370735128956818
2.1628413998127223
45.67166895844315
0.3247037964218365
6.9039606177385515
7.380455342525675
-0.0010143501578497081
-0.2323564936233293
7.241914367991755
5.266493724866195
-0.19986795870323681
-5.762362702546051
0.00013428573694870217
-19.963611547349853
0.4271264343143618
-1.9691666309915132
-24.199072993532607
-2.1059062247359526
-1.2158272447920973
-0.023237138169872353
-0.053286286332819816
-0.8300826667980931
2.3937910649153786
-0.6444024684286964
2.991833267519768e-5
21.847411371418133
22.67043450029356
-63.897547979392684
-16.53640934233217
-0.44173201202669105
-1.309851956096005
-0.010779596117357373
-0.9796890923263981
-0.6177853492177593
-48.31790274454642
-4.510613275809687
4.180878920678024
-0.12983220242225385
12.313676669405925
0.0008935583537213382
0.1982534961431431
-0.000691014255925729
-0.5874416621189759
-0.7184041307838088
-20.510356368438295
-23.669345218578446
-0.3137494751919557
-0.9743458800313846
-8.151702873627963
-0.8012511783769113
0.02173514546526749
-3.5724187491775444e-7
4.230347498497521
2.8961623437214152
-48.175538178424624
-13.585883050555411
-0.3309432620185203
7.484148224316694
0.4270888957798213
6.993491221214885
16.95359155560132
37.300363803458694
23.94304349867181
0.037865241548578364
2.965673559128523
171.10943702745968
179.85176231479338
24.50954962205007
5.053003658127402
-0.46677314093400374
2.693498857221118
-0.014214349448197215
-0.23618813760282567
-5.202994680470074
-1.5552059459075136
-34.94238124429707
-16.349185830204103
-38.961133127513946
-4.075624977312601
-0.4186048088870593
-12.343234157091386
-4.799871030668591
0.02191880492729361
-0.3907683230357369
-1.7342970234768358
-14.793429690215548
-0.03544845331818369
-14.857402826421817
-0.865316842917445
0.009495000631269316
54.06769784768397
-0.19924376634781862
0.34014384284552884
0.057830295731629976
11.338924314845903
0.00043066890778835186
44.28726124194098
34.77224787140419
0.15452472541704493
-0.6622146995928239
0.522137021768213
-0.12651665223329508
-11.584131269315641
0.015411811797182467
-0.325524568345698
-0.002942960117423536
-12.845377590812104
-10.008764405788037
-4.285756611262815
-52.012173802799275
1.7582104198844308
-5.818752186586216
-0.02816235164664618
1.1623866807934162
3.1891337959665886
11.08120112058746
-0.28575947886923636
2.246476209761598
1.6332554668135997
-1.8119013869145004
-13.699936569773792
-0.35631877820837937
0.0002535578031661264
4.343763017943825
7.704614270561643
3.9282225016476513
2.1889674849581575
-0.3184291424527433
-34.14733286092603
-4.282480341784657
4.615249568755271
-0.15373093053519019
0.49328332412827103
2.9890136539484042
-6.891564965530999
4.6449108069097536
40.840336329520234
2.5479478062890797
0.013121045739335573
0.8461294852864181
0.014858555286622652
-1.4068376975174732
-1.4944877942944985
-48.46084016898654
-2.5979537812042075
0.45932481720118484
19.121983470119147
-11.642000113475827
-13.02730342984749
-0.4441700967931716
-0.056113513042226934
1.450955972138805
0.002796310995399968
2.610957575118272
14.535690144683606
0.00041660063520955866
14.38591818693012
2.021587565993195
4.082590524877134
-12.615506966949077
-0.4097786049484505
-0.1535404013912891
-18.313790218727053
0.11920961914324688
-0.05682460840807586
-0.3072398752772576
0.02291956807605824
-16.147280027099978
-2.675812159482306
61.143125765816144
112.48471066641865
29.244753521571422
180.8276098849188
2.625584212706561
47.3553033503504
34.41199488889231
7.092270495054276
0.4336164631139113
-0.7972971233862817
3.10283868371511
145.48795214674166
13.484569716732395
90.64114324088821
47.861533133845754
-0.3026542473684651
7.605202599906149e-5
-7.9945055965960945
0.006829412980612517
-3.6729501893687573
-1.5899581289752778
-0.30308956625268496
-17.114151339211283
12.212275905935543
3.4620059571587385
0.930647419820849
-25.22643653895752
-2.5511138172992474
-0.003956924465988554
3.461010773187854
1.497561708727784
-0.9534420453788061
2.5302631225977423
91.19011526218281
134.3553506306151
157.10221606303898
62.77595063252532
153.8403659487542
20.624682218488598
3.6890317513928585
6.365813065580528
135.77766643520718
-0.040205336361933804
-26.676597419308532
-29.20085181186832
0.0378430279213262
-24.296895813134736
-1.6012842076384404
-5.081116661914294
0.20515516356885316
18.50165689032395
0.0009884315418482008
5.361982122091616
0.9475200390756662
-0.9092533707384775
7.076136971605411
-0.47470151412220046
0.35809505106221806
-15.194568275243238
-0.766681526421139
-10.376706084977375
-29.23699444388635
0.015415133496059387
3.1334022917168007
5.0710803913533375
7.945920190379551
1.3577580547328993
3.873657938442426
3.743098006803406
2.4283484175026944
0.05101028549367162
6.031893648790915
-3.4687667285263877
-72.59407855634414
-16.024067087599544
-0.035581487528584615
2.6792044767798435
10.43009745894865
0.6850403530352152
-1.2402327534486712
-0.39701599588823483
-17.674236136918672
0.058149626154822415
-5.40518468135047
0.05304338027015668
-18.14427234013396
-0.027431685122725227
-8.847681176547148
-0.2421251914069582
-0.8159946521337966
-3.0309646764813842
-8.472103843881301
-22.031968887139264
-23.25036077646955
-10.082383253086485
-0.03799068177479274
1.6037617561597783
-0.028239668950530934
-10.624809907731096
-0.7020753238870786
-1.032465240295759
0.0004116116177012457
17.863408544778277
-0.005590264460571965
21.259180010892425
-4.1757381734335635
-41.394044144557604
-2.099939765751198
1.9607522445081997
5.253322923997325
2.942220760465913
-0.7944321223191876
21.050848955767744
3.710142855134188
-5.067189665763066
-5.288646253591138e-7
-0.8427721865094118
0.07206744454725156
-7.464359436466366
-16.555933457288187
-26.613446224898492
-8.122619977300928
-0.9798998426045711
-15.461531712668348
-5.766345405494368
-0.09165313230208154
3.4455830262274585
-10.962237777629255
-1.48342117213884
-93.08629774819403
-7.526232905803048
9.181542716103689
-0.04853586745653684
0.0028828081416698128
-2.797734874532274
-20.64619606356664
-13.16103796068005
-32.38528699717112
1.193130613270294
-66.50758625215647
16.75038791186403
0.007139914109702654
-6.22395097155632
-2.026291706545577
-0.024273125442985197
-0.5302291147960364
0.037130614036834916
-0.7386746785606196
-4.356006949270222
-13.152864293991968
-12.108416266821617
-37.79331847825026
-23.61827679663303
-15.28522000546034
-9.818473070461916
3.033968580869974
41.22264787229912
279.6167694065811
383.0892388415753
779.94371840603
449.482417872189
197.38866578554914
99.32021944219746
17.878268746084128
2.3227990091763995
0.4519741364268367
-0.011650226490952573
4.528579613836868
6.9829823060219525
0.45247556800665206
-0.0007089145869519918
3.0826243546350414
-21.674280956818034
-14.21210694581392
-13.876975433500322
-0.046166663535154064
-1.5059015845518542
2.470785128260888
2.0577652572501868
0.0008950594815528711
1.5168079568713417
5.662436233999147
41.11089991727351
60.70302478148295
25.69540819149249
9.181901105215012
18.433633243378544
-0.05033033471052302
-12.974053254673311
-9.477863738154479
-11.57779761165132
-17.91757200364079
-0.4416439154453364
-0.8489035515368997
-10.930475478755154
-7.45697445186341
-4.327714464690568
0.20727972064531397
-0.4829627278400669
0.3944628006203297
-0.7194837519990206
-4.499089945471715
-3.4933380436151444
-0.816153880343164
53.310331578203495
8.235328982423178
-6.33284727030084
0.2005234559985516
0.34253429394774476
4.776034565268713
1.8969036613691521
-0.11749383448690477
-2.6990423935632566
-5.557228173692706
-0.07831199356550372
-25.001181397929468
-0.10506805761509559
-13.098057023953107
-3.680179143864881
0.849637319192789
7.229205522762123
-1.6221736532189373
-0.0861191449413567
-3.704495894821385
-0.8800043911658723
-0.0009908735915855468
-19.102507256860733
-0.9198237117344455
-2.4282208292964773
0.28474748787022114
-1.0801906361805196
-13.582799937553208
-6.349880263777819
-1.312057879271689
-6.647563910669297
-0.06658047910408162
5.325091173930616
-13.699425754404787
-20.013384512801338
-0.22888046314594304
-0.05446833679703096
-7.995512934839741
-4.882060650976349
-1.722878852477848
2.2991925690548958
-0.006315058212497632
-0.3712960271390553
-0.059244089015196635
-18.01149832287914
-6.604418469062682
-51.02486479156963
-136.9479776323829
-1.2159295835396653
-0.06886086055454613
-8.849982640785779
-0.351828645065496
0.04416325449684951
-0.14560117740182843
-1.0317526489710662
-1.5598912566350436
-30.121860427201927
-0.08544167537179037
-0.3065905112142248
0.8594991515505908
-8.710545912088326
-55.508036989197635
-16.109104370235038
-0.10595413835332385
-0.032035593035942424
16.965736685382517
8.72977466180288
0.29007074774470687
-0.21370955295754546
19.110099115939086
58.438674744062276
45.99885859933054
92.6878856798836
0.4835931396679196
-3.8049802821737844
-2.8095106886447168e-6
-0.4720594711022232
13.286701561119179
0.19054996800512328
82.1282718547031
2.1062137534061134
0.15725517293680696
0.009420540269290572
-0.9624028856652317
-0.059705474070653596
-9.242384799860721
-26.393058394239926
-15.524838304850345
-15.907485949521549
-3.1421984413212316
-4.436761379888515
-19.333720088833633
-4.871084576027796
-19.216556805186283
-0.5462964852356756
-24.02015787440565
-6.025453563935917
-0.1938764713233397
8.107936113338999
15.935863312390149
28.11502831807842
10.081640433494924
0.9377909366364028
-4.935076549399514
-2.489715518247946
-0.13950993081195437
0.0566659442720016
2.8653522283032186e-5
0.8666137943680049
-4.322350534087091
-1.6069725332291587
-0.004655038327591124
22.329309646831295
0.02885864566450123
-0.11855599044551994
2.020459119842775
9.37761644700216
5.442865724584804
32.15765164507789
8.294473172672541
65.79651433906702
6.401395365113117e-5
-0.7029256369138889
114.19197211649562
13.310698971113727
1.1039975665161776
0.001485453719271224
37.06982459222757
13.273731922269965
6.117929478889584
4.033103615243032
5.319071957100343
25.780149655116176
14.60635695076624
8.947856160731579
-0.9233492541977054
-2.011964609373409
-1.6575242846362068
-7.937691532737562
-0.059453525567189344
-1.336378945890719
-0.004191315872064261
-13.54989853197766
-1.653941230437577
0.02985335495897596
-0.2376253142357832
-1.8269352192380917
0.055813543186604406
-6.3469650724755144
-2.126056803204793
-30.573606227756414
-76.41775770737281
-4.3747279209774215
-72.12380432251422
-0.05788155819785157
1.387106216127481
24.62067698400064
2.7460361694078146
-3.86592129041159
-2.2652229520617477
-0.7669203721712521
-1.8808645010209786
0.7480361447607692
0.18731126807351112
-4.041526075311155
-0.721824614292002
-23.3501202084805
4.452336511380924e-7
0.0021637723553378906
0.6787595613891688
9.221376180951934
12.152040052423104
-0.07390360240921619
0.0003225212157616794
0.00059693195981747
-0.0004524781135380529
-10.920043448235186
-2.8096309374087287
-1.4726724928637238
-7.3719295254196195
-0.44722556983473527
-7.540420295117298
-0.848219821468277
-0.49078525323705313
-25.598949533494753
-5.005012100521042
0.01040724351399975
-0.626624737432343
5.247999385771341
133.17166860477704
294.005732175666
16.956618100366025
25.291335214609727
27.649403984334114
0.0663481551469848
-0.15090784288434628
-29.70693414065435
-2.1285750230970812
0.0032187107492229177
-3.2328789315752116
-5.071309544737996
-2.809217143057463
1.7647351085464165
20.549115366283132
68.74592584336229
60.27341324919724
42.20887517165279
0.38716004167293144
0.3311429249372212
9.761305180857729
2.532637540891824
1.4223193067412552
0.4445910016396384
19.992179722377696
5.074439561386662
16.269551394066855
41.19651593477662
-0.5176991928162201
-11.609402652440309
-0.7693911548206442
-4.282470015421979
-0.07055802411398088
-3.2028736880089044
-0.23877653581678135
-0.15426029012049544
-14.41252841221086
-2.226069208942217
-15.713322439044616
-0.7004524244402928
-0.6562874978930794
-9.581595952686245
-3.7703113567231004
-0.46211523445016045
-45.44722723397034
-4.705451915018116
-0.45211675834965803
-14.019644790904081
-32.551789738768065
-44.59440793698078
-25.375735271805507
-0.0003775664424381345
-0.14946760938357392
-25.519009274826757
-6.859976680324871
-0.0720422367823356
12.154547770457128
50.60167102067933
0.03270149796710898
-1.399951117438956
-2.2150586560973604
-7.662157587423848
-7.968254879272029
-18.71138415556628
7.011909233261539
0.4024210531952706
-11.297161223355499
-5.2582756044659575
-0.028714179673929505
0.7938522585233672
-1.4348293086154216
-0.5443182848813908
-0.0023917868263147414
-0.015530172373440248
-2.7389494887480894
-10.357328064149202
-20.006787298083513
-7.786358668005496
0.37823676204939916
-0.014633141379334436
2.829702945063648
11.125921139624014
-11.550083164529712
-14.704099411039296
-23.989359350935157
-39.49941693205762
-1.788406575457761
-20.820939849684503
-42.421276373345755
-17.319855375207734
-0.5538300995451577
3.064975293172417
16.708602686401886
17.704169626102676
0.29144300165581355
0.26883888406030815
17.192792105278777
189.55358528516294
27.822049268385754
0.0035466245014948044
1.9330392668451095
3.5290473313703847
1.8353520093901285
6.583850350620627
-0.0002634467372308967
-0.8102442431027879
1.2432398085283374
0.8482670944103722
0.09254185228338037
14.955312846093326
9.645603848244898
12.51409814590729
4.538536773855227
-0.7809376762201022
-6.588844519569012
0.26255050756380566
-0.0679005562559817
0.0002890254270655045
-21.178510107183534
-47.07123663012243
-2.4918076931843416
-2.1611183793418127
-0.23643107231209368
-60.945625793321355
-0.21871085978920018
-12.473733033820677
-6.709054034699828
2.9016588404153163
19.379559107460693
0.44306767289638255
19.562327511956976
23.3673837220364
-3.7814313688669103
-0.678270811093185
-12.626151040821098
-12.45581285405961
-3.3949023575042654
-6.938874949691509
0.04280944918761958
-0.1766242036961166
0.04259256978212726
-0.10395335365911648
-8.188399282972117
-0.03984319876771327
3.761257431534778
2.882981381199405
0.07945629101684848
-1.1946031680222176
9.476085198471312e-5
-0.6148687887356119
-0.8719167771267687
0.012302164077136779
1.5911945210349476
-48.023501038295045
-11.74640188021248
-1.850110323536436
-28.112391566956237
-0.011868730554342479
-0.0006898761897626717
11.40291655388816
18.24362454548624
8.95402843456027
0.4186176596596838
4.088804056448284
1.5016942265159954
8.095916577695764
3.1396244126046953
28.604400194027832
47.23442322630859
25.337272909049187
17.113560635558304
-0.21880424736298076
-0.6378137065307016
-0.00605798837888924
-11.36087249790203
-0.1041434950457016
-18.5732011662173
-3.5965028454098884
-4.1153580063252616e-5
-1.3526509129476165
-0.0015865463908268803
12.94715570289701
5.9261351235190105
18.011965270816017
266.9180229501206
213.1161448760856
64.33870139150926
252.16913025029706
15.347616050714068
-16.140457936464493
-0.6068124068410035
-30.682283345498195
-0.3225671085365675
8.911170004791298
16.63257433892743
-0.35366560176210765
-14.588117967579619
-4.183436259771659
-17.933352787027005
-12.598202917877739
-0.46019014785577916
12.568749824574848
-0.13523171342376505
4.371485918739947
19.65112851214559
29.83213463017743
0.001920303148873594
46.73774665787213
21.050577275062533
-0.028986420672674866
-3.1860731794627157
2.655401698777542
-6.523853785204571
-2.7322193349175055
-0.8003513553580821
0.7216363901871443
3.8223498244953156
-0.17802320877145644
0.022381954927834603
21.56134288990482
22.584479148655333
1.7721722769601251
-4.622681649467734
-10.5767087824232
-0.008176210439831926
-60.229582505214836
-19.433472842997784
-37.19571664060514
-26.462316510212826
-18.842512151576564
-0.16015180398794004
-3.165160667163184e-5
0.23404874931063854
0.04000706241757234
3.4105465276268894
-2.20323901950464
0.7919889678934888
-0.19169823224840263
-0.004555375679397203
-0.1575927099621961
-6.863823958877708
3.6329954088492644
3.369341149899022
5.053391714213382
364.85242774905413
76.76453996210545
38.69451427056349
89.48583012951325
0.08824508670730317
84.08527955066263
42.65576150748317
36.31539668317524
232.73801744393128
97.2274525837514
108.79635636125298
10.440603601352352
47.99615191273421
20.17902078327895
-32.88418536177335
-9.601156263065032
-78.86308227950157
-61.17292557473135
-0.08426012162322047
0.008263367422511547
0.0273758777811392
-26.168035263333007
-1.9168347187432724
5.375248388590382
-7.956057954733191
-10.174651931566116
-0.5067080728256455
6.562847594258877
0.04322665992144128
-44.92021914354753
-3.75122073808917
-0.06717291055518083
-1.0365872274600372
-1.6752095109271615e-6
1.0617323056685364
-0.045602667593020216
2.2689192837985894
4.3307772407770475
-4.684825241739696
-5.882908903775287
0.05191182242999845
-1.0441124424990207
0.9036981638174655
0.003914900590428992
0.06967629575728794
-0.720257277087046
0.041822128699058596
-0.005928874279444628
-0.29563899916688274
-0.05360014176707602
-1.1388433675293881e-5
-33.36644162115204
4.369228791171384
0.7484710443832002
-0.5849607144721055
-0.003500310297597644
0.000286947577185352
-0.0007032785333345258
0.0008842251714457157
-0.06915500077624862
0.878675746077725
-0.017927663916039158
0.2112423047421498
1.6950089823206205
4.588010886289003
0.04101506005281691
-2.9495163922590106
-0.0002524585963904611
-0.0023113101742855075
-15.426310634156291
-5.255733293984672
-17.87365595202033
0.0013417668304141833
-1.4342134228392518
-10.707344527322025
-99.19563390276716
-12.10208105491004
-4.448683293352241
-11.037145005426597
-32.38384480787826
-5.39370243549507
-0.26146208884645067
-2.3995905731953524
-6.045225419602948
-0.0018932619505112385
-75.73157111479864
-34.954189465731474
-20.542965024101566
-1.7193886913678729
-17.097879610701217
-2.9609015857413623
-0.0816977017744103
-0.7753814735748685
118.50146988235359
57.88395884005805
37.03031470741682
2.9260543763276203
2.174390216108139
-8.459757115731552
-1.614687599855928
-4.285819369660673
-0.5169307971256705
-1.536449137898822
-28.471859344193412
-3.867770055534557
-0.03893127105917833
0.000846331192465322
-10.803350274247544
-18.577067012951254
-41.27101950406182
-10.94187140716299
0.021011915701334254
5.648526871637187
2.7768085603685537
0.6070710745100824
4.539052313139527
0.3124301201224471
0.7709483117297603
-5.906281040481502
-4.08083401395849
0.8825826020850496
0.5025829911495161
-4.6619219801227836e-8
17.914342095955018
25.073252177668998
96.70526008560503
5.088773996144409
-0.12141007845212932
0.19132800039443373
14.959650080638934
6.76761678523948
-1.220706162837682
-0.07824763408830407
-1.4320218901091852
-0.5494223612609995
-1.8501501485725556
-0.14829427457537184
-0.4235392104166682
35.236928945355686
10.283530206661876
-4.089223540577432
0.5413670035012202
0.12539113586524386
0.12814994626442114
38.49810838560815
3.8671543872974095
0.5077838466136682
3.7368016229202254
0.389203656163385
12.277069696080497
1.5555453053988535
0.5437695480787419
4.691834030121382
-2.773491611485796
-1.946734305657197
0.2053423983539827
1.3203551013416306
12.977026990080502
24.644028806775644
4.2278116330681605
0.03518746072999874
7.121179748456681
37.08448869164363
2.9309813061309042
-0.00474974175790349
-9.161562950661848
-1.39679739672629
-0.005425971347868417
5.742191625706143
33.026375481991714
1.2178817054902358
0.3846077515346786
17.965899619072058
0.016849975082288908
0.978105436864689
-0.8532544601790301
0.17678562838253536
4.38896710653517
56.09718165338768
0.8533016500458683
1.1832390483210167
-0.35249720394398876
-0.2453912584011956
0.32782856839335117
0.3150295873604624
11.264576140444216
-0.523648810395746
-49.043758336696754
-2.7423606993401646
-2.4792152280638917
-0.009187459015805059
-1.844825005202518
-0.470213458893557
-0.7062123272632698
0.8675071351517352
-0.011508004115472753
27.34189891631416
56.96761677960748
1.57518190664254
-0.10979948364059999
-5.894893413147869
-51.95673378371152
-13.091262193597156
-2.823987565705265
-0.5508776302062466
-1.7070784203537575
0.0027637888278080774
-3.403482312723803
-5.609919085257722
-5.983602844040326
-4.016033128446618
-3.1548673481557956
17.640751971217323
-8.903774511288537
3.8419432619563976
83.34191986544951
172.80110123435605
242.6133586499322
4.916969822224477
-1.2551013123412826
-7.153640814044206
-4.051753532341723
-0.0017144289140147604
-7.521604053193179
-6.27907052273068
-0.08513346129213402
-1.3128268239088814
-0.2405139626931418
-10.365247493428939
-2.8728075424510346
-0.20077041177443966
11.569897077816657
5.9490707378813275
0.00035379323663148267
-17.82957961302439
-28.94787179064248
1.4896131521984173
13.626001810147523
-0.0016062288344149405
-0.013299362450291117
0.48565434488865844
-0.09621152532132027
-0.8444949546544941
-1.4461523871234235e-5
0.14680997264058004
2.173015839257411
0.00039016381599340567
1.8491269273175932
0.10968093981555962
54.19619812934234
9.703837185306424
-2.962616368415675
6.04719305866556
0.9394096884299595
3.0633705920032885
-0.005184404017356511
-0.005049014453880668
-0.7029453099620577
-8.319699294618744
-4.75459497853924
-18.538190029713093
-4.595555249289876
-26.144332108596856
3.178445117347815
0.3600002107828298
-0.7932159178070908
-1.8170274398253752
9.376842087186803
31.31752618072064
-0.7090929912027704
6.792481928715658
-0.010916916429741835
7.037006590715853e-10
-0.010876376238887615
4.7988257841636965
0.2664914101426005
-11.18679351053508
0.9113905835125818
-0.01530617026168359
-0.8260315415419185
-22.742824688048987
-6.804616271749152
-38.18652407360832
-2.162181969586409
-0.00037206617431526675
0.21156763588693558
1.2464407971932636
0.0012224661792425385
6.234446179150355
-15.115360896228248
-1.7677554362330752
-5.9142689158066375
1.0513204912107204
131.1363186386142
1.1809416465298956
-7.280865429932219
-0.0032336527061104063
-9.409072839944576
-28.593297144138315
0.03243074493165415
-0.00945399347031214
0.03240370998910374
9.342966175620932
41.819804321173336
11.47657971926288
0.6232047948557887
57.648003839574486
24.168837087649948
10.189094907087865
-0.5736078037730941
6.448920832653863
-5.738721493069373
-25.356228683458088
-14.60703820196545
-2.803017870490992
-0.3219735259962199
0.029740243845751736
-4.0935530275449405
-11.287535706791962
0.191958503971337
0.31625202383198364
-0.009369011326448832
-1.456875379458715
0.01675997657479298
-2.0177619078320057
3.671434362102848
-4.89629347729598
1.2069535675284
-66.9974371269569
-13.905950690689329
0.0008890455488443543
-0.04394549682263897
-4.158700813898996
-0.23172026648204183
-0.014646572269189488
3.780191188072306
13.799253224679067
-0.0004400291767866574
-0.44734233074705154
5.156074007941772
1.2290864736643068
53.758808511446304
270.05491435028847
102.77363227922518
4.092798123119845
-7.223200175172238e-7
-51.53982820759605
-1.0095318335763481
-0.05930325872814796
5.7406134687793084
38.457936386768104
4.734477797679476
-0.14721372856726544
2.5451880016759714
25.860504809065972
-0.01807793089280474
0.7729648756812352
-2.1086712591960562e-6
-27.37012202395613
-4.811358278770051
-25.51641893077061
-23.69152194793171
-6.382815587864576
0.1764223579728562
-0.20426672753441352
-17.2634373441547
12.587655169473143
7.818880925930537
5.433665085314907
-30.214945514334904
-18.758318762791667
-0.5882168895912396
-17.64192873716083
-7.3183028057832855
-5.133232516193907
-13.110728648888339
-6.297161699622019
0.04442802531715515
0.25892514430638974
0.6449363611854806
19.55394468506276
4.583551606641501
4.866250048935501
4.790057580977902
-0.12750000344753662
-0.5397027118157932
23.845838160527816
20.1696729797762
1.4565934454017766
45.97991274854078
-0.8344910978096798
0.7426121005687615
0.038042154610303074
0.34595934797924527
-0.21979942686407322
0.37362163209953736
-8.668463811112533
0.10911213945818911
9.108277829805406
0.023422236710390714
-5.97498588592097
-29.21856728776924
-4.160479077062306
21.240733409581843
-0.006913343551748134
-49.499478586468044
0.444393003185951
-10.057280483321405
-65.26968394053948
-19.345578192324012
-1.845576360070234
-0.3034542268721776
3.2015396135191194
1.1435071941406378
-0.3747684709052851
-9.903917903085674
-10.957307830962751
-0.0014578647417422819
18.940581651101937
87.86182955746754
0.05457649557263207
-1.087735450022595
1.674789671177071
1.0857959992821795
-6.5841110336302355
-8.602773777890306
-20.84584012686599
-35.76867366512476
-0.03545974363159589
-0.0006305377853000849
-0.6181035505492808
-48.554907568604726
-0.048705240399988727
-2.1675454583885423
-4.248547010579449
-6.190160301940087
4.564972084297189
-0.42516853312156255
-46.93657359116242
-2.453188043800319
1.3501130791020641
-1.8960943732286395
4.224660812184045
-0.00522443707905213
13.120781197958607
-0.4853070873362451
13.858313002800948
101.74610495329843
15.525123535159773
3.193083518868802
-0.0026520650714541754
-0.012323629602109129
1.7245670927671335
140.39885602761638
34.052848992136155
0.00018300004098989044
-33.52429931952867
5.800920744601039
0.0011421199989492857
-1.2133146951441343
-15.082391911780226
0.036337830613831584
-0.0020417103177793414
0.0065293621211135406
-0.2844656060414164
5.58435326719861e-7
-27.63207353767534
-0.00849145911887596
-6.844382376609938
0.06094169421454292
-15.703417660430908
1.5553486226395556
24.16487775213532
1.2527668456387893
0.6201699693903316
-3.1877876146551025
-7.034067884474582
-0.5582884822664801
-7.589977752453753
-0.17905769695402934
-6.73030390900977
-3.368268642615417e-5
-0.7670395913752508
-6.954333851990423
-26.719838008355353
-19.237473195558643
0.8338646884024706
-5.316081280364192
-14.265503077701524
7.395117687448998
1.1693183861325738
-3.4641781584977687
-4.968617606826495
19.494563312519734
63.31131628408018
58.08415553368013
300.53635543973616
158.88435720174525
148.67935533895135
12.951182182775936
5.329742934216201
-0.16909291474623084
0.40526847775010133
0.6411713082318842
-0.007598691138312694
1.3587022569444343
-5.081019451612243e-7
-16.85242283127383
-12.244462908741761
0.22749816463105826
-1.7168788615370953
-37.77277389515984
-12.879629144076116
-4.203760096778457
-0.13154058049543615
0.0984623628585276
10.325979235004475
-0.06874530903576682
0.10359733933340848
-2.416740722881212
-0.04993142823027487
0.0006542038719382224
-6.2284363824327516
-45.52252723362088
-3.305211600923225
-0.5974098016498854
-0.1606530280745549
-2.0970069084624727
-19.977882777673663
-26.150534071383618
-21.840927407821585
-0.16980511851251717
-0.11446206938546191
3.0628718436124087
0.0004114364862065075
0.23981543276438627
-7.975086453616905
-2.936682369664322e-5
-2.1213050883446654
-28.545842364000894
-1.9263275374465947
-0.0462192901526419
14.347496829878873
18.41810719502335
0.9833836390485099
0.01268142129513015
0.5092600396462073
4.665170598283453
0.02676501362374694
-0.016708712847965063
0.5646822692976998
-12.089384678177451
1.3377831360886874
-9.710930334020023
-0.6287048093452308
-0.5487718025734539
0.8205954728008585
11.459296364397098
-0.019170042932924954
-15.408755079718041
-11.484725305827231
5.943332684173702
-2.173831665792519
-4.082856887184586
-6.008585600226454
-1.6640454159514027
-12.924841179954367
-0.8510989576174376
0.13071947624411798
0.1034307459354405
-50.71257006314535
-23.804820130212086
-1.6010089117122497
0.006696233466216132
-27.765102609112716
-18.90702087890915
-1.5732593548249234e-5
-7.663302992298177
-0.011138250201858463
0.19985816133722678
-12.113009076975024
-0.012558095381401218
7.124198659162903
18.416327919646587
0.08615182437747909
0.0006145118747801952
-3.3230744910587844
-0.006458633113482917
1.0683152243971221
8.820633476748029
1.6439909977083913
5.403326428165381
0.0611116625751667
93.60297531222712
23.92362647480449
5.0242894875161825
1.1853529243155092
-0.6383962761321518
-0.0007540038512920901
-14.013574554692534
2.345346830340054e-7
-0.0002267098118438767
-0.00020948617750552324
-0.050874121509961054
5.955028788044497
-0.4043805176079777
-0.016769015784452793
14.947979663439927
-6.245384279581
-1.6274591084106125
-49.2428318760553
-20.80255386637502
-0.006437469695485066
-3.681496735459101
1.739515544222528
28.646475395437456
-1.1458380431499002
-2.1114248518841756
5.45810015795481
-1.8272330353911648
-6.186835458975867
0.2142130037340369
0.025863800633057658
-7.34144510830081
-36.45760339068004
-68.12736915596129
0.0060216068324570726
1.5702066586579595e-8
-0.46902160738858395
0.0030706565891170396
0.22538219512766905
-2.604956956453456
0.005638124432044739
-4.34062825992646
-33.39323496996837
2.0328443477005966
0.32425814232447897
-4.234995053911185
