-0.02350512420298859
-0.0011749966043510987
61.189361066814996
19.923462392627613
0.0333043769181167
66.64466584853606
0.9896605193638838
-0.1050354024051258
-0.2765120722393717
-27.953520719609756
-2.6743600338844224
-0.1477311834316164
-0.1553283639907764
1.8270828755466113
20.0035124608267
93.47172113366585
31.737132173189405
0.42320001916317834
-14.99216820746571
-6.1501816602865444
-39.27969411570858
-0.08935525946468062
-2.451310677943631e-5
-1.4593266583123912
3.784970612416838
2.0798691584233158
54.44458612994363
0.0048490774573670195
-2.980772767377263
-0.0042999260819659895
-0.4695568636549319
-1.1787211509132558
-83.60156799746305
-57.61756807871306
19.51440141955182
-32.26931555610031
0.07081777236059023
0.0005144246063964397
0.866065025643683
-0.9957068646548651
-11.37735311772645
-2.3748823517670408
0.0001294021470629488
-2.812699971703645
-18.915766302206514
0.4667009884806761
1.0767992988912118
-0.20816065547265708
-4.040339772333584
-5.308705776463734
-1.621409744337104
8.005998267533576
9.378719631876727
4.720246179975663
-0.19620429008613743
9.990341994637438
2.81700989234107
-6.504302438988672
-3.8321206781631467
210.96930389574203
45.11471363012319
3.353687547028681
4.695181446702581
-22.27283337756563
-8.7627718258997
-8.89799143800188
5.946144320411091
73.11800441924345
-3.805121123068965
3.966320861552537e-5
0.04292381286960561
-3.848619970471863
0.013123983394728282
0.6903160614132321
1.5280002196214784
-16.093507622677876
-4.438235903828564
-0.9319527472079917
61.933310414853445
1.9875484591883497
2.1185566410270913
0.014158509608828933
-79.19328032984315
-39.89033799156128
9.607608001065048
2.3654673531556996
51.46772164818354
-9.902405021825915
-1.3149949018926614
2.2051500396580135
39.56344953024859
7.173313907329804
25.381698637832493
4.5304194517267824e-5
24.279191263611395
-18.511058028102287
-30.45647102717655
-6.605713650234954
-0.9546748275342264
0.33893898246057225
7.252096163006445
-8.142916887490887
-2.3590004147035675
-9.675322854953423
1.4018145838585099
-0.8924769955583526
-0.010217295011170609
0.9299606498749471
-0.4297710727916537
-0.017860387078618145
3.256419435621877
0.13239326959621112
6.4573740799612835
-0.0002677962806520412
-0.07357340113568443
146.03173883713524
1.475820642435934
0.4666473500366572
-10.491397611451333
-2.1450537001855015
26.372082858941997
-0.08611946672907621
-72.24389314439789
-0.3121385976951609
-0.023078286693638417
0.027985041690904735
-7.290503336042262
-0.0016934432639571595
-4.567505639395414
36.86007489570942
85.59180232020236
7.611747318260925
-9.738346093686689
-1.5073703144128947
-4.214706784493327
-14.890070869324797
-2.0595588475154316
0.00010862378274753841
-0.6166922184329495
0.002342809895874735
20.57550129120982
8.185875193349375
-12.23633466310945
30.730688424642413
6.431561517225713
13.716584898656437
-0.02455356361649491
0.22386342361527237
1.8408424739163056
-0.26023241784873025
-8.988371124092994
8.257451218850145
15.301725995388177
-4.093065546360498
0.18368697527669103
-2.4858652514697046
3.8555592086749613
-36.25512904187533
-6.82477414231043
-0.3023002260040194
-5.306029266604875
-0.16036285540915288
-0.7826712092052104
0.8854383474096581
-0.18178455131603174
-1.021614573604803
-6.675174453203205
-21.94765392001149
-0.5711454277897179
21.344164697156558
251.80574984264186
26.15367297532789
-8.182853257228933
-37.5627863749494
17.871824177649312
5.343196742094724
12.641428398999487
1.7607792942783775
0.002638096504302497
-0.9380500370970217
-0.025201557551644348
-4.252422782496644
0.7415031731075346
0.1988835287138066
23.402146350227124
0.9706981080731261
-4.707166464006812
-33.35393508323317
0.07401545970758996
-89.63639397221577
-0.02126846673657635
-30.063903739250872
-12.630948430350118
-6.123820989390048
110.2545001179222
21.79204068287222
21.535839204227763
117.80125305019067
1.2368992036372763e-5
52.530189441122715
1.135876502898314
-1.482897839990401
-17.300324193194037
-0.026635449758516633
0.8707326942829614
0.021830699711353402
-17.474021902235695
-0.45016092153093945
5.639995821744242
23.822250973333137
29.010131243915076
11.922336026459162
-0.08539362354102097
-7.9203680581840405
0.00025515901669238004
0.04553215060403798
-7.228581179356756
-6.077632706048919
-9.956987241506036
-20.868227274006326
-9.85283043438097
0.00018506940550781876
-0.12608914587674916
-1.8609329690502694
-2.1493146069045777
65.17960766860254
6.820182933797777
0.006096992627537872
11.749311918530347
1.9161333231637452
57.87685285439908
0.5100305248650726
-27.93089318335377
4.70198741142274
-0.28913074886243967
-5.166417085661052
-0.014522760193295818
-62.30386847410612
-20.700553579592043
-1.283771098056364
0.029123597105105183
-5.8870945278954085
0.1182482936474188
-0.1196583847074416
0.11327160093570461
-3.3138604845939694
0.01430474201446461
39.07804060238137
-5.558586330889524
0.5334119534163202
11.262324095112906
20.5143322767872
0.5680528932515004
9.395188475997676
-1.3248766704872708
1.0400511143738282
-11.764546368928986
-12.807162912782742
-2.742704762933727
3.007968685049695
-0.0002636721949871032
-23.55832450381791
-4.198262572988985
0.0003484530756334625
0.6810015437478936
-30.587813027865085
3.686421444060847
-0.14957698992025975
-0.7423823481749492
-1.1995824154607895
0.11919354477444383
0.024476733617048583
-2.8399756756127306
-0.7160365908661123
1.85580570749053e-5
0.14786648526768437
33.36053130693041
2.333232501384612
20.006485545906326
140.9025314538368
469.79700440302275
27.717298634017816
-1.4253342304335792
-0.02069178508575868
-0.00072904315912592
2.0186167521788088
-0.015447033033080149
-0.213731650440726
-0.008445934355405145
-0.018997850824826898
-2.7727469091413486
-3.8071182846282463
-0.45226573531165287
0.25894970429574665
-4.882382562296201
-8.056739952348055
-30.385578734292356
-7.066831917560693
-12.709405942054223
-0.4428527209786921
84.0279383121674
26.336784845164612
1.2691493234130988
226.27821593821824
14.79083293368205
8.896951233435468
-0.021599271878411725
0.21206972407910835
6.188188212288239
-1.4605363001959717
-12.454917149175545
-0.9768716948243615
-3.4572812476213635
0.34755897885966847
-0.2441220225188132
-0.03441981222664241
3.0196881728368767
-1.322855549988019
-19.947253324466597
-8.772754906450576
30.01894269269249
0.0973332428509804
-2.8320712024453734
0.004087938866695509
-5.240528285258282
-18.129312794298848
-10.375177425973092
-1.1688333646383264
7.018757311026111
-0.3367082627209001
59.53260609425746
-3.9188932066118594
-0.8324263498476956
-8.614744500612966
-43.59615651672181
0.012507093055510041
0.9917228576615078
0.9610692539195851
10.720884721343458
-4.48830818469881
0.14146985001529486
-0.1664157845089702
42.212301506689336
14.187597752297703
-1.3889043747843108
20.931312125673152
3.1756857532037213
20.726039656848478
3.4885575369103097
19.145070350104945
24.5565804422121
6.162561726386171
32.01951301568974
0.2980993039880916
-16.616440186466168
-0.8516647268337065
-5.3499332504368
3.306822687820396
194.04507662407022
48.214147776519425
-0.3406965759103383
25.2786596265321
-2.938475073742477
-0.046991912404930454
-9.69104470141087
-2.7857309658320073
-16.671673003314243
0.04390026821097076
4.368475916466108
-0.20160752504247395
-0.011168380453042985
-8.104586563630376
1.3635698015894928
-7.948507009214045
14.419774219426042
13.080548593340062
0.24081166086858574
-0.2800798769957629
-1.1934522119085256
-0.2741039251741513
-0.21972368873842424
0.009946614685984467
-36.904878089576144
-2.21273239328644
-28.62802284216473
-17.31000777463492
-2.762815427477712
-63.33404738895058
-38.14627903221066
6.136217484918067
26.155691998738142
39.518505810128616
18.074598284867744
-0.0003962146326486308
-0.5581609400021034
29.090631496468177
24.03905717618222
-16.811922634319576
1.5828539945475832
1.2495133019970353
-0.17554006351838772
-63.1484209662737
-31.672956987994276
-18.39502947096061
0.08658326538799853
52.13812820624598
-16.319810397142053
-4.2207074764294735e-5
23.227998175685137
1.5649164182812292
51.88605796250349
1.7367323194827458
0.13772771943013895
141.0070312051053
61.068843786273305
22.98769205593196
59.56236708553005
-0.9160522858345082
-23.023551492495656
0.3846762323735929
-3.1569603629759166
-0.5951001434776707
-2.424466258021671
4.184929190634867
-0.111700123744367
7.244540759699988
0.8852006690041883
1.00710732379061
1.379127419593485
-4.342510376582252
-2.361367225950298
-2.501256733433105e-5
-1.9847406475132428
-0.15572168084036772
-15.065004829648277
-1.9574257310960133
-1.691924521226616
0.7038661295316647
36.03830912517255
-0.06446889987475297
-0.004089130164124393
-25.731899543737356
0.15099039783201476
1.074430473881835
0.008542088121562725
3.12980557998798
-87.52532923388648
-33.22985773025907
-64.29586843279782
1.1976250416973588
0.022109783252672408
25.632462689114604
0.19466479793657335
-3.053321170394742
-70.70406650506203
-7.771324189957583
1.8712497303200077
8.257406880804796
-3.870906591015903
-0.7394112016767777
-0.5475153976735792
0.3978159212008611
-28.215242455158016
-3.9731708462143294
-1.7533172157087145
-12.22362200501973
-3.819503983242126
-0.6336626262537587
-9.1792966079496
-38.6420575381836
-0.0129305856929052
1.8845020172108737
-0.9473264223439352
-15.014137479289348
-5.821651211261369
-21.892189785196553
0.00025510467489508174
-6.070523791906782
-0.5027031227332058
-16.564071704990173
-4.395873298629638
-0.9738514305826227
3.2813509711189037
0.020045970274218054
0.0004996147368532785
3.8234658774231844
-0.24323554947598963
-1.257357698132722
-11.905017561089423
-16.303077216398428
-6.9168272340681245
16.50895256187142
-0.0003538675010525747
-69.6739828513689
10.880576361018838
-11.318170426413289
-117.33050488947492
-1.848651410450003
0.20899596972857928
0.2104871797345095
-0.16816185071603199
-0.2651020394441249
-10.563346975206706
0.7531998500118109
0.039536897988878446
0.3606055068522469
14.866737017191648
1.0734120698797336
11.885857010191913
16.808109813843245
14.492277627495886
-2.5114345717071194
-0.43929000441666544
-1.5039797065931653
0.045617904840221726
-13.164150672109177
-8.230067299427455
-19.39128099241276
0.2713789095056669
-4.2024801414747195
-5.720347212350382
-0.14286072526864793
-1.0634830959915864
-0.0003752755645761117
-16.752780352833163
-3.0929887744034423
4.5110983493843815
-0.9616282844365279
0.24358648444182177
0.2422333994679746
0.5666843725204045
142.05057204693307
72.96755779974953
12.534296290705663
-11.735351809847522
-0.08609034563363764
-0.8567139379070765
-0.551576568972131
0.7459092518635375
0.04466146011152116
3.9621562335753784
4.720192300186226
-9.282444442343076
-0.4632782903679689
-0.005451878517969027
-6.907722219773547
-7.854559700157675
-19.26834000341229
3.961926321514969e-6
7.382457494459098
-3.193692634546318
-9.601695049121341
-5.396882064632438
22.98694682183239
0.03857895569278772
9.292696917394402
110.89302650483613
86.95756937330282
34.05885484335454
8.165478065766584
-2.6293998462952035
0.06555755721771586
1.037527534475358
-6.507448672804957
-0.28748429739355824
-0.7571626282464466
0.0051020444859676455
9.658281813813501e-6
-6.009257173535616
0.08218804873281925
1.6333414502659818
-0.0012681181148760815
26.101072801488066
0.045425030691881814
186.42012382920657
0.12896852926052682
48.67510596602833
0.587151165659198
-2.5344041031619073
-0.007630988373779585
-2.431943935344838
-0.38471510498839573
2.3624913346441523
106.52188572256539
4.352935847642763
34.951085309301
-0.0697182790963148
0.0370771356338259
4.1679652388334185
27.088219254032705
4.628024439712105
0.23346803986853196
126.54535888756774
0.0863962759853985
-0.007171212060220057
18.742657918528487
104.42734907646539
-0.5403354998357056
-8.324064321969312
-11.224577632500308
15.52252346985774
8.95624869775928
1.0863784303391246
0.33743812772551235
86.06968463512503
8.541056354946313
39.04217605319633
104.42565726186474
-0.7382056904426008
0.286106441939869
1.7528513349479389
-2.562774841387268
2.03608439277217
-3.190076218263008
1.902236467014441
59.764054126286446
0.24345706897592767
0.023902285691559434
3.8900002689349282
-0.08023368527973872
-0.21171484462338577
-41.47237909403078
-1.7788639916735396
-0.6743852609935863
-0.16347534891000387
-9.177136167947933e-5
2.6147248513811836
6.045534574936935
2.7410803227956824
0.062494667286821896
-10.569916099748061
-20.465650630702644
-44.563189910860984
0.05084666087272108
3.9104913644721324
126.55000031266697
13.04406710970522
48.30130062537943
0.011593983781279703
7.567464850463731
4.480957759963568
0.12358643121363784
-0.021175089798408857
-0.19461210116978764
2.429892758302079
-4.743789558976113
-7.3746070144470774
0.003713730941932831
0.3553090506812046
7.220610731786553
-22.69937988984047
-7.734447935151412
-3.226108551055663
-2.506991292691166
-0.6455749580087753
-2.644030830320954
-3.94585249016895
3.3997327702333853
-8.161290327955173
-0.14007797268245692
-5.281831919221211
0.93393070420719
-4.721215108972238
3.2519924248702172
2.2417915931694394
0.001934548046923574
18.122579177587234
0.033198763966557354
-2.313739802741294e-5
-85.70893813362564
-0.013800904752656096
3.5400130891642387
10.55962241147889
-2.988679074865094
5.859433222947556
4.587041365377928
0.28109585644061
-29.54169103292504
-0.00689985334590153
-15.929318658965586
-1.1169650043492687
-0.07786252398495011
-3.8888527518655422
3.2094036560135644
0.00933441516396961
2.1084598916292445
-0.01839823408973068
-0.9129460208001777
-2.9127058185505668
-0.1001305152367171
7.234377063001379
-0.48242260749226074
0.24801345516943102
-0.9017716465618592
-0.00017454603697776905
-28.416753002522672
-89.27109764183068
-0.10500144178276034
0.44272390179929944
-12.557162825345529
0.7805568766101321
0.29093073199884567
-4.683748929173013
0.264942298619164
-5.5207038968248305
-9.005071987751572
-2.209149744800699
-0.11081643745089556
0.07447752057772972
149.3320003375309
0.10690700610189852
2.57428151984197
10.323480933556946
4.811696606569345
-48.027068055694016
0.0018800172556988892
-0.0888219120687455
4.051616669753763
20.539537639951906
-0.6033442220297476
0.014799643537188762
-0.001589939588215785
-74.00199706272396
-26.890467414698197
-0.0027148114043851583
-1.3801797138222318
-1.6139805160305638
-6.342333924862251
-4.7300149600168e-5
27.943035219665187
13.976147961993693
-0.5801683947922437
-19.750371971644952
0.09444484064733681
24.763890257260872
0.42081667171680764
0.03313173384657522
-0.5416436612065679
-0.24937381194308667
0.7964575008029082
-0.909423579218521
15.521570025889739
-0.19606077166632954
-6.7134904707469945
-3.5601348724328994
-23.91919987189379
-0.0053949584583449705
-0.7782666247307162
-15.095294889972978
0.002678732379767973
0.7098378833345498
-0.16474759120956695
-15.485503710340861
-1.9607173174918309
-23.656037832903376
-1.513100957698657
-2.256844626191234
-20.072608993148734
-11.658487040797416
0.011669442501052679
-45.8863032619793
0.02531092345091213
-31.619698962847803
-38.497430797816236
-0.20940100325243524
-1.982306497787044e-6
-3.188064256969938
-19.57420705524831
-22.680955821633518
-2.5149018910883236
-2.159473945865899
-26.262348618308373
-29.296427544299167
-0.28365656532127254
118.21640839670734
71.41104651669781
-1.0562226363478335
-0.23908973595065214
10.294556370563896
4.407351187711121
2.2062872444588137
-2.708828010135656
11.726276785369713
-28.469416790058506
-6.02102502040893
-12.20517302866822
-6.4945051533134786
-6.269674919489463
-36.58895573308312
1.924445329425814
-3.11722595144088
0.03779480772209596
-0.012269966615668721
0.1970372685757937
0.00016564483500920553
-0.7052840682615884
0.172323625317304
0.10457034240931024
-2.8083239511168987
-2.4097775968872956
-9.605987118435923
-16.05840140270739
5.608973877751528
-0.00328990998447826
-1.5676052186713547
0.10419935133272648
7.1864098365607
1.13646905487992
3.6151266959561585
-0.0014099440125591334
-0.005688760707589307
-8.46047605110709
-0.00641450033155727
-0.043219246494694614
-0.6352213630741307
-4.934194521724037
-3.358636762095554
-0.06750683679674689
0.12440981396741099
-3.514104118713493
22.73693095213468
-0.38914901550306685
-4.651870212127462
-0.0016760395123309243
-0.12418048437871024
-0.0027410970959881272
-32.414570904998016
-16.725611112335994
-0.7918896683115899
-50.165327345953685
-5.029802098119192
-17.568331731012375
0.21443473418416117
13.002855348857953
0.18137084082164653
-1.903182850306618
29.480868052465333
124.06814447831066
48.77827957594318
1.3169964281808586
2.304679897598961
0.6103304414204079
10.37082942978229
97.19424358117344
0.19272128651271092
2.3912726128256794
39.99530978133456
3.0553852218658895
2.7683858627500544
0.08344954735482638
-0.05259317437333467
-0.04356319606799668
-0.7740270951247837
-13.635077920775695
0.8046417074522642
30.40104138464022
-0.03184937958992143
-23.183598021617406
-0.013183851130618884
0.00016720065272820867
-5.945824356480157
0.7675397440803537
-2.0382960513299477
-4.1626433230769524e-7
-1.6814311286308516
-10.082906377040368
-0.08657375828702416
1.139116095781137
53.92087392619877
-0.020570221001903782
-0.8049545045681747
27.826562562980754
102.28411465137124
152.84717107568497
5.166785139452196
-9.71630612560537
-17.53010999018023
-32.71305984501261
-3.7222183880546478
0.03204441408956562
8.141441987930758
3.879830905213911
9.771633279499227
-27.48064547516704
-3.259394651950423
-1.5799814741137372
-0.13772486439661843
-0.0005933570012718613
16.433595339787576
-0.3898076953314638
-4.946640021248998
7.321202337404997
-0.7874591741276779
0.09217831203049646
-2.4567441432197312
7.096286568862718
23.767896518719162
37.123277433138234
238.68004053065766
12.86502231423725
1.981328480059566
0.00044203992698970334
-0.009813191250657034
17.81305406613945
1.9660774258891258
0.25823967949308946
4.065994599711046
0.5088049862497129
0.5036441651574171
4.6030537826148725
-6.6691378949822395
-4.969637951112287
-0.9774654420809231
14.358953638486176
12.927275305706441
2.1508563516818255
-0.08618021048351172
0.10002076902966547
11.706418302068858
-0.8490859044734801
-1.120449177014387
-6.522758981396569
-3.6103385861234223
-0.29809014881413487
0.4098671529529621
33.12562294233611
7.105060754006442
0.32277932509731755
-3.700852824385675
-26.059374180705532
2.052799392056063
12.837400390951226
-2.494058924919457
-1.202048935778506
5.8002001974786905
0.15484681524876526
16.546853370911023
0.9224854265086936
-21.72057048356903
-14.797384858025472
0.3762612436930475
22.030208816814525
1.3655787907655312
-0.16824885396552564
-0.0386315129062608
-0.0018053827048626718
2.638600551819396
1.0350220900628324
5.86154005462286
27.475504957550825
1.2044865365226307
0.06390058573851742
-13.795738725063677
-2.7223352898433753
-35.2163131476552
-0.2619679780705804
-15.093064625802366
-0.0625685169712366
-6.556890669594842
-20.323861953186107
-0.042247633807742734
-14.155824046331372
-22.244743875438992
2.0672382040564803
-1.0537293347285925
24.49755318925626
119.0070085297678
0.2665866838485815
-31.66587954785478
-1.2512233405921187
-3.22175563271108
-0.01634652071854582
-0.0022474345333657235
0.0011802146442086339
8.049513214046592e-6
-0.05197120015214487
-3.732237484749686
0.4480245633295529
16.07062193332844
1.058300503744812
0.3824353298637755
0.20491295903925033
-6.368621850408472
-27.85733321720535
-48.221362541240815
-1.0653854190383452
14.213446933066958
16.019829211555944
-6.254101020815804
-1.7932874089963398
1.9055001460595662
-1.5795237743342267
47.099092937645274
-0.2517127850314128
0.009682531900293877
-7.444562681537573
-48.24190409137422
-1.3029428564018308
-0.35054581956198877
-0.0726133255507974
-1.1311651121966473
1.798147480122808
-1.8687948317137582
-1.9478685960230762
0.23028932848201603
4.8498160376190675
18.156753162786124
9.00562358791188
-2.6638665654415443
6.488888601935822
0.00034296918001345335
-11.784845483613307
-0.0192279376723571
0.07510487445094882
-19.42131610470563
-37.17501524134632
-0.15380718574576152
-0.41952427187624153
-47.25989999610975
-0.01022814525282616
16.530994035349437
-0.0033935206487232905
64.52742181587666
0.004466488467843373
-2.627087763022501
-0.0023889169487017903
-4.955041523343396e-7
-1.457594797166125
-0.004656104846746966
-18.332031519374183
-9.259881412422665
-1.4059299099782074
-1.919406465582842
-114.72144305318977
-30.19021163398594
-28.25534033580202
11.440307673027185
-0.07215923842585598
3.4269234862886715
-2.0826581880345665
-0.09495268909763734
-0.27392108321945563
-4.296064886202934
-2.048645351303134
-37.72434821340017
-1.005604803922305
-6.763234337818006
-14.483754129587789
-0.04052047192822274
0.22917357069055772
1.4234247034591459e-5
-1.8949613461439891
-7.891158555838838e-5
0.38455864990479616
-0.5578810934212582
0.13722244013283216
-0.3857306203004645
-1.312622860563767
-30.32411568597003
-2.4880970959853745
104.33934511355703
-0.5261135652973764
-0.0002709897411796276
1.5766421453248978
-0.3206742336260442
0.004836271031765239
-3.090914460813526
4.572903123662542
31.768813744219937
229.46843555370887
-0.0749792366932091
0.38606457752707357
-1.4522971302015102
0.4480136525237948
-1.6706323748607692
-1.0760510258789455
-21.391785384166965
-20.930964946207393
0.7297415474195851
0.057984802579941416
0.3184603639186943
0.32560876409563355
17.439979116740194
20.685887833421887
5.435356875626306
0.26542361633669953
-2.430501565961119
0.0007260993995928806
-0.02713629116671333
-0.03263243476266138
0.2294197955719248
-8.503735504032077
0.44271324287598035
-0.5942881970995271
0.26700076274710044
-32.52121283172436
2.223574656574813
-0.2259426437751281
0.11144762872422527
0.3435531391916518
-1.8788840970002847
-2.1922522419134047
-0.11236761017667739
0.6884636535085494
0.07160799224348982
0.163716628984942
-4.167707461076096
0.24514427248613727
0.40202167656376736
0.019200422483738624
-0.6365244136346766
-10.785779282163846
3.514204798029345e-5
0.4720025338332481
-16.750676477782815
0.07991407099080078
-1.1120352719816895
4.543779874164342
-0.4768614952330866
-23.113760187134734
-2.6106815910648606
0.8373300263836213
23.92379491993418
228.10895320622205
33.14578783068407
-0.058765678010543713
0.511769726700945
2.138978746459793
-0.03373282143284425
0.5166711008389165
-0.10389113240171023
-0.41431780988850847
-9.99479902040188
-33.628080389767774
0.00016504482802875533
-4.283207251660248
-44.50780210466158
-15.072978690801973
19.822569607647313
4.586962687441338
0.27308597898082443
-0.09287116029797067
-0.43375667115460576
0.20609425959748146
-78.75112702516522
-0.09462890693416344
1.1110001664186946
-0.07437014313654905
0.4253293455826875
19.960617273401343
16.058130568852466
15.04379798603849
-0.2590173168489736
0.00043262567687187253
-0.3018152122653707
-4.5106013159518605
0.30945635326195803
-0.852234768900556
-0.17816909002289624
0.07423652298346865
0.9071364236537296
0.4569681595758038
-0.8821144942127637
-55.3146538278613
-1.9312083386616488
-0.04621641947186375
2.55762162060534
-0.17080508512637024
12.190394938016976
-0.24896668721821583
-20.903681655938687
2.2056685096117423
2.7864473664258074
111.95620565376232
119.68771881828997
0.056081153775199406
-7.953421112068828
-10.274206514630135
5.361094119886426
39.70971520391808
18.865653847809913
1.312365804156673
44.877376929407184
-1.3575842782328933
5.186327991229047
-0.024611561865551655
0.00023340456089573534
-4.143824689420286
0.027231530668776385
-15.250771674499333
5.509701198118797
-0.311317257005846
-5.910525783739253
-0.0024364391679323836
-4.197366244305161
0.41633279265726186
-1.386500325778069
-21.66818556176707
0.008882971834897791
0.26963716571744556
36.87935396118648
39.68353978976363
-19.588069947053942
-1.2486028425076858
0.00044198224510224416
0.01144730661537259
87.70057938730487
71.92406395475456
57.59720910651969
6.466219825749316
-0.9797246703372743
-27.329289394268056
-6.337472280645396
-0.5349426214299463
-77.9122224635362
-2.3626937007383146
0.28720955611029986
0.36275874979889217
2.5349566038932982
0.021806434884711755
-31.16320602613846
-1.198913762363094
8.660127939798194
-0.4313197829115332
18.94352732657057
-1.9062453665979031
-0.2121915084873352
0.7438193864334547
32.76018739878894
3.7001507591608775
1.7985443887155128
-31.16412197616292
-0.16086999817205325
1.0030881236005886
0.051903308655119586
-17.899068724225994
0.0012961248302005139
-0.9195862635958987
-0.052285799799509314
-5.170469371984606
-1.6559936308962937e-5
-2.4961482771014167
5.35678680685234
0.024578587030143303
-9.701859104466987
-0.15315944268388565
-0.7325499312431647
-1.7873440750599467
-10.213066245265697
0.690365920917159
-65.36604622425831
-3.074690629602743
-0.6975201968992458
-2.1503999669050273
2.798469584289984
-0.7750479695344763
-0.27693561993648325
-13.876533698049606
0.0005447613309352453
0.7548882617540872
-81.86322085909438
-0.0001375193607967032
-0.4158380793122297
-0.2092723516268419
-15.65791925032533
6.913240162858735
33.222262099170315
-1.9710963972626703
0.4643648962384371
-0.7189208299764887
37.15118867055587
-4.936057051260296
-39.53461517517083
1.6056563792232947
-6.864486098570218
-0.002651025539310073
-0.36717682396536494
-11.811128299681375
-9.63284102225386
0.10378989360208758
10.32066248440551
-0.017181882990120797
42.77967176639847
-0.0012154562797867048
0.0014405314435625668
-3.9526234313324142
-7.670860304623539
-3.667407450573214
0.002201326666642407
-5.9651091219102765
-1.217468709710983
-1.9386830543945357
5.497578616716556
11.055170088791124
0.10781879331837581
18.902742411344082
2.1358080705661906
-17.721385207500937
-8.208509628723233
-0.7952812908370851
5.4717630302139035
0.682477970999956
0.02976698297672473
-13.545167617097801
-1.3444444921007572
-64.92412699057803
1.9171365950317545
0.1668686097350193
0.27739786601634414
-20.13061773300441
-10.79602897312644
-0.16596497436230023
-0.44734646615561685
-2.404540671613416
0.00018493830438869594
121.48181253627392
64.0118375422888
179.92116712890433
108.62302376800625
46.37937974482038
-0.2214513628488026
2.2576632807018986
0.3717828468644112
0.4626081294082073
-0.019875463711982073
-0.023003065637798675
-0.39568113375785896
-0.09033127350401864
3.462952663812841
1.4359777301321863
0.2851880453412331
7.195964474512049
5.974531718353009
-0.02273161545797245
-1.0482894792762985
-1.6972708446435572
1.2932597226147589e-11
-0.3994811103941585
-4.068237078184754
-35.33424906842388
-13.498886054460826
-14.288122068528576
-6.547416853642022
-2.7295376157699507
27.723890478666405
15.89507657182916
0.013075170974060277
0.2347120379440399
-24.484698188550997
0.22805107648514958
-11.869842103955964
1.130278400060036e-6
-2.264589652403227
-8.889910550893543
140.9907163760154
-0.8873526051763172
-103.86621489971711
-1.3335462458501803
55.56082177699265
0.25635270119988146
-18.87016308239594
-1.15748210526681
1.974508891111718
-19.78051517467703
1.378893383568491
14.891234144265812
0.6144371767106366
45.64236888825574
-0.19705938654608818
2.894216237420456
-2.5537953802757927
-1.7056443698818176
-0.21786370076970715
-0.0015481935289577075
-0.9144729934089902
14.144571671067219
48.04383932461633
25.926155987511976
3.0914227573083144
-21.4959236913069
0.16741419950722713
19.844372602609834
0.4026635590518541
-1.0471256349668607
-0.2204086339041137
-6.597198735221444
2.9655155850004866
15.31264842834406
0.10468611082132814
-0.0010942238367661163
0.008543936357385411
-1.558408528857921
23.74162303901703
7.27078311104691
1.0566818758989949
37.85752932301456
134.61927257811152
254.87434920644085
723.6527344724497
701.1990004158106
173.81974841539372
-0.03637860650471957
4.9618136751414585
-1.5347131425454847
-5.159879201067341
-18.773288492909437
-18.157812966806375
-35.90002471991974
0.8350819244755359
-50.20952711234463
0.3082871079718209
-6.032753243841824
1.875197496105311
-9.891475208054922
-110.08562458224391
47.52303199848925
34.700935324328235
99.64559571574362
-0.13211386385297824
35.87045874131425
-19.275077316515095
5.433603304671526
22.10364923158683
5.413262775794599
-0.9176816565296342
2.1056789138721674
6.32186783624465
0.004275582847982904
-1.1887035701104123
27.157240202546934
-10.298820832789964
-0.4303720157058472
11.977966902458833
15.058536963619552
3.5452099289779047
3.6016861330266887
2.1270199873035014
-4.157563504902547
0.08280053203857829
1.0672488156777518
-0.09478235186918986
1.0175350789541082
0.00247448635012426
18.5539697487833
-1.7276913122759556
1.948619480267406e-6
-17.030210498318272
-5.821511401691806
0.07116968976069622
27.536734897272975
0.06780939905683402
10.22025411688892
16.96980058747126
43.428458897751305
-0.0024927106358821525
0.2500876454061843
-0.16200394966343856
0.22754940619059275
-1.8605715630258377
-0.17128683923332205
6.810104363577653e-5
-31.629490842923232
-13.979165490718058
-0.013407486956766574
-1.3894646504448875
0.026085840941907246
-0.011637489757730895
-0.4043852266403597
-1.6220405789309351
-9.822239712976824
-20.632256148349068
0.04232709260674343
-0.015555239131024072
-34.34610868303322
-10.040986547717264
0.004311492557924464
-9.109753113171621
-5.358541840658677
-0.4855807872237085
-20.922095260705536
28.666253826453044
-2.5822453879081784
-2.3500320999203232
18.56181545278831
26.06363847179848
-0.0049174192453709875
2.432984034685567
0.00297280758632168
27.843446486703467
105.89854932136754
-2.456947651414874
3.0281619967232065
-30.59457961475558
-10.72361819327849
-0.0017544354836896334
0.000696193614466057
2.3339910638936727
12.758190725333314
-0.05257510036552794
-1.9586274432599855
-0.18491463622167453
-13.477563874111214
-0.2790887892734209
0.0039743174973596055
50.00511772055118
-0.07273688375708344
-12.297300520517586
-12.367374830961936
-0.36959148544986903
0.7380717616711804
13.339926961542828
12.601411175471268
27.673911472290204
0.4439452824534722
0.5943867097573469
0.004460396376900277
0.03908981085073253
-6.602208661903422
10.648301065018575
1.0651741680764581
2.0570817331693857e-9
20.823712025974267
-0.007558217307703734
-0.0003007562128634553
-1.9768763427019524
-38.014869143911504
-12.513857050872424
2.8277868430415753
0.28817708388153335
2.0200822131920657
-0.3047274633180031
-14.294302185502513
0.08332996145590957
-12.502951106581657
-10.407030400000826
-1.629712400164368
-1.3610759466983753
1.4703201984234155
13.48898101884838
0.4809161739685188
-0.00039399010196903704
-3.5242219883924224
0.27742786965316174
0.9867915042584469
-7.814701040905034
-7.077280466306605
-3.5955940435160985
-2.241849211889812
-2.0312556229538035
-0.173855759822039
0.6108073723645786
-0.05860066156984943
-51.06059528280496
-20.7317215958013
-1.0523730471134927
-49.2368788135379
-20.788974025461563
-0.0006330870460864161
77.48598934194871
-22.249592514001684
-1.9014265984856196
-0.20489664507382752
1.764509420825509
9.156218981858633
2.9445636328744405
-0.2617542039000634
1.1500255242016677
-0.06652045274133665
0.0013222812153237454
-0.979145342779451
135.44338383476392
12.067805525923697
-8.982344179411701
1.8669004024139584
2.1978109088076843
-0.7677637536970733
-0.5455186040438151
0.24870932503935678
-0.06947989558272384
0.06465624488257783
0.9858852662389499
-2.319633574059237
0.00239115075712079
-0.2167390148310377
14.018023096605745
15.260098511892693
4.988690199460877
18.15933931138525
56.101240218058955
0.8890760733785066
1.0479309147677736
17.36376947052137
57.43681620815578
-0.37663883559416955
-0.9696980763617296
0.017225383409115662
-2.1320612975705564
-33.714990720663096
-5.895959683330657
-2.2963603730263578
0.13249081552767641
-7.098062078122532
0.6767325065547358
-29.293348197979405
4.5608077563690355
-6.674863008479603e-5
1.4552994140050455
-1.4597560657451982
-2.8772823829479246
0.05378185287710263
4.586625025814009
4.849515579176217
5.9349306734345815
-0.019766615552685288
-0.15891890350527554
-0.0001235939219072073
-1.6604427423509793
0.012063105737439982
2.29171164403697
1.6927209454314727
25.93645291226438
15.550716402035679
15.536705898896352
18.61128669520844
0.034452736469289084
313.2364493561666
3.185314945242413
-1.482080494545839
-1.6551961650180627
-3.132214853558051
-0.24618728581519805
-0.3836243128792536
-0.2628890314450355
-7.10536584996635
13.640996143686735
-6.529941314482195
-3.8187366155153097
-2.211654772947004
-6.071126634028879
-0.14864268602310426
6.329114548829264
88.33874993670138
2.1711609990538805
9.067211648924623
2.1048742887395515
0.04253666912221295
-1.2989160968669895
-7.930341824981248
-1.0500508425756463
-4.236626282495737
0.00014534404681710374
21.6871597440176
20.424782074488892
0.008248691579422733
12.484606188007811
0.039552484065684165
-0.3674960720748579
-24.696624858432802
-6.640248603740747
-24.667015538332652
0.5497709025397333
0.21297738028352978
4.00602909908927
16.94114421954345
4.287300402608623
3.2038638802821235e-5
-6.524134302907233
-0.09219721795593802
-1.2058875676776095
17.237929968304122
2.5395845470869753
12.162302067312574
0.9558534415274899
-1.88856487613477
-14.274129077687848
-8.005776421430506e-7
-7.8856118857974025
2.805361796598924
-8.797664279008501
-0.43195017302512095
0.00017801325679185398
-1.0941478883425881
-2.898217008187272e-6
-22.00443835694975
-3.0821997625433544
-1.3596578473753078
-7.528688358551006
26.16699781720904
47.695226596762
-0.7917860619438987
-0.43478603248957687
3.155451758178211
56.23254383746273
120.74923914505214
86.58877828766374
15.067370883751781
0.049594098620513706
-2.5406330253019695
-0.048984682108429656
-0.2965145869831992
-0.17351462572308668
-0.8140929011901605
-0.0003746700095838569
-0.006937607201341575
-4.694196869697994
-34.402041887452604
-6.655114607971073
-3.9253134712771556
-21.059003013357213
-7.079990939665544
-1.0115807877202077
-35.64422799276401
-2.8187120082638333
-5.891164649341217
-0.013107142630483242
0.04246898695774967
3.1678873830673386
0.004395480735810617
3.1335820950375664
-2.333843355408013
-1.3202338348589577
3.076076758450477
0.0033552795563289036
0.6140639181159611
0.016542910446950946
18.45445783942818
6.039923090222689
-0.0028505302764366552
-0.2421808961996105
5.558606549135755
-22.844290877111927
-20.819806770656704
-0.1381754627792374
-0.328711689133613
-1.164076557999342
0.7358350798637034
0.7516675269004428
0.006627473185391718
4.4004771424946245
9.991318238380732
-1.4854670364208977
-0.05212714764067799
-1.2119791722445654
-0.27135996165258824
0.03163498163495551
-0.16180946839005328
-3.9739196374243755
-0.3173432031728271
-9.044971384966288
0.38006148485621905
-0.31977780573447395
-0.3998441047015057
-0.057761905166488985
1.4365182201228304
-0.8668878828591458
-0.35564126242914473
-3.712237818484695
0.1157766882552669
10.84231732473252
0.03501837454610628
-35.728727438046036
0.4421874358097698
9.237274641121843
-0.002162716285945578
-7.7025756011889
-35.859056186644274
-0.31409201750074955
0.2844432206063027
-18.062729185203462
7.146047287931004
0.024333388566810592
0.8923662738097473
-2.5307896192623476
-9.205247947329692
-4.031258015664448
-0.9464802301230175
12.963070568052002
1.3157945596532956
-0.06755272111321531
4.705200237815149
7.779079806533716
18.44728287225044
38.692486371818944
74.66263523712603
12.318599649164023
0.01367785310390813
-23.651162842324972
-22.16335397983793
0.6146910532940202
-0.11634764277880608
-2.390699785885947
-8.044738671144827
-50.74599484367706
-0.14326021600315977
-50.07675451095023
0.020935236473322252
-0.45896092438202146
-1.531826049319887
-2.822257240257167
2.6900260202322044e-6
-0.016407738843813684
-10.162045124540693
-4.648814533927041
-1.7223567908208486
0.0003335794004076088
26.737689769837292
16.168874854698483
0.1606696032666006
0.057572973927629535
-5.443041810862287
-39.85480471735313
-0.9093183528398594
-14.579162359552988
1.3070425693432808
25.377032884360922
-0.15502418444211669
0.0007289889240692049
0.9682380346450956
0.2748413546293879
-3.3430800916454677
-0.23777210483294461
-0.004479762679549347
2.047607080247615
2.5486592565260717
5.049130227563567
0.9996483964688041
1.5184015925313668
-0.07538488019665299
-0.00011017591298210998
-7.185159980008863
-3.3971924476478232
-0.6688426899990626
1.171623421827078
-0.0013485609589626987
2.081668763389609
1.6189145737930462
0.14660695001635776
1.034197582587922e-6
-16.690328686298656
-0.006978093436337182
7.907888013239349
-15.399150332121978
-6.237669573019611
-1.0526455039307605
-16.92965290389772
65.38681883089482
249.2332889210284
16.383659795985817
29.127953836748958
91.03841118625168
0.0004360650893267303
-4.248086776392585
-42.46604547291532
-46.48465953735697
-2.961531724775306
-9.644832248540334
-17.7575400910174
-5.845202423699226
-1.8487835006084476
-0.006501570838038183
-0.024552876454967995
-36.293570760377946
0.0002662218870005648
-25.699414717636078
13.220432057288823
19.06093489834216
28.32002646071884
0.3339677905852059
2.9891069678851796
0.6290210686935026
0.0287419726804993
7.010491214252895
-2.761034322616179
-21.932360690357886
-2.2714293253801334
10.51586416758293
-0.00516168495654398
0.04799253376737374
-0.9737276841150262
3.015510176178859
-8.788430131390001
21.12650264462797
-0.0022081467962942933
1.7544536675436844
0.134244891963166
-5.443476336829588
-22.563003016941025
-15.833707394802778
-3.211591899163775
-0.7092943594827024
11.156230883594542
-9.939653139679642
-57.89017654320689
-0.46469073539588024
0.007865562976971554
16.418170339697625
9.944297313580401
-18.605344076203494
-13.443884685892256
23.596108832644298
-2.502657200152498
-1.634944319299969
-3.567305753453656
0.8575163955319434
14.242729594341524
-0.005715412396840417
-19.069723301506208
-2.369685802048132
-4.1363705881224355
-0.8095706180238209
29.69750139942828
-0.0006381478296741425
-2.537316628988162
9.130597056510755e-5
-0.6029426412299242
-22.973622262271828
-0.382854554066096
0.00372368268156531
-3.6149723864956305
-0.9092585265422962
-0.9755751245483424
-6.7358133082191385
-0.004943091955855427
-9.311683388830234
-0.013782738351444885
-0.16971486763104027
2.132508277592229
0.20877829957003607
-0.2259956887851657
-0.9072621595942155
-8.719781193849558
-0.2498566560361973
27.724626912731267
-0.27011632778920214
0.2029604530078769
0.18455039917543398
4.948375987899051
4.492089011997268
-0.40659848333524234
-14.25741958411075
0.020425835321518013
-4.587895063227314
-0.0018821186697613147
-23.748528812322323
-1.7574712487613842
-7.481354415199422
0.6461705578482382
21.410455565932804
10.377043631259475
-1.0370043665054691
-20.79153211679645
-9.895740909695261
-12.959524878619318
-21.148359048094235
-27.143592181544943
7.127504160815346
1.5444362766451538
-0.0002497652754202526
-0.3809588652265772
-5.735509756833504
-15.470443609511126
-23.838398628786805
-31.26754471642004
-0.044590306129650085
-76.12207913722371
-5.9709563934286285
-14.180852663970011
0.8045810502757943
42.63749901152489
3.351353967344975
-7.716841878080256
-2.590040552602446
-7.707851886574371
-0.000549710954063327
83.50104573447854
-0.05924796916874694
-1.7936548604970168
-0.992625184179908
9.199556240018794
-0.13397408167655192
-5.521268563512431
-1.195033010358026
-8.443546908547853
-1.5127284593846446
4.501938906878038
-4.151571739554587
-0.003163282590616205
6.408519279506464
1.3645260052541728
5.052656920015987
80.79049395848699
19.727637331646825
0.552311997129487
-0.9623313718079136
17.916530163338628
17.242368492306916
4.354328977428602
-12.026984931508878
1.102144065832444
19.71096466621475
