-6.112030232851639e-5
-2.9625817831664247
-10.121890970655244
-4.905140231528195
-0.4280471748374714
-0.0001807213026070365
-54.25959913137389
-91.83525103951173
-60.56083883539959
-0.0014562560966591889
9.714799652824553
0.10570113323161769
7.448206169157583
-2.9684357910171197
-7.172153401097518
-0.001487448060646465
-0.005293594162191397
-18.234656390538138
-36.23586191406722
-0.7333288039391075
-3.23013394334836
-0.3304901955974955
-0.021037447806477826
1.908189908250924
17.91539064938321
2.817195305377333
3.72660579054813
0.22174628263412519
11.254945833727504
57.21964824821795
5.955857587620601
-0.08294869110407911
2.483940489118182
26.78040332840394
14.384762192120265
5.395262050849599
33.104770448743125
63.69384583356097
24.281525091100757
111.12920289424348
153.66021543528635
42.49541630705427
-4.841952293433685e-5
0.0003926249379243973
2.196001858717841
0.4606443986104632
0.09201886427060628
-2.7301364724318162
-6.232699007224002
-8.366932401596463
-0.06181883591736198
-16.919600953158575
-0.29548298284771485
-2.8828141612547613
0.7233500187973815
-0.048767583085785125
-1.6654126782782408
-42.70766543123463
-0.056609347748747665
-4.322444950580826
-0.0036629840046835324
-5.7141493286949565
-40.332677600269804
-5.188121914291372
-0.08960029921101964
-24.221021989567845
-4.521932181822547
48.5096165714982
-0.03269035963983668
-11.06582715724552
-54.05228681705002
-0.09373091826054389
-0.016089605815520245
2.282945118803811
-3.5409622851342317
-8.84220138194341
-9.949511344028023
-10.840785402051006
-0.1201947243493792
-0.36633455548323923
0.09851267266168379
-6.883526774054848
4.0035310292494115
0.03264635532919199
1.3464969244282217
-11.485990346004856
-0.05655408001442872
20.057615572578086
0.5096462012196431
23.244664225411572
0.0010532775511219138
1.2976876475573778
-0.2213728307957213
-4.17548250593863
2.6285638813133807
21.972361608635623
6.382969513979464
113.30387157934713
0.29060814561528525
2.6988327789141056
0.0004826006880371199
106.88871274539198
1.575862674020796
34.83334327909433
1.8498706092227573
0.57149077826695
-37.795792745383594
-1.8568828872368464
-3.678657342123304
-24.872727622015333
0.4550014299130951
1.2291177465913734
0.27933595108021547
-0.8961329896225954
-4.892371411310571
-4.0801639509797605
-60.248593841476314
-17.763782545206496
2.477284235145197
-11.80880820754341
-9.669583141336048
-0.270947938935819
4.085615276634805
-0.6812861285913214
-20.11580509047767
-21.46224758425879
-39.98747098704414
-3.9800282379405716
-20.393631526621775
-4.35634877321408
-6.630054936322459
-3.882296644198621
-4.163633631735243
-4.859137380854905
24.031129454759384
46.67468160484501
12.248799140021347
3.3546491084516195
-0.0067024935413258335
-1.0238931918593333
-0.18146871242973686
-7.922629998178776
1.3275771757949064
0.5789213627483626
56.76632551496271
0.8249444726544916
6.362543615339636
155.38073682665768
199.8519562177349
19.215999539360293
0.0007263584822184441
-6.809124042948021
-27.417448433336823
4.02014460929552e-5
-0.2893009018503421
-2.0630323271573396
-10.766879694401275
-4.4610384693055245
-1.0518699611274271
-19.33888913310363
-26.698363113119832
-0.9906244497584387
-30.96688398926279
-0.6370819089142623
0.008347812998380706
4.33513340072966
5.18747576066144
-4.802093434174407
-6.412116594880001
-1.2340154284227963e-5
6.989289506887203
-0.7863148015856596
-4.083510155371262
-0.6711867222695533
-11.879627258367266
-0.02788398686630804
-21.021240980596648
-3.080427872727397
5.483388436115174
9.66383501157458
0.5242612831633825
-1.740744780423866
16.612913000576018
50.35937616819483
0.21985562176519
35.52433926478381
97.31382545318408
30.673935065132824
0.38998665576192215
1.980686821492263
-1.0488275434159198
-0.0060553742453278644
-0.07397387192652502
-0.006737535708182594
-0.4041516979392316
-2.1836022831225455
-28.395692516129685
0.3058150290058549
10.195268056480362
-0.40132275882595964
0.0012399135920036805
-5.9907271099451815
-0.003312143946043045
0.38720170812870425
0.9132788455353508
-10.926701423759024
0.17386628419423064
2.4335284729640243
91.85886842994216
0.26548652595745126
-0.03032831359891927
-0.3042019666436911
-0.003501482011634765
-0.9299424812576863
-4.078669835578246
-4.242233384671884
-88.60481521436947
-16.63872966658151
-3.8514865592573364
5.541244965438806
0.04229335275858911
15.766201633744991
1.028518369290128
5.222401927110321
-11.751130143993384
-1.8348335394110349
-0.049422477995019594
-1.2716575843349276
12.17733689645294
15.047065266163148
9.493726972614013
0.010866512783806997
0.6946016592387844
3.5322315946156926
-0.3333179426394986
-1.9293054080162455
0.6096260996470184
-1.6100580437917977
-0.0025406124543626723
-35.52811818993696
-38.992221929717644
-9.584684981189039
-4.154008947690469
-0.15758623622636653
-49.30187796754772
-36.66725547859356
-3.8955617536765335
-9.789407938137941
-0.14505001056245165
-16.445475575150937
-26.51824990602375
-4.6673104925873
-3.3530551466328657
-5.560856418133197
-0.8918122151453011
-0.08263165961469626
-0.8768883253521325
-0.7904912565338625
-0.14112259019213405
0.0025960218817681437
0.37526302211295565
-17.419301543576108
-0.08624052220189686
35.895199346727516
0.5051390611911508
37.0884175004215
17.932175863869077
3.048277453651004
-2.63842913591572
-11.5235706109226
113.00944501693812
-0.5657065732765265
0.5193242902888928
11.374277233016533
-0.015252028610065988
-1.1233160780900655
-0.5138548622521993
-1.024178269782066
-0.31066658963058963
-4.161674059173198
0.6153254277165013
0.4152308728753552
0.00455889740595294
0.0017177978489136144
-1.350318626829459
-5.766481424178839
16.936783532170093
146.41646608355967
0.1410942672823952
82.28561366455574
8.658262329078083
0.0012246612618739537
-5.614071598836434
-11.831414894819293
-0.654805815883923
19.63584483063956
63.39580231053924
-0.0011239943260927699
-0.07111221251582356
21.14617647054918
53.302050746399196
-0.051195367016502166
-1.2192567818600155
-0.004816613185414925
-2.360584132667842
-14.516722911792735
-3.3122071388787666
-3.32523416955197
-1.088285824748591
-40.40381707531899
-22.09874395073427
0.36155221847424357
-3.2524041954185363
1.3447537538788414
1.0522363708265565
-0.00407626396787891
-5.60096505942629
-0.009496865824387251
-9.767458993952642
-2.0944231967017743
-9.583219648500581
-6.310114212201607
-6.332436674003186
0.46135376303548037
-20.693849791898444
0.0018549809580359709
-0.9383677708138825
-0.8717497346336984
44.757895187965126
-0.2751181899669215
-14.993804934409994
-61.907428733430564
-46.15897183550779
-21.263418772771676
-0.0005103703382241397
-3.37109579959304
4.63384484262058
-44.39821758458128
-2.3212103544598635
-21.007965771815062
-4.86907488626563
-60.225175426823185
0.268641977844099
-0.92139303296594
-3.3507285430212015
-1.4165517168725161
-57.50721920124278
1.123429220638523
-0.15528979777578825
19.745930263252692
-3.403604278826185
-74.6805342238493
-13.953681304696836
-0.021667981860118573
1.9952989004172594
-0.5616270403681379
-1.13552412988656
-20.975453930767365
-12.861129491404256
0.20201549637017657
-9.18768162754317
-4.3330409910274925
0.004182474468404572
-1.2636744621946001
0.004031297886593462
12.019483428511737
0.8548580694398926
1.7414902422740834
1.2448258748946877
-3.4680312506417015
11.73890688033235
-0.0683954858183136
-1.6167938484188265
-0.03805165037459855
-0.2868512893014177
0.5182797880932596
-19.777049253970887
-31.333648914204424
-2.363713635172606
-7.03492276731087
4.475788587614293
-0.014498319929414794
-4.206342610355954
0.34115355819183313
0.13710596953387513
-0.0013846853275842226
0.002168086782653696
1.1989679272108416
-5.388379599270286
-11.51390414579699
11.931967491956684
-0.11442838398840931
-0.03790403409730229
-4.344506430464588
-0.7104554900657043
0.4021841192513307
8.54458001061728e-6
0.5583185377372362
-4.781011114280208
1.2361442277410086
20.441179417581157
0.17676993797195478
3.0713797195851953
-9.551957118002752
-19.246319243194705
-0.3142391437210675
-0.029067248826972213
-1.2196695923417895
0.005042610052900975
0.00036249608138542045
-4.964210709948943
8.11831559435066
-26.805597483098882
-25.104666239151605
-1.3255218914134612
6.5312521120381275
-0.03985799148448291
31.45724163440345
0.08586850235035719
1.1116141225632006
-0.14072289166013738
-57.460739257082565
-9.074281127030519
1.0492142365985853
-2.482196441759765
-6.4332913276136505
-57.5935723455855
-1.8547399784596341
-0.11012803453288089
0.9431075740949445
0.013425596527920955
-0.00041634077150739883
21.187556057542494
15.105897573348646
-0.0549427259280183
0.006021603712599765
11.658433117801795
-0.09246112415709352
0.06607875817017816
1.937750725517855
10.270940993807166
82.72345888912503
198.3796177515124
162.7362199996309
732.6568134796389
142.9819015183195
123.66815599499125
126.62178329633639
100.85305772262326
56.23855313195001
4.755260071802572
1.983472100876967
0.2493427573959581
0.22877801784065596
54.88272721339093
199.09202146070734
221.97680987405116
92.22691046664625
135.76879427698125
1126.7419804288959
1020.2431207057373
321.6791173852886
72.02024550770511
28.016196025505124
1.3595283698508376
0.16577807493950605
4.207280154645918
-9.076830116714635
-2.649130297863665
-11.929711173001735
-52.367370863250905
-7.763445038379168
-4.1067445520845345
-12.13256159298418
-6.1699885538540435
-55.47246891407122
-30.47878560221628
-13.733919866798185
-0.00020742997782644134
1.3297017601547207
8.076783361830206
1.2482604525355288
138.7633019763228
84.58853017400138
22.409493821402176
0.9150660702004805
-0.10086371387988255
-0.010421955828773893
-2.9605984361488606
-0.5544925470736889
-0.4367151704720531
-0.017124520008696468
4.049158042134497
18.042068711714737
2.667956333365702
-14.540470542117882
-24.217695176592844
0.11882782035227415
-0.019344905790929907
-31.334733402598918
0.8935276673274912
17.00435004763362
3.971672128974044
8.251714567884482
-0.000511221144597904
-0.5334165934128665
-13.2813028502725
0.43990203407956446
1.2498782263362853
12.835080562444002
-0.3752895942471889
-8.072472592782413
-30.61730913734698
-4.250089839713928
-1.0430987915910503
-0.010587870223358086
-30.788389684969108
-18.897818955398698
-0.3622502347520205
-0.8161296126226074
-12.00811809620188
-9.259237112984511
0.027107898460227764
-0.56271560654815
5.700433487746437
1.6513673040232135
1.617173930686377
22.294001291531206
22.253815559099806
0.0032507752214862946
-7.5449177697657905
-1.7416353275267256
-1.2580770012319262
-0.7709918679455255
-7.869968645843199
-0.2434675738751981
-19.837013278861477
-26.58908043270251
-9.851293265518695
-3.5468933991335456
-24.972462611643625
-1.9741382058361456
0.25258180221503124
-0.010119229626966824
23.221738287232938
4.673728050191882
-0.5306332053055153
1.6318706128582265
110.7790634744585
2.371798514158602
2.5254876428880526
0.11747998960751391
-0.4981212827833928
-0.009097017193902577
-0.16880602526343205
-5.803755007260219
-76.13353021651957
-119.33631491703377
-0.027851880345340613
0.04983285433952332
0.022623437430355633
0.4049086667767498
0.14914316953283158
-0.30291189633973165
0.175051518173615
-0.46067923354033047
-0.007428333696512841
-0.00024669869733349195
6.071169296914856e-7
5.265348017147867
1.8204325065177083
-0.48274879755608774
237.15107583678184
4.064081023920592
25.701074468949795
-0.8236923797773334
0.006771752205309408
-1.4991653470298298
-18.286475875982497
0.06623563081541933
-14.65143526636798
-0.376264054990783
0.004475341238510522
-8.668489874426962
0.13710233583569476
82.2769367391212
8.505806356905527
16.502338369503992
-48.953411500441334
-25.73348919049653
-9.470582412187264
-0.337952815020363
-0.14796236235911636
0.5132539634299584
-1.5713380589139434
0.3817828799659346
7.900283984724158
1.5867473271844161
-0.0004018869649661436
-0.32958159513024876
-0.13041064531463845
0.7350929767873852
2.283139740754616
-1.0890092832842375
-7.667928185047764
0.07044913840789264
0.08296627320579625
-8.736384995901869
41.596456430106635
-14.154466299465298
0.1709015118413255
15.324821572386698
37.2413321104473
9.981728104863198
2.51219336024227
-0.09356159550108997
0.03597206999294322
0.009620653115655685
-2.850146308822447
-3.5036648160287576
-1.434427124964364
-47.917157698531334
-31.42180695822524
1.7614713777105144
-3.303390146139029e-7
1.6288934273089886
-0.005228954663748852
162.75614429469982
53.2481885521673
3.8937588132600673
-1.6073378422261397
-0.006428886025560391
41.7916986098334
27.005123318672528
-6.281710643687854
6.8491253404912085
17.75838470847996
7.447159043770635
0.4682347350863313
0.052125266637216866
3.8122214681607756
-8.625237516822265
-3.5609658363332493
0.000327846631456251
4.328364042408347
1.2812339413117571e-6
0.04625009191804151
0.6553421609494782
-5.439194361171195
-8.741161380718339
-0.04255664151409768
0.015760813293667075
-5.509883497109546
4.9801214197292945
1.9681241783684165
0.6941421024230097
-0.6571965115920327
2.8122633837419415
0.7420612418429111
0.7575232857356077
16.372401637285797
6.334716092587092
27.599176097455395
-0.0014952337816461915
-3.0325081169204946
-0.30087409602747683
0.150183136297004
-25.903510570996232
-0.26818975664476863
6.688822238746047
-19.39511370763149
4.242131063982713
1.1654639521225447
-6.53687896999769
-8.856706643106044
0.22370396834919354
-1.4720657388117222
-5.064352096629879
2.3993256377518897
76.30690628839079
15.943948493833073
23.529654487880133
0.14242874497088254
-2.007868499523285
-0.00015951057810378803
0.23892650854293515
2.9470496056213413
27.134963012909775
0.02320640671170534
5.862901240060103
0.00021762558543865867
-0.007900137887177146
-26.666313196713407
-14.52043227468288
-0.7987522236285092
-5.5984978395333505
-10.350057494947382
0.13829521770111985
11.293013515156572
3.6732031891050534
74.27314519804008
23.721789236315335
134.10562903021273
50.50419279780364
103.52922130551171
15.364168928003622
3.5157138535981116
-0.6157877291590899
0.06378282002239506
-36.78353189371159
-4.843498402318917
-0.11317726138522967
0.082381110682235
13.047762859220835
40.2132240842854
165.44156923377352
55.501818117019106
-6.119474665172708
0.34762212320868624
31.827265848718554
14.486049710927492
12.426382423547064
-2.6502095241785724
-0.4881220480999214
-12.026898161303672
-37.23793435332444
-0.05983756787997227
4.071739484772057
0.14417160227951392
10.046923525030683
0.3645012259790483
0.17658904978202672
5.038257888823014
0.1877602093197828
-0.6785638734190154
-0.13961562199902655
0.2931713862104577
6.848953611669925
26.600187629967003
22.414904294523556
-0.5435063376050577
-9.576011327236499
9.051311216318533e-5
-12.324754864051444
-4.610729587020981
-3.6905625806984648
-15.483691096768704
-0.2861528938106606
-0.4280125535312816
-0.24387451649636008
6.01865330207885
4.3450543382539255
0.059343836162608146
-4.027599690695574
-9.801692944409373
-30.403882809825703
3.983022418783179e-6
-0.055949752032426484
-1.1320118519401547
-31.291809246470166
-5.0970525584852355
-3.3084130686043522
-44.333401716248105
-1.4280286489653404
-0.07032571336003904
2.975129137301771
-47.10453484438196
-1.8341716149632725
-0.9574915771929009
-1.774016631799009
-0.7641908249268015
-0.007873036899404622
11.264849360435466
-0.17901967431982066
-0.9494922648333942
0.5295199907377267
-10.768203435018684
-11.377795911439971
-12.061696318927575
1.2054721637588641
15.037192523234214
0.9156435714208323
37.29818314138849
24.81286557311525
1.9793446905610195
0.09866193554696417
-2.7435493499523806
-0.17299414816348435
-3.8644621716989
-4.898966952385667
-0.044957969033670095
0.6821515691182197
-2.360116699488274
-28.82143447731291
-1.4783680282524445
0.0008478516978147931
-16.622466673685576
0.21463899723880353
2.150899854768742
-10.248601076630266
-46.37453714522521
-14.561661964935363
-19.73706272706596
-0.008243695856712658
-2.1868810993942382
1.9305618407340086
-2.0542753380499164e-5
-12.010293886326796
0.026538054357887683
244.85764888446613
48.58840851104523
405.97950535796036
78.6617445115101
60.58560120066306
6.033901286656858
-0.9898808016303862
0.1792036109549278
-2.327366822852506
0.2573967714781308
1.7394754655238258
-0.17219242422589306
-26.051094566430834
-14.842664184569669
-20.669063425011633
-25.362241674159073
-0.10210857098636239
-24.818784632696392
66.91598443908998
0.00014765612164833366
-0.010949805477849909
-1.3985616705486894
0.0158779428043449
0.15342044053194628
-16.099633111274045
-4.491803302768598
-6.5342971077769585
-0.5011989307328539
-7.033123533262463
-6.124221228422185
-5.45708571402218
11.069979929875753
14.007734821556193
-7.012257294988172
-86.44238726741446
-128.79440612262695
-18.404901065910718
-47.242581860047075
0.7238636629453873
1.2630102951975843
0.0005117871336777218
0.6491802296909719
53.71147428223307
49.350149007342566
-0.11624811176302992
-1.2139992076584323
37.50200260486016
2.1146127133338153
-0.7536889444747291
-0.018070800019935836
-0.029052037358959674
-5.38031145217229
-0.055419910977583746
-0.0031205850114543955
-1.577126060636796
-0.08973547876018413
1.0852199000529885
12.215555554579247
-0.2584243413986957
0.0620670083938454
-0.008803438909508675
-0.01771332792520981
0.1422319490412189
-1.4309234167211784
0.010756268025605994
2.8475658902435335
3.484665154389416
1.0057322324383673
439.71925846058485
6.781855777801837
5.534671080661625
0.0073747094162822865
-0.31180338134451313
-13.940215324216327
-0.14645590866005864
13.976536696724299
0.013123548901912857
-12.048244159778859
-4.698518546674379e-5
-0.8365922092975855
0.0026539083409513834
-25.97514718162047
0.47334811403056826
-6.792910207344851
0.00036700328568135235
4.603435124050188
0.009348822435420177
64.21162195855074
2.174678258039511
6.654069733714978
-6.95631162651142
0.22157946902624545
41.593531505482424
4.513298009218939
9.66575225242309
-0.000986249671981421
-3.730816126276772
-30.980600411631087
-0.419432491840673
-2.490416615717299
0.843132179621175
-14.034216553436261
-17.818171915965628
-1.9453221363201811
-6.898415722255086
6.940292354931901
0.5491475351238206
3.1290617148445823
0.5194546162909445
32.18868530073305
0.055602786194837155
-2.8659601675427826
-0.06397624214557864
-0.07544822141990257
-0.23501129738604437
-10.534939475807006
-0.3713035619978597
-0.19882700496788994
2.068457144514418
9.595455765803576
23.010861069775533
1.59244501591477
10.239792788360306
0.008248883690295345
-1.2317579511739292
4.68238043480235
0.012536921416910233
-0.30975027447249803
-19.855794134319783
0.4557777152050209
-0.4292472020721232
0.39145786265385174
0.3379444951985031
5.408536834809674
-0.006786496838492375
0.12416645635563411
-0.45173810401936426
-28.733780439342812
-37.261789211645706
-0.0001630252041811241
32.43165540163591
21.907174116992433
-0.044916978609623216
0.7579038484680105
4.8822416821317995
6.9002911714246915
3.22438939335648
-0.0009017432892437104
-6.632602300144219
-18.299075850199003
39.531798021045596
-0.2845487924195795
-14.351259293652134
-2.0805888237551415
-1.9297322776282333
-9.00719384099869
0.0026925199335228033
1.649848032412572
0.003174571146458003
-0.01740825646133961
0.4511016089076523
28.20613941658813
0.8645163719704696
-0.2798247709232235
-17.068066504213387
-15.331165934996536
-37.89000555676374
-0.029486044269208936
3.082950192377074
14.172405013948838
11.301692721180748
0.6466651086491029
1.5008131168796925
7.77541065101664
-23.179981423147822
-0.900590586200697
-10.81785415613717
-0.011526751408236518
-0.035541279528151025
-14.108572747219181
-8.94213083480701
-0.6515189521547461
4.239730880707451
2.7069173808656592e-8
19.47321096364451
-2.137444926925264
-2.686926003745928
1.744493344155907
0.6774531375090862
-0.0838360433319226
39.00809108349781
9.597358502560551
3.6261531790161237
-6.835776808728467
-38.075146452097876
0.07016737800216215
-25.487366585286175
0.4428961419698112
-0.0030099830192266757
-17.73574202577611
-3.6405587754139566
-0.8784653044170284
-9.51935953339249
0.17415082289979744
2.6506510243079955
87.53167623182546
7.604960077145234
151.3268646064335
22.46816503312095
192.0995621812155
129.92079063464897
10.60275465753399
118.57256752094936
77.52167400342557
151.63749949509568
148.8733186936112
151.93235354296084
38.499406433194515
3.157408695094193e-6
-6.066560271119605
1.0909450248415955
-1.2710987218939012
-2.501270371934967e-7
0.004686832407502428
0.02534025419836585
-0.2656713270256514
0.24264995114846305
-37.61763931020828
-10.769009252864919
-0.01039462459232753
4.674114614061601
-2.875836819256865
0.0046209311110658345
0.00253053500016202
-5.556683429221458
0.581813559543117
-0.8856449119908701
0.006635708122097499
-0.09147398689174539
-1.72504779246201
-21.872103416159145
0.006600686522814999
-2.38307266181986
-3.2040996582583707
-6.090052696029991
-0.24641173409612077
-9.75265597862928
3.8084797285959198
-0.00423094713419425
0.007067923778396812
-0.5848983883193064
0.5904448675407651
-0.6713591160976202
-0.12279287579960713
-4.118807775352477e-5
2.3492616575412466
-0.8830614582913904
-26.257493540555853
-13.90335473832699
-0.5204724862196026
-0.540027989562157
-41.31261775701485
-11.23720180109726
-4.456717232491348
-2.893375238951102
0.14995206580465728
3.7989037520525533
0.28049575731597687
-5.00110951439974
-2.335380048706037
-2.845307300571507
-1.810754452396488
2.996782342466246
9.1101198661481
1.4748605626330795
11.082677917956572
-0.8946347871626541
0.06237764935940115
-14.56311461261714
-7.658165710871373
-0.47793282925793534
0.8925139627344022
20.282356823031922
-0.15772419373271898
7.633433824689271
-29.928502121702945
-16.901002572964888
-0.5711677927648326
-4.65109809156802
-17.436354033638644
-0.021038354953261205
-13.559830444360761
-19.64545232962853
-0.07110301796251618
14.092068942828982
13.932898595150991
13.725181762237892
2.6461125127765266
2.835313751091961
-18.455595274992042
-0.7667672143750187
-2.7251176010064047
-17.402592564980754
-3.528759129131619
0.06182899189739556
-0.014041453499245656
-7.321530779157335
3.1035953315350184
1.4078091857081603e-5
-0.03754917266759854
0.014610224434668913
-0.0056697899704585405
14.245650514330933
14.979506950288973
-0.7737831895325309
0.0247932719165895
-0.6195797507050522
-0.7379778617970694
-0.04363009267355677
-0.36179439755143017
28.34490069355436
96.13440778577956
46.27987449978884
52.2982875168652
0.07296920033110482
0.03118648913642471
8.856850116931213
11.45349237381437
139.14999035318928
123.64318776053342
52.62693651935834
67.51979499567433
5.276397086857659
2.011918298127995
-4.3057995629738235
0.009770074980591265
-2.6845494484937324
-0.22257968772455783
-0.14015590215880178
0.9478074841846167
-1.9121870394573108
-3.7413410246846523
-0.567480040921379
-2.183808428249513
-19.39948302586648
-10.576882239310022
-9.704347501291215
-7.54868084781707
-48.82517223148595
-14.355314578680392
-45.63416291226943
-1.041030290067102
-1.1787799564488812
-4.72958345695263
-2.729499966484539
-15.129025137875344
-39.300471859044244
-8.998268877957926
0.04361107542219636
-0.1696010477278545
-2.1937324641786784
-2.5242610185678735
-0.2577171982656935
0.25671530089878997
-55.84523255281118
-2.1762932121531846
0.5437431432920852
11.714547105318065
-0.015563216195602839
0.6632618680236874
4.065967235816038
-0.014112764294427394
0.10592887514261282
72.22742304278464
431.9194147561091
59.524651284205824
7.578899844928956
70.21062736876895
0.42507447720027214
16.984876174129145
-0.16467146367473423
-11.771195626810831
-5.0016713317018064
-16.89685996875163
1.4232491496591386
-15.917494929646683
-0.011068089065246211
0.2996932865882705
0.017131592441230213
-9.549478043200795
-34.41154532032937
-0.41424844499281943
-0.0007907158273384176
1.631510896452923
7.144687229616941
-1.8403856647597265
-0.0017764195065231216
-1.1951612120761892
-0.4919825718134155
-10.554214464303728
-0.38853027684030794
0.07441668260597248
-0.23613971758275107
0.022410494782749896
-0.6731602821903508
-28.1444229234246
-0.11274561637352648
-0.0009718423762437987
0.5518272590943907
-0.41799828201107525
-5.571116511980747
-59.875065470074915
-6.673923247888932
-9.4253080892345
-0.48056799193048305
-1.0504058690201261
-14.98942713189396
1.838697215066754
-1.1836995580987155
-7.253562908752195
-1.0587803782912935
0.028370895928452374
-1.1554807281463215
-1.7129499008127833
-119.6903185749711
-7.88346007470185
0.015191796851129409
-0.06980495052028407
10.883426252973434
-7.005825656255571
-13.823247267203557
-2.325314317389351
-5.291076622392904
-2.803848006715731
-5.780112944055353
0.6622701715281267
1.795746708934759
-0.31401151210401745
0.9892891206632483
76.82202923076221
-1.3258253545263676
-0.02185593330677571
4.501106402330574
0.870184744206425
-63.771299758831795
-17.57124317407916
-9.931215108884089e-5
-0.41072282476841765
-1.6329210831055163
0.00030307170009694317
-2.1168782049182044
-5.1997098219411
-17.44658777227768
1.0000524455905908
0.004393958927012041
-1.246581526718622
0.07873074585378599
2.3362247107453658
1.5720937920390583
-2.12043620998725
0.24629498308080675
-0.01787694471619457
-23.741367801660154
-3.4287705729150337
-20.830737494494308
-69.14963891379905
-37.38749490871755
-18.084543974343433
0.5913694742143865
0.6647660812768804
1.63762005421487
-0.15720400983864033
-0.17990954935969378
3.2389449799995567
0.008855216156525313
0.006671316941817178
-26.310586990999024
7.033192357062689
4.292790868527166
51.67482107971646
0.6338715387157631
17.982794421586615
68.24109566576017
-14.150578638179256
1.4490552347183787
-1.4967811555346586
-0.4132325628194184
-6.623143739681003
6.967751759799186
-14.64292726568583
-0.12029785649774095
-0.10710206352266025
0.012506688639121308
-1.7645445721986661
-1.105669912534306e-6
-0.0021357472793867116
-0.17088387474465652
0.006492961295828244
-2.453254749697956
-2.220387624696345
-1.2018817423455201e-6
-0.08764009423462307
-0.06511446781028055
-57.42402071610142
0.7197183902344877
0.00014342014970327124
-1.7509064750320636e-5
-0.1373836043310969
11.239592630056713
26.559599599000645
0.2792953083344782
0.9313185432275587
32.41382384682303
1.299861618583755
-0.011211001412204909
-0.0004428429010890236
-2.422078822170558
-1.4718484695895402
-50.102100158404554
3.737254448419864
5.009829323287411
1.8633255179336097
-0.4266921594058055
-10.872858603092478
0.0991786700417023
0.05200024192173744
3.6904369933254335
0.005098283049977874
-4.8508917671893474
-6.724690983836496
7.320893918371127
0.1533414935434821
-14.87061683042566
5.664169536894495
20.751049993296512
78.14251648068417
120.03834273996796
241.40569340092463
116.3911820598541
2.28519453879924
-0.35828148017370126
0.09286160064314596
-2.158193261035805
-0.10425623004039786
-53.12749080162031
0.055479960397200684
2.7204331924993608
1.498344063184934
-25.645827095896845
-8.318176809003173
1.1016465737184988
0.002448592831232012
-3.685985703298052
-5.390886089325312
-7.446139982987342
-5.1921542961549
-4.772313118505169
-11.382747543097388
0.8424823515344606
-0.07539802023256839
-0.08894099674863573
-62.132597725146546
-1.4938767669818875
-13.276835758955913
-12.932694597997132
-6.772439812224409
-5.622140923842505
-44.73764916585525
-0.09901465915462787
-0.09707406241329355
0.017929805583205238
-0.03835481195788327
0.3541435796414665
-27.599770943719076
-2.523894080844957
-3.1060002829710665
0.8584104309312854
2.1486910834327833
0.16063170061042759
-13.943839368206552
0.3499612437717148
-39.82203406249614
-0.42867993237991997
-29.240662937138897
-2.7020859598115625
-4.0674834100784345
-13.087088791426392
-22.132422565489932
-7.207949274181395
-21.437777554883656
-3.067979228727908
0.0006706842465823489
0.292582588285579
14.18620327730875
0.01331320031502918
-1.5289714718538028
-0.568682494786088
6.944313817691892e-8
1.4789311293418266
-1.2779045681817633
-0.0005289888723284168
-39.26023615096464
-0.1009389804159499
-0.20457747739484894
-0.049633918141832496
-0.6732478385249687
-14.1336714991733
-1.1971682493926061
-0.2120254638178736
-5.66075307602061
0.004824782965430859
-9.76364366100237
0.9535950235346318
-4.102859984558112
-7.4874569634444015
0.2480133398795086
39.827071801975336
8.638195295301498
33.234003225412714
-1.8986381433382462
0.04747994727755392
30.09043092137656
22.880811627012857
20.186810399670748
101.65550917762326
46.06777140056557
6.915990690031919
0.0468267045872989
-1.543453715096628e-6
-15.124970654911897
-9.311823646130332
-21.061894051503074
-0.000510297219556033
-2.536681515781008
-3.143410944174776
-7.586856794985234
0.02192903818350275
-5.342551745525479
-49.38792890928277
-1.8009408006708978
-18.680294348570918
1.1454239189843733
0.04618183287751543
-15.029884396142252
-2.9706227810600137
-0.8968569777523382
-1.1346869277941152
-1.556409076657837
-6.673868160081118
-12.577618256089984
-35.861452228390476
-21.751379967252383
-164.79226172775444
-28.210358659119425
-0.30143790434309603
0.3318762984532633
-9.5960412663163
-20.343162689657838
-16.526252184044434
-0.7750293003060278
0.055808662512093495
0.5115125228601769
4.367633630558824
-0.06020564659714282
-0.12815817927677223
-2.9519751415961193
6.780747588323022
0.19985215348422788
1.481367912331937e-5
-4.168821525458329
-0.741582541159215
57.914886201640655
-0.0027875824668228623
-5.294197122279407
0.3279213703797698
0.42529326289459896
-0.7981187357112147
3.1160073919428224
1.1835435226168589e-5
-0.017706652270288926
-1.985558185271786
-24.395122022651247
1.1334149612212754
0.08090617985016335
-0.004899081572079575
-0.7614824918063579
-16.00964689067219
-4.956325748575467
-64.438273461728
0.4676397932092104
1.1235573480611363
-12.214397520035629
-2.2185264268928753e-8
0.006775220811586116
-0.022604882216820853
-18.018857558819118
-0.20363246475652558
-0.8945329602700546
-1.921383944728673
-4.111210833842282
-0.020276859987977333
0.01319233385333826
-10.360619249154027
-0.040757184511950574
0.09467268363503915
1.4868292767060805e-5
-1.5385075468347096
-4.752095475432678
-1.1337015786580018
0.47226123060410985
1.6689643526411864
9.312878159027658
1.588978700819382
17.12741786787061
0.1261468351158853
-1.1326470904205954
-23.256905650115986
-16.00106502685061
-18.479784066911886
-124.09109543528403
4.555235923240981e-5
-0.07817938501111293
0.15442830298959942
0.046204117497374235
-0.02275861514090628
4.417323888931296
2.6672762506935124
6.172083859186373
0.27498446268865634
-5.106110642898614
5.640065909828227
-0.5025379175303416
-9.33922595477556
-13.33180320616616
0.1333912939033718
40.993976130769006
42.83381079600471
12.882533575293229
-3.7058956184588934
-0.5112693863847315
-4.839770659552054
1.9001220267526444
-2.274764739741937e-7
-0.39943211319571087
-2.1220982770814093e-5
-25.067287120107487
-1.8696935903845617
-6.1204635053088134
-2.0015347908632517
7.074052247432094
61.46722540751339
2.123194861857879
0.9819919405873516
2.6588366602626556
0.9446460652017855
-0.08534225074430436
-1.1342913497986256
-0.6241917529759683
-0.15077772134860173
0.12833230417870622
0.08657410264216703
-22.123448517576282
-27.48584004989135
-4.153964188639367
-4.9333292878343515
2.1186227226139938
-0.5971382707386004
-3.9828011550667424
-15.703166608123473
-1.4748127615194992
-3.28954858758127
-0.0038666269552769693
-36.85490960933127
-5.56674108789585
-12.39365209533282
-5.3533231521042435
-2.3166987903536116
-14.791224208112132
0.06052960081905903
-47.183873974006694
-0.40656429514378767
0.6552607234798382
-0.04678356588444183
0.6159746233777602
0.04743342560416805
0.11847133154239464
-19.18842453470931
-8.431519576066293
-2.092737019941659
-0.02395188893296025
6.642795215893108
2.244409317469828
-0.07567026027485341
-0.5753868904992087
-7.129282333798815
-0.2071770255218036
0.4271786217414313
3.246754349920366
1.9279148679961722
-31.037810313920083
-55.44812158933946
-45.87470134653153
-0.21691776961445
-3.5300397594726265
-38.064490202179606
-20.711563871074226
-4.5726320605536847e-7
0.24771375356587347
-2.0477019493627364
0.04877170946436996
2.3072580526800515
-0.8839231318210546
-0.0179289985241704
0.5663497162851588
45.93074219261321
4.7773794237042555
22.967218180423554
117.32111652563398
18.227384214817846
0.03280971356801579
-13.28369327357243
0.4476092474983463
32.0131473894581
0.1347143846083323
-12.197166193722765
-12.724668527403056
0.08659448488402278
-9.345532949887471e-5
0.3076453467041649
-6.293641579112351
-0.8244556034608642
-11.625042409861132
-0.6029940369871775
0.8156436971756093
1.9527053032990396
-0.017018597819578013
4.9361596576164315
0.8091879783714008
3.518340047259826
0.00021892204636897022
9.875724289421953
0.07419881231401064
1.3459101919132583
-0.21004186896123556
2.5388011863308044
0.8095192062203392
-3.4758260633590012
-0.024699465455340314
3.050595832316072
-0.39526380566737107
1.5555045277662924
3.7646198732898704
-0.12568987272387433
-0.3258977153239575
0.0002332374914076215
1.7172255814770496
138.71935335280122
0.9974883376547587
66.24795518739589
2.2965081831474885
14.855680236192564
4.311983263978788
52.92474369785123
3.105909693084989
1.2191858478449291
87.24682850398509
207.7522884042366
54.13134994730467
550.405007965004
94.19211556365615
264.51223014646166
-0.013809399862944287
108.85235436629333
86.80553951802185
54.9679392476337
0.7690883686325359
17.545461125313746
0.10607543226250131
1.1744230455314408
-0.9652015451582509
-0.051681188204970294
-1.697037473877361
8.408454629920953
8.526437368722622
-0.05015961981684901
-8.49161358946217
0.007501667188648963
-0.616893096278464
-8.179451387665694
-5.721938895716581
-0.11427335363905514
-28.792707171665654
-0.47236362333699117
-0.9432439919744654
2.7194761993458594e-5
-0.0004113149602668061
15.711635496902119
-0.2755560477339324
-1.328346459169684
-3.8040481541895796
-0.3049052066239662
0.1285389994076365
-0.47182911221987694
1.200037522597548
-76.09557430527879
-0.7370418914149914
-3.407119240474473
-19.596971779802242
-0.18426520155666898
-11.697972407800528
0.021498236227653043
-32.58419848741892
-5.185632755260464
-16.447063065198705
-0.02450257852552094
31.658030815537995
115.05141757945867
41.130908620548524
0.34514656791968695
1.0168977612718506
-4.328355861902813
-2.0065320871379426
-0.00085679582409484
-35.955968103377515
-44.748438177461665
-23.44386786025451
-42.946798388411956
-6.61295939810951
-0.8837992035035975
-0.0005808954005358957
0.01067406315425531
-1.061962881781522
-0.637822437259955
-1.1115296721138013
-0.7453395232793903
-88.02358178804289
-0.16181779941182006
-0.11018787508467885
-13.748104505128238
0.10689974886554555
-65.41762724590106
-5.779458460951041
-0.013165227200160006
-7.088224646421698
-1.962197827646731
-34.935947006739596
-5.268752813339249
-24.32231068160404
-64.52073149636463
0.019389069993427224
19.95927747487489
0.0009842053286529802
-13.549802581884526
-1.1223137369350036
0.0012648705037824955
-0.002476348162900413
-0.3695629857849568
4.771852399669644
11.221182917945006
15.949880406965919
19.679631167854044
4.750398267044086
15.392522355816334
-0.013572844051821454
-4.5978879443882965
-18.571175223903115
-0.02078318145049772
72.80622795044705
147.34884848249933
6.723042013378923
2.1882669620959683
-13.88220939566242
-12.238823301303759
-35.46057023765231
-54.117810864177045
-11.315508567069692
0.07812892618908708
-1.3823656661805584e-5
-6.668354595843789
-25.916529279856995
0.2785357920600459
-0.35990278650253704
10.881584333119276
1.437647601487674
-3.244885084887807
-14.995651004390881
-0.7685483504110271
-0.75446299511369
-0.05534849369874879
-0.6706118774602213
-2.118277283318592
-47.085065118328664
1.4959814932878532
-10.469370581325165
-13.102955175438987
0.006954135401077089
0.06585733218980881
0.00045829926212840276
-0.38191546147171285
-22.878889848853145
-5.446324601389069
-0.0007729816655670872
-0.1246129630576729
-0.00421888276062934
1.1715055114547084
-0.7752263459891403
0.00048291951575216705
-0.011912591499816418
32.82684954639711
48.266550004360724
10.65416091457414
38.789827924202974
0.08470054482950073
3.9926026350692814
-4.808902398357217
-0.3315388226284976
-2.499817522179227
-20.32232169522902
-3.6777022934113783
-0.3871929572736246
4.955658806895215
0.12259177430225814
-0.06330132110458275
-0.039478399278829186
0.32580771572622913
41.513086418326075
2.158349002926547
-12.240366235331567
-3.02174640929007
2.7710441797404557
3.0911765901134554
7.483921251328358
0.019460186264572327
0.14758175809560606
1.1297781892748062
0.6419044766837605
-16.51741058857874
-0.0007950385044533207
0.057948068799154914
0.006758428263398271
25.880213607380725
0.00014566811093345624
-0.00034516933029330474
81.81334377608229
2.0913341079219077
-27.49998771513365
0.2480337148911261
0.08421479885103797
-2.0019431494324924
202.0708274101392
18.734478840127057
17.26617675413725
8.690046519258091
167.10435188721002
71.66420644048324
26.35228096964107
52.5934320482452
148.20899448508928
307.8662843133887
67.87061991982166
0.021264818298970027
73.6034155689561
131.39459355029126
344.06556612706106
89.199095490412
136.28421919159382
96.42994765006895
160.6400592768878
53.12750820463276
-4.082203073305923e-6
-4.508988271694215
-1.8772902927694157e-6
2.4293828101600323
13.210656702154834
5.326979677269062e-6
0.45815942821583866
0.020136416800637904
-0.8806681874356442
-0.13286583744802377
-0.56244987302109
0.20434528417593276
-0.08230300929806446
-0.0014713638750146162
10.376484247432785
-42.290462983345236
-6.803078642258839
-3.342540764622479
1.8830341600980476
-2.6277604840286393
-2.0673025023459535
5.589308895647549
-2.7801878747619
0.4921018256687691
-25.460729878494604
-17.913521492345385
-0.06485438636609227
0.0003746268963996876
-26.534468378712425
-3.2614168455460804
1.1410577056375013
105.41357971766679
0.6881195388253546
-1.5316971311410021
-14.548034314758766
-28.754690409092547
2.2391698625647205
-3.9127722786681174
-16.75117038328594
0.010103296736029698
2.4524389688251382
43.03241901351424
23.37039429112551
7.890415624174173
1.2228994428789774
-6.242349817697946
-10.806921384838402
-8.625129526650978
-5.170983974996475
-37.020619505471586
-0.04565311216637674
-0.0004572740090586708
-0.15489717513382903
-0.320995445970745
-2.1001660474966646
-9.774557108411612
1.6782854809433558
3.776194197406433
0.7520429181693086
24.390917470138575
87.23443070538741
8.129237003818604
2.8925503088186737
93.95805710359377
81.4032184527854
3.742574693514572
23.23654708996426
26.89238890544083
30.534170740589207
65.23840034920529
27.61871540105188
67.08236113293815
-0.1367702718440361
31.350044525593688
15.438564097610554
51.6140705149077
0.18249086477369852
-0.09418992187313058
7.210838957363808
0.026395023508146685
-0.49719624757960074
-12.807134836793725
-23.872419949750643
-0.9570678064398428
20.62990128697841
20.355164219555938
197.1283946481319
58.22683891670029
0.011499224883647683
20.086147989544717
2.013932638518186
1.284948096982251
0.057634766931236904
0.8622397281354875
-0.16102739368579821
9.719383077307413
0.28802210105957116
76.08328503338642
5.247304681355893
4.642934259164196
0.020673062304875294
-79.53944938898509
-41.04413280686339
-0.19080437307053377
18.292283830787493
0.03164414166596629
7.066029106671138
0.4674190519546963
1.9765605980488243
-0.8253029626528703
-59.116648727313255
-22.367170236926842
-0.0026661979896833066
39.16124544932893
2.3026315750097806
-16.158767140644557
-5.0339950932210025
-0.8819143268241791
11.404882841066387
0.934229108917532
12.089688827911482
0.45891937835846386
