-3.610138640898887
-4.7791316726202435
-0.006692981933433157
-26.240453371856862
-17.97541021038843
-0.8415297361815887
-1.4673031582715965
-3.373128321353083
-0.5233894967196832
2.4149213610820362e-6
-0.023544520033606044
-0.0022681333629041467
-0.09276114277058628
-12.50734467943609
-0.8673059250706262
-4.321848217842781
-0.8898457404442482
-14.265427736109094
-2.6975487403021243
3.0848044976732103
-0.9719148304021726
0.001962371901091124
1.7679152630428963
9.349035312266485
0.7714570781724246
-1.2243479576809144e-5
-1.1358544309830954
-0.0001254555345348493
0.630089503168627
0.18630996887101187
-3.3000780045450577
-50.5623541965957
-46.881918455658585
-27.06365189679374
-2.4110832305831025
3.5028405064263737
0.06265072521958917
-6.809452600174476
-0.002642058498226958
0.5356488563687585
1.6104476242153662
5.918143611330141
0.004119045700139974
0.8528733121707829
79.04656040581467
68.15407131886947
0.9390318994465001
-8.190705660381392
-1.7399155945247215e-5
-11.371729257636776
-3.558656028756037
-3.14522573733278
-1.0815951377506554
-91.89311911602076
-40.64060537228045
-13.910846333991897
-0.6951336857685113
-0.5483288735139297
0.3994254198442257
8.901423428697242
6.711182713888033
0.01259960028673598
-8.603016481416287
3.698144397823129e-5
-1.898550467718468
0.7240692858950419
2.44513303920131
4.831606125512551
5.063390057666097
6.95327337862617
1.6206838320743564
5.954505192644475
-2.1330513340146164
-6.784723983876731
0.18031288507217216
-0.08058566806657419
-2.7179970355809755
-2.6271125724172564e-7
-0.15049274560664497
-47.909563585099846
-16.60697832330772
-36.699324194565314
-77.2039294900067
-0.0807664777507895
7.185988140313556
0.05483241953933063
-87.19360782458435
-17.384779315488903
-5.526104579119232
-0.4029055306394754
-13.248378815539814
0.7817083282338365
1.1288360883493875
-40.076606668057025
-0.16402988077899308
-22.312895778747734
-11.533320171796626
-8.867248092496048
-8.344962011560071
7.720851706015997e-8
-0.6849200396657412
-11.473208528951648
2.8594941349229024
0.854875666750517
-0.007176718956664375
-14.898654735387481
-4.09614531679065
-0.6036288387059726
-0.9857921142516134
-4.278997947264077
-12.488736312324669
-4.393724950900833
-10.319275465756157
-7.796738740488005
-0.8653928425883841
-1.165358165717707e-5
0.13327263565423716
-0.03011187350973343
33.858559242602354
3.8265375525983667
-0.2536031501424059
0.0001804668609765205
-0.6830811659934614
-17.972364834726786
-24.149785748196845
-58.406944215497404
1.1315008600965608
-1.6862451253929849
-14.4989766704364
-0.0005139506867413852
-53.38289184507701
-31.733878206130868
0.00011374200590202592
0.004407146868891236
2.833021633234561
-1.837342715413904e-5
-2.858322288340231
-0.9208781355157861
6.26209377547606
-3.724547905236992
-0.23074732813286272
-0.0005209350650459335
-0.01633544603886937
-9.12396395891569
-1.1748252134412647
-4.950123400842863
-10.85404533832519
-0.001314881958239182
-3.005313830105192
4.966973546530127
0.6336973590762877
14.999583052782656
34.71947883478478
49.76101168842654
45.779473711667464
8.387408732033943
14.478508244605608
0.12567237751266902
4.508363561144857
-2.0447997505369595
-0.6209397511898862
-35.810695798200236
-0.0038320747635146434
2.8292911778318306
1.3509539842048375
-0.5107337804397842
-6.0523589597738106
-7.707723246224002
0.2062054613095615
-83.68545797616825
-22.49910120058132
-33.5936248309412
-12.87899539024519
-7.170784097705929
-13.691022281431447
-11.149816980766731
-8.01193087297553
-16.383784722744625
-1.452278117567681
-6.248978443861212
-14.323001000813306
0.3447647674836786
47.59008980878853
153.9043966388901
49.229442248186075
-0.6066469025640641
0.004300757439445483
-1.4272927715048258
0.07149372656643756
-0.0029133494766262545
3.684733036713674
1.2803703021374916e-5
0.08392921020919965
6.014939774267336
5.442509171117499
0.8187204951447733
6.7254423048561085
0.09011537044676338
-2.001290789270819
-0.031399560789564726
0.0008032045264742104
-0.19626176137983015
-1.2988726167260847
-16.435679671538146
-80.74430673677851
-8.986699225039619
-0.45017772582843607
-16.32684600960896
-29.209009464631805
-10.019435402508444
-3.893879747829716
-6.655341706315028
-0.007955977312160514
-0.11913995287348815
0.0816035166286288
-0.010471963199227774
1.2571716778146225
-2.091361219635081
-6.7011210604451055
-0.0015009249255587853
-0.7183623841411387
-72.35301566664744
-24.154287189759337
4.042742581910871
-0.004284580256619572
-6.706268477463346
-32.62376333521311
-1.4095133350673443
-8.573091523405477
-14.967198524839677
-7.513940644817256
-0.19331619343228498
0.01883389819081504
-2.6820840441830662
-7.987103346165963
-15.189582036278072
-32.717183995153455
0.01753548702319002
-0.0003858687602268667
-0.5911075912607178
-0.6247529277693861
-17.230156557700088
5.042335525086637
2.670569617058357
1.1935967477611416
0.03384293093985808
-0.8725491345323911
-30.925024018225294
-30.477917304378288
-34.01773601637771
-20.63065241617362
-0.46350417473061534
0.0112560104271823
-1.080590621238118
-0.46701977071189776
-0.003875789034943998
-6.007848253707832
0.0033671811347954933
-78.44797691325032
-0.10600924503309042
-13.020161166336251
3.146610034984558
8.525649730340438
1.3939047062128815
13.514700178353795
18.088319697039555
47.69524358513479
121.27776942710166
10.680462546108277
57.28878305224189
94.49526522685764
70.56244559260874
-0.024442263982502533
14.863762462509584
10.581593971281695
14.452469744702078
10.340679648654511
2.272453903112345
-0.06153453721054434
0.4830263962678779
7.4043409487058
18.12984762233851
117.50064888153875
289.2776213186726
194.9373097436526
106.62308464844673
10.208768772191064
-0.010261829652132204
-4.493913925403164
-1.0268997957495012
47.03589882888842
1.2830421588705176
-9.149696422280496e-5
-0.11951345229325691
0.21734977040583664
-3.1451468516160666
-4.719484828567183
-0.003608645375977746
1.472814420529322
0.057462137658415735
1.4166638672395488
-10.75685916814717
-60.89890495199901
-2.1153830135733376
-4.766076493548215
9.252063788978776e-8
-4.529060450828348e-5
0.22376127404115717
20.419146626322863
0.07222074636903225
4.846458065032557
-22.01303186591205
-31.352800928947865
0.0005444425433093529
0.6877271068087321
6.073914095159273
-57.762129967162124
-18.895693014898377
-2.970376539707451
-0.1566859578313882
-6.39862490010675
-4.829718712301798
-16.703042612373316
-83.06357099431912
-36.02788787252236
-13.092181342113472
-0.0015122126602463571
-1.065944536380937e-6
-4.155839700176235
-1.7458584912495025
-6.875930402726527
-57.77809644679258
-18.026397033625273
-0.5332219807910045
-7.966067277240676
12.223181050705499
4.223856502701573
7.196186945863976
5.803870147782242
10.24645836476546
-0.008746015205704635
-1.2514498002599952
-2.1653838931835443
0.002837876924858287
-23.85368939285055
-19.226163938332594
-0.19177347924397395
0.004329757093466449
5.035008231138585
-9.395886453877461
-16.45592678593097
-2.9017378568572503
20.26484815905702
0.32123155154153993
-5.827013193606521
-0.870366185267049
-8.919832806632126
-7.330598388937966
-0.0757980007766503
-11.918988361711996
-1.0222653584131796
0.03355918607017467
0.005983891578169949
-0.2191267152884841
-0.03746818087398238
5.253877422317824e-5
-11.045537727474468
0.46563644328522347
11.06394396793877
-25.18651849490726
-4.3990845018203855
0.0011426970689916904
0.6724981423486542
0.24298292795474305
-11.922684199245491
-1.6385303504374034
-0.009480283348366543
0.40145813007185893
0.2653529288307086
2.37441634886062
28.754143138739227
0.7721505093978257
11.312680558293176
9.971627353335505
224.39790093781977
202.8146358054425
43.66314305625821
160.22327631072451
217.2763495139644
67.92618866478968
179.14388677511897
36.128814569341635
0.023097702310535845
-0.004447155779652747
0.00045028770033826417
3.104615834922156
-0.23876902248409143
-33.51013281267249
-0.03712109546241778
-0.48714221322854745
-0.10446617453267834
-49.169992222221175
-9.75275567514394
-1.3609488085044958
-15.695714758893578
6.516649677082281e-9
1.2915025457299779e-5
0.049305593684583905
0.16401663306250108
6.992117971528671
-6.9518134453482325
1.3868260270427772
-0.2072207891328441
-4.16543229488021
0.03688150774356388
0.39533819347334215
0.8746362686566858
-3.3488052246498334
-25.617262183625886
-6.775462925397609
-4.8121302746225405
1.9750629324906919
-1.6793285368515307
1.758618313131496
23.759736918090024
59.330191649998746
2.023199687366958
-23.99526048711829
-93.18293919574353
-29.22954738328608
-21.07384018714743
7.646155038786871
54.152882245377995
248.07980463365496
164.25703729666517
44.265359918440716
25.37523055490687
10.933042223782701
48.64083824108599
68.73593077302115
25.96103423750166
30.410680781658826
0.07639281877500016
33.132944554801995
9.415029318930486
-0.7954385219708922
-5.727863628724223
-17.342654753021282
0.06583238650438816
7.930996670117441
5.852845418547923
-1.944182930850656
1.2616994677017883
20.143160479620366
46.78599795219195
-2.756265404834708
-12.662751579753735
-1.2158215587633752
-0.09771955067560577
-17.959505805787032
-0.585534880332989
-0.005839483166892138
1.8056984227264232
8.594914171227499
0.0038703925595413597
-0.007579222168375802
-8.434772862632455
0.0001811875681598813
-32.06380753741874
-5.643948295762307e-8
-21.75095154648099
-13.247404464659299
-0.058597636516642036
-0.0007925066515486237
24.45705122853912
40.12091428572106
9.262681667099494e-5
-2.2053107681316004
-3.218559462968915
2.0203859371225152
1.3940976377265144
4.401693820656439
4.6519184294335085
42.65726783467766
5.48142217008111
-0.25198555081600627
0.009013028588969402
-23.969812166790884
-0.5825043512240886
-0.020824765950184856
-0.47272245312009703
-0.7179598430682548
0.20396381699291682
-0.8294191020538452
-1.4622668748607428
-1.3715705768144646
-3.8670198918095875
-0.31804342622649245
32.505378239386694
0.12694724549463596
3.509246960058807
0.003186771375119691
7.767639342613319e-5
-0.15813518330450654
-2.6508296742798865
-0.01689734849768999
-0.0036905051572788086
0.40178926888654276
-0.013210848842320776
-0.004109991668570391
0.19976778929282166
0.5683114421693499
5.836502118096982
-2.2957929520701383
3.469087892355382
25.205088345015902
13.137769830741318
26.825172339827756
38.387833980431445
4.328497834252161
0.25640435612619833
6.975321873904464
43.924595516747736
126.47517909555997
348.2027748204371
253.37941433888776
234.73686061904775
354.9878153502683
237.43055919142665
430.771727773197
371.68327528633995
37.47025967925451
57.06717074489199
39.05166937894227
14.14423061699064
35.649083942701296
17.317813593366367
11.16043724863056
10.166994620251288
5.8795959413486285
130.71589640385952
287.3286131268615
174.9735259992033
196.32885992157082
444.2417780107329
430.22986254222224
135.86764143368373
58.28946208346911
46.18632273826514
24.85270536689189
3.876645178969083
-0.3021742394082905
-0.011497092462381009
7.447971663298434
17.69319924809401
0.016099866526324075
-0.13630777983396472
-0.7497788692356393
9.039352746304955
2.4932552238020214
-1.1904493950872264
-23.22222772615346
-0.11505312033454869
-0.006015438592872696
0.7083300896866496
0.18327066229787567
14.405051983734982
53.714360766330095
100.13442444566478
4.696341760281403
-0.034945522704092215
12.01791086138252
-0.0006483642348183148
-1.2565952706414543
-0.32489259308733465
4.122373887398973
-0.15339663113208973
-0.043439294205428566
-42.602257280125094
-0.019898598012843653
-4.108118953131879
0.23679006009850762
0.3770241111404367
-1.2020365477099502
-27.960842635330977
-0.48417157994661736
-14.979539409140092
-34.25631963824181
-3.6367714238234425
-0.06226545341189796
-8.649174937223151
-53.84365867511516
-23.876227276087313
-10.264430899014485
-2.700897167980514
-7.69286553237091
-33.927740462576054
11.92639070943953
10.434456182126853
5.2454743362222915
20.44596989722641
36.3587009492277
19.99118044860215
82.85951039632391
1.2531927862826528
0.1730717710124446
2.164806232142352
0.40374934165935883
-11.9988933400392
-0.01046488563710635
17.387038981642558
0.1530609426130929
-0.27255757887453197
-16.09165942252287
4.793328809053161
0.011791050602293268
-0.14192965033703916
-49.280119955420744
-0.009043629135950325
-0.0008366311664199671
-0.046964342657597136
0.9353035296057961
23.997082509150037
1.0183441354621476
6.068322840900361
5.020005639146872
-16.735926729998003
0.15402404932693664
-2.2662425854238175
-2.2898879103801892
-2.296349873719465
-12.30750462640537
-1.2421248957986806
-17.206836383969893
9.410264100185131
8.057510161655163
120.62430563173717
189.40998962317332
135.81928449021967
271.08104724250654
305.68664688825606
620.1279427929081
144.6871708065998
142.43820971863136
142.50105248270685
80.53635582989335
139.16484678528397
224.12868755073475
217.46722133599647
43.68211739545715
15.830855315780335
48.5767368670382
19.411790394848566
17.221813918956126
-0.30889497332939686
5.322428885809054
-1.8154572592228178
-21.035444331493046
-0.22519248765141897
0.10170948491028858
-8.075936722999192
-3.8964831335333043
3.0229915447401462e-5
-29.182207961711594
-0.7489962275822837
-8.836372479709244
-0.019597704307393236
0.7876515083299249
-0.9369489442154293
15.033419773983931
17.437563395837838
21.2117519149649
4.1590600300528635
4.809459583593067
3.96251320523759
4.763376627061899
1.6350435454090428
6.641252999308498
3.2308112901139747
10.420368908107724
0.3690538947954471
-3.9517334655769814
-2.5708952317983087
-10.066516042228148
-4.781568059156643
-0.7457215216930313
0.0029062302014160333
5.345630956624231e-5
-0.0186026649285296
-3.8295622960731315
-23.124384200897886
0.002783403588987472
-2.039104292608423
-30.64206951246464
-5.602808729953713
-39.392641459569816
-4.942260179418494
0.08075658919515967
-0.33537311166610073
-0.2272379941666125
-11.563802422879192
-2.205081315078324
0.002299304976814431
0.0004723107027397767
10.097696501228047
2.754974524538531
0.26778770920234574
-0.015823033910509873
-2.3185937385189006
-1.7961600752435247
-3.5980020541654762
-16.55042492994019
-0.4987538397785952
-0.0014658673606291915
-5.5301058466071105
-0.07055663611856769
0.029625190040831202
-2.59547200671787
-1.057764349155288
1.086135278033102
0.32689025130843974
-0.012228354106103708
-2.597490286559287
-1.6359853463617662
-7.304549807472803
-39.84309193414864
0.35911893333310974
1.227309430083906
1.1640403748199795
1.4906999548202333
0.13760382772157378
-0.012174787302968577
-9.92442024517722
-0.9487149476724057
-7.022319133727278
-17.977085784082004
-6.555757176069999
0.08495540007884352
-2.6454708252690846
1.120425007759103
-4.407116825679273
-7.093652778212189
-25.05710695866519
0.002009265741611677
0.026547304177073378
0.007309808550376765
-4.1899784091138335
-101.15568663325038
-12.23471066377436
-0.10443028625674274
2.8061736698048882
-3.524277423965912
-7.974149017000381
-46.007375965362094
-29.07538412731756
-17.705877031285798
-0.45656921939665196
2.6213179110403426
-0.7478471607944025
-1.0715883217745876
-10.658554306750819
-67.52636110627016
-1.0309959522794871
-3.855885944408867
3.5464070761511313e-6
-106.44045294849339
-10.180599754228426
-0.6561444132468183
-5.9178903809623495
0.05432895269240368
-43.933117416034975
-6.0746868499825295
-0.06542089157479078
0.7178395956891613
0.32810476474233874
-18.62237087763
-0.5492998425048207
-49.68357051579284
-6.3372730255968985
-22.802483921080402
-1.518508924879981
-0.6830029034178354
1.0840508623787195
0.078384797453123
8.625614854560453
-0.16712066760508196
-0.8157505615130122
-3.657682950853822
1.2883322540803899
-0.003502059385102473
-2.6987992420349713
3.8209949034376773
-0.32619562138308245
0.46374448342287766
-0.1604418264975562
-0.0019346956183840264
1.9075900792734464
-0.05901616063221956
0.0002598766616347698
-4.278616586434335
0.07450263266350983
-31.826484164108805
-0.3953204518232074
-0.21832764018974854
26.12949595820438
21.827989784827896
1.392292057550659
0.2902906575885109
0.03696180986280158
-3.13201344067363
-0.07572750875930911
-4.721756719296491
-0.38772943986078573
2.2877083792956023
4.53610798357766
22.978999906051214
33.24578217781724
19.120975477021844
13.998763392786005
-0.00010387085859394558
-19.627851378722646
-0.2274547939324411
-0.8333268991737822
1.1752849772202345
-0.008263162586282801
-1.3740787203210787
28.251617746287277
0.8468112760587718
-0.03706303550033782
0.0003387498557650183
0.19955385931132785
-5.899798318486735
-2.415780604987866
-6.651583954377586
-15.753701486282607
-15.860447668122491
-4.034706999307308
0.3577402421786017
3.037771944261408
0.7037301527212966
34.779447387388565
110.55221106133587
24.071376692261012
7.141388240672463
-0.09984010737138041
12.653809328274235
-0.0022822618465857467
-3.8288222880640825
-3.3052658961072563
-0.024420120566255754
3.6161651606357337
-2.0281922766463274
-0.041052830946181604
0.8155103125130749
-0.0010919433345093728
0.9240811760311531
-0.5410921311501742
-6.088282056405563
-25.354103082652035
-12.216031048631253
-12.967867024339885
-178.1650051951741
-54.57923291446194
-137.58592538995052
-27.9110921261561
-3.2310815525255037
4.673326700094553
-0.5025149651053142
29.03661951582707
0.010803402628926583
10.843605377677344
8.268279337142229
7.255200043765745
-1.9635911373753734
-12.198107777622605
-53.71079383584987
-4.4986056199415584e-5
-3.1232988796128573
-1.3803949036579477
-73.20184810716715
-1.0946779122172563
0.1478922029828941
-10.352196487736359
-10.431670482910341
-22.659164413703632
-27.193099050196007
-19.86011668252825
-0.5894061980697639
3.7983248601035338
0.00985579484081993
-0.5235387028490807
-0.0015615588373368262
-0.30629516688454667
-0.1440246076825603
3.9932349652518884
1.0515422902324336
-0.4277419061580906
-0.4098334269093095
-3.264863341775144
-18.169596518236357
-2.713771669627345
1.9635363439392226
-16.010351883711266
-13.94022542108825
-16.814423592174915
-3.4121556739007666
-3.308075352903279
-0.2899507551226422
-22.856093168491018
-0.5027554581912567
-2.5285371659861503e-5
110.05332568726993
135.90612160353984
7.982046613430612
5.3737543466496955
43.24690381128454
17.971910442797217
21.53569560020859
23.668315999919365
16.744797361653703
-0.00024638497155408587
-0.6719794532467058
0.0127380000353517
3.2468808196063326
33.81940851484175
33.9156036741073
13.091556949128565
2.314423933611872
1.9928522950025833
-11.765469826788426
-22.245117904533938
-6.462598595052538
4.955477720557842
0.24878140852172329
-13.99248439202243
-2.717620133264318
-7.1865420203195205
-1.3275503673843372
-5.29839787105956
-11.82845273459717
-1.2097001547764579
-10.46317685678539
-13.338283255348612
-35.05826050132771
-1.8176376708210078
16.970483831875228
4.930788447888519
-0.1976369706079184
-0.41616230563907397
79.0854636240399
39.74510771151706
12.319610484831061
-0.000267179930164948
18.100557678311986
15.660376537165984
1.8732916816414364
0.3209187717233461
-0.06480025036270501
0.011633529458660868
-0.03767276139791543
1.5415679184035843e-5
-15.16099615702556
-50.86065649397303
-0.003367153459346621
2.2686645930217764
0.3855759539422855
0.9905584508220027
19.38301490663753
126.12833190611268
199.73469485592543
14.500404916172206
44.231507184976195
-0.9666531902308151
1.629433508932592
-2.402166559735557
-68.35831087164293
-86.0702538349946
-87.11539347945192
-24.171917163539515
-49.23560348243747
-16.056181544824785
-10.77636283530026
-4.061868288995373
-24.758643357874426
-1.9971225802474248
-21.723844076499223
-7.220483767937013
-9.855043722079426
-4.790887792141748
-3.044897516327696
-0.010350355452782192
-0.0014202763477361732
-0.21729080207859305
-0.23204165790820333
-2.0133520937301506
0.39171621306258647
-3.724064422423982
-0.33682538524401845
0.0023831876671034148
-4.390248946446162
-5.9718327118400945
-9.14399468063728e-5
3.8701136709083217
12.08583344169678
8.904983801824041
0.11483174000684959
0.7293202948399005
-0.24424262020758383
-4.901376573886562
-0.019998642810767946
2.1510431182110175
2.304256576036794
18.310042350008754
31.586890815449866
10.601314904654974
140.98850768121886
106.37578381140044
257.1624564187458
13.939113615927354
113.47820476337286
65.64032822004563
162.26905510189226
233.56140709147854
98.37985803508143
244.6969338963723
123.59463982330654
73.78222066024887
33.87048817208587
97.04956536435466
65.80031832257488
41.75483033606779
114.62773408784808
46.708230702194236
125.21897828790001
330.38299857856003
88.80245658034853
111.22888866229525
2.812478230991026
132.57160352765803
32.369646693259256
308.16976837207886
127.59634129673907
27.686740981716177
16.336161883776256
9.546846375303922
0.1645692608208307
0.02462039090866557
1.4373839562573407
-0.10951163070738246
-3.7606462655659425
-23.881379140339014
-16.003111061717817
-6.21640827030916
-2.5181590061074703
-11.033377122410219
-6.169380672120382
-30.848918797087496
-14.253953720961409
-27.407599240752827
-0.10234229946804646
-0.00037122037992289773
-0.3214072297663659
-1.9027398340321866
-1.8401306231980026
-23.84050186817315
0.01197561867597205
41.50962538133263
21.504282887401317
0.8202775474109602
6.603459643971805
0.016926781572535424
-0.16399114814653606
0.46633694314973373
-5.357629337051362
-2.1121515621926537
1.5993130715916222
11.238135290489815
-27.651654616170564
-0.927574695919473
-1.6992753105802918
-12.488948521344296
-0.007867198131399905
-4.654036511467678e-7
-30.81265057778819
-31.92356028929018
-58.501202034309095
-24.035776468325835
-24.943431472453145
-15.166231058472832
-0.44899880764611977
5.534337709876885
-0.00011447097648766963
-0.05289274478559209
-0.5486965087009122
-40.74672469946411
-22.446659177789577
-1.6593427370559806
-48.79585803483205
-57.21947666141989
-2.3608911353587323
-10.067427230500398
1.0813586717654227
-4.8955189031738815
-7.165679023289588
-4.366365337066956
-0.012490569640184046
-0.43292102853918857
-14.784742857738085
-19.495518189238798
-16.999883366523928
-2.758981583096114
-17.194873794394894
-7.0704031317884635
-5.005111281459716
-3.5978046218529207
0.10407604219102883
-0.09035167489997731
-1.576854923985908
-1.1257176569022425
13.166019896726617
-0.0008030247105175903
-1.0143622293524601
-10.650670600850715
-1.2931208063035127
-0.21099543091233752
-0.19015225928474982
0.8703354194085398
0.135501640287777
0.011524032177167489
-2.601571224552463
-2.9003112963944027
0.5028221847742447
27.316148768345286
49.94311596433223
169.50254404594546
63.748515082130325
66.09610487770298
6.315539482862124
-0.15297251305190515
-0.6882898130238572
-14.856741646572978
-14.723303398785731
-9.712035033879655
-70.20118899607647
-13.096934138457893
-15.818622777421421
-0.34709261124474305
-5.249714963679114
0.021202803747985447
0.37762663969635163
0.07594951649356513
0.38252804673118224
11.614353155465169
59.536300790670936
-0.2836389603218279
-30.627510784834012
-13.483349316623599
-0.002797669238950311
-5.859452463961078
10.48343773802204
0.00623699935476399
14.730518484544625
0.00018883102503611506
2.1782592755548555
9.400444925006665
1.2644062284870765
-0.0342192710481314
-5.024010483427855
0.2458415238999915
8.643067290576785e-5
-0.8413017097174271
3.175154579200231
73.07853129221094
35.26400505518758
23.726782350563962
-0.00523232918007157
18.14279667070484
2.636696984091753
3.4245887088690283
-0.14478258424205095
3.1939639914121702
13.709108028792162
22.97534899903218
0.03924567493680509
18.234457104937526
-0.10429884161948509
0.004377413552284972
1.1630583417283695
-8.959402713073473
-22.7893022935645
-7.917863771982224
19.162376323968115
-0.23851665033294897
-51.6170435315677
-11.058834931833042
-45.12683510520914
-11.713841317450212
1.1023115028009913
3.7187698879809643
-0.46590772573354605
85.99239969275344
3.0159242333925484
-0.0300289988335962
-2.3801464605151237
-0.05617770016023814
0.14327082926081353
-0.020502099963206396
-1.1576829410391118e-8
0.010600022257839094
-0.05576571738160799
-24.20216336010986
1.5111044909324555e-5
1.399222115089797
0.39033494446181954
23.934913365658144
1.2327537965744917
0.019420393756237962
0.04760707465613699
-5.850845026232798
-2.542837327769102
2.513545463150403
25.794688056238808
-0.09566478345206869
-25.38574616193117
-111.44758539908798
-2.361557206293104
-20.26939915697521
-0.5924270653425909
2.4448580691499866
10.29009555093272
-1.0182655954042816
0.055748165450027524
-0.8883685141183012
6.64293984270827
0.06549145979896599
-34.19445626698203
0.0011094071239056108
5.9050226093291404e-6
-3.501588125657506
-10.673070212570854
-0.18631042151043845
-21.064019802776393
-2.791180989071242
-3.198309105738917
-1.2801212395404165
0.05165912867205017
-5.017008566020829
-7.210532322361653e-6
-30.38928699439318
-0.04984005172078748
-0.9065691484911702
-4.4649899161010564
0.26442508698728834
1.0015323587841807
2.7022106010691385
0.367225005145474
0.5222529096197974
-31.63692593370976
-2.3288984510148882
0.014573590255594746
-10.173699095947443
-3.0868116057807637
-9.71492058309593
-0.6125402211356153
19.91248046492669
-5.8097446178034895
3.30058295867278
-0.01614587987175729
-3.2695040796142556
-21.495262182939683
-1.672052110414448
0.20136403140878972
-14.162284037722275
-7.569944118361937
-1.587558867987899
-5.184269882658374
0.011248845115947849
0.24560646031996447
1.900703106484042
-0.05314073925691876
42.65561256546852
41.34992027570644
13.813074314976006
3.6794363217499777
8.775709292294866e-6
1.5670019957047001
9.814415935078337
1.9849236948118827
0.011750674095561664
0.21987608338479162
-1.0498368156537543
-27.332346097356012
-0.039169513673576704
-0.016006723191288215
1.834656726582254
0.5716474135546694
2.636383519177727
-4.088609382777654
-0.394435611016853
-2.051771797465633
-42.45711522376641
-63.74236037001104
-5.20462139889792
-43.777745725634205
0.011620971728061934
-0.3647687694517316
-11.506517169307333
-0.012760601551051711
1.3566687369004742
-1.3643098063848045
0.11434663155214259
-14.080400470234848
-0.8708085623117822
-1.4025444758446375
-0.06046781025770883
0.6744343011193602
29.79020128069771
48.38432823240082
0.659996939791504
5.0781724728522014e-5
9.833483946649114
0.26402536750073047
-3.8814433152425445
-5.9406641067270884
-8.262863650482831
-7.729528867630198
-1.692453467656787
-57.26348640317692
-4.934168205550233
-1.2376912733192435e-5
2.6653359989441556
0.06606190873065475
-0.0010880368665034945
0.216047127323781
-7.695406593110973
-63.61033172302516
-42.227368494993534
-1.7496320263056635
-0.9267499170699679
-0.0855583454505657
-0.19505666167247368
17.322429489483117
24.29910273410328
-0.10641565640279413
-10.096032449582198
-0.0003910259402752301
-0.10017183660047124
-0.26358440027310076
-0.44424047692680524
1.4644670605783827
0.0012110238077024562
4.054299550696999
0.7926291853296583
45.45043234848612
15.144599510820616
2.740188319516606
-0.5038526589630753
-0.0025946050732351864
-0.2372322837314173
0.3114159605477822
-74.90586296032922
-55.73912944564512
-19.072355178298178
-25.250888848319224
4.139742121888259
-2.4276924821991597
-0.054091078351300746
-3.997584222222615
0.14349167595073756
16.361266402512868
5.428111680757917
0.3599850303972517
0.018647986681999705
5.561424327248305
3.0111871272457496
47.73277522181769
60.753261070402715
12.800721921439361
-0.9781129588147316
0.6424299660321123
1.1737242980022387
-13.259817854970324
0.3197581892353245
-2.912359001419257
-12.941191379679694
-0.04554050100144535
2.1169495997207926
94.40195749702671
77.8907813312407
269.00841698354014
331.84925551086917
189.71206554966193
102.76422976184323
52.59809090353931
8.1169766288425
24.538176426480984
68.73458749296616
41.454119224246554
22.024178921532688
56.11055150479188
108.16579798086734
19.202333447553862
68.83091934954314
42.5571342287512
7.689269489463714
33.83636862076937
266.5887276609544
187.7479409154738
128.92126653445348
35.66371139701854
0.18524215126369942
1.6708524839676449
6.5617059904391395
0.05959433460354119
-30.16556510039111
-13.05595128577488
-1.2250657898889683
1.4260182195833997
-9.343478907690452
-10.490848647445304
-0.274112991814969
-0.2089795740069497
-0.039338130475698535
-0.4507834334457799
-4.28772814037432
-0.1260962774855128
14.43554601561938
1.4398238086350995e-6
-1.4982699197648683
0.002722031881264015
-0.34548869962791523
-14.644061784696138
-2.077935866466617
6.524470114475097
-0.4578486580888879
-1.7836906490704796
-5.273500173191692
0.26036725762660423
-22.19310853583678
-9.845047495426293
-0.03795846243082101
-2.115091259091167e-7
1.3017700795149698
-0.014206776836418846
1.1014244092104968
0.4555286782283735
0.015219568538050498
-1.2112013551246141
-1.6922232476344061
1.1559138331783523
5.35490297124201
0.0006746642864064137
-2.330022736407292
-0.16281256230996435
-0.10466653678389559
1.2374823951469731
-0.04712587341274942
-3.5617894913453907
-9.369355766927036
-0.3702112656909177
-37.324823906298256
-37.03157039668354
-3.3562046565006955
7.385831450273421e-6
-2.0509405968458942
-0.6682187330652867
-6.257524217494784
-71.48972072498931
-0.0010742079963481017
0.022360157697879014
-4.992395272013195
-9.451742038533196
-0.14211412327745696
-0.0631203167055309
-2.6439469721425244
0.017108900265537477
-12.651187119021582
0.4220065432511757
2.680200423496063
12.479443480105537
0.07618991785245112
-0.8606492537217376
-0.47609746122364555
4.665394990358859
-0.00044894602083901447
-1.7364987375227727
-0.1508845340914046
-14.914997021546968
30.97622031262003
16.88150423874258
70.8288620707461
38.47744440425175
1.3699933406012036e-5
-1.5539883072560867
18.95050096671771
0.8878296624667603
0.541580090659743
0.21041259376172106
-3.06025792347553
-28.28131010227495
-1.3542413437937353
-0.0006080601238217933
-12.869789300769638
-31.590870131314674
-0.8628925948186564
-1.3070745641387997
-0.08183933227773041
-1.722574172154206
12.143971673322103
-0.0762191489715674
-0.0035098132108640177
0.4623293345225733
0.0034645513299751958
-24.007419209860643
-135.49095721717964
-44.83933027768149
-11.768975139987191
-39.343202701982456
-13.042903805706386
-4.487142942591732
-10.943474643974984
-0.2045700462753364
1.0269846475537894
-0.8112175655897699
0.44073634417075014
6.518502444796046
1.5792307256889753
0.7151966396354157
9.681928322752903
2.179013634350409
18.866708062753055
9.812103198070766
-0.0017893897232072208
-15.085722355466817
-0.0003932865501330092
-10.611837234293779
-3.7934546029173406
-6.0952418660358445
0.0249402820160192
-1.6420138803191884
-3.186112916643671
-21.75227492987649
-3.4744385642293976
-3.6733474951884024
-3.3731952490552364
-4.949071354948003
-3.9449445589571615
2.902229127957885
3.071657363642286
0.016231027782615176
1.989317251060365
0.05216814883763277
-8.211606594266891
8.727489367080377
-0.26471913728543495
-3.731707855770455
-9.401261347046592
-0.36441486390169275
-10.431290120531811
-21.872081502102716
-61.373101925829864
-0.01727027114877678
-0.08136509207079236
2.162302152689648
0.00014744175945754316
0.04136704458653515
-0.09824159367230835
0.002576075794710978
-11.946903383871435
-0.009025131620128145
-0.6210989496948245
-1.8546324923511228
-41.82384150524985
-1.3471490342133732
-2.633888848292826
-20.279645248715127
-1.1450344208570868
0.30144226383350065
3.7911110089916757
19.399327299433892
45.04765099493145
53.21483797889887
71.07051493096726
68.45675467953512
40.92945977941093
1.3642316434602697
42.63610913174146
-18.150848240355987
-19.745217980567478
-84.39177279685644
-26.092289495557573
-0.9643408538499102
-0.6481161825312025
-0.18006574748150803
0.028405605016075135
16.649383577873206
71.0573546106924
247.99388025416414
24.125864978055603
82.61608790850735
3.428730247526002
-14.706743369620936
0.4288850636704809
-0.5399113370818701
8.913671466810575e-9
5.799429845291511
2.0287854473791174
-17.11496470463878
-0.07513839826564354
-18.095828836862857
-46.75633823405912
-2.3735164959011517
-0.2569114329336579
-3.1418222372773097
-14.179473060128666
-1.2362646413146499
36.060617343029364
34.480793343533385
8.965127150149572
1.1194679813342494
-7.501817956610887
-0.005992194219980972
-3.038208991260203
-0.7688075997286674
3.793642866767537
9.240879301442604
13.477124069199533
-5.22863506442297
-2.2223970230479946
-9.464693905924955
-13.71750870604955
0.2426241705210222
-0.6120961007785344
-2.2642916154426684
0.719723987870568
-0.19172268643016677
0.0010309649264551894
0.6738823742333014
-5.5652475424608046
-0.08831089210466653
-0.8443547047414617
1.0388092865726537
0.04715832861586709
-0.07211696813893795
-18.173103131085337
-3.4386524472433813
0.26624257899671366
-8.346210966664666
-0.8890580861677626
-1.8834321846476079
-2.352506678204366
-9.606401867022544
-49.519530626916044
-4.818199431279253
-11.261911539587631
-43.79694578884372
-43.98380536356889
-53.44704442367363
-52.45963528774241
-35.39100791192765
-0.7815955240575744
-4.80597204709271
-8.287267177517656
-1.7970976812472386
-0.6618406618482217
4.794993629313805
3.410780544255799
-0.8839488265649412
-6.452378477404768
0.3975491206471436
0.809294426441075
8.211025831387587
18.225455530359394
0.20752302296559674
1.6736778972106483
1.320001805851319
0.6634730881152445
0.02383030141833007
5.820016340961277
7.799543206229649
-0.14837490195251263
-1.879357927089882
0.0072061873685214635
53.97822959254377
26.8951954643342
5.596427611719388
-5.681432821760926
-6.063629765632097
-7.020775148814406
-67.87476708763903
1.4578037274388322
-1.8769508341652148
-2.1425227894097048
0.4430121145373977
0.007854025342359666
-18.027926737165583
-12.143496870252127
0.8342181478900068
-2.5207860517208944
4.214445353196868
-0.5556457932586646
-3.4501372737199514
-2.4948859850349607
-0.04898235324414548
-0.5472498458306355
0.543274280504284
5.104530674347546
3.8488857052492853
1.8346433218972962
-0.9051068156251119
-0.4214348693152772
-0.3438239437921731
1.4204949911829112
-0.012153287207689928
-0.08957793551029596
0.8034471722348954
0.474175519196011
0.8431764694833541
3.9044259273633988
-0.6834574579907207
-22.977047310343114
-43.52756883390418
-2.0260136891420983
0.012097582067372447
-3.369064515824381
-15.571222199162595
-50.50875549136212
-0.2606245026224277
1.6721294142884524
-0.52232092218447
-0.275977356871978
-15.987735247897248
-0.88817143765413
2.4099078395879626e-9
-7.756365992764708
-5.735315010887393
-4.180821195047538e-5
1.8775088940168598
4.804835938573724
59.03638071323915
0.9177055806814544
24.958327161445293
-0.007953474429682384
-11.887957821174359
-1.7621190624514602
-0.014514966292479455
0.024422592564954534
-5.899660803380844
0.6599827970936512
3.340829514251818e-5
-0.9185072702869728
-6.2278336719809015
0.0643817227499639
-0.4494069006006482
-2.7769872627696692
0.7884331979426297
-0.06585220479027315
0.274440128280458
-2.10535918542238
-1.1397163403974633
-19.113996636924856
-7.1327792406724555
-1.938391115729127
-0.19415453216363188
1.7883210690672757
0.004733513086632028
13.75301517425586
26.644152593921202
23.1810081857745
3.759970361859736
-0.003945282442754981
0.5536018235744004
1.9998303635874706
-1.4497885733833868
-0.48850708653094194
-1.4635122181306526
1.0562226399602971e-5
9.008535498820427
1.9905144871253724
4.8148515634330185
0.8398086512108276
-0.9708655298699815
0.3736496597489961
1.4076893335790877
1.155732830371831
-12.56833855515703
4.528566098265932
3.1580664279791297
1.1135163556049121
-0.4100650727519436
6.847461587081114
9.107894951785358
0.006088565159176979
1.1813697562780756
2.842893537611287
0.06529064234501156
19.134069837330944
7.709351178956797
0.8551396088541983
-3.3142947528002873
-16.28475657348471
-51.2928244479476
-49.85416293453306
-3.26853013055331
0.0653141589313494
-0.11968021687802244
0.48370691040165514
-17.86616861933435
-0.7462665211515335
-0.004402437218315616
0.4968190579841191
6.562672194644478
37.21791766877601
13.075362459717963
21.467796931752595
62.210949468985696
43.661333749222955
91.49613062658571
9.390532016664237
16.525407919430435
-0.04925699780594815
-15.469561041909353
-3.0303778338393608
-24.952920591038524
0.013700981708046728
0.6138514280431677
6.408845294790593
8.080966936520277
0.3762924127983594
-4.3495840190484465
-0.912262845253625
-17.186528905982808
0.14813184420602654
3.5255232880033764
-0.6410938456770496
2.1910673764283644
-3.363020065789019
-13.43020746763859
-13.68020822729253
-19.504971965362873
-29.220327301604833
4.984875336604152
1.86048246922668
-0.19627591137512557
0.007250334994346182
-11.588424774687425
-5.406638544685465
-0.1838574911237694
2.9123811315515993
-0.3305534295728965
-0.36287577870988025
0.03565691913825427
-0.22076116504483362
-0.4674547400811319
0.8060401415535121
7.267357620720492
9.094922532109187
-3.0219378445875447
-3.770234260766354
0.7625380338544958
-0.34550336806856136
-0.5938293846543109
221.72064028924817
81.40924376679772
2.178247075923745
-0.017016002144357806
-5.84698226924064
0.0017725953151374707
2.263260184789619
33.76524310198648
0.4966216714458352
1.2780151528249852
-1.7328170338407418
0.008409288483948625
0.0008324510944389947
11.946061616104311
0.2988452798529074
15.287392482237458
40.592143054273926
11.265600527603564
-8.543544089241289
-8.980373699036196
-0.512061445049925
0.07547858494382705
0.07191806031705025
-64.16426605325444
-57.520196367516995
-17.78845104349059
-0.25283632547284274
0.41031829499605
4.413426023745643
3.111001499119187
8.761876545644824
23.674631548479745
1.1058291743576298
-0.5465505140393965
-1.514242185889585
15.900055204166755
0.3359749114540514
4.298574276249379
1.2412253430655127
6.763078804787767
-1.8045003714951946
-97.11934193229314
-26.460509516353774
-19.279760161873046
-3.1717731878488302
-34.03216277790404
-0.2015438106288356
-1.5926109782150106e-5
-19.224553507182982
-16.788540143418526
-1.61245982168263
-32.83284426365702
-3.4527949715622537
-24.751800637501816
-2.3349736931991227
-3.345843264295314
-30.94486827885799
-6.42368602636055
0.009313008616896497
40.84534206079276
0.18659907177077048
0.00890296336638156
5.73270142379855
0.12737656151776403
2.7058884895348947
0.7311786758500874
66.03844556675014
28.621655364033654
210.09542208665783
31.058523632092587
2.0411173298076233
0.11554064781164139
-0.7041802559542824
-9.469881316513764
-22.906296451086618
-9.358706871002763
-10.355542832921751
-82.18709251003398
-25.985544366737624
-18.961170316209024
-3.4463713352043004
-0.20547162754033216
-5.473513821381975
-7.023253144258659
-1.8834646655360876
0.23724259578177923
0.08484579766526427
0.13311325332738574
-0.6837607500425162
0.8715613128998854
30.320627989845786
24.198869175737894
6.354782535300424
0.7670553461331716
21.61785955219402
97.80660294091334
41.0966391474267
2.300511054637443
-3.483631432429516
-32.81779395297985
-77.71337720575208
-155.95989569774974
-39.103904693499096
0.4225976941679582
-2.125011354160858
-3.2489643835697164
-0.013259675508364618
-1.0048854788883392
-0.17024081603161217
0.025889656284595945
-4.237677165741292
-0.17091849585293056
-18.755243320299485
-1.2953270905679057
0.3888035622011593
1.9309148343109201
5.837261042697495
-0.019183462367009917
-3.6095774464187813
-1.0405875806928067
-0.3136827659135243
1.5713335862103566
-0.005831148341945562
-0.4748860355661227
0.2260462562394452
-0.40718868420713245
31.337035629442624
20.86441522777572
0.5537646377440143
-0.22844884194738754
0.4865118518916017
0.5725063744215282
1.9721641630108986
0.006774825287729891
-0.35766362636201976
-1.0413131650832468
-7.8516693374673565
-21.573048592557008
