-1.4880601885391957
-27.015303672749145
-65.47572402360647
-37.802621148966125
-77.49554655103464
-24.759957891692746
-34.05971024944158
-0.09762722797946051
0.001004604231163906
-31.1420652017486
-8.709675966304298
-0.40088031227232596
0.02298924780458134
-6.106162520615494
-1.0371317852699204
-3.0227800525812833
-1.3820239907365484
0.30984787601046
-14.014622626884634
-177.03366942478002
-57.228923415286545
-15.50216897250664
-10.647060292148103
-1.4824809138171038
-0.24303803569927607
0.845132530547048
1.1107358144117454
1.7387274951764493e-6
-5.765403446588936
-0.9511161240624012
-0.5884003906862194
-11.194283082837584
-0.87810033636576
1.382507824982222
5.847815435476972
0.2437450530989289
-0.21244677580534935
-0.28411260941125005
-0.2268859209590145
-0.0015419027608263554
4.414613484518244
0.37172769625838603
-0.38578143422561945
-0.8314413592993558
-2.8225159081254994
-7.870807581514403
-8.74997856461311
-6.211028953363666
0.34646756415190155
-0.11976605401457553
-8.792277859569328
-43.18416944264945
-100.44334509561588
-1.6419129500186327
-1.9257270697982456
-4.528214379032047
-16.08157875357909
-11.587826514108206
-67.31140607076776
-20.160230557275977
-0.4664960524434174
0.011704369584622403
-0.01223300433383846
0.7072999599907853
2.676453375645695
2.4321341229397175
0.08323203588178767
9.367050041218539
0.5931920268270338
-6.2313361409321675e-9
7.877611312111707e-5
-0.09014693529961852
-0.3248658854711495
-1.2249957276271628
-0.3882245876335725
-0.29194019341782645
-1.2918832339753201
2.987689453934968
2.209430571148165
-0.0009565224035211503
0.002065365298967641
-0.0362316229401155
-0.12024300358517905
0.011307223844340743
2.140191798633323
-6.06502259012453
-52.69215249968286
-0.04960094676037162
-0.7378856520746693
-0.7931839655826827
-8.979047280495886
-75.08092393414702
-69.5417233006387
-9.9030861153671
-0.9388887198556568
0.24837790715127067
0.10045523357849422
0.10306533977957688
0.978661343169069
-1.1664323169412718
-9.12709794601923
-18.556159027550724
-7.362941567330759
-3.4696497946376907
-24.649262443821165
-11.689465950437143
-7.341189643705454
0.16328317726578867
-3.1090124959649748
-0.8110962227966265
-10.66607129333037
-9.823912269964694
-3.6972168857282526
-47.841038737357046
-0.2047925546877843
-1.423734665346956
-0.02767681432437286
-2.728788750956682
-0.07567366974768826
-18.592815349876506
-1.0694633919582794
-0.9664568538398148
5.012868838904467
2.613865432142076
14.413102426139131
20.20555511098465
5.060968843305491
0.9806395857822979
0.00778331012597156
0.005999967855949533
-1.4074820883108718
0.8702913615081399
-0.08491146103269694
-2.7809232577666396
0.4703742144675493
1.1989566654773767
-6.523280051365091
-1.4808347382250875
-1.4047142095663327
0.6396128210757752
0.8730018478188614
-2.860919251232079
-4.848525406183004
-0.11949248007047725
0.07526137726202126
-5.3399025248402285
-41.13979981297776
-1.684536087176639
-4.00412820480562
-13.413909325941326
-0.8036066161578079
-0.01899168762908523
-0.45965628814172993
-1.3157916236265932
-20.87875940367938
-0.14416173424257198
3.375041295054871
0.40887719880410345
-3.911858405694757
-26.521342188345372
-11.9952104071453
-0.2011230730034666
-7.380301096314289
-0.7297889537358966
-5.605702159985598
-13.418283140807436
-12.866919047452589
0.022449644196713702
-4.449716520450863e-6
-0.027719370125207105
-4.959817441977413
-3.274233269667218
-0.19093466360345285
-0.3726744728476546
-1.7415096899731681
-0.01849012842653078
15.31205801729955
11.20246202370618
44.43465412399523
15.60568800984611
9.096462857169382
0.5475377898943246
0.437831635153433
0.3003726303949167
-4.422644731831458
-1.340806458361263
-30.360720030084632
-2.0994510787368768
-13.410918717575981
0.5461017709714241
15.785975438113073
0.6824856303821528
-0.4487603980182821
7.369558819550714e-5
-27.97919621006889
-1.3740175902667406
-16.30495887852753
-22.750524205675063
-21.819092195695113
-57.18275461482427
-2.1465610376781608
-6.546211470175676
-46.62145159734521
-6.299080800218883
-12.453475938542928
2.040903363167363
5.576616612729028
4.8948953545848815
29.394997458463006
3.91082346732007
-0.03791531738549201
2.1500507414073087
0.022183196921459144
3.702842402534264
-0.42822257042263656
0.09651523567785489
-2.250637801100768
-12.360900160703807
-1.6256006479845755
-0.07916470892497444
-0.012667944002140611
17.32682164032671
13.70601327599248
9.149492814061915
0.35893437761760816
0.32689480437584967
1.680610974466676
24.03255279473657
0.09220389279017227
10.781923552133021
5.854317880141916
77.83219096927385
69.63252484941265
56.90364054358296
15.290761203007218
9.166552082330522
15.980776521877186
25.89330197517365
68.27367251394176
148.77919343277514
210.78634200434945
52.0902896317576
90.52193002674987
85.35582974960317
54.86965997302933
6.417327227473533
1.8086578148070023
0.9499243122517779
-0.06193761364150031
0.017914656988946044
11.546950675477351
30.07839670497936
0.3048297630426465
0.00838927619103117
-1.942553171795698e-6
0.0004623817637152947
0.20719348243631913
27.23714315594515
13.087500187674472
6.230885701907856
30.98771634033076
5.661043204138003
1.4913703922858672
0.93463312570231
-0.0600978905560422
-0.2604007030354316
-0.0006102707712403586
-0.03455474027535215
-23.912711772548086
-0.48696722361412687
-0.719358521467334
-2.319862399022794
-11.46939757003035
-3.629377927045848
-0.17703512437995197
0.2715266053928994
-0.28894912497403225
-14.234265716102527
-6.43703451559477
-0.5202562474747163
-7.328127131350857
-0.020198326097866898
-0.001881618999124062
-0.002885026959832867
0.5637230448929746
-3.442656976257038
-0.0035028187914486215
-0.3811218239315981
-2.6972580315261236
-0.8269738323440211
-2.7728473434875105
-0.740712308459859
-3.3914612488456513
-0.3979007368694407
-0.006353403863568906
-2.105596162583669
-2.840192886077188
-44.0107210748213
-8.278769437311572
-1.063170578956334
-8.214264263959327
-4.9363695905952225
-0.14570778479785004
-47.780622753893574
-90.7693207067289
-45.80994587745032
-1.7573398841818626
-0.43385564851335273
-2.653603800360223
-6.469586178277325
-8.795701613816552
-2.8811700243683815
-0.35627383036389115
-0.0011779809652626304
-5.437194332922244
-2.3115945801909508
-2.9981330624831153
-1.5123312736393528
-1.0061862761081777
-24.338998059802382
0.020434792356455723
0.1867606683603787
-0.07624760859446515
-1.6905544105288624
-56.732703787992605
-31.287483487844394
-0.895321562617651
-18.647741467910016
-17.56309808106904
-0.6207451607295175
-1.4295650024620918
0.012321511898616407
-0.6568477673451579
-32.82788864481526
-42.73317021615834
-2.7124628901241707
-0.2133662251529074
-2.951842545171927
-4.0091772793520475
-3.7374332671337434
-0.4004740958667997
-0.14931062142906526
-0.7128539154955902
-18.351826642805186
-59.95740405402122
-19.317842520718767
-29.88698504210815
-6.875104975048749
-10.815892253053368
-3.811016439508359
-27.33283756235113
-3.5698359105301996
-14.898736584349002
-5.2095773746078295
-24.585614798958098
-1.4635167898916268
-43.21252532140887
-25.224900282111886
-46.08748879187494
-27.899500138627015
-37.11897153056328
-29.674247417934897
-59.40550611833552
-37.5849148148534
-0.15684524786218376
-35.29508000832488
-16.312951079561987
-4.784987988818373
-1.2949972228075686
-13.771323547977014
-10.325057802055813
-108.31856170915688
-14.467524383811963
-41.86245248837669
-5.795368642424944
-1.6894127103328012
-29.60796308176286
-69.81046024825879
-19.152316476007755
-68.30333560579567
-13.680266707402927
-34.25161788626763
-18.79088050151123
-8.680122839677091
-5.804233981072318
-6.083487946521926
-24.321666957136408
-23.301563074139995
-11.337879881389632
-10.443620850123962
-12.579367270369598
-6.167863840067502
-8.142498609639091
-5.1715751647307115
-0.6543586584300874
-2.395516564787255
-0.06919985934984878
-1.2677796244098765
-7.738977711673139
-0.723066815386442
-0.9770214295182597
-5.318604236966429
-0.9704015686693301
-62.61023268233426
-22.893529496002078
-1.3525320341697127
-4.513983313885266
0.2509373297352189
0.03323550178274952
0.21743447419010384
1.7666782625876853
41.664294522111106
3.6194150461013863
14.148993208987275
37.69444798564389
9.912937892854531
41.7706674673733
0.5104256008998853
5.7131165774645165
6.321659671331391
10.543532102106594
11.167742129920358
1.913777791255281
0.00047542812927336444
-0.0031449229383122726
-2.4123183248491338
-0.0007452560246294923
-0.06442681697286848
0.16039372449429704
0.1467906013659705
-0.03866260220353468
-0.18132039586611334
0.09638544336354266
-0.5629125731411408
-2.430016887566902
23.965201501990258
4.410611552274411
88.84938837045112
75.67287829723479
1.440799844033174
17.50132932287856
15.45126980411552
20.824542288138392
2.4192495250137873
12.782486766962375
65.93080908463483
3.4757155689821175
0.20224445183367035
12.681715710849192
9.707034523201227
13.36426117401109
6.3905273562131315
-0.12914942249551162
-0.001062411687917228
0.0016424878288767548
2.157251330225444e-5
3.3302353466478545
3.019543331364338e-5
0.4321811081389934
-0.657191780373258
-1.9983923980134206
-11.22880033523828
-0.05366253714868217
0.2355690490811515
-3.9947448565769843
-1.8887102043739485
9.113791434326295
3.9634231256596024
4.66985720378539
11.985025077821815
9.692944509708664
-0.10288638216459163
32.68593588524043
15.20500192053158
5.769591423721868
-9.329125747044317
-21.494365127641974
-0.9585832470355016
-0.00018728028186673046
0.06087752476290165
0.7972185293486952
7.550807438086968
-3.7478357684518344
-9.90574528832265
-7.877137299949967
-2.2601593274067793
-0.3042595835459249
-0.0006873450266227261
3.547907383369742e-5
-0.10170165962380169
-2.2880111713542708e-5
-6.818503303190936
-11.462599092015479
-17.99759910643808
-10.236984682363476
-7.918179089691247
-2.632670056284133
-0.0003748453961633167
-4.90675263504194
-2.0083303371946992
0.19749162013013605
0.14808641277149617
1.7187884580047498e-7
1.7616101181421018
9.291779088182002
10.354072348291313
5.165613240809623
0.12619542604378522
-0.6691176286227056
-0.8541127942406056
29.162373488682125
8.954066211816713
7.2660789758701405
5.870666652639707
1.5922903138128435
4.707253414492445
2.278868631144782
0.743692966594121
38.50250878382946
0.9250326246808489
8.966440748374499
5.24394302236241
7.889227495831438
36.07097931745591
19.257315084270704
72.83545226025929
51.487245288540535
135.91385647833587
116.48982704869243
117.85757472540183
96.50816188515853
124.47176724812881
342.57951601849885
93.54011752331279
42.32942221067666
77.82287469349424
16.134812203637587
14.17919299025893
37.2220349542621
0.0706544971303808
-0.42809870661294036
0.4219881177671663
-0.005086140230520905
0.01114445623220238
-5.401128010567908
0.08543713263526771
-0.1408730991320999
-2.7338294715218763
-0.06223157899798051
20.704953397753446
40.63008430969623
11.339771933333276
0.014339884235894945
-4.01000907107144
-79.3883486444285
-40.6804819929031
-3.420956720677046
-10.529607154238118
-32.73636933145556
-9.898286169251831
-7.480274745802468
-5.083990259449352
-54.54943050663661
-43.95159941370964
-42.38888859722043
-0.0759314659066262
0.05082227784879244
4.877446875272659
6.909740722104018
0.010917259414171402
-2.005667879939868
-0.005019856486876757
-3.589415026921374
-22.53509657146262
-3.112946034353398
-6.604299992320026
-0.3086124878170883
1.2728051430904666
5.305402827358245
-0.00010802339204451395
-0.00023462396633761563
-0.0001846952924998914
-0.7324500924740134
2.7324651338604133
3.093723964747303
11.893357059874889
0.7758909294989244
1.7415392662521025
41.39289152055158
113.22909315750668
59.177858198327
115.78880044417845
116.47284385359357
179.28232467484787
54.08866795233364
370.9305746347464
78.0855971872626
35.490534727079094
40.39789689450367
30.29032040422293
34.69929831303404
54.3173892659327
83.24362592040596
77.12870748532265
35.810668124295965
68.99219928861939
56.88038857356131
17.955675113402638
20.182849217214507
5.151476523070425
2.719777593684872
12.784591840211244
33.383091536315206
17.876949029040023
44.488118587117086
7.34595395497165
1.5942809857015074
0.12172376268996067
1.6713022509689675
4.919118982822243
20.553562548924212
18.153348349734827
6.0262700792647985
7.915556531853806
15.299452752358029
5.326049401018527
4.073180642273861
-0.0006142963168505858
-0.00021442701172395294
1.4155975274523838
18.097506846520247
-0.38888468864401055
-1.124995481890901
-0.3909818701964575
-3.9556365703668384
2.6627435632462193
47.20156623114213
2.0963053507563165
-0.03157475643822051
-11.21003541633081
-0.5399206481961446
-0.3689438612668503
-0.27772422180337675
0.7550988597290981
-0.2259390803628955
-2.83855740533146
-13.726585731156577
-21.251657896893803
-11.549492501424815
-0.07580483288575918
-0.31926954696161824
-1.0239904469739078
-7.640446785623716
-25.08824056073131
-1.670835191070244
-0.24807945939381149
-0.03846579982882179
-0.13755332829532638
0.012821185253927255
-2.028556637056518
-1.2177884158792358
1.3619639492356106
-0.055161373092350696
-5.327255407406903
-53.53143298613993
-47.96711966941765
-4.432460668027519
0.7323629227582299
0.1038755890091737
11.524855698327812
16.568017612338874
10.844994119828778
2.047430001817513
0.05221654998565575
-9.542841861504282
-3.243233986453526
1.8239958802942273e-7
12.111039478713252
-0.7943915830165694
-11.821292160120157
3.0368680420622605
-2.566330716553345
-0.0001377043805443767
-1.903478078523863
0.012107334307376628
10.443916494451884
4.076552615565012
0.41696924833842847
0.860713942402699
0.4315079949363358
-0.0015889823117803607
-4.011365364321173
-7.699230705994842
-1.0172532552119513
-14.130555672400689
-11.908737631077951
-1.4830989521711166
0.44459859382324995
4.499406340758583
5.365335449443971
8.117166553989037
6.64172930748233
0.00010590534296277593
-10.149415788746358
-1.1799263045882082
0.0492652100061546
-2.4883314287330576
3.780169312999364
5.274560550472033
6.903905179376096
-0.001096944321251432
0.6138072180659064
-0.5281397189590225
-10.084072683505248
-11.874821830573051
-3.9003603368658863
-13.04159248895238
-0.03156487728592713
2.1955026373507733
17.598993064995064
-1.1357342475327623
-16.225815423937288
-0.4725022832516529
-7.881876000344844
-1.3739921040389962
-6.0955312863377555
-11.592100508952578
0.6054322834621076
-0.3224872322780627
-1.3995225133536462
-2.698890297689686
-0.382339767497697
-6.642600107968405
-0.9957191856340376
-3.748465210118803
-0.7108416119924912
-2.337788545683233
-3.7713085383450693
-18.379282933938835
-15.868660745554436
-2.5243292324504907
-19.8624223800982
-41.147156152208154
-15.816601694221728
-0.006143489435827351
6.466642814100113
-4.471179465583722
-32.24683225961777
-44.91891226376755
-53.89264796510127
-6.65501489382249
-7.171018053362957
-3.80833573517457
-0.0751903886157909
4.509798939994646
2.65706248498117
0.15593612781300428
0.003172666614235331
-1.6716478255598806
0.565781374131656
0.01399793923369798
0.05232109625962715
0.5132417754764429
50.11627334934339
42.53952419648426
4.21491604937074
-0.28771479971495195
-2.004495538281928
0.10141143074973658
-0.15029555158779867
-0.7150578427833013
-0.003510240125669748
-2.1538995657628903
-13.434261430321676
-26.133071728363387
-106.55725888864436
-94.58765917372223
-57.27632173727354
-2.2772329206426494
-11.692065874848385
-3.217605422279689
-67.22593536675127
-24.995429806003465
-15.0704697129187
-1.0243476304087926
-0.12930062288303543
-1.3919410043787477
-9.189752170044935
0.7257562617043196
0.4574690039059739
1.263580731906252
19.423378229383488
0.13798648392554047
9.301156678691001
11.96613080893814
0.14378046271983125
0.6320298200278802
0.024281447093661084
1.3393991841165014
1.3232238613005207
-1.771014900835217
-9.547350940969324
-11.65668188202479
-30.856612777619755
-83.12120281219778
-6.324656775564092
0.038206180438471835
13.93110566724535
-0.11682451890257359
0.05445057876761948
0.685153588775199
-0.38337501674037056
-55.169020943057795
-47.295037423085056
-83.36834071625401
-69.544005670864
-72.4454461498926
-40.80034155745668
-5.665454937449708
-0.06051550913720181
-16.399257160374308
-53.46754470628995
-13.446541346340235
-30.527506141817092
-14.00478647776336
-15.663258831283937
-33.7912515508329
-5.076172122695897
-1.4535067500234915
-50.62380109241048
-8.821133808787701
-26.15805847909935
-31.5251281156267
-4.440358620829944
-4.326620143769585
-6.337998026652539
-0.4292310484679705
0.10602921404976444
-0.7934780300120898
-0.0240848144433741
-0.02830860220215105
0.47149667095892334
0.6277905423758086
-0.11488590379311071
0.00019299476681589053
-14.51730110587256
0.02954699921998679
-13.86521396277328
-15.77138906434083
-19.818800046115
-3.4921210230738917
-7.9771016505571275
-36.56419194847364
-38.639481995785836
-3.1316879245577893
-0.013463459879542412
-0.007653965435153955
-0.04236999062877393
-0.007601887689905425
-1.504183782236349
-34.207015604407495
-44.54542372301637
-10.2218278084855
-35.92588354984081
-1.2496448422273316
0.6333718072865252
-0.08716260222486497
16.204608700671475
-0.150627378541362
0.30724234685210017
8.70285015523654
1.8474245135366343
7.1236755116828645
2.354688817091646
5.703724037181238
18.357030134642642
29.41354587259521
27.338689846148306
6.822746417674416
-0.004486018950660235
-0.5954206364440527
0.09026217894922318
-0.06662780715466436
-0.02756666146842151
3.889450313716622e-5
-0.06654767688349768
0.2760134983415131
0.10309620152502715
0.9213025217742387
41.87875084577634
5.440659353830057
28.338815539125203
3.4195124305802023
-0.41573589539279027
-3.9409477915131297
0.22542214426489
-0.007499768544239864
-0.0817542632025176
-25.22169460609248
-27.151255878609373
-28.704700766724486
-45.95350445057293
-33.705096486286756
-13.466563235987138
-0.0843360408302404
-0.0031729581978290127
4.076761979021248
-1.120144858907809
-6.209053087047497
-4.63440706671079
-7.280971122991238
-11.739563475508938
-4.660290057937958
0.03620816702938741
0.0018181411734716545
0.0010737536433268141
11.612841663906105
2.3880321099291644
3.0362777547152686
-0.06092897375792813
0.8398343981510534
-2.0677844703449955
-0.22382078801219457
-0.02581882593053221
-0.9937762942331404
-2.009845905802594e-6
-12.34296741144814
-60.278033985156235
-48.90253294156408
-31.340516927588315
-10.549642672606167
-6.6789048857770075
-17.898690190685123
-50.8005074152397
-13.723235207579593
-5.451216806779862
2.9110788262051215
0.05572049631324564
0.519945587747334
-4.176482072056902
0.24366360597169015
8.893714801623162
-0.008791394174303607
-0.4728729682385905
0.48882518875469233
-0.7988347839836821
-1.4434974255014368
0.00016754370829633462
-1.2749363293899687
-0.7379796252330776
-1.4460489489721406
2.2935082760245247
0.622565941616063
16.983392169870058
60.9903288112259
1.9397006748499526
-0.6731623930594512
0.09770599470800541
7.298566607406932
0.47071262293006505
0.14738857164699085
-0.5718005588009594
-0.06006910735259147
-21.820523622341586
-18.139851689856915
-34.04929195550688
-86.59417702122533
-18.629807161991064
0.031063548132261105
-3.1420499604661707
-2.7658742489772465
-0.14489578955012794
-3.5921992496076838
0.14715249364797411
7.178403486938923
2.4734385069637006
-0.22534711266315224
-0.30524829289525945
-0.0006550128213985504
-0.003919385597362405
-1.5768423054546998
-6.589771223316133
-1.0050536918299406
-17.645236642396874
-0.4533036518460455
-14.7225678899577
-40.84516277971935
-8.710232452473257
-7.0340251351687115
-1.3922039160259096
4.575269947422326
27.91133758508447
18.549727465967244
-0.02353107384068627
-0.17060360272323208
-5.399146235699665
5.638859699583397
-1.2472672043980402
-9.291411863922374
-28.584929442476017
-8.599398521637086
-29.509645951123325
-21.353583196703948
-10.08049965985694
-16.035240818996005
-0.9318602373341184
0.3945384722182081
4.8980634815526605
-0.2343045300105289
-8.932708183787332
-2.2855723606759217
0.010572169165148278
4.185198661099003
0.6601034034047489
1.4069196650747287
10.11091490180543
-0.1106136561576055
1.497630583822694
0.9847300772715118
0.0012070932704991294
-0.0030177325916190103
-0.21340803686486373
0.20568025212534116
-6.366066959105042
-2.6252088283937876
0.003329692759265654
-0.05591834286481561
-0.00030233750578647544
-0.027908512430514267
0.09172168951789195
0.00023228592000929348
0.0024124550096789603
1.4217221940580635
-0.003075167580044001
-7.216316876795149
-51.83232297065952
-109.35251688084062
-6.849897475524681
-44.4701920474065
-11.0690446928301
-4.770310682580008
-1.4166914371819634
-4.332601525235667
1.5772594932917086
2.25330195589024
0.9610607746373672
2.969672991142653
0.10638326726706845
0.17490924189538593
7.335921986349541
36.86215324000766
10.661615696729353
24.426046948556202
14.739050517226786
3.6489853767819294
-0.008602313081855785
0.010853167391535551
-0.21209687782178482
0.0014151147851824309
-9.2808525674649
-11.49329887955891
-6.643428030532865
0.0015534632487947658
-14.074393152193897
-0.0925948934254979
-2.588874906164597
-0.5024727534416042
-3.301800132480383
-3.8854073227573527
-56.04013741033226
-9.079958434558316
6.143920110592097e-5
-10.154663449069949
0.09677436769323722
0.3361270058429081
-19.028543521584787
-0.5436917804208208
0.49651109446780056
89.13447193390355
44.045476693369544
134.5065436988584
124.20030731219893
120.05361599276735
82.74675006036354
110.95252814669288
52.50729473632037
42.93694573579981
72.65320836131916
62.99693334385881
8.500462031037884
61.67713977845477
36.16664220007047
78.50295476997289
60.10922864966922
146.32973563664493
73.46632441298962
194.9848822252744
193.1929433934719
159.64614659015365
85.94533757443737
7.164552459516668
7.084858156281959
19.25338937755317
1.1210747137825146
5.606439425720347
0.0013574603688522868
0.003193787175056929
-0.00692036404302012
-17.04291128604808
-11.845084699074532
-0.3766424384079754
-0.4703813365607979
0.0007073719670036962
-1.5096216108702678
0.1257714484431397
-2.980810813405812
-3.4948084071509338
-89.23139407419568
0.015217287911293271
-4.278716530979399
-41.19698569320403
-22.811533616745173
-13.196516946851322
-11.191751876379994
-28.38428217314447
-0.25729777098127127
-7.1078025226824835
-1.8122375402339643
-0.47768783358814226
-0.19821970113020837
-0.8526248554252257
-0.6278118716676293
0.005738470533818206
0.05445992275097106
-4.868415725237006
-0.0006036196900269817
0.44181173057910056
0.003456380988298085
-3.318037860096325
1.903567094561792
0.0070324643439629115
0.22624313338705898
0.26932774487451955
58.093126659923584
2.0798749659944815
12.959805359489208
0.9642583243006492
0.0190068110403228
3.0666163482374187
0.8831292177835203
-0.03818681076633942
-0.8106648546146733
-0.723526191104715
0.09344221031828495
0.014651046808217796
3.0805570248516454
4.7276790799383726
20.41126961910203
27.263285465638752
36.43612074768095
33.68567616905445
18.383802938840823
9.807366168450912
39.823327743313094
6.202787340281165
33.2092571176687
9.078185460136456
0.8506521813937473
-0.023716748225720428
-0.4529396994796433
0.012544489964665683
0.005806474944924057
3.9892142467755196
1.1676914813452397
0.31696190025315374
3.8374017965739182
-0.0014027823430636192
0.17300288979353384
-0.14428946660387756
-0.08947699480557406
-0.32446533655997245
-0.9685229425926876
0.5543854356974801
2.8981107019675334
0.43169178133123315
31.295837664903054
-2.8053542334976123
-13.420273231673788
-17.12490277823431
-28.71813530084431
-76.2033190419733
-27.972409625982014
-43.468542444429495
-26.64618697752692
-11.734411159188273
-0.25492805346094294
-0.140055488313196
0.13268394215641496
-0.15659738985993787
0.8389589739285658
-0.6422030050428392
0.32829589301376433
5.109025114298586
0.30742848241854714
2.128699739359816
-1.0509853454580387
-10.61520446450285
-9.964481372896385
-16.435552759586358
-46.50903712060043
-11.573551608945467
-0.03871174520501264
-2.816335849365244
-0.05822187554310966
-0.08095677165887502
0.824289673380556
0.252004365303499
11.697021241402584
22.14227808575027
6.776479915918417
-0.017350074215330375
2.416279207675237
-0.11227111119304484
-0.418718776797766
-20.647545062135304
-26.749331995324074
-9.564370517712204
-49.26911971486592
-9.393186551339936
-0.045270648876375476
-3.0466585332279164
-0.34768584251861334
-1.1623531309460706
-0.17779705297744963
-0.09027271539358343
-0.8850038786362234
-1.4797304406773475
0.09588997152140886
7.869245714459324
30.708321134775577
35.98737789028202
29.734626509898263
20.719155497800507
0.29320500968069935
4.435452026681887
5.355900070605813
8.301514137310916
1.9188986441818312
0.17540339970200047
0.0005820701886332581
0.09940787603224785
0.020695222319110505
-9.808024858776186
4.3175205910817125
5.7557687167194125
4.23548171261155
-0.6464461356023086
-20.403079305241747
-15.596523082769108
-9.065734692741529
-3.9624770148577975
-36.34166720122521
-14.061839234107278
0.0054891895798748905
1.5812772013056777
0.6861416110555266
4.763631200610565
-3.8924880387231244
-61.06423251846391
-123.78221372848427
-56.44950709755645
-7.8654142544024825
-7.578973570936525
-3.674181759605125
-5.516817555872579
-15.714237327718024
-0.30918688690221324
-2.1318815867039556
0.2146978230513743
-9.605102161994157
-1.438856996523914
-1.8629119973230615
0.322731594759915
-0.3323833825831192
-0.13643052986862844
-0.06416356653263924
0.05276447345059846
-0.25848786064819124
4.737891565439297
6.0741404438628335
1.3842334727149457
-0.07099544755710449
-0.007193305261679247
-0.012756203069529282
-0.410482353501189
-0.4176850756944805
-11.930938022264876
-10.348964080104032
-10.390698073441607
-10.886079260153666
-15.801267014020738
-20.195159551144144
-15.996653349250462
-31.104868398924076
-0.08100650159140312
-1.4422008216270503
-0.01687464340200026
-0.6037814332465541
-0.014187218436823214
0.050701655150552014
1.2354664749996587
0.00019629273624002235
0.19760033721120956
0.006201379038785362
2.578546822999329
30.704077993481466
1.1905178633787457
0.04918562589268254
0.031230754629660597
-1.6298715008307179
-5.302339658644125
-68.86882246591476
-86.69785689954159
-34.89716793675936
-14.576934471238378
-8.810063188921271
-25.598258194136957
-23.39429858289686
-11.343766794090039
-6.582719472837845
-27.163817248103157
-17.73947873185604
-1.6858807697290092
-2.4357234496048967
-9.173640545536204
-28.483506685870818
-8.943277914402639
-21.346018566411075
-36.62340274187925
-35.088420327636385
-13.24008812301488
-26.970561873139864
-0.01855751167318745
0.0005154425617582101
1.8619839513215661
3.970050379514581
0.02850806637122361
-5.843374741977304e-5
0.10047574484439385
-5.93124368465086
0.020215739022246763
9.24311853997145
7.408228857713808
4.116417247584466
0.8455788343717873
0.025930731186557282
-0.7903895521755813
-0.07454894568362457
-0.001724729297522498
0.4103441805595792
10.540128938171279
6.5215603704390315
7.307237595431504
0.19390294925446383
-0.2140446586435736
-1.0270076694824735
2.479412200534896
1.161228084620585
-0.07434953242968137
3.5047439659143107
0.0002213369856597912
2.803381671945954
15.29297269759931
27.7044228017015
9.910130740285245
9.086362753829922
2.594157633761859
0.7679666436766127
-1.2629589897856839
-8.701674120458268
-4.012002100084786
-1.7514704186077759
-0.04918251365501455
0.012847961828502246
-0.3135191076565261
0.0018700310405972086
1.9342032372456588
5.530453428243106
6.3971545536876615
12.475250017146687
23.032423707949278
91.68476693108033
36.49033801106992
7.800272916171467
1.1776604418692402
-0.005430432653688917
15.371270101563509
5.809420854490167
19.452431812192852
40.94165351947907
34.59640908512995
135.76708281002055
44.862294020686775
0.936893444722061
0.9049114102716777
-5.798597435524478
-52.02385345575739
-0.132549830290756
4.678299907915166
0.6480662031361084
9.53112428266375
7.014913543076435
4.717409208183795
28.881879247464386
43.1482227425403
195.57043835362003
63.803386947339796
0.11453821571622788
8.710024868612535
1.276132850587846
0.0021162933221211375
5.812121115966518
0.8194385532763231
0.028694767654011487
79.17341118551485
21.987398051807904
47.25522389768548
0.03120026368587083
0.011303240518937023
-0.0003532234398000193
-0.011081264215820957
0.49738480635647825
0.2183384258772705
1.6619028128646072
14.045376249333378
59.4069560150393
123.40837667263659
82.52202719558406
57.62962840659642
28.38503517934755
10.562998543712494
45.89756270933245
17.997509238567183
0.7624923010541886
-0.43867986909751616
2.073429281350131
-0.9036781905294891
0.00125388504997431
0.4308970498814721
59.12328545503529
31.38012731650741
1.2977603124916686
3.210999749292729
21.58200303344863
55.79230841699291
158.63669509338146
136.16416689746083
46.485464925942715
35.892697618536246
1.3468068076424673
12.978941124327504
5.266585322927606
35.45323181971919
29.206730816271126
36.75402439151603
0.6216651207584224
9.658061626554781
-0.322697706666461
-0.8103834452721461
-2.135794447382142
-1.0731756352276063
1.721360542413283
0.039209743917978414
-2.842527432011832
-8.987950210627622
-4.2732544118213956e-5
-1.2261204614374572
-0.45487120807313786
-0.003875122566600351
0.043333758154778336
0.0006518816672021237
1.040448995256076
0.3030188354401995
-0.6450546187512063
-0.045821336915043705
-6.656552531694614
-8.02518351233066
-12.37398750745595
-41.10235055843978
-5.539654307522206
-9.743509032638421
-36.43694906335705
-91.00139853328984
-11.584382792533646
-39.29630367741022
-10.670026859245779
-15.81692043458914
-5.357865896798297
-2.1559274457381603
-12.947544757838674
-0.35856301685244313
-0.7435340304353348
0.27107831475417266
12.339942554044184
39.87717292824524
2.3179126952198765
5.5014599967955755
0.1825834852798694
-0.01282661274012592
-12.43108560194769
-0.876480607502484
-2.896321378594103
1.6142127020242236
13.508944632135155
9.873121614487046
4.7619465529879035
0.06462795231967515
-1.372343349509413
-1.3965031734403217
0.19196505649312331
-0.8735975487821054
1.7185518497214591
-0.20991521056540857
-1.440831278081138
-21.156582710973034
-74.94617025846271
-13.32828747474232
-0.2810523538676132
5.502040793409501
5.629551125477347
1.4612066318416697
7.6038263918603874
-0.03018310838534838
0.001359623131706832
-0.00021088083048984986
0.03542630211864639
10.022818429270409
6.3553887333637835
3.21678304510709
3.0495766223658936
0.2031295019565556
0.5553908714527205
19.295205221112415
54.49004243405841
5.5398048586304975
0.1820828127814546
0.913609319428323
16.52735474074693
17.332177598424373
171.0203619805526
170.99907823211518
144.0858219570084
175.00571189571977
13.264169458068235
0.31242492100350455
0.001586871427483156
0.11006896977410008
0.6207504436844503
2.735278059252303
1.106734240568031
0.177392318518471
-0.00324559281163077
0.038214716323723134
2.6679880596516248
-0.08360124850035298
0.0005287855402033904
3.159756425744014
0.07304424398813668
-1.0019539483798046e-7
-3.0889895135410096e-6
-1.4549657318281364
-0.13302011377475467
-0.4785071958183982
0.0015422092744351336
-0.09009646947378716
0.033018755101662765
-1.0728540031553258
-4.76799580904865
-31.428057618351755
-0.3840838709692522
-0.08314561253061849
5.3441075825552596e-5
26.68917500271708
20.34731756741492
0.9036035677307087
0.03917019579326757
-1.3507161618612504
-14.169161782208752
-1.6663530565705715
0.1867940473393968
-0.003427894404655987
2.067614874330957
9.066050367973335e-5
-17.12360119030741
-0.8318870188856241
-0.04842577045023314
-0.16317094533999793
0.5444697850686796
8.300997859973869
7.223812560978434
20.178608502987352
57.817428495724776
25.615309347249184
18.70842814348436
0.010820519337947533
-3.2553129280330223e-6
-1.9883809865910187
-1.3966350790302116
-3.0378704999616155
0.0908657088517749
2.494073004816517
0.0016350985549947363
-0.9175202864532004
-9.581921281560431
-2.110794037242687
-14.338991173052388
-2.696866445936024
-0.004226580932757517
0.00842317669752364
-1.3246581762001612
7.501750382328789
22.84166940309828
42.87482510640933
24.302551775452287
0.006415551266529852
-4.301146234013085
-7.543307140636413
-7.8960195001114375
-1.1448773744776417
-2.1129976479435033
0.08082999688062008
22.237490223516662
60.62607821160978
17.560218838844243
9.965873905994492
90.56868360569136
149.03906020169688
128.09252988136313
49.543138992784996
62.39575523213536
20.530819401353696
2.3521924557788214
5.14917799386163
1.035037473687719
-0.26710905671570295
-0.003963639939473079
1.107417397196703
5.402309233961227
0.011472840867076395
0.8995460106092562
6.773725051824767
3.5551205834206105
12.387723900112992
0.8848518454217904
0.9291071350977471
-0.7143220626443507
1.8103993584499204e-5
-1.0366480315783186
0.33190345973451096
2.246812160860157
24.171785002560597
41.36030589625474
23.082021165369557
33.41981833140013
18.72322585017873
0.3075586754529149
0.3692021698482068
-1.1785523537995815
-17.74769058758773
-3.977924663500229
-0.035963798334988036
-1.6056936123400887
-12.902147103624035
-7.044175322299475
-1.7278233363253892
-9.22964057698403
-14.367773189126757
-7.664859619155352
-1.5692581776858932
0.5970517280486813
-0.000443047013462879
-11.37057480620901
-75.43589688388283
-16.284771411767082
-2.788660746569958
0.029900583998081355
-0.03517901606655287
-0.11090336913625695
-0.9311444182875783
-2.0405055307896873
-0.2221750657491778
5.098577262958578
13.214174202804594
34.618064554779735
57.654332682339984
4.881194103744292
-3.4408504029768054
-0.27080914898005215
-0.05445137517014613
-2.409740719831874
0.19025640944834124
-0.0005408157129146196
0.0024113889060531964
-1.9573822772129705
-0.0029932939105796895
-0.07630730203622595
0.127843033033626
-0.0030741980683485102
0.41941180973653713
-3.7109474213044553
0.10438274807721976
0.011411152234236261
0.0031693149348060307
0.09536172106935824
-0.29105788212851474
-0.746763828395822
0.00543925607635775
0.7797424492735638
-0.0001279126736457442
0.002252135334958964
-0.0006577061298117881
60.63671192352903
23.776717614568767
19.62452963061332
1.3245523052695
0.3768819773211259
-1.582753499246338
-1.5018639223245982
-9.75127726833771
-1.5668708901877955
-0.959063077050766
-3.1040314515471796
-1.0297288418004384
-0.9567233444654393
0.6505265298209267
4.09108168942989
110.76038052880399
69.015590034279
0.01665199683968646
-0.0015318136205291974
0.3234614444859441
-19.940258292648302
-14.763605505992224
-27.26880746060115
-11.799901695216542
-0.2980507800015901
-2.6722232764060476
0.002746500007344162
0.1324706867434582
-0.040889232423142054
-0.9506777595909928
-7.379432637125044
0.015131421779509944
-0.08812401713495449
0.9454306903959226
-1.981492608464276
-13.236143020214664
-41.356067533654986
-44.82892230582702
-12.42259680262172
-23.06777379592162
-6.008228680803814
-0.5538183122611376
-8.78936012421041
-8.927385919696329
-0.8683660160835335
-5.979705247191668
-0.11158706594788553
-3.5422521778511986
-3.954618051212644
-3.1057952906101645
-2.408513975035664
-54.6081969422422
-28.37240103319231
-11.459953627265845
2.5828393889860766
1.1769295335688004
-0.2765850021786909
-0.06251953544778509
48.36766874679736
106.26166517623555
65.8138349240268
21.49518383147032
7.076993867338936
3.4707005114493508
0.2556867449974966
1.943294521617176
15.711544843132007
6.452182773644602
94.59041696619934
233.30667916175653
137.92877187476168
423.4177886698198
147.3403554007314
46.21000844883602
17.25247240538874
31.264539471606653
0.8824289131391457
9.761158604223466
18.371053131874877
88.4639168092207
120.71825989077573
77.26713870717036
58.43408203151379
55.06496426751041
31.792054851432567
17.653166462912186
18.92388946908991
32.10894878261709
0.4305403504355117
1.3535489558859801
5.242445365243028
18.38348424356542
10.64336701161547
28.40560308587931
28.167901276734
6.107314243847726
-0.3321127110691309
0.02724646283681253
2.543477393675312
-0.0004271125309910042
-0.00012578599647473023
0.738763129088887
6.308346802319739e-5
4.163370498441794
-0.5870891297275178
-0.001018511564323441
0.051180427641343194
0.16391145380947486
-0.6291346862371395
1.8552980503681524
-0.16499079785569076
-0.9511632862677106
-0.02856982750481368
0.04649542574001856
0.2364172048356704
2.3219120896255796
0.17007461010209876
-0.4523541203949044
-0.000627496960683506
2.445032744816635
2.1540643210987747
2.359680863025595
2.4329487263864658
0.7550699137891632
1.5643103485029342
4.573900826025391
0.016689612558117593
0.03245683029018855
0.6287635941479127
0.009054433102935884
2.2289561063147696
0.03484819755393741
-8.415556671819543
-24.865741041127627
-41.738495177152814
-1.3944699966885006
-0.02409209961987066
-11.849094243221916
-0.7740830992526936
-0.7032898560186361
-0.163379131582796
-0.47457381109541924
0.09460802403824864
-0.44519919478449643
0.05111906672024775
-0.16285553055363206
-29.435413879018014
-1.7992588092400439
-0.0037933121545348403
-0.08408415686054443
-3.5998119152974173
-3.783541541614033
-7.9944341971442325
-3.0848647856157214
0.011153152446489139
-3.682966046768636
-22.934199886768603
-2.3661561505537914
-8.206071427134619
-2.939164192164903
-10.285541907257683
0.38324801667758845
1.1128264177286276
10.163781648235952
-0.015715601727715578
0.00022462084214818008
13.029304581462538
12.5281234144191
2.5522759593612143
2.0372726676675095
-0.32682561485301465
-4.825282510540114
-0.4419934982573135
-0.004803562094773662
-0.6897939710400472
-0.02174310358769334
32.8992169863676
18.073549226621623
2.918408548902306
0.7101608474314952
-0.9502679011643721
-0.017940153642770268
0.0008501173867713948
0.21485509512692774
3.1529698629241376
1.7649920145105733
0.4321037821742357
0.0001320895198391706
5.262521003489356
16.018542080518518
4.003942043743367
1.654771730404551
22.04888614369822
79.94844312158996
173.9934784111778
81.54020514654582
45.86132776862537
115.06598008952102
48.88398008444031
20.161344561641464
79.86234318548941
25.923965565407915
10.303837546464294
18.31563631115806
89.07512601197375
65.03310310300235
25.47214485769541
5.99519148871634
0.08442219423799176
0.8645530908291316
2.0008405436713628
37.95282021220091
86.7918563398627
4.72784447350262
1.5444193771783008
8.74184775398323
47.705289183595895
60.8835852113818
106.59578337254504
87.16610729496307
5.513785325882534
73.5222645914951
46.600998284389014
11.54162822241583
11.285424073841535
0.8704048843215738
1.9640523527491565
1.817377234062174
18.437608250361446
0.4364841716726461
8.469381254106368
2.861109047168092
1.5963321180969503
8.712493514561643
4.052412640071162
2.303987042863406
0.690812115745749
-0.5666373637241241
-0.10289887261701225
-0.34329141358365933
2.2210331188174504
0.002722105041492092
-7.223225187995282
-2.327687306792663
-1.8528550917112034
-9.530217645720711
-11.712088493511045
-0.9920959385980372
-110.72527245289074
-27.090223240384603
-7.678166217046658
-15.87148598527484
-2.351479773273507
-33.969763290400984
-48.41935140775701
-1.7068079512602238e-5
-0.06240203250331424
0.09486602016786373
0.056068234663007255
10.740301653217243
0.07726677529236893
-9.11323668727875
-0.03682131824767408
-0.17290690769189748
-0.9679536331088905
-3.604683088615665
0.8526338524417988
0.013582158610890774
-2.3003095305863943
-9.397032392950388
-1.0912334383997795
-57.87331841817272
-5.870748504505404
-4.197478869367077
-54.920512761951606
-2.766672417970983
-8.309408016984642e-5
0.09032321090905947
2.2373904715356088
