-12.44084497773105
-6.35143106548699
-2.3375902267071926
0.0004418873061968705
0.006952162706878867
-0.15774643273665373
-1.941737800511405
-6.089820626289909
-1.2032296517755932
-0.0003206007278311531
34.912835371190646
35.825806474907274
66.71185221250751
6.9818511394509954
4.999174485966892
2.2412555433334913
0.3244688434294888
-2.246611294811445
0.5711389862233262
5.969564884677572
0.50928128534547
2.2395447552236813
-2.1777762143743447
-0.07926223457490676
-4.028869654675439
-2.564279162187887
0.8989683567704949
-6.411584598635149
-0.10108172614358552
-0.04743363579188132
-0.029814591650626172
-9.50270224371874
8.82773902861339
38.69266287692995
27.575925870253872
1.1569206354580561
66.80173250829844
5.930171741667586
74.58534503346935
37.313642002120204
5.907616117881394
0.06776100284819013
30.454944231378786
3.530183826794833
1.2018708623851189
0.26934622074458703
0.005883449369923249
24.131776091127904
-0.1287374117767427
-2.828237983960773
1.1975438042299953
-1.502378945269579
-1.4474562019980155
-51.918458169324914
-12.237714840936913
2.7246603649604815
-9.056239135673893
0.001010038710409164
-31.262797695609983
-9.336779807561582
-0.4502917399687633
-3.3149108409557275
0.17760476995951802
9.573285012592736
-4.0103012952251165
0.12570561040741404
-18.566933977605412
-20.1422191021181
-0.6463809142712946
-30.191321351897457
-13.449376230762377
-0.903805976378097
31.250210879122847
0.00025865524835152294
0.01979314507471169
1.9615849336139632
-0.051356584536124954
-1.091813540830671e-5
0.0001071358708833284
24.920428764969575
0.11069976771249349
-12.275183368955677
-15.852777665942215
-125.19230810205443
-11.147832973902391
-27.875426733392757
-4.561307128674234
-17.87504710938927
-8.277156235760598
-8.717696864746905
1.0702645021398822
6.124750316487369
2.772337125609704
58.70741504499232
85.02448209633576
25.425958470951638
61.97106638167233
213.59351334019215
62.63394557485483
1.6337818686958259
-0.937935873225928
-3.3739477712418764
-0.2622486353277315
1.8088358644057114
3.7218606036143776e-5
-0.00017983551689463944
0.6139351889089243
31.538247169858835
6.798175757692427
0.09518092636004971
4.854700238538389
-1.5499917955136706
-2.913552130426003
-0.02804211291518393
3.9185196929981014
-11.419561321118916
-41.9147366986556
-1.0567916239085935
-16.0790618604249
5.412727381246519
21.68699665838839
-0.8332688915526472
-1.3022994401534291
-1.9597819535380288
4.102733352141253
16.79841853963298
2.8826137325398262
1.28830740315835
8.595172233070738
18.173989739944155
0.008833113648159117
2.9315311426983248e-5
0.06751331478475248
0.039664970883463366
0.2191973331150255
13.695637174144833
0.0196537937105066
-0.23744407475639898
0.6459958750546565
3.1507214739518226
0.9658602404395922
6.898325753915175
3.9496923656048692
-2.702686230281284e-10
-0.6478350113440616
-6.620552502241316
-71.95860311657775
-122.76366698500806
-52.64873840686978
-0.025127803827301183
-0.13554790314743873
0.2036678134426731
12.605870832912677
-0.19641805310628527
-2.836810177323387
-2.6004862572059895
0.0131332489605164
2.4885340645918665
0.44280121563318275
0.08871978638871503
66.8252327137646
-6.973572707434409
-5.3226251238221325
-4.795774435765959
-31.181781797242955
-67.83414439025519
-15.658259525669337
20.288967463603317
33.3753182868816
47.353184589796776
42.38745431098463
21.10590412619644
27.59709209355646
-1.4813726385458166
0.4180544151051232
-0.3430207842833661
-23.329451849544974
-37.86448564125292
-19.868748854262893
-53.61968453910211
-30.90406106329149
0.13216902186719323
1.5600697978194586
-3.4660521961228845
-2.6677467546849583
-4.825530570219365e-6
15.495106755114906
3.7791938006261563
0.5562436828237292
101.32079470740507
86.5245734003969
329.99808405968383
263.4997789800526
238.1327871517566
62.71188660756477
180.48966977583768
38.72498677110054
-0.15476136640091176
1.7881305917087096
-5.631634771341917
-4.592850272981071
-19.482255584197187
-5.3774867186080355
-17.91663823938913
-16.994919018127142
-0.023427196846091434
-10.194994636787802
-2.11502710177492
2.865980233443655
0.6108203460705628
32.14778694890871
98.20121193314208
65.54345778414047
2.660484124645186
-9.470020557536236
0.0009447882627424595
29.379721846678933
7.2218769515887535
0.0493154883326467
7.458709148886818
0.8349463431538102
2.518440162351684
5.6375179700233735
16.159939039504714
1.0684130179684466
0.0008569484511013917
0.003163418166033003
-24.531741703285213
-0.08113938392868675
-0.010108001297223938
-1.543653275963541
-17.357097494504156
-3.9112210496213327
-1.0219464225435564
-8.32927753069685
-8.715190880270995
0.04364687114861732
0.037886506654165215
-34.68233684928433
-22.634076922197615
-41.90805464929675
-40.53044926773287
-3.366669348284594
-4.518459232229606
-10.29413187507356
-13.448822291445397
-27.209883395641224
-1.7938007969510668
-0.5087229486004693
3.778756410542959
-2.0012088066376164
1.7513635341880076
-1.0846363846861808
-1.119281888688479
-0.08408212483147452
0.7837061203509422
-7.099628688590334
-0.733359611368205
-1.0965222787886952
-49.21482246358647
-1.2095404527356683
-0.07490835168310048
2.2387470568542436
0.002899785423643969
2.8541959491312103
-54.909224702417184
-0.2226995513587451
2.0791293182239934
3.107794434375868
-0.4074119097932264
0.027182147291823618
1.5634430633161331
3.3032505344009864
5.248879343084844
-19.142330951776817
-0.9394848682945438
0.5817814149264565
25.514915045397007
0.17089118752667176
16.72616539582944
8.25797894334609
5.082936336933044
4.9142952040501235
4.86537012620575
23.618300299850162
0.8604847981035326
-8.537186849284575
-19.64344769329779
-16.872879337447433
-1.8764592324268317
-0.4020012744617078
-0.36552012940081663
-5.601210615517141
0.28691511450629803
70.81297466644264
-0.5021213139242684
6.212078522331065
10.805856802224683
72.68074496165296
72.5112246693335
51.15720197934485
233.49488814184863
9.822455158304848
19.41346848293503
68.7782469911253
0.036901260059829216
0.9202972281193075
-1.1213043272474847
0.07790252516539106
-2.9145894064062174
-16.412942559283184
0.6879576873536849
20.17609177723637
-3.446996325985833
1.0539136882174325
-3.868756339989692
4.366314363789569
-0.06908075046963079
0.4644572342735689
0.005661188224551963
-0.32907574239309373
2.662756149960118
41.434780808351526
-0.29195230182821325
-6.775408353064505
-45.1710310356608
-2.939216150369346
0.21514461612664101
-1.036257423036056
-4.91084976339794
-17.1192805308093
-6.360605883753501
-0.00014624279978868747
0.004393070249925605
-5.8914851497805145
-126.20709878362989
-51.02610526443478
-6.224014299037996
-0.0023010737295653776
13.465830394855361
1.617042970871293
36.28714637790764
27.463112713779186
40.539243898972586
81.26964664052606
358.26269073810965
43.022497378330854
84.04478789446732
13.511185620989782
-0.4482815407016373
1.154795694161298e-6
0.12648097593173233
3.8286814395146083
0.09620649728321959
4.234522381001727
-0.008859342581136409
-0.10487585838511405
2.3502910060983684
0.00027162527272811825
0.07159087943440406
29.9256866795318
-0.3027970435659481
-3.486035643213463
-0.2810324640034235
2.7903058497916398
-0.11129728345193736
-14.25179482669329
0.0734733145880148
-1.646788131054673e-5
-0.017277975108095586
0.5048511718011454
2.915830944432576
122.80582431729144
76.96157530163848
1.454042481394318
4.202636711996987
0.2507594317175321
0.0487668834786336
-9.049545857762022
-0.7379244644169071
-1.4057585467599762
-11.472193482022488
-0.9650906273686037
-9.387819817642503
-39.37329948837441
-7.7285821527818905
-3.175110683099252
-0.5414201331427854
-1.2788749002666164
-0.42707723600833974
1.5006197455455907
3.0690429284940137
15.034319766583835
51.547724981250916
0.03432476104737757
-74.99954168072678
-0.59065741914751
-17.281968073132667
-0.02326911157043689
13.49093998977827
-5.1586237165451
-0.4024926525557682
-5.166475233886539
47.32524774394344
22.510991191920663
-0.5180027393505564
184.34082402919043
2.3173426338399463
4.335089058805022
0.2863576465760668
23.529800746932114
0.8789291724358151
48.3334166935037
40.118844009566374
-0.14063113736840294
1.1415882077484485
-0.6616392236529287
-11.196704592722318
-13.845727195257956
-59.36796721918587
-77.90720589916862
-5.812729665066416
-0.19866595944043355
35.50953660324909
26.430109745166895
2.353275712407813
-1.5313880496057066
-0.7915440743925499
-0.44563257430673053
-18.87161802964109
-28.119468990410862
-7.269248714451389
-4.995525283905086
-18.58357621069128
-3.8237293352170556
-0.9318539046400397
-0.8006345274754427
-0.27944976981742403
-0.2571244235375353
-0.00615467562108541
-31.82867110127819
-5.160937082949027
-0.20992570367087893
-1.1221793314023585
-40.65042040199166
-41.17966839388833
-2.8284141309780777
-11.462865675068128
-11.329084436795906
-0.23825926972590478
-64.3852543460772
-1.3338129608096412
0.009999381724146718
-35.68939958067178
-7.052597839888892
-9.004696095534543
-6.195678652043772
-1.3963367921780836
-17.585668909823404
-27.90655178774724
0.01698665906794968
16.735047954312364
61.06859824518505
64.3879968978767
21.830631329416228
39.68977067311494
100.09652569582076
-6.04937475434466
1.9666375784204209
0.24343935676842396
-6.153674627073088
0.2869118434707649
-2.9108633165604673e-5
8.977482154281985
0.06436774102011569
0.010562553910137428
10.075248401158374
-0.8645037081063974
-0.005721062062216057
-2.598077821673548
-0.0034468807687866726
-0.9336428818912462
0.01731609276296722
0.45876537692838865
38.411159282694356
-0.050460894090420934
-18.00619254360816
-1.4751060528232571
39.48912654455441
30.818694296060855
0.029835562511901968
90.96817803159739
99.96721931607172
4.474118534915567
157.01724615251797
0.1394822774673794
-3.283682066240639
0.2573636962785205
-1.5961103560677614
-0.03806742016256708
1.510901690816478
34.113333982939864
18.5282004734682
2.214492507644077
-8.397004269052362e-7
2.297907169111769
-1.0736343213859065
0.029047876738914017
39.79512436627218
-0.0004602191503861319
0.020819836677792254
-21.055810668333464
-2.369306792242985
4.0254909238326146e-8
6.8595120079593395
0.0013683836031880287
-0.07160711860367432
-9.637350404533315
-0.06062794411255236
-0.001912417410156163
-3.3539887392714185
-42.60806636988608
-14.768441332495112
0.01571046032716676
-103.31861568464385
-21.591134726384
-63.31313983748518
-2.16217441457295
-5.584575681184503
-0.19801777339251583
-14.364337520114422
0.17212652522564217
-0.03343816822841312
-10.764270695765621
-0.17505117060082268
-16.875960668537093
-0.19912542134282643
0.22198997477169455
4.548409236776519
4.10264764514841
3.679841060440423e-5
1.4134520712138172
99.43053062432587
32.15872739805595
125.35668640333375
4.5862099150674105
34.520708545549546
8.109350613632138e-5
7.3277904154122115
0.7954989352800631
5.262269602642192
2.242679041325303
35.61730286162222
0.3772556458451289
7.259458443852923
0.006588780416682776
-5.31411607053544
-6.024529796448281
-0.10611451049454519
2.5590192201726845e-5
-2.4035192496502504
-17.18964139897921
-28.164311570693396
-11.086098108051564
0.05051273374989672
56.20142806966807
10.336625968992124
0.0014571490417770068
-0.03884656441826511
-18.262223116510157
4.38839232668573
-1.1790455095987562
-14.368684959186762
-13.342273616175861
-44.47958641369296
-2.204195953160095
-7.729008770069918
-0.002122119677048711
-39.99361471878266
-26.569289066340517
-61.25605986778548
-0.47751765865469586
0.181992445517466
-10.875060009396035
-4.060154075726133
2.454610515960852
-0.09503146634779118
-22.971224768605953
-0.09306350809468981
-22.55079175034813
-18.026103363900322
-9.657472045615263
-38.238110628322275
-0.22566228539511152
2.2816992293885288
3.292865644463491e-5
-1.3037711967775618
-0.8906377661106036
0.6011704504246481
-1.9627457315647645
-1.0693483195350348
-15.557853982128009
0.10243530325194612
-9.376780988436918
0.003549056938383642
-21.678710571330463
-3.75326016753209
-0.26624251943796623
0.006000639244847569
0.12720951745169884
-8.188218117332154
16.893649555984247
14.47842241396141
8.632462339735888
0.18218014125237422
0.6745763431091644
0.224134789516297
36.11888857760164
15.86330855033774
0.0001197998067235269
9.236077390394959
-7.9790779485210965
-6.064522401684822
-0.00027702717638087107
0.0005240795369917174
4.600531793215303
-0.6783221616729386
-0.0017213653517307533
0.2321487332231281
-12.63634656173123
7.429667774968709
-0.004168972211626137
0.005205543780777028
0.6183103870400881
10.038211205077033
-8.073434857357274
-9.140358017218866e-5
-1.9255731147067385
-4.22102427305055
0.3821248176130499
-0.6787765761502332
-31.07429463902283
-15.563283452079862
-18.432453433281065
-115.79447722172064
-82.51014216156297
-7.102387376415892
0.6561947620591361
-1.761269862687558
-0.47082566242917295
0.33395709878157737
0.2650693644499691
-0.1601126746576397
-3.910657444879796
-0.0038519305435028403
-7.042471962153596
-2.9324986857716793
-0.06593920515194727
-12.771402063726516
2.588002748152547
0.16464533512447005
4.530908765114337
10.088820643442165
-6.0507437087815354
-2.6108058027436525
1.0012018283191033
-10.1158871026743
40.86644734075578
-0.0005115546683891868
12.524126730886865
0.03160436709473224
2.3594021069266673
-1.7537206995168297
-1.5384112637841094
9.080480756083622
6.270898061357351
8.391337081601742
1.45427594483137
0.5508156822602329
14.100187560409474
-6.887182656406549
-1.5923433497906982
-9.9582745425258
2.1765882485536583
-0.0008956725342374435
8.620430935740794
4.891227724849705
15.918320307732223
0.7000302611538539
0.1253333551383502
0.5803851310001538
27.955783370300267
0.2206806900273194
-49.8654418012521
-13.278730279474788
0.45589993724186034
-0.15665878281894158
-15.694400406355077
-10.33295579400096
-0.08164097742814894
0.10608153107520046
-0.1999674255982497
-0.6339137540883624
-0.2555441107689598
-1.4489760032141208
-42.91656457782575
-1.088820233382787e-6
-1.636062631896381
-39.55151382866067
-0.08626820519105066
1.4308317245282884
26.15269723572513
25.179233739703726
5.808111635736191
-0.058212604520737496
0.9016609470938111
3.0570921071346846
27.174266772665
29.71881713085239
1.7814455814777168
10.046982627384365
3.3692135709733058
14.036225639545803
0.04905594614121293
-4.736959911669998
0.782449162907705
2.6930920025855847
0.14461816830002094
-0.4882153434970344
-1.4752835786985543
-0.20987516378218407
-8.445565176560773
-0.05403855429324482
0.7318207057913546
9.717410282057847
0.9920928512523174
3.2664426961206487
25.990455971779728
-0.7434306146694251
16.20733167349548
-0.1782194265345003
-0.019948119981931165
0.52002219014947
-0.12283757151213238
-9.478654137819401
-0.38112454701189924
-0.4810271319139257
0.5623755954923183
-0.007170737417494101
0.038076822991222684
0.6610515704712043
3.360194512783852
-0.2169563219182885
32.28832417178939
10.72682000284739
-10.842090015358794
-0.7134202506617209
-17.969215448092946
-40.239383867427165
-18.0335936299531
-81.8987750854026
-13.175025252173965
-0.005291475902827669
-3.0907714615409647
-3.3025585903652694
-11.564230849675528
-7.666412464093876
-0.20192395888052178
0.0006697262550245527
-0.008883069055258663
0.3006031218607032
-1.493275857234638
-0.6633660549272339
-1.055376290127878
0.08438886279142352
0.18784133012509074
-4.117924858442465
-5.288094346744863
-87.01513725888059
-13.043492145458856
-4.132268580861942
0.048237350520851895
-13.76024855129966
-0.9260271088783948
-5.561736044946809
-1.0775957588193672
2.7790227744288427
0.81974945092484
0.11049051515935666
-42.14901311576882
0.8309051948261381
2.8129401040730975
0.0036979574727340273
10.189777252041392
-0.7728776534544295
-33.64975006798917
-12.300014792948957
-0.03203595390278252
-9.123597932483662
-0.5057603776846268
-1.184899301660877
1.934105090932941e-5
-6.084840129136664
-0.001720825286444824
0.23653848525666976
7.580925388042859
8.50070375629724
-2.546024969931059
-20.051058561599607
0.9419094452615582
0.05817464250315189
-0.22189538420289553
2.780458508500674
4.414709717349155
1.2917669330966897
10.131239450559358
0.015711929088196814
-2.3559352847312307
-7.242075854957849
-11.906179055883705
-0.004612269931206454
-0.14997983770235518
6.858439820113225
-0.011782436361993377
-0.047553104270630496
-2.0400626596876608
-1.1218080725609008
-10.158340295438332
-10.097051409231007
-0.6554394100681059
24.91660363770204
26.273321936521356
2.7177121173016987
0.32506982061073114
-7.895625508630831
-2.96801984718469
3.755830927489812
0.020154057842168175
3.0096332945697344
23.80835318965219
53.86843517350383
-0.6391837286397958
-14.786645145833587
11.411888978431408
-0.8728136851823334
13.825869065857109
0.7868426079396805
-0.31901060851599783
-2.19204982087134
-3.842461544485645
-9.635986007528958
-27.47316518007283
0.0032633740328354556
-0.18716595870454394
-7.968002543089474
2.6693663893021373
-0.23924914935828298
0.8095195493139515
0.5627648330184288
6.269751756064097
0.9120366767579623
-40.142996422986634
-1.3251996628728784
-0.3380034569242281
-12.861217792634347
-20.88236365488876
0.31432663472589906
2.250038518941128
0.05140631391368172
-0.0005758492978939373
5.574758361139123
-0.008379439998379729
29.460893937362936
4.8041304276773
1.7571637931348862
8.796995931942728
-0.002293273517651719
0.251211211365301
1.5332295367378612
0.8452829843987792
15.507700500831382
0.3600912196090327
0.40841738496090246
-0.9849473200825941
-6.427620440547997
-2.8467630485136137
-0.9221084235629694
-20.328832554058877
0.08532313158878263
-9.203052427007883
-8.274626475983698
-13.74352129603237
-19.438784101255777
-2.708463291963423
-20.75229666547066
-3.6782851866550508
7.80974515357843
0.024993150304549745
9.164055810765625
-3.2625379569923245
-0.24359912717803797
-4.30073325791914
-0.19600959076410374
-0.0026077073713434424
-16.900969978325485
-8.373297690025497
-8.809101791171237
-26.828437368517633
-1.1018449646529573
-1.0292196824370176e-5
11.198339737769896
41.377210460219025
0.06590026439012324
8.267539287920775
1.4291214557497993
33.7228483052086
16.75831753212906
19.655193327753015
17.7108344556945
48.93924398105607
1.0033901249385202
1.4259867575282596e-6
-6.2771045617824015
-2.7051005592447854
-14.29776751404788
-9.01792464887321
6.404763264666913
13.670275713651163
10.854827748099886
0.0014701337211760186
-0.05855044378583516
-4.176929459223256
0.9508286316680559
-33.72925497895994
1.7618333384311244
11.667901035110013
10.426974774827086
-0.13916133118874316
-0.006559715413403485
-21.355381176639348
-4.798159968973408
2.6291306633832034
129.63592455757734
59.5275000216694
16.630448546885475
4.9445129964421906
6.033301130208623
-0.01940319280817813
1.227984256695989
3.9320011895945326
-0.6655008088495066
-0.6641817157430124
-0.06617621390487798
-0.7801531070856972
-0.23191685071890744
0.00015120995621743677
-0.6181180523470436
-0.05736693875263462
0.2901337313153593
3.5054692234716884
167.25200932783855
42.073073977304546
9.038603182860877
-1.5866213866777612
0.008343211177055802
3.123849338090274
-0.0412684933079178
1.4523804835864087
-1.4565885687912687
3.175466198822695
2.71560267284613
2.6653738707200074
-0.4157610578259607
9.360271636016646
17.810775428615916
127.4033717954456
32.50540568067517
231.7539058758489
288.5893066826469
267.10209214687825
45.7640216038919
0.062995354928905
0.26577968751553716
-3.9487813795981674
0.0030615538340898357
-0.40854862547010423
0.010737931135763254
-0.07140061710595737
7.946226518345027e-7
-0.43708804833709997
-20.068962782228283
3.1767432162629516
0.04744652939615348
2.4905776652190075
108.04095114243704
17.940545108495765
-1.0586973280168333
-3.13494213465276
-4.935784045727395
-33.301224522821826
-3.305837917595957
0.02693369748294146
-1.3938232835445352
-24.8856210386309
-13.010846181579778
0.032678481561720436
-0.009774469325594276
0.7373012885384775
4.9311537960986636
10.830104237578139
-4.272213561824837
-0.38586630623572526
-0.33396950648467566
0.8754668839926042
-0.005993037729095188
-1.0353756396088893
0.24015873547583905
6.153399276619231
0.0026615554318365543
-8.520081618494013
-8.45065451995752
-8.78634167443621
-34.732273832645845
0.10999737871152973
15.108789836977211
169.83566161124665
17.51324300704073
-0.14285116761643932
4.049354463947365e-5
-25.216559488916946
-33.22365571745988
-39.12600760861309
-7.243977243275543
0.7987278406083521
-0.00031497951058123783
-8.92401517993367
-14.901620930929294
11.282774896547766
9.96934653450955
2.2739737815963643
1.6888420770901944
-20.16087496733889
2.637104896123044
20.119958486955955
4.1923432117455715
0.06382175146900133
7.625842793349218
-0.1419712439058508
-0.5801431920783126
-3.6522679462174357
-7.325816067813391
0.6214045209432388
-4.2985336335886455
-6.694717284600674
-0.049147834327874
-0.13355311609591927
1.337406154317109e-6
-0.42792533370337826
4.085610402478856
-0.010078323061331988
-0.0019115886852320385
2.4286530802221944
1.0529125342511174
0.3727096622611297
-1.9414884770442147
-4.681727471291323
-2.971423719527529
2.1790076135690604
-0.008716089023353255
-0.0009433847997668514
-0.02527968794787353
-3.619593601289152
23.676470626293916
6.476422382393546
-18.414164306628358
-8.003642738110345
-26.461684402814406
5.080074986512205e-6
-0.3605547143679636
0.0010676887486530378
-11.234827038925648
-11.412969554230825
0.00013268846651492692
-5.635364148303981
0.04726927190081492
0.7409932508349255
0.8691522360516248
9.514513807457468e-5
68.13980992603685
0.008100543721934797
-3.6908598368301537
1.9203183088406353
-0.026081141440756087
-6.354820317325388
2.069505400566271
-5.53268914887114
-0.7093223867528892
0.5190819461291366
1.8192948868805892
0.08539702968157117
3.463450352291176
1.9985554928573364
-0.8893588441053716
-16.905932120787032
-68.05324951612685
-0.22198792314834903
-1.6218238948116914
-7.369211571404189
-0.22104552090858412
0.983780688501418
-0.12442588265540189
-2.4249878594918095
-2.2827410665263317
-8.117664946150242
-18.197837281521203
-2.009325829650952
0.00026236329135581826
-4.031349286574299
-0.0004722115024347487
-0.018897720173206668
-1.4622690133305696
-10.611649306428548
-3.6878103839204335
-2.066428947283951
-6.039648677797222
0.4439918702171231
-11.354601445391427
-0.10737046835935468
-20.79223795605903
-16.90682356802508
-7.659212245667805
-5.015928699852666
0.008108860964670292
-0.0002220547392586079
-0.2143492646857862
0.13544694281272876
-0.1795866803569943
-0.06029820875575062
-0.30399420705144997
55.81804519941726
12.801595157558072
-0.7996680075547495
-4.0037629418431475
0.5449876619857991
2.9070616966615193
-1.7776389435754993
-2.959586020045817
-7.824863799010479
-41.85383092917256
-1.391125766688474
2.7258314635438796
19.158517214957048
50.649599021862784
30.652657933159674
2.9315269175366403
11.88645223825144
27.308432876256678
58.72682195819075
63.26966175764686
-0.4208249571622647
-0.7567689899108043
52.37829647438214
22.188680914097986
-11.438558457920292
-0.3534360233028857
-8.38762673386238
-1.3100079372810312
-0.1481995969649506
1.2194281930097304
74.53034317702897
0.31565910666915803
-0.7957228708363039
-1.3510875037898806
-0.02012471704519552
-0.0698123463950109
-8.453545680362582
4.5848527186030857e-7
2.7849437674525106
4.228786355988326
85.63883060996235
0.08794103690150466
38.72747770843429
19.026697839542628
125.03285775252141
0.0031727245105278084
2.4703170501205056
-5.263667522548522
0.0024227922411596695
-6.450152611418741
7.222525222167605
-7.189052835877766
3.1950382114056515
15.23043968661746
9.063112221126211
20.87170574033146
-0.01783750745898687
-93.25137182864277
-19.234201111592178
0.010617658295702591
2.5892661466520965
-0.07128699865630544
-12.077485505260412
3.974167726044527
-0.07493013476835636
0.10771762956939472
0.6470130774072484
-10.641437434643034
-0.01596555958636256
0.24882646591751378
0.09625316756382449
-5.083615999278954
-0.018310361865700155
-0.02550483184391216
8.142668163968654
18.069326003163294
1.4025753446818527
-38.505235680400915
-0.08902451196622178
10.320522416528982
-0.35511860692456265
1.6271119370492402
4.274411147271952
17.822736586078875
-0.5196348030117145
0.5789565347106351
-17.385356609139908
0.23964646024171232
-0.23677121845548804
-9.51998342327939
-14.207320986898631
-27.11892034677797
-0.378095966732971
-93.0766653858054
-24.902650831523935
-43.95507880607284
-11.212973638378683
-24.183249183183587
-19.0289109262376
-0.017692488754539794
-0.005191598768994737
0.009116187270491686
-39.6288665191327
-0.007379255392910244
-38.599471256683216
0.2878150867625898
86.43967788900208
10.045927326524849
0.031020503830675072
-0.8538429454969741
0.7849400498748786
-1.922561741735681
-1.839861407881468
-5.724686092298532
-30.704785568023397
-17.485563039790836
0.18888628894711315
-14.40146199812024
-99.48763091877427
-2.3273444940962675
-2.2513372370698215
0.39900686635499777
40.49451048718518
353.27389687758625
90.28020609794983
131.59379907664493
11.71213405250116
1.4937795195993424
13.824477743525458
0.06736411089908209
25.3264674077286
11.750087804185771
-0.04273397710979332
-2.16116467441226
-8.592087532076702
-5.154631185645307
-7.938781793668553
8.097791076351301
4.379868236964677
2.4974439694665915
9.132511697716637
0.0087590560554124
0.0030251269947414523
0.020950814523596893
-16.15915095842673
-48.692852687946896
-8.573476153035587
-0.01902205199072362
-0.008649266833741866
-3.227009478905452
-0.8101806611862548
0.9705859955374707
0.061993418495201645
-0.31589667566813356
0.47928829011707474
-0.00021613725162358574
0.6106350194904862
8.140732026853476
38.24160481011766
0.21751841847843514
1.9047323084894527
40.23761999053033
4.364070305234851
79.35273993179405
10.32127427263991
5.11781143514067
40.86240563550978
53.509269869185715
6.443476659416045
-2.8827440475904367
-0.5491545576562855
0.0011065668590225573
8.373217909758182
25.3562488402969
60.762228022057194
24.952559696075966
78.25911763856105
6.064075207179801
34.92479257055803
1.3112583878510935
-0.7260741504812458
-11.665405819149957
-89.26527243755982
3.381066252833875e-5
-8.147020880667322
-25.91654990600962
-32.80639310469612
-10.452721256069744
0.26407414003218044
3.4417911595980617
-0.23182032400078356
-0.973905775994872
-2.0187907456227
0.026605607772280736
-0.3630389368033395
-22.180443693067787
-45.19682804948794
-6.338233670884428
0.08755654548547613
2.199158972655195
-0.06973412585249857
-4.999625459162541
-41.2658909042013
-0.04170347541356761
-53.81087779854487
-6.167854629698364
-0.030623449066723294
-1.8729305706965795
-5.429150369974986
-31.033169077454353
1.1661364005785921
-2.893567474045271
-4.261425997957468
-17.49460549398856
8.470976190574198
7.936403387938913
8.28828260693091
-6.00539194729474
0.004185346770392142
0.5796373999489131
0.1108348178372298
-24.979893282961317
-2.547394452909713
1.8244602040214035
-0.1981090517631968
0.00017492627354714538
-0.43363324267914144
0.48112060005412793
4.124979533870882
-0.011388021916081601
-0.09385856927726044
-2.0046371750652123
-17.16472691600322
-11.515568653376796
-2.7006814246848068
-21.812343174997597
-2.77624630469603
-2.195312958889895
-0.43218780925537514
-0.4101299822170495
0.29154488808505324
0.01793520433213928
-0.0003839792850504347
-6.002676909591772
-3.9700165471316855
2.4391644291304964
0.24174038102470147
5.131812260301836
0.891466189825341
0.450324159683826
-3.6316440221196076
-0.2740002605427417
-2.534410110153477
-0.8984757859065212
5.664717558895149
10.127153624617238
36.84483234019836
12.082265467394006
11.249802081364026
8.087891343238702
-1.3943775133382288
8.881596014154695
-0.3747711862845517
-0.011001488111625721
-3.45249749941207
63.01872451200964
2.7326038358355715
10.183922329432873
1.5309002515342145
0.10115122219772127
-6.983627783387795
0.027215083340979787
-12.251028585089404
-26.405060110014006
-1.5408376079683608
7.811577551343024
-1.0622840120326504
-3.623805280671225
-2.3286826407872145
-86.23849944847265
-2.621045617672827
-65.99401813297357
-11.269751114128036
-1.762924677632078
-8.79715494128759
-41.305424731472556
-0.8708617413667902
-21.230136485810462
0.005255222892017895
-0.004744400341950333
0.7180320283045117
-1.296567642664163
0.0011595471302704525
5.639464602087126
0.2915004725769182
19.616585189704438
59.211112375069774
2.749410951096119
3.5882679204524677
23.56049554460264
6.132385118040487
0.11986167516966835
1.8868995402700304
0.00011657123492218285
-2.3043536054001965
-3.000948209488856
0.7464583525700395
-0.8297064154972026
-9.623262845315566
-0.19390832749902318
10.078105683977473
5.013104807991931
230.5559583792322
31.428534156437202
26.155662195768002
0.6083236749906397
-10.118331650357662
0.8318138874504313
31.020636741069076
0.011916942779573576
-11.572984440001985
-3.2019881430495407
4.793470812412974
-0.3162684403013872
-0.5792702407388184
-23.43597188515496
-0.7100448445974695
-21.455808716507484
-23.277856582955007
0.290117150010092
-3.8458271330619462
1.6049758842997421
-19.55494091133375
-3.0058590579718776
38.00554283855932
-5.803910844358035e-6
2.4550373358521664
-9.505159732432723
-72.28766224578392
-6.1880954655295435
-4.429067193545001
-3.7322244679636576
0.9494864670062028
1.9697541200788573
40.08695542575913
2.53182061929502
45.160517359183714
-2.7301806886593867
-0.15542484869458775
-9.33479999568169
-3.4582597004479667
-0.20831183538567902
0.41526249132562026
0.29057073472563505
-0.00045978597638189915
1.3445037088172433
26.07202234730358
0.546047392750371
-0.8431017875407375
-4.784294738224794
-22.667639583318262
29.47799303430447
0.0005734216986448851
-0.0017503749671255542
0.37475239056521953
-2.1555695423103094
0.5922925789408727
-9.726804000900476
-25.35589920806814
0.6614588118297731
3.4619575772220665
-0.008175651529725146
-3.560412695579832
-4.148933165827839
6.4250513348544445
0.0900840583294051
-0.09021826392322746
-0.0011357849199980486
-0.0005082187170267472
-0.15878955985480317
14.751057067012288
12.490176979627881
-29.644262783928962
-11.25648350986471
-3.3393228870373814
19.541466746296795
11.627997134166552
140.74203541206842
70.60106728331708
24.687405842418208
2.500811413346169
17.605180912411623
9.429325157728542
0.23355745620714097
1.2503537610332713
-0.02792306514584385
12.08352614559443
-0.3217296053735423
9.612564705595444
0.0004562886298183443
0.8922080455490042
0.33932350430211317
-7.7113845351523835
7.806103556756715
-17.546307268217074
-1.0085217037757752
-41.07215236685183
-4.006501928303719
-23.95021846189808
-1.9131141779519445
0.00442607632437362
0.0014259497592699684
3.6833193253573167
-13.1493029293763
-42.30158675388943
-108.28415154575134
-0.0014122348328216934
-0.21331871047391082
-13.13441252933487
-3.1945564691949513
3.8067256414562958
1.698199425222246
58.65047361472969
9.66158066972486
-0.1304440811715144
-12.335169569155989
1.2281376537438888
-0.35634873393043787
-2.095204822552714
-0.34619608218926645
-15.380990096553044
8.87133997754512
20.796214021092233
13.792474572891727
-3.8482680162795107
-0.6133148325074017
-5.243976481833753
-0.00085712384320861
-41.14596753150479
-2.797777988631666
-1.2015800947359536
-0.16941338947043402
-13.15709247503509
1.3579118428688146
28.92357874865401
0.0748606820538307
0.25743804387927993
3.815251006936443
16.41087929380716
28.13448041326599
0.013558311886215027
-0.14977339429741912
-1.7097651812568262
-0.11027391063540376
-0.11611668981261467
-3.7490040179231943
-0.0029193248747035106
-0.19796759962296367
-7.516202552201339
-0.010275717073324057
-0.4039100308421241
-20.709506671636543
-0.2366970787397854
-2.1149094280357144
-4.529195166721916
-0.3026094942951312
5.4044897335617055
0.680492050954133
-0.22662344067053714
0.6423816875013777
-33.53616265081658
-0.07155431325005286
-0.01353493527716922
75.69997842274346
62.770925148969866
17.476747568051064
-0.03223695664597599
-12.676399192827088
-13.360660697679442
-13.426813199817706
-18.522553148328893
-3.7730386462261634
-0.22126861945261728
5.990839763030148
0.0032018319521650352
-2.828626509297993
0.0010761709753873696
-1.0387597126103052
-0.3976250708726012
-0.0659433313682524
50.87695853883785
33.5820591830646
2.5077999029299693
-13.10488990457752
-0.18813607985646258
0.025680253376261918
-34.644967141588246
-28.643038590603517
-9.094842469811345
-1.1568998059970426
-20.203727973020104
10.285595272031546
1.064904008068356
-11.907505556062432
-0.9923784487993772
-3.779988948304449
3.647886565755555
-0.0008809331970331299
162.0894365152504
33.50102953720109
62.809311342451785
-0.0008688012395124024
-13.216611817261429
-0.00039652881442899006
-1.5567506063445642
-1.0764863014279111
-42.62841938823388
17.08962665601989
-0.06271662595367483
1.3106784671288931
25.617143995827746
-0.9368358130371119
11.564961738282477
-13.13839049740589
-0.0006866127526553645
0.0010510439688697687
0.031743421816875554
0.7639705782092293
0.26811444797879935
-2.9019944082531475
2.5193874920139065
13.37900704583682
0.6237071970626449
0.15534615778741512
61.48558532633109
11.314544192462186
18.893754073106184
-0.35723415256305757
6.127703526545921
0.8503035054441676
9.349869130605034
6.880617728576483e-7
0.7748775699631218
23.35220594712966
34.11261272893581
4.039273367484017
17.944381885849168
11.86948573438006
6.995164409692725
7.0274590634192
7.649104356363372
-0.48038344369868463
0.012533215009215237
-41.072307344349746
-86.40732078531008
0.006933832458507168
39.1622811019023
29.18065717764327
42.192651541384265
4.196123570249343
-0.002100579925477699
-6.649929423204942
0.7475751206534414
1.3980931734285078
-0.06349740795812395
-0.1333323166031505
2.755653479488323
-49.44003731246035
1.5251106498980886
0.018718010401973347
0.2388281093715966
-0.0065930199946869685
-15.81223367635284
-7.281428562077836
-4.0527658740293235
0.6821801108458756
2.467600310408102
-4.148570530240797
-10.417200797135152
-0.5410951050130799
-0.05310480062693337
-40.851224825608476
0.6856008410124819
0.37826439065003564
-34.07352254726957
-38.91376605959042
-3.2126595871742096
0.04696567811462451
0.045462016065327716
-6.159372460318228
0.2550815363323179
-19.060567795501537
-1.484550487508743
5.818008391625349
-0.7545385389726118
-0.07157068209746685
0.0016735446938739107
1.7980222996059878
-0.00043185055564756014
-0.3207108611013851
36.447875742713066
29.894113364719942
238.23704351865442
210.14882040779153
3.326248448659993
37.92784823915205
1.5091765874940792
3.283282480403586
0.07264480415597502
-0.13836739239216703
-3.359960810955503
-0.196310458364412
-15.050724752618438
-0.7187177552361651
-11.78897621222869
-2.4772012076230885
-5.698780539467045
-0.16231309032633784
-0.2543625013311297
-6.363717569236662
-27.904034576486538
-1.0423429261281754
9.886639714823787
0.20173269559379384
-0.853462712694649
-46.295963749596126
-0.015401205407599396
-23.933878642440963
-27.759977401929707
-19.364626196733667
-0.9457447355274979
21.428447325488825
-0.7328509754710365
-5.689057486138827
-17.116010417970234
-0.16392615702395089
-28.06056418121798
-2.7222181664581426
-1.2772736696724738
-0.00498435967579683
0.0008657225388214367
-0.916350639598574
0.006269057043151808
1.3587504942430064
-0.010725504526786656
1.3527077467696526e-6
-3.283996878373448
-12.636117650353206
-0.17684565617544243
2.637852936403105
3.528400967591675
-0.4595444961237951
-32.83775529934268
-14.000870558118866
-35.716481309409915
-2.1473023305369283
-1.9070787765843453
-67.83978217257655
-4.232280008495869
-8.879246788924853
-18.465254856356722
-0.8095360750665789
-5.618479999123141
-0.16651389164692565
-140.54034627848228
-6.97527787680482
-6.053971506334649
6.624734994119005
-0.22461799854855918
-22.872840188103883
-11.755047396479327
-23.404692678444796
-0.0010792406076262555
-1.5123167967855036
-7.849276177804025
-9.32573046803877
-1.5775209341132006
-2.2557543132256757
0.0384096027349985
-1.9279876282233412
-42.92543122128315
-0.13117530139359587
-0.036701341806853235
0.6827516814033383
-3.2453122893268054
-6.5134091584366365
-0.6312109414840392
0.44489278397628834
-0.03152571803276954
66.96105912576773
27.644012282913174
29.926743151681194
45.14339439227814
6.620822460635277
0.0036379037763336316
1.4679373947506829
-5.504959909914044
-6.110943767716005
-0.11464513484436924
-0.42898361583576544
-0.2522940239059333
-7.13787228764269
0.00741007352028864
9.759948152107992
-3.3417032416420223
-0.01056248869723025
0.021912993320567856
0.6152778280364628
-0.35358797348015036
0.5593567425210859
-0.4955462652544263
0.21970683518360606
-1.4900591824422644
3.4143151810746137
1.5978809628321617
0.8571486998532437
-2.4021063526549984
0.34465342517333397
52.752349609915306
0.2143271146822471
0.0007198513329483613
3.7534699737985576e-6
-2.3338052137727687
-4.225135527635989
7.2183995178868825
-7.9613468587953e-8
7.3625021034861495
45.44880786729882
1.3240986277165598
0.036056481885243415
-0.10555171219959779
-1.2008615694004565
-3.52822773987575e-5
-3.214493466098974
-0.009652812872634961
-5.133629807688742
-5.092320463271364
-44.78993971857464
-25.278529557739763
-39.65096047592358
0.3302842170403658
-0.05546998481908575
-20.12745362067988
-2.268423015035121
-0.14637247010326954
0.00013613805156527075
-0.31711927413823027
2.0176127732355575
25.879836095699734
3.492709145693036
1.4366776748820413
-9.622291751421026
-9.408610528887799
-0.0569917851757256
-1.3007489472776894
0.000990410121886613
9.042018848660392e-5
-0.7603201266010438
-0.0038864880601023324
5.778924665843352
10.973471801450936
21.671887633038708
12.520941648757287
-0.027459041368054004
-5.0304893722251985e-5
28.114182148828576
69.88904950516795
55.15028146182473
54.592033127473805
60.19613174222352
43.288886097289215
64.76034948428358
46.96411143626054
179.05946538533502
543.0529541878146
210.58244285874449
164.4879950816883
474.95148623528866
30.62569363055557
76.28308129826006
6.423372490289044
-33.03235105067533
-0.6284531720584029
-3.725167859958931
0.2217915561863001
-0.8747481385779939
-4.959725730386177
-14.950707578455814
-11.307760934222937
-0.05302980769650236
26.037976234885903
1.879784468870947
-0.00011864031775527256
-0.06937769264970152
0.45657790122765546
-0.18392858279722937
-0.004743379675049208
-0.0783209050659092
-7.374692583650605
-37.926134769530464
-8.82156075637624
-5.230039404053875
-0.0017466466078169475
0.0008056829438226553
2.76443846236596
-56.555679393251495
-2.069110202221562
-39.620129880389406
-6.3978378925404185
-0.4579818219354094
-17.394957369608125
-0.9110150034064148
-3.7762368206250483
-1.5481859716253286
-43.90347980718931
2.4735874935334436
-1.0316517845053854
-15.266226198417293
-37.0399722917358
-6.0472244824569055
-17.917803116173356
-36.50787094477868
0.011998877616522538
-4.819572821916463
-1.5856238683217263
0.25424409163476747
67.09390905923571
116.72134182994418
1.8738470944373489
4.690008046352286
0.3842391273661397
0.010708504088847602
-1.2601367975166309
0.014167072428151174
-0.5560261596853437
-1.343901656312812
-0.7063862353358717
-0.6817777086343019
4.5489412439363175
0.33304802165851954
-57.93403289689571
4.410416440651022
0.0002568366077415174
8.80149874938163
14.311116081458618
6.262149242926371
5.750612706139661
102.33917383514297
-0.8849651175342557
-15.522037908323908
-8.515128854878487
-1.7680516811086737
0.7273357381467666
0.11466064446231572
0.0013811065017730036
-2.329613677321753
-0.014970902990535238
-0.2120662708518604
0.03157075625206749
-1.5356438109931416
-20.71341251487272
