11.483757928583396
-0.010133837492614957
-0.2694415554612192
-0.017470119856342253
-1.2039198045891006
-0.0006595990029642802
-0.9917480146546728
-2.3457417641713363
-1.1155712698854587
-3.2076609855370526
-2.7314068653149617
-7.054194326551902
-19.791253348906825
-5.887569856368482
-17.043022879615712
-15.049045210050503
-17.85282744320351
-23.857610909681444
-0.9203827530407465
-0.3003113888660827
-1.8747527113766789
-0.17397601895179646
7.364179940784792e-7
-0.6600268688244193
-3.239855202817393
-0.7518154360076177
-2.7300289595375693
-2.5653996644622588
-0.04074312590155345
-0.00410586114542656
0.5482184107181965
0.38868072321342584
0.9586251543189067
2.195670662976511
2.6056145930644994
0.046588258499614246
0.1703363824633871
-0.014397303501629231
-0.2856220377269791
-2.747883899530289
-0.3712172783756134
-0.41741962935368254
0.006622445166272472
-0.008594398093547076
-0.0007750286355867515
-0.0011595136068650279
0.024847104321981867
1.5844534283862612
5.1514238406626545
10.944643539750267
8.93895022101056
2.3171566410573896
2.0919494586894247
0.03487147094809609
0.6938673887464297
0.05668272852121762
0.6982464786511331
1.586785601265612
0.07403809670156859
0.1166281176528053
0.700274514468232
0.18479283394383328
2.476863649139666
0.9000547536300442
8.500792760790993
1.7901014386507286
0.7881419270475786
5.583060355534542
3.738522176126351
3.033047546226472
14.73994102393596
5.354659916580303
0.3926196857025374
-0.001866177011077753
0.44741146837292084
2.2956662147887985
0.004893103138940718
0.3808729266328765
-0.06292685866470266
-1.6705605513562918
-1.6162153970626036
-1.3598232797627383
-0.6919950226953844
-2.165878793117347
-3.0276302510203252
-3.630546643127092
-1.7905643548460848
-0.09608361975567697
-0.5348065510654478
-0.029913428050411046
-0.3032377278129038
-0.3615893063056636
-1.4921962471538293
-0.5203470118168851
-0.4833873989826774
0.0021416291453569803
0.10495793112180453
0.09769549679016223
-0.39416092129878066
-0.005366225639469638
-0.14037093057052533
3.4227299239779687e-6
0.0008800750654722454
-0.027632798222346645
-0.00023520089775014554
0.0008456971847960581
0.014529194575539361
0.0001980465481140732
7.626339895311654e-5
-0.01534496001529845
0.24335855484091598
1.9804712610929893
2.8485522920408104
0.3113383701183754
0.00025656405462035005
-0.001279792856296499
-1.3728587541020766e-5
-0.0001860668056246537
0.1353128002241993
0.817860703565112
1.4431615999938212
2.848503812308849
3.867659337859157
1.256826458899791
0.13939448811239089
0.018613374338328673
-0.06537969408827306
-0.007337054491215416
-0.3440659691790178
-1.3944083748994633
-2.5644649173059517
-1.196179611954616
-8.20834313045788
-0.6046109085938887
-0.09388925982944538
-0.5841642642049076
-0.5717141071738732
-0.36594074064054427
-0.1884656889896305
0.07583064724460405
-0.025375577643283482
-1.2015555538817912
0.0032547923302385074
-0.053723198545463806
-0.01813226705969753
-0.00015662717645632075
-0.005774926875851412
0.0008806159047545001
0.0006046855820637356
1.598001694316735
19.219155360164155
22.939112236887954
15.582017234389868
24.36170750898747
9.092732123279562
12.286753762857234
4.973499856384102
0.05307604212927549
-5.522885152445366e-6
-0.03874703846064595
0.0012594468414739326
-0.12904842737962377
0.28427382811994467
-0.028441777522353925
0.0015905731179859735
-0.8737792118603299
-2.5095159726202407
-4.490226427370218
-2.443408512811283
-12.52627134293193
-8.253556105021586
-6.386558993950036
-4.156153929052137
-0.707164584498928
0.0007907577103950777
0.1398194297848296
-1.1763255524487475
-2.6194453868818215
-1.308588867838206
-2.583045527208975
-0.34339728274569137
-0.32965892237905414
-0.012928693549268217
3.0940628242743067
0.04876601085462149
0.1338144563606336
0.19210844983023617
0.12329460261010987
0.032455965301007306
0.5374834817791426
0.671050858254479
0.45072414387692417
0.1661210231461053
0.6120368937241017
0.14728117582553665
0.9193710650990046
0.6275698318920521
0.5463197148348633
6.218802626268511
5.164460172735271
17.561696172604783
3.31037013459854
-0.00018923717531422164
-0.0416063163201187
0.03348255299215341
0.4107319893979413
1.0533520990982843
0.014385027131456212
0.1939439914286498
-0.0012405727139331042
-0.0035643384441196536
-0.011553908190194771
0.0007343221588077633
-5.425932433510468e-5
-0.00022392722147077663
-0.030358012913253893
0.1985392674768747
0.041455628749556515
1.969287087126392
2.0972206371649484
3.7738135662408645
0.8349450515587727
1.882535568239374
2.759567647567293
1.4575065032410568
4.364923918885458
2.7498726100041404
0.12214647255945514
-4.5672679876831766e-5
-0.07392204363972794
0.00011518785672986619
-0.029947579341964462
-0.13927514644411507
-0.12750176276761363
-0.4066432806412443
0.17920616875979758
-0.007799915867830544
0.2425857949059347
1.9660987447428058
0.5757816249949822
0.9258544310538737
2.451182409339443
0.7039226691329717
0.7508561578996658
-0.017981405726151856
-0.30794950495168166
-0.0006842812521323168
0.053253704994109675
0.2209198054059573
0.3922437898994802
0.07883480688491078
0.0031315993832152548
0.1834453606068277
0.0004465484589804027
-0.15284208934280294
0.11439287381202778
0.4052771562348786
0.7580610169321698
-0.09210386053997226
0.029236624920320368
-0.021996023946793498
-0.3884925622150064
0.04014306951722434
0.013555321609608824
0.17660145425059534
8.576868718723448
2.6263324010564926
0.40621418306953283
0.14463664420577335
-3.334115754748966e-6
-0.0016218879516037212
-0.17145131721200682
-0.04028984468937279
-0.044900549382583574
-3.2760067244179014
-5.699335064426867
-2.7218089515990838
0.003960089247600572
0.20241607780531484
-0.0024987458637542766
-4.084495240121191
-1.2266502962192327
-0.6144810406220892
-0.4652468028196198
-5.6307765090237165
-8.054558206811294
-5.792932781436929
-5.1184428946726515
-0.3308512158866828
-5.365657671520259
-1.1984324549117285
-8.856222846967711
-2.600676191770899
-0.07654206634155226
-0.9777423159957868
-0.5738685523937117
-3.0481621573441116
-2.506703613399506
-1.5416394175198027
-0.5575454717902758
-0.03213588441059696
-1.0245585309977434
-0.26998687734416277
0.39863128110057855
0.31124455552136426
0.367002904549443
0.005321849894938182
-0.7734348773733267
-0.1239740788599634
0.029881954730152784
0.05446577081864234
0.20803452556911006
1.5872241440549284
0.2586937265213818
0.017074145467533854
0.8302236319870959
6.943371191726998
0.10573059023166174
0.7258761993272642
3.0374847435456573e-6
-8.360997723064154
-0.08532988931096544
-0.19649986642840628
-0.17853174200101787
0.23377649295344002
2.8107216710489594e-5
-0.15768303401192404
-0.6816516201041277
-0.3820351679963694
-0.38432916013049956
-5.072027458229632
-2.091389224556362
-1.7180333910959047
-4.571478239939761
-1.5976428779189003
-2.8756067813572685
-0.3917165588905538
0.0008763904650733745
0.3500322137558565
-0.08094749809016327
0.18595856304668001
5.745616253354499e-5
-0.00013742082957182315
-0.0004076706591181746
0.9237676230432353
3.2704806886737434
1.5274424267014939
2.879786003097119
8.526972815829073
4.980089345480902
4.700746419955965
3.8278224319921774
9.495475029520476
1.7501024325441523
8.992241045598327
2.1534406171767135
5.466794704371382
1.9169119447269252
0.11336805220728294
0.010125051383549919
0.2731395078542412
-0.011042835862688559
-0.008589428810727627
-0.08697223470749038
0.0008242467350473018
1.28551553608545
0.15892312467555236
0.05330013691548417
0.0003646910635472522
0.04016668226287111
0.10029749045590772
0.00883720035504829
1.9744955839045333
2.049693754002417
3.3849497138786475
2.94893194305616
0.1192516419906938
0.970545774123685
5.45373656116972
8.137384177041774
5.213083905767613
4.301519852918286
1.5608113434489645
0.5283184125967992
-0.01915343746727281
0.004637891460159382
0.004077741955253702
-0.10745194430260081
-0.5235038165197954
-0.05389437088474305
-1.438218912903172
-0.5145879286842725
-2.5319311128208692
3.991457469627124e-7
0.07509200566518737
0.509909060209927
0.01787348180771242
-0.0029244663226947335
-0.022102251944962077
-0.30574535782506673
-0.02580062657853641
0.04097883905540624
0.007731152987704889
0.012819104222504037
0.026938682941373047
-0.03997161426435509
-0.044162884401933035
-0.016550554333573702
0.0135835160378749
2.3184540294655362
2.0386947775307624
2.434717555587208
1.4192422662378148
1.8752966126343042
1.2756034059669756
0.4384183064015234
0.4371004705314197
0.0007029726639217802
0.021063242208546478
0.21152264321911854
0.7313590131930481
0.816867434151218
2.0847546458926494
0.27520581101802444
1.1457645268000627
0.08512784861806068
-3.434453561267672e-6
0.3970931499108298
0.11278053603510699
0.1116888703351577
1.3265732185797815e-5
0.30789388234092896
0.00010145904653334473
0.03999555451411478
0.07537982322813366
0.24879054505421527
-0.001308002369223249
3.926318000944083e-7
0.12615115819628908
0.056370278353425514
-0.0014581114849642667
0.3430866980269307
0.025761123876558573
0.3837184954199283
0.4064189046705522
0.0020086705895607645
-0.014336641519540883
-0.06441433187827399
-0.04809884723897012
0.008976088600559073
0.009668579314188476
-0.24837676716927934
-0.015980795437919144
-0.35861899742876374
-5.661442548858
-8.865035896181574
-3.7140670061716468
-0.04792537633563497
-0.20568005796486302
-1.7477152429091456
-0.713818436845222
-1.0104375058333719
-3.310679995168901
-4.42323196281041
-2.5862654871925574
-4.252571032676325
-0.29307020720889354
-0.03722415858953731
-9.906862536896883
-5.442753658552373
-1.6861164368765902
-0.07624995177783156
-0.17748378494223876
-0.8397847368572127
-0.44942743795496465
-0.4337873297345263
-0.00101485630801739
-1.123899519949433
0.00010604055634551512
0.26041692457680615
0.28149199179071865
0.08500517522501204
0.7397967948956582
0.02739305359599066
0.8922935510641357
-0.0003692485853639489
-0.057861963097542525
-0.0011773105875730577
0.21870712241739135
-0.01705347427706026
-0.011433112297589743
-0.0009933330266706278
0.03209173953195667
-0.004190146402080898
0.4492737782707604
0.7759260547909094
0.36250849382912004
3.873098356890832
3.04079796522723
8.493520828522506
2.9612767933916446
0.6038643029258187
0.3005729858336276
0.5274778478949056
4.208747728629659
2.415827535048708
1.6083752214654077
1.1581713358615036
-0.00660302629850468
-0.025238309364087476
0.010207572490716911
0.08414513827930958
0.08642792415057624
0.1873062849796307
-0.017061322790189914
-0.48848002375082555
-2.4102932837534277
-0.006135178362825948
2.157113742646998e-6
-0.1785905386574561
0.013974010181295843
0.36986331244484594
1.347276663679622
-0.003889813244942335
-0.028896838566041597
-0.4313103319973039
0.055695753927557386
0.08662496367003014
0.030753013150882212
-2.7232742190479525e-5
-0.5095635592969139
0.0002341212970628049
0.06099673606427597
-0.2501748346517361
-0.03217238460104983
0.0014698699937957728
0.24781278229394607
0.09486016332787892
0.5884139451069086
1.3897807638714494
2.9289666941933254
12.630786792615917
6.978556451767505
10.982443484175414
2.553077129355339
1.8566833150832769
0.0594999128527381
0.2964174891172211
-0.02689103672270105
-0.42687941270395835
-0.8859011908002327
-0.028727432285170367
0.0008175835263875355
1.3421828085110996
0.6966041905681233
-0.0009988934598544373
-0.3056569427649209
-7.272035982049703e-5
0.021213767132866004
-7.083137031708223e-5
0.037189154228633496
-0.14273044935234444
-0.2380145561034698
0.0009207610824960181
-0.01921146898965074
0.0011083167702379852
0.12412890045773829
0.3381885165227121
1.4533375948056038
1.0302558949737157
0.930577936775746
0.13028074126298841
-0.3174507381485559
-0.0027653950161236314
-1.5126319138751458
-0.13072828543619716
0.4673095688841201
0.09412446546816845
0.3881598319584215
0.05568538978784497
0.5272748885721437
-0.568482076607623
-0.2715506385118594
-0.09907265858337341
-0.28909326397757673
0.008099482787712609
-0.003102887235890585
-0.006410061899099438
-0.4774205375240475
-1.8260953539812144
-1.785762953098993
-0.3769024837870894
-0.34610944974146535
-0.604701700089179
-0.09679819443640429
-0.0011253243612192841
-1.6030407978758696
-0.46234215829884584
0.3790735800365388
-0.005412107203328431
-5.062972797781029e-6
0.009312007942314217
-0.018042630164494203
0.0062397537100943035
0.059044608317342095
-0.0028530055234683234
0.017816845910146886
0.764200383727578
-0.00019876406923561294
-0.17106985993757032
0.001973378208489973
0.01424851173557884
0.5233466222543713
2.434860657956493
0.05269554365367476
0.04324575514979824
0.005217852579179217
0.48288407770417197
0.46914352405720594
5.406814564753047e-5
2.8739836452667946e-7
-0.14095937800289096
-0.1724083911574974
-0.07634546756023936
-0.005412100108364174
0.10079980858578291
-0.030508692129342516
-0.07313961195826467
0.038253791794511306
0.019790737668939948
4.117826784390537
0.7044138520734309
0.0218767881256955
-0.2056355112982601
-0.05025802465762264
-6.264472347816989
-6.299958583277611
-11.851234963459309
-5.507749505905821
-8.509503756921736
-8.902983499425748
-6.990441117350841
-1.0846126163990282
-1.2129366776895045
-4.644607400209608
-4.786978201308844
-4.82610251723768
-18.396772801644204
-8.131665721872853
-3.4237695278619045
-0.17049791248967738
-0.05716222256047762
-0.017087378114733678
-0.1341705603612959
-0.04463879982989227
-0.18080103905858688
-0.18540779373547037
-0.8923997958297666
-0.7123845461993652
-0.08164188608669236
0.005089175898162258
-0.6775304716592488
-0.2344040974235014
0.13811802746395677
1.0655556537660449
0.17372891221541237
1.6949841758726354
2.8577258992371704
1.5719681193419572
2.2731706755732013
2.729327251474642
1.6864719959041234
0.13136005371601278
0.09122768617956394
0.007722993369096744
0.17826868446686042
0.37147144085590367
0.1738872556915144
3.2785580514143353
4.892270067511478
4.919874123540296
1.6979552078286173
0.1336271387725525
0.7748686321593088
-0.010187550065493222
0.03810384185957572
0.3684566886487271
0.048961020254394944
0.14978439089774268
0.1537174180753328
0.4881903964090417
0.17446339912027886
2.138586071971894
0.7093707092445897
0.06965708989721736
0.4084113568748415
0.2708725747051855
0.22048962195892044
0.19415299668238015
0.00458244488778921
0.0006074652447727668
-0.00034007394094361196
-0.07071522432267585
-0.007996101629228298
0.3013282871228731
0.04350187888903952
0.022822109173706875
1.3216220298762202
0.5481969750671336
1.828347969598214
0.0633448758149098
-0.003307878122251707
0.014849795983410513
0.0004693910298519156
0.28223091342854173
0.45929347021552636
0.019040612977999152
0.5371807089388404
0.3010469531337931
-0.030924831693014784
-0.24268435506328467
-0.5972260266843487
-0.5713261194017186
-0.23370929851589484
-0.21369373223702767
-2.119867915959442
-1.792499867920541
-1.7833324303568165
-0.18376594287004533
-0.18206797494746496
-0.4975120531916545
-0.05457983986448264
-0.0008134904780696101
0.14815121298675826
0.6013021201179704
0.43099469309458993
2.9707364396432716
7.988007348785579
22.80002475737394
37.20306974537586
7.686645321918734
6.900959032866124
2.0667727868577193
2.215344966331472
0.4225420567808398
1.067129688849647
0.596180515133862
0.009422702224535635
0.36558450107952684
-0.44981429100125997
-0.7462646235776906
0.0017338031766061617
0.26129322741883576
-0.08649067775485754
0.00012898082288473385
-0.00010616750202812613
0.17556824665521797
0.8286919677355817
0.12522584750039484
0.5686658981977094
0.20167943056453677
0.7655450486313973
-0.010645128185412592
-1.4141023037014284
-1.5634951243707238
-0.45970177838521104
-1.3285061454262925
-1.8058025681953778
-0.7686594797568771
-3.735117322285054
-2.8088312939721627
-0.4761251250648504
-0.007061552972077701
-0.17831883120964115
-0.10675646214075965
-0.881621076829484
-2.302565629506843
-0.262496362264477
-0.003856113232486383
0.18838165412487937
0.4376155502087649
0.03374297676111756
0.09024473108588174
8.81213153162979
8.131438655584526
15.97128709082724
6.63083696204069
2.511517715479014
0.1170841910956812
0.2505579584617181
-0.0009275126539543327
0.1841771083546975
-4.835224910240182e-5
-0.023663223244481564
-0.5460373763146846
-0.43179182560049245
0.004982073295210244
0.07920607053835173
-0.002022563508981857
-1.563617975796296
-0.5996227567180363
-4.162842405705645
-3.091460913858607
-2.78026859913386
-1.6261326574772084
0.00011949928773459703
0.0075824842279077175
0.013534222018789028
0.007175281017177186
0.25239660733616914
-0.012247143866887519
-0.35050403257776763
-1.1593809510109587
-0.008685494503585653
0.35193317619569664
-0.024607607924167208
0.007699005440262318
0.018490220186890966
-0.1900274880242386
0.0009510128057242231
-0.0012998740151205124
0.5935722674131212
0.00014511141509141438
-0.014578155760085185
0.04490528306994119
-0.0015136234344547395
0.0003364154450578571
-1.9084921940350514
-1.1449983693837065
-0.014473323758706674
-0.6327043224597331
-0.19961356389221555
-4.71972986173185
-2.3773488448051103
-0.22984213845491547
0.004186778928985749
-0.8287822013061312
-0.7314238336600372
-0.4006748884114625
-2.2313720198387332
-1.5465487325104792
-0.22871643511299128
0.0021529363788931
5.864905697856668
3.13218172066931
0.06022078926815408
-8.269206315658155e-5
-0.16123144133290926
0.00828634764815213
0.016241454471960286
0.7840811372903987
3.131397779072721
2.349030612757004
24.32997342681972
2.0655764961948733
5.137081142051614
3.266031183956575
0.19927661318116277
1.2114637442464058
0.00703477178760549
5.244613115734947e-8
-0.2901704547417398
-0.25713804781989547
0.01162392364577495
-0.004237562058641493
-0.16222622370966186
4.043399160834583
1.3389539609836048
3.1842937069854473
3.2883922904415845
5.032867179525785
3.323433584240327
2.447686078195231
1.107388677104439
1.104348349399427
0.13633941684020914
-0.009663786097403442
0.05170417634662346
-0.10574134039205348
0.0038298376119887683
0.7151304751050017
-0.9330319867695944
-0.007715263140714004
0.15367665869764294
0.808476424880476
0.07015085407804496
0.0047288410339138024
-0.0018310878996847975
-3.0523041662343262e-6
0.003302402780678365
-0.8671681735952812
-1.5564776631792798
-0.20895492182570818
-0.8957590959014721
-0.0215141992881294
-0.24193371544912612
2.9060117407516478e-5
-0.0015505049024203952
-0.021276832365324325
-0.0001652854103469721
-0.012874844638806983
0.006100144872253285
-0.14947798444928823
-0.025308952791668504
-0.9539219746826034
-0.0007359108549339742
-1.7071258544242855
-1.3469706820732361
0.00015429682564211222
-0.1759179227283193
-0.9929542973311363
-1.6732464634118192
-0.20495503181886623
-0.7546971188572242
-1.6854865000910932
-2.100058913239404
-0.3549211335481122
-0.35113419636393817
-1.1996563004547796
-0.9598402753571935
-3.333227356822669
-0.4281173741994073
-0.6261779445233482
-0.0027857796793395967
0.040224079850799205
0.002514100168939404
-0.025439023560069073
-0.13585279409967752
-1.3000646217583722
-0.023808565154903354
-0.00036003656707884915
-6.641958980383625e-5
0.22834835931811798
0.1320083237882572
2.0141999433378515
0.1818465147653491
0.42161853661780124
0.0008050639480218318
-0.7729163088110514
-0.00024654492484304656
-0.002349934495654627
-0.00018479752616440637
0.7447895974911495
2.329058909282392
1.862619990857825
0.15536377305396207
0.19956124210265902
-0.18536185310089254
-7.097606104783612e-6
-0.3422926531082952
-0.04917091215787214
0.02947475098916568
0.10657746866523767
-5.8626263929435724e-5
-0.0006232648939137457
-2.2306837775874566
-4.590461827143648
-1.2911477594246428
-3.2743638744524435
-3.0164835629456928
-1.2902980903893264
-0.26594957196131463
-2.4618700999771086
-3.601614329423965
-0.4472724181451076
-0.08753340819591868
-9.16636119631498e-6
-0.015918327728671407
0.009335257191802865
0.006064013169939461
0.04793237861232306
0.021288189728887602
0.58216454119759
0.3588445327263232
-4.877299104831512
-1.799683152197583
-3.133169210917172
-0.09859702948287903
-0.025843174452386843
-0.18951576400040784
-0.9745813201698579
-2.456111150147913
-0.04333591039606219
-0.14314620390209098
0.030479018574918686
0.8491539859082757
1.067616741955776
0.01872193944473398
0.00012498788711571532
6.660396772364725e-5
-0.09107859602358269
-0.9841714408050822
-0.9796566141412023
-0.8122563956254619
-2.4309075802649516
-2.0331792255861987
-1.7123259349267717
-0.6001240824392164
-2.4654636358651785
-1.736745711266022
-2.614991444981562
-0.005441018829157997
-0.1553140941793447
-0.007048342295024383
3.836402936620893e-5
0.07820807381022103
0.28465422763734693
0.17792117559157705
0.2342660415034106
0.04584646763959802
5.697080971893759
5.690318135510457
7.499442229006757
2.1066526328069153
0.14116382619948226
1.262501051950131
0.3896644533344632
0.00938246157318722
0.002925816000891068
0.022949482358071458
3.338719435815272e-6
-0.31838559507725345
-0.36365890819639674
-0.0003278540784336617
0.07000638163281142
0.06882220716007462
0.026226933084358365
-0.003169281599004594
-0.0530058759933897
-0.02880967121325822
-0.07626710689002425
0.034614660751916236
-0.07227338822076504
-2.0131458768808215
-4.428364167763891
-0.14269715578341333
-0.5960092471890202
-0.03653963432903508
-1.1321280752569598
-4.712898139563444
-0.02975336230536312
-0.398907247599072
-1.0137346904970044
-1.4837693301076642
-2.2929343307044756
-2.4273532712822443
0.007758876252826167
0.03838381540860296
0.061202789212977275
1.395075248232009
0.7872827255893392
0.13160235516864408
-0.0019158316557591072
0.0019375891472520677
0.9448242146489232
0.339679559015902
2.882114149491021
0.44375560821791954
0.4141730061627062
2.3154806728426394
3.436189511091608
5.497972936375136
2.803562799738077
0.10845070541260642
0.016468882023963245
5.809036226685852
0.03375373712752585
-0.013605164246252953
0.5614711230440129
-8.639891843151763e-5
-0.184436017738659
-1.9164144025500784
-1.3230064640173937
-1.593838689779392
-0.6569882015565308
-1.8079982868885183
-0.0018719098487796238
-0.04293808911444512
-0.009329475028963785
0.013509060334139046
0.012426262948327382
-0.0004922906659200976
-0.5092664782654565
0.19512664980524486
0.5709232023409426
0.4189489032268704
0.9125033683583086
3.9438436206952177
1.7861374398654237
4.566269828767566
2.173903250013551
1.1782522913605495
7.051064236126517
2.6996295456832446
0.44319580795870345
5.302840806986294e-8
-7.472512720605817e-6
0.5809528277929121
0.4365496671819599
0.20220683681776172
0.7565896761723467
3.4571691812490393
0.25890500765823765
0.446726160991775
3.5213483511491317
0.20046130989802294
-9.524779079252228e-5
0.1273337507725085
0.4438840826234774
0.4445080857857834
1.519902157388144
0.44235638873654337
1.1395189719421503
7.437917885488069
1.0375557260788053
10.664113350859047
2.7784861329922332
1.6583826194660747
7.2803265283924485
23.846036170266732
10.358673064041637
0.5658103774229782
3.833246061234541
5.941280519763047
8.447265161531071
4.008029500417507
9.363191580227904
8.110526489061181
14.193769375189847
4.104778100500458
4.029067474346444
1.3713710834358244
0.8202807695641633
1.2151415970426407
4.369963669209119
11.198467173777802
10.304256959976671
5.485581256806815
6.378245726767519
4.221923990069211
1.5468458123958773
0.49996146217462084
3.019657112159318
2.2816481215207363
0.09417774695364713
-0.037813993999236746
-0.033473553366999
-0.5765737914865778
-1.7227145390287977
-1.4847102966505719
-4.215443354890804
-4.409214217294738
-1.4885792316841586
-0.08151038514174866
-1.9579496074884772
-0.8666214652505526
-0.10730205105309663
-0.9646069986937023
0.012744134208897
0.03721273276842492
0.24734130047375616
0.1472369353911757
-0.15146205976184507
-1.1193482691895627
-0.21763966004023064
-0.005070581473515922
0.06403901692547824
0.0011458908771984939
0.4741749375363699
-0.9406340350567388
-0.7284641080285679
-0.08877622138361779
0.072134406716518
0.010313845962992743
0.003623286585558489
0.15380624890255074
0.07629632139692563
0.5339331182741038
-8.135553623098665e-9
0.022136980330556118
0.4068958355236994
0.5569161647697662
0.04377548542324562
-0.4350447045842977
-0.21726078003880597
-0.4672327219693015
0.1237188937299998
0.002446704630589238
0.0006787187216193701
-0.032016412855653986
-0.0017336271136701845
-0.17300825674066933
-0.2680643714115085
0.7750747468011813
0.03184470316955514
-0.14975868895145872
-0.33560670989888697
-0.7849589237325607
-3.610113410257494
-0.5175658326544066
-1.093537662410438
-0.6731669891012034
-0.1916861410169307
-0.7380223609635982
-0.36111240641407366
-0.002648638408587427
-0.0014984034299239076
1.0887474258350208e-5
0.002044515064901655
0.11253729609753105
0.000892826514795925
0.0002347667654318194
0.13656601541697502
8.431004039941856
4.3670776518222185
3.6075079429371146
3.1989058690781453
1.1621507593857126
4.5343935161265625
1.3828142886137362
3.7637907221862585
1.2570037927139588
2.322672293679058
3.6158048298210517
3.292762723793795
0.47050120781045
0.05259283649030841
0.07369036141086334
-0.21215214001742827
-0.015641585621805138
0.023263153557711098
-0.0016878315173173637
-0.03811038076196862
-0.6730906104069944
-3.148872661079126
-5.716290359414846
-12.345444636605206
-8.592626144512458
-0.5668996862118828
-3.8452843629950535
-0.33463776475128654
-2.6692652400225025
-0.17843109557553677
0.04292863268809781
-0.04447651033417601
0.0148640927421105
-0.0067391819479460284
0.0008687175489709036
-0.18454016324725234
-0.3690384018772733
-0.43158713451593517
-2.698168591682803
-2.7931418609896883
-0.02110900721305873
0.005791020951154421
3.1089009332335182
6.442328041647689
0.9178944961167759
0.020509269612469978
-0.007813431605026172
0.007031635537124128
0.00807796385305867
-0.029300123050610728
-0.000518145880221387
-0.0022069400889987182
0.001501023963872566
-0.006055602298347831
-0.07087690374290805
-1.3919528117818942
-0.9192675923334118
-0.003404538487006099
-1.412738409423024
-2.4719572998466175
-0.311782441987622
-0.48895527438064135
-2.0107218206856357
-10.00438979367268
-1.3999198044861867
-0.7911345394229479
-0.19640956102058021
8.024049483518145e-5
5.4422859895789314e-5
0.43949131042616874
1.0878201628385558
0.004382021507527374
-0.28403932430735734
0.4229935332043832
0.29536980392895834
0.18443662932090996
0.7747240451484023
2.43698895866665
0.05206421656251909
-0.5031730806370466
-0.37531948485931826
-0.02183932440902798
-0.5311457382922198
-0.09002720874517804
-0.32619956069709455
0.00036974178114207776
-7.087081789357047
-7.978958314549353
-3.134428258623877
-2.451814914465668
-6.819951609793911
-1.0174161182499657
-0.23402098490663642
-0.12116615715424782
0.007440108559322184
0.007339565055176357
0.0011325563336931084
-0.12501655367369116
-0.014210441739195386
0.2774989729905341
0.675964494563247
7.627531308277079
0.00591085853429645
0.36898783575583466
0.4949946403309271
0.0014372540051023146
0.0048597507571117365
0.00566907754914421
0.2932603244636042
1.4891412167423694
6.497112368285433e-5
-0.01658781667616778
-0.934293124417937
-0.005414041902728445
0.0001383472722461775
-0.014941322879069976
-3.366822135492362
-1.0636247221182573
0.005102839115549082
0.3825017016349533
0.3939097789356565
0.05383185835476573
0.1145999821098492
-5.088454036190917e-5
-0.0065527759928077425
-0.00034746704874126364
-0.00019107563377933462
0.3526769406247105
-0.06315553983533619
-0.062177061688662986
-0.005585852333135437
-0.01323726564012921
-0.7283989283342877
-0.0937460409224558
-0.002138510222854054
0.005948513189764851
0.00022589473488013502
0.14589077972550304
0.054224862863298896
-0.3404056209734065
-0.5218112658684185
-0.16616188354176964
-0.0030574138405336164
2.9817182185102236
0.08987488597711783
0.07252942878364055
6.821019009984185e-5
-0.2618529348823218
-0.516454243356426
-0.20175422497620998
-2.725119298120753
-0.829795238778319
-2.849276954059575
-0.04361299577510875
0.06336173803558835
-0.41987160374328236
-0.11497471243202784
-1.0525186203218146
-0.03993494547075254
-0.0021516884608436438
0.11281834439528177
0.20004128370369506
0.05453111030780451
0.06813981584400881
1.0241354715823177
1.563835787367674
0.7739482410608217
0.03391898022598853
0.5532759099145613
0.10379714843464918
-0.04374049976077497
-0.3833096615524229
-0.12308869340623207
-0.19140436360291477
-0.7831709570273875
-0.09506261083789787
-0.07909240593677468
-0.318161980512615
-2.162389300336003
-0.4811097394165482
-1.2311437253034803
0.00021849576322321193
0.5116782642113284
0.8472964004290532
0.18543312204976167
0.7842663017784522
0.18459865533223435
1.1161119461773816
0.3650432916587862
1.7994695362627642
5.977113172389386
7.521946901552547
2.2382879550764065
1.9040064161116457
3.3394460797151795
0.4980769140196655
0.02353730532027495
0.2588954796393974
0.5736302652919236
0.00983801012664445
0.014998214432815028
0.04538440424216076
0.08565670897944469
0.5194775130473706
0.1868128807865247
0.22311112079982212
3.515466751454848
6.070978362521867
5.055395128181555
4.861578016281363
0.9179691765798828
0.4338234133436925
0.00517179827713707
0.4687501945824721
0.37253147348996685
1.2429343763956093
1.0534170329469428
2.1684887800324737
-0.06965429657958536
-0.22725565653232463
-1.5116448668116773
-0.6860561240459978
-0.15686669837067893
-0.577117786795323
-0.7836695337298831
-0.34058214978347806
-0.09753126512802376
-0.051421047158720604
-0.03955853567513953
0.0015249721869640073
-0.11720980027253072
-0.21276243007061413
0.05052512350152233
0.6765199399670488
0.8270552414429455
0.9011453154887492
0.7632827310848996
0.11001553772817184
2.1083965004451497
0.021646234471086625
1.3952589794435344
0.06795973635421873
0.000258435657885181
-0.5429084489957938
-0.07714079862545511
5.570202021606964e-5
0.0037152000346406156
-0.0002785132741566454
1.229417346770629
1.6507873094336556
8.116161405560193
3.746794273931199
0.11828937090002205
-0.0015044071071525541
0.0006332878479081677
0.838350041274892
8.229974455348478e-5
-0.7791713442300633
-1.7286349602445998
-6.695518576926289
-16.78107675385091
-2.862690750164411
-1.1805976069601118
-2.8256686283003813
-7.240383180397107
-6.02496362687958
-5.08164521177515
-4.387311280926677
-6.200426870966698
-7.834688779699973
-1.290020529670681
-0.27184008526151343
-0.10719436381286891
-0.0009568585405888436
-0.8117581557787582
-0.5608122561449153
-2.7007907253571624
-1.8604414400150355
-1.2444548286461778
-0.018331315854872722
-0.0030618625301923772
-0.524383032739015
-0.07032737870481676
-0.1649382457955674
-0.09049410309155044
-0.05750526094450533
0.026327236858125193
-0.017680634875915868
-1.2281036549203956e-6
0.06971205855227747
0.13470131268615815
0.36487016801132555
4.2903830385619415
0.1761598019922734
-0.014399162738762275
-2.4603113383134207
-0.5363387713076234
0.017275969974634053
-0.004163913686192414
-0.07040263741730181
-0.05444919259341596
-0.03175065263710759
-0.05669041113347313
-0.01886084911416601
0.022373907611232362
-0.022373994396447647
0.0025682971117641914
-0.004254731971260929
-7.32217018657789e-5
0.00027122298761325366
0.0002688653357302026
0.029703927351137978
0.0003333905664420381
-0.06177288520691427
-0.027973940271895287
0.00032327144165120945
1.0393607261271633
2.8513994775212326
2.5808098752174713
0.5685157650410274
1.0634710514186343
0.4016449090104508
-0.000913729929696116
0.02490440576053948
-0.018232616428322593
-0.0783643027405071
-0.8875909822828686
-0.1285290628093809
-0.0013931078430744767
-0.007015526075088543
-0.24090919383001647
-0.13591847920121183
-0.0029446365015812093
-0.008691308552751506
0.18685670404075702
-0.168292295977558
-1.746214631713083
-6.588453148001407
-3.2350371928382393
-3.167557856957827
-0.23564760551548214
-2.743513978751751
-1.5604517854690636
-2.7178681312155555
-6.361536504123318
-7.766566551117653
-0.2144765844580328
0.00010889119808796439
1.2367876482856828
1.0027513695501842
0.8027857299897886
-0.05832625043488293
-0.6074822865775161
-10.983505426478155
-8.568849470013499
-5.511331193155491
-1.6377117463918767
-3.816768918975523
-2.4723428711747557
-0.05872240667247898
-0.05875578227954821
-0.004506263525481932
-0.26997326899820273
0.04538789456489473
0.0013273822490717233
7.931562380494634e-10
-0.013664698957237844
0.016863440544948413
1.134739363035001
2.383120611907741
0.5331004999600039
0.6585641803618997
-1.4231797976067392e-5
-0.0014224596457797182
0.017051959966222024
-0.009359740017441965
-0.00012015104894234755
-4.935141644669204e-6
-0.14984688668975701
-0.0016301380527100726
-0.008749037544230308
0.17317620021588234
0.3209096251131003
0.7548311532872699
-0.18260980434857899
-1.7587005090624168
-0.03451393890343892
-0.9122657476019402
-3.4270369664999736
-0.004336043666081061
-0.016744105305467764
0.06231369957084802
0.0017747051334389512
0.0018032126738755873
0.02928216488088219
-0.00010794291605354527
-0.19511011633519215
-0.29670707303125154
-0.29958340321759347
0.008330231026083674
-0.5328506715814507
-0.032791884515363044
0.49153912035870556
0.9622176913312984
0.3210202183165509
0.2667767275738155
0.00010118787896320077
-0.0054175231399950395
-0.23190737299093803
-0.16039065533322433
-0.0003912595801640885
0.0015291924630659274
-0.005488450217725391
-0.1388714397759468
-0.0006027429006954919
2.451897130118289e-6
-0.03416702846656051
0.06838627560168485
0.11855846819887378
-0.006184895447741022
-0.030807602891097415
-0.059940838596988906
0.04884328904247825
-0.0005158054308599859
-0.053849925569869256
-0.027530908823166597
-0.013443185541548027
-0.44899751086665995
-1.4746923412638195
-0.9642225551756314
-0.16563066698601167
-0.12482208181870905
-0.10823867027159143
-1.2716641056386877
-2.4540052332456934
-1.472700767701412
-2.3988680593764062
-0.2711880434635921
-2.1289521976331093e-6
-0.0035300000182671215
-5.758338294194597e-6
1.0671377235283805
1.5300602278546258
3.8612590634901602
0.6064909759596678
0.014265359886124268
-0.21765495233867696
-0.003771936355266082
-0.05531448465666711
0.00038418840986604284
-0.3045117767522681
-0.0622836142705542
0.03033398148747338
0.06518803110515586
0.04675342329901036
0.040450540035303933
1.536365070886803
0.2656793274611077
0.5543583551983385
0.012989820023421072
0.05887987008307598
-0.0019364208339285815
0.07098214522903408
0.02887221964876403
0.008105922229294066
3.697081597774379
1.5877877535312417
0.5034085368319947
0.006980261536904731
-0.2612570332355109
-0.005354924776606418
-0.44736992103866385
0.002968645328890754
0.024462414977221965
-0.001597273029078075
-1.8317812135058613
-3.6471978903329143
-5.843475247214345
-10.03356833240083
-6.923638744381285
-23.718140605234282
-17.939159119850324
-10.285500220328379
-4.693513199683779
-3.6534062062209722
-0.0026230268241749493
-0.17046478615504881
-0.11170481081745982
-0.0033296457015385143
-0.01787309330172727
-0.17527874136290988
-0.5919131631226427
-1.081732684060484
-1.3736695470872164
-0.23103379767187326
-0.8499476135046845
-0.9329775385229647
-0.37600347523417205
-0.01583331663281299
-0.09194667722529522
-0.0014942517345411083
-0.25037972676370884
-0.5318063246808806
-0.4230517515886024
-0.006091357885375368
0.07043129457402438
-0.012463423870198153
0.11195434040448572
8.656974390872092
2.0475194360975304
0.0875755874631647
1.1860084497749424
2.3883642979168154
0.23030271924798873
0.0751967385749019
1.7021208677463555
1.0028157801089634
-0.02610976880181266
-0.08264884402853445
0.021562461499940767
0.013447645771260954
-0.8194359593523598
-0.317149348321258
-0.03456529910621438
0.6621233182098553
0.062222378798991174
0.4357597742717114
-0.0002977341328429691
0.04593099487597953
0.0033704209139525003
-0.312767946190263
-0.2552751959450039
0.03882874182511361
-0.006711603062153564
0.5367514998211663
0.6037141132755397
0.0005615859521383578
-0.04767053207775423
-1.1370707442972616
-0.12250385796337124
0.0012285182209535893
0.020064374550452267
0.0002803791149565053
0.024345334810298318
0.00510313515394383
0.6317614165990361
0.9875234386545816
2.4577097202872284
2.14905419505495
0.07005394556341142
0.0725559398180666
-0.046038639347832026
-0.009082235974909501
-1.9250447056963695
-0.861173687384793
-1.7817969014074977
-0.11118942633388995
-1.3646936143891693
-0.0041942797567331705
-0.1731351179419261
-0.3430317332257023
0.00012648428402918895
0.011555371658495722
0.1419448955827886
0.005905918329959678
-0.02007811380789803
-0.06452106282218105
-4.0227494684046784e-5
4.226985810188752e-5
0.047150508469411344
-0.05211631543966167
-0.0005517116145674554
-1.5571375583797507
-1.8671882453961162
-3.6083648383104303
-1.8656831429538934
-0.6257383415673929
-0.11273853202490759
-0.0887487057488444
-1.56885575835452
-1.3811035013415924
-2.3294612691995287
-8.162309204835159
-0.4143646974930234
-0.35092403747433937
-0.11740130822502687
-0.050901504798375664
-0.0013001586109467587
-4.263346088043195e-7
-0.0420615588946233
0.01395588757279179
2.4279308137599243
0.007346376674408587
-0.0031104808560983173
-0.10200888146037485
-4.873208894946506
-0.26688211074316354
-0.39947281784814814
-0.0008273834796728
0.3102987682800187
0.013747294240595434
0.00032955325247471784
2.477464796065534
0.7941766842920567
-2.9405380427970887e-6
2.6627216782399468
2.393221603942298
0.16102487401572094
1.0034653523688437
0.835436243754673
0.003934339231505571
1.0008637814761425
0.050369133268057524
0.010625478699029644
-0.035608407286805026
-0.04607765633223212
0.013967020635342109
-0.8188464308047129
-0.2666789073094318
-0.2000269747437934
0.00017990140766875135
0.07051513694574302
-0.00744586632212459
0.00252610383040936
0.005188188014764243
-0.009398366261015537
4.369939395676627e-5
2.4223999753490464
13.15247502875351
13.172846053137427
10.08959990464599
10.402231590851454
11.50567270362957
5.963667957340481
10.101004877928107
10.601849138336755
0.8540576717657999
0.07284022946702488
-0.03366841483721741
-0.005165422372874883
0.028572626347327112
0.022024419729282704
0.27180873498993285
0.0997720173028993
-0.0028890358730525615
-0.1070394745422461
5.265613473516062e-5
-0.09563035602113401
-0.12860658524740204
-0.057171694816144994
0.00030662846289732494
-0.12016890869873101
-0.433576011957564
-0.3335232085926725
-0.07813056012429642
-0.0014585626492283356
0.05437646788709267
-0.20061007586354296
-0.008648624421355068
-0.008111566539838366
-4.608755820684709e-6
0.000530982790033515
-0.02351462019350664
0.044527012466607334
0.01730286328773528
0.005133843274094186
0.031847816209957774
0.5027236989688662
0.16414099002476823
0.33985326150256506
1.1646578459313528e-8
-8.492597827387474e-6
-0.35315790026194255
-0.00481883043386859
0.04044090622781345
-0.0019910935383413886
-0.003468089074675701
0.039560579547196474
-0.04658234076450467
-0.27008615817630977
-0.11393295654103186
-0.16098364724478395
-0.2910941291484599
-2.3901131249305987
-7.025696555953097
-7.606929733624998
-2.197418710664968
-1.282455634194855
-2.1151092064009838
0.00872917884219068
0.35988798420047363
0.011075348709284467
-0.3536569051829088
-0.08248683148687873
-0.06157736236929769
-0.48280583487734824
-2.3281528209621967
-8.076363718292692
-23.879549694168567
-18.133619607662716
-5.133983729716133
-0.9140970457680823
-0.23866364111583738
-2.1050034635249675e-5
0.0014617884776735295
-1.1707599537366968
-0.005614264877875694
0.003641218738336791
0.017537969767698034
8.110321535971327e-5
-0.010599156060286892
-0.020758123463756127
0.09390576300225469
0.7977430642008946
4.585615441004984
1.4408819634286592
2.1221107482388533
1.4994461610821226
0.3324323233119366
1.5664500925786762
0.3415234724024672
0.004000093601993973
-0.29940944085479115
-0.0015122639282997784
0.0004936363813663541
0.3433335925958831
1.2927998459296306
0.10007650462680222
0.18243760411951257
4.084678666128316e-5
0.5774426055201479
1.296788890956605
1.249501779181975
0.6829958599856741
0.28720520692185336
0.29023977421784414
0.008424581082151038
-0.21886751274740762
-0.06958220712739026
-0.39469737928495663
-0.007084479535887684
-0.00012756330904957136
0.015933101255212658
0.033003664836489546
0.07789155715326125
0.0037845167299867775
0.04025217558899589
0.37020453011482385
-0.030698410283348732
0.013212023816525576
0.055425919025528195
0.3798863820099103
0.11571567624803143
0.35888069793323024
-5.022773289059547e-6
-1.4473412563534773
-2.7004992392031015
-2.011274548134977
-0.4441299757553151
-0.12944075562382434
-0.02277087218831338
-0.2693047889303443
-7.297194356109361
-4.912627552134259
-2.7287617134966693
-4.500601164616188
-4.326931416350111
-2.6918040014608544
-9.966483008582621
-3.803686933903654
-2.102856669780003
-0.6602358802854171
-1.412060351609229
-0.9201849226260573
-0.16002279361753116
-3.6663591545300416
-3.304652959321594
-5.241412255644829
-6.099106221679873
-14.350302859098084
-1.5236970505061396
-1.6872858329115663
-0.49611615348053884
-0.3145004609901152
-8.310410778010086
-5.971339727510298
-9.344382227795846
