-2.0412842417290267
9.576914294349658
12.335261829687182
-1.1094432956158518
-1.6142380503186946
-0.15676896160986395
0.025058037878432447
-2.4247169021754837
-3.247591640181432
-0.04264808471537011
25.319306915929765
-0.22613085594469465
-0.2503916600836634
-16.61999039649942
-15.72732529472161
-4.103895226555946
-0.9189173725069014
-36.468685917879014
-1.2261535521279325
-5.528920110215249
-3.6952146033864617
0.6074498922912384
4.705071739691485
0.6145544405570912
0.9074445033633362
0.9704260072806562
10.514158442146739
27.66444159682401
2.243633249096091
-1.4224015711684654
0.7092554641872282
6.881886258288423e-5
-7.106321339802827
-0.12421452244140502
1.6098960571288812
0.3049610616114098
-0.343627682058247
-0.060829246671501726
46.13502597077207
-0.001556129078518989
-9.275739805566475
-0.328678086551433
0.016947881591816507
9.344706978955807
62.27708551238222
3.5260211456709043
0.033837535925852334
9.792667947840155
0.3964309509771738
27.56683769599169
0.00033684431759265057
1.548938516019807
38.9720117840268
8.662922234961947
3.777153509857537
24.86396990138978
3.3023314537283124
-0.0031488797100222878
-0.3251168700744653
-0.26144133464247016
1.2482713284935993
0.34544986737749
7.861136818201945
27.701410907241932
2.9446649356131434
0.6391173595699927
3.2335414656581003
0.015996204697565523
19.570847243788933
70.95356908336319
14.526519306463577
8.984603434595599
5.837636892898276
0.0019324855396722275
-7.2878330931643704
-11.705069179308422
-0.6574269657429009
-0.001496195889579291
0.131239479799312
-36.32121800143
0.00010314735552613178
-0.03852528088525416
0.17709563614098886
38.95291387257631
90.79188132771148
51.69893004422219
24.614594876054678
45.7394687327806
37.93534448226723
45.49534030998035
45.82200781704707
24.771150236038807
86.95147999393194
242.86779996252358
125.97400096243126
61.09456260632746
52.95367478803865
9.48830700721834
-0.056324396064709015
-0.00048239729167287766
6.405860736044913
3.6460359611865756
5.611216628126109
0.8204693331842109
10.098795166359505
-2.4979001072611466
-0.40446918421849193
-2.024232981459772
-0.9568298006807232
0.002340382374399278
-6.3005990385128845
-0.008153101962902594
35.78329108293556
13.02746458081313
46.6723067075564
16.879990066904977
4.511752094369106
13.20174690187599
22.65779000873964
60.90362406487849
173.35810943513877
303.8710536535882
20.75927873447539
60.21789678995744
-0.7661679705972732
0.04899496689594996
-2.9614486099653052
4.921237193082144
52.075074078810026
16.753823259312963
26.18150115388542
13.776024996872524
1.2851234057404866
16.48822778308648
-0.11643697370984091
-20.516723923980013
-9.629721004049888
-0.22028516832865602
0.1897942250571404
0.6379133925139535
1.3603090696328556e-7
0.044716719717838256
-1.509239588310217
1.883345943262754
-27.59170016019768
-0.15513931469419817
-1.0431591809405072
-28.706471499242546
-126.22359083431795
-0.10980083537690671
-0.14006188915658366
-0.01274470592863475
5.23464999096934
4.343784586786201
-0.6810072722769333
0.00043628766924776055
0.012789248324307152
-17.511521673786877
-4.644393306384994
-0.000368221304295166
-0.019336528161948915
-4.502160706717835
-21.993504458881304
-0.28960836224222275
-10.591056171761663
-100.23894682911059
-35.7938905234947
-10.036899899610285
-29.949561079842546
-5.045692257265375
-3.113258860908454
-4.6729600189245675
-0.8625874700203178
-0.22852155326738693
-27.481956595173024
-35.35871219465271
-3.2628035480116324
-13.237761033301396
-2.52588357623406
-43.39507093994861
-34.7854157477787
-0.010887257015964522
-27.229943809472424
-1.331926311914597
-0.0630463544572358
-0.010911029412604545
-0.06064714670402809
-8.131017433260954
-11.998249583862036
9.66644219669501
-0.02219130200818684
0.8429140663166529
-0.014391151859509779
-0.0830218306409406
0.0001676027441446107
-0.025389940232886894
-0.4322915674437613
-56.768629701464924
-4.13997291881126
-0.0017299220458339274
-0.01255522088027919
0.06339439607195675
13.278233360681645
18.329333012719847
48.80135339009256
22.464394271984748
21.621337538350314
0.0004969522033661118
0.1814675922678852
5.436300096822183
0.4532247554637886
0.004048114547730469
2.3139435736079883
5.2400765289016515
-1.9962518448000265e-8
0.002219336179878558
-6.974928325990445
-9.722861280998435
-23.262034264839794
-15.90191570417184
-21.81741557744521
-1.3479564802541395
-34.77075081787154
-86.5968385744241
-24.901951731491963
-0.020578858577784062
0.1870518088896012
-2.834540955392141e-5
0.47576240387292357
-58.63794036913884
-6.064868561408194
-0.05811644421461764
-2.1430108109519024
-0.000543888592974878
0.9785926052452707
-17.137628899376704
-1.406402876266196
-5.567088071645149
-1.1180537316493158
-4.1363341204203525
-6.746528001703841
-9.866479220521459
-0.15280956722887137
-3.1327874262866113
-14.2023990304838
-9.616594248193994
0.3218857496052482
1.5396631397053333
5.947455501461083
0.9709221413344775
18.694993178645408
33.54970245476866
18.501335130329313
88.3729450232412
22.227479169412547
21.41678963054282
10.312447119102954
0.07930966532790454
0.530114287599422
78.59385201130004
2.249045077339794
31.741750921183627
53.70515154941815
1.7357146910469967
0.16473133861139977
-0.004271558190166427
0.8126773921852787
-2.300964673978015e-9
-0.2998681177009807
-13.705623482376055
-44.083187997766885
-67.97543866996278
-99.63268415608009
4.643947232597402
-14.35562968664563
1.7319423239099356
-4.920240807981027e-5
-0.6267869514242586
0.4408272785254067
-0.00527622566782807
-1.3723682234406536
-1.1405035930185277
-0.0018206563148463913
-0.8383812144263241
7.034999093272645
3.2528195499642276
1.1465961199329446
6.325181848730246
8.78078341089253
19.73101241802498
-0.03521770799281187
-7.349122862088589
-0.09723934162579448
-0.5741031400035741
0.7113951588942167
16.293817646532478
63.49103413006105
-0.3453016026048558
-2.211780861710426
-6.838205916094262
-19.589268262356267
-4.631633956407031
-0.9883453805426838
-9.208625855994551
-0.0035404217403236416
-1.2992019714291516
2.628636552061826
0.3308208421120357
-0.1279905899952012
-0.0747476717013536
-0.0011579920599734815
0.0027253678339311874
-2.231566992893952
3.1020876111408415
0.052497698913304455
0.0679481948989693
-4.040352282041747e-10
-9.54229256210199e-7
0.06118151921433375
1.7526819459209315
0.17245532177932354
-0.20038422376578446
-3.7806718487074487
-48.65763331203443
-31.77739433238872
-43.79485557387943
-8.838925886929514
-3.430818878589791
-0.7218804121650301
-0.6054162433595277
0.1164427470121605
-0.032483669666266576
-10.737941398392698
-54.89721032251709
-0.007397649687728271
-11.328010799455793
0.6054798125055547
2.4949944680291707
0.16683239678805706
-0.1735999556140437
-6.360251682339952
-12.601625389049692
0.5720282262715923
-0.8224427757270572
0.18242377773308768
0.48087659951944284
18.96573466236587
9.930089156149338
1.5016761938510883
16.982069271928335
0.4889660520470294
7.844090724421319
10.233215902903284
6.813794987017619
0.31995733581193625
6.546185952019289
0.1457762582277177
-0.00017292296719035143
-0.015406231869130977
-0.0003695723627537019
-3.6825051784107052
0.19289955050000243
9.48846115716225
69.64997589848568
4.427482291048696
0.1762753199457354
5.472236087747041
-1.4950953437950707
-10.221820408555143
-0.04679564908917907
-57.83979004230163
-12.986395782781196
-1.2038825674722102
-0.8919712938977722
-0.2917002204586167
5.306661105066581
0.038340785170822414
3.9120262665193315
-0.0004950201693569382
-0.00640748005089529
-10.441189198652346
2.490194756932302
-2.0493703728700785
-22.395456727963396
-1.8633946060655138
-4.608098374199854
-0.01520079170521077
-8.00225271637879
-0.005168674971716569
-0.0004385979689774687
-8.221352872745557
-0.8363032592189866
-3.544719165271533
-17.880100735483314
-36.96414911980384
-11.688928531521913
-25.029543374073754
0.0018994207498443294
0.0426259222943205
1.019423019485462
0.22627939639916503
2.747144809934235
-0.030545837795727095
-18.821316616509815
-1.1021617953539056
-4.074837612587236
-0.8643852302266556
0.06308110470697906
2.699160014090356
24.146542960458643
13.939325022944203
36.733596945667195
16.490316056908103
-9.780936366155453
-0.25921905006500146
-0.2159592859980188
7.0627508549506155
0.05930371239207492
2.0136119291005747
0.184936951394024
-0.002800329555011735
2.033180200949498
1.2072168802561454
0.7315090075967207
-0.039134398065476216
-24.70925726244058
-4.321140803095806
-6.321267008584183e-6
-0.000927348318006156
-11.618272345471276
-34.35450501612996
-21.787338188517936
-96.11768376549458
-34.88220821787603
-15.77110956305748
-34.75033095093665
-87.69005152837882
-0.07541042397161817
-0.14693140251177256
-27.407873032055225
-92.1493055368695
-4.140122465113053
-2.402137271119131
-0.5203964273248429
-6.187624496013706
4.1226820825585e-5
0.005224768746177422
-0.01885909463642922
-0.7253990895719626
-0.5289208794695412
-0.18162774079793137
-0.9439531084986277
0.021412717862536755
1.5503894223732613
1.3143745577754333
6.495112648901683
1.1227632927047828
-0.8382101362205071
2.7363063348231556e-5
-12.983393721258908
-38.65195556388286
-4.694078772497697
-13.955195417593862
-101.76138352729559
-166.36310430592096
-34.3764933860547
-21.484649429816194
-5.941563749822242
-7.496942687737516
2.1883711082956903
9.967395464565705
-5.598246797428259
-40.84748158358368
-27.75871214592376
-0.11873761667081495
-35.79118000924736
-0.31399638367415
-4.464581195485847
-37.15294982569499
-5.984911193045556
-5.524090443892759
-1.247553883097967
2.7037400399363514e-6
-1.455001708697913
-0.6275285594575455
-5.732998939809667
-0.16919751701820737
-11.147605387582043
-0.7661612887369109
0.036313247556976735
-0.006839538550183748
-3.6325474997749296
-0.8197222136798792
1.3624892187043256
-54.22336601382977
-2.940970771352635
-0.07262869076550893
-0.13727760384545454
-3.622516612462282
-13.666046453994168
-0.29151593512824825
-0.347424516717273
-30.374614277462832
-3.067764106808957
-0.9375491149127345
-13.624652948039984
-58.75981753048282
-3.600026994579594
-0.4691326552741144
0.7407126050431547
-0.20952647400774055
-1.0025361616710609
-6.770575830871033
-9.727291661032694
-61.376394001574596
-8.775266491267844
0.004253210633706379
0.21021410576808666
-1.644914856390704
-6.938091773764983
-2.7547289842809755
-5.809343883181638
-9.670538673631906
-16.397529601794464
-3.0816154243895446
1.591205805916916
17.87418435382716
-0.27849080274324345
14.159999420558492
23.896809780247594
26.0913941925493
3.5209248593925273
-0.370813972446955
-0.9918425782950079
0.05724098382776458
13.988812262294111
-0.14971611529730633
-1.2005942689447193
-1.8971486460177625
-0.18188973345662138
-34.61655035223901
-3.791497569669272
-0.3914974527621785
-3.990373005135671
-10.603887230252454
-21.863650214759595
-3.6539398263698493
-0.50927648337459
-3.560621637723666
-26.345343515392347
-18.969461067072846
-21.133152048825707
-5.390932488058264
59.59953199250432
89.97902746064187
3.4231690560146415
-3.108212302907261e-8
0.4390734314091107
2.5845188898651523
0.5132046156274992
2.461071808363678
0.0022570539577858473
0.186935485699594
4.315741799726481
-0.08123204286345267
-0.7013508054008188
-0.06162826187129926
-44.41908943736787
-42.882781658529
-3.8875851781914976
-4.269291168433536
-0.06983962321139443
-0.24643398552570456
3.4195453008370533
26.144617517741498
17.07011727498395
57.83975354736564
0.014924170806765022
9.66618203102843e-5
-75.92734498185357
-53.37306340436108
-45.309887057132755
-1.8588815655456583
0.3375324873667865
-3.2474438344911114
-70.11662030080875
-61.329954892699305
-14.46538580274
-17.651189189462883
-4.582770321137407
-2.1631569017497907
-1.7149577819689532
1.4319071609925453
5.255440887413506
4.414473721977134
1.2755513347203769
-4.181541018396891
-0.26535020508377144
0.00037745398658977123
-2.0323309445153575
0.017653194945232785
-3.30932367556245e-5
-1.0972983515985282
-0.002078909329612364
-3.396087248081688e-5
-3.8981227961828453
-2.796261488223278
-0.49983721516724555
-25.455965681518677
-31.921475675756348
-27.18805083341327
-0.0510488418761636
-0.433036906173872
-0.056465476053468105
-3.198631286726451e-5
-1.549979233048233
-4.416746709545715
-7.405966721260515
-22.322172463862692
-18.07706180845688
-32.67410523382377
-6.0002947944842475
-0.7955568960653332
1.4083582315022978
-0.4075435992141634
2.149414277769761
9.098566910918933
1.4239205814777336
-0.0004788814318147719
0.13912520398400066
8.855359633263875
1.458721499957378
0.0774809948150254
-0.06292837602827167
-1.8918626304230803
1.927711874933482e-5
-20.555614539038253
-23.788158639961193
-0.1162032284979007
0.00744660351657971
12.965120209311484
2.558359340794406
7.070317079173691
0.5976896862936548
0.7032811307566971
36.40713838916172
2.2933728203693833
-13.94445120270108
-146.08029376085614
-33.11115039015213
-0.6064673820889923
0.29559189726467333
13.614774471147058
10.734618349684528
27.219893676753088
6.9697751608945655
9.983886345602981
152.81893837571687
39.31180466138275
32.245813211942604
33.26869168638809
78.56229081823128
13.443273067045217
0.7042262480809763
-56.23040325151942
-9.201817981266439
-2.2537099412403734
-7.118062393371246
0.0008592437165687096
-0.40522469789161514
-1.3087955982528103
-2.497965012913316
-0.9496669883726196
-23.150959159349338
-14.105434279941532
10.323863529689744
53.152678722952324
54.135205672037586
9.875539141802015
0.6783353459046726
-6.840548728741255e-5
-0.009123175875854206
-0.03723399769010229
-2.4321035574088766e-5
-1.2083983561756462
-0.060856395005088514
-0.14295897340237476
-12.709734769927993
-7.198396532477797
-0.4673381796260385
-0.22094463923588478
-2.79821855701295
-2.718268033054798
-1.4919604984209522
-0.4383292254566258
-6.386836915893888
-4.917233934399261
-2.2569588854140092
-0.1593777737790482
-38.214539876910024
-26.878972709652793
-0.08518851692561631
1.8751186126079222
8.8174734133723
0.6021349884722046
7.351102013295017
20.00258542698707
41.62900539745027
41.89497901071368
17.637336146090405
82.9676896194466
5.462088175134615
-0.7653506662220492
-1.7833984391019937
-0.40479953121948026
-0.02078005397589398
-0.09642066035229213
4.216586117936903
0.03410932808459872
4.04123432921374
0.0040191375004908995
-18.35324180069457
-6.831305918480064
21.361147216600923
6.805170453911805
15.82956443814943
0.6542342947479102
-0.9934561744192004
-0.004416350438490837
0.06323272288572078
-0.03325933098000915
0.01908145878442739
-1.6539983304233739
-1.714485150687423
0.004218565147625165
0.1216455453800284
5.961566871218958
-0.0006181851167140856
0.5077477023114954
3.2014749613693203
5.723543668372395
-0.5972812329055622
-0.6182455822979661
-2.170999757731887
-0.7612024556172603
3.876566355150113e-5
-2.6248396951398516
0.00011720074844690674
-0.45366959132733004
18.7820722594382
-0.0024399321880206513
-1.070096804524878
1.8800756285247124
52.01933311956794
31.01918335721004
5.279746908353571
1.6669792075141043
0.07422868179492935
-0.0010426935332228872
0.0007169368713245326
-0.007474724629467423
0.0008767719297060278
15.475696691090958
8.339509945212768
102.09324456290709
75.91524053806859
0.9778456573507922
9.476062376043277
44.73288196141836
78.14883504586142
267.2612898489675
35.68489706959677
143.2123536168105
65.62908445598775
46.840258672738074
55.30340080558144
55.635455986106834
19.41475156270794
47.00702997232181
-0.03787031274671498
2.4555700160954173
1.3634927720285748
13.544281234551397
17.71396122791066
1.5115299442920036
82.32764636000873
114.65750568481961
59.09787760605449
146.8314429303901
40.164337610846005
84.98751669907479
7.363819024932171
64.88004546794787
81.1785963713404
0.08512778579846511
1.727423435600465
-15.606109623714227
-2.0119362315500564
-12.916737602788151
6.624538073420259
0.01757406135250032
-0.5968234596484333
0.09857875819212002
10.629824741195621
2.3924082725409175
268.46711634918955
180.4952491387224
102.97336866873923
23.614875260128034
8.911059627779133
24.880601655969272
63.068221674341764
42.02199879040236
113.83532252372301
43.01561839906837
9.662733310044253
43.40219658927993
22.19044381930631
78.18199456267912
96.25943016245341
52.7633457106025
101.02675824896046
103.04354682511236
84.37530173834776
279.0589150510476
133.69510494582192
31.913268341217503
7.692048549164277
-0.1264179075886058
-0.7275227890149448
-0.0016121789775078305
2.0027479299866973
3.233628159786118
19.603229465575463
0.19386847993055098
-0.012790019248626884
-13.915178768346589
-27.27800592215563
-0.12780201454550025
-2.6015614026216904
-5.772519576526359
-18.155359699109685
-48.23285535089695
-0.03226488791904543
-43.60587750517738
-5.6484556937872545
-2.2712245939346247
1.5795437174576643
0.0020133643395582263
0.268490381481213
0.04975767506628059
1.6109136942425981
0.008610210235591357
3.0101386039275213
0.006238526060379263
0.014199603504750533
-4.217489529079087
-10.170807700932226
-0.001796586336473172
-1.3785486727760248
-1.3571585061382634
0.19362839834285975
-0.7055935640577725
2.8170827273400814e-5
-6.524134017504409
-2.784412650213057
-1.4098707247728717
-0.12100429602664171
-2.4167342200478453e-9
0.47985072380503163
-3.8424965952877366
-0.5836133362152142
-24.814519192714915
-0.40927594373302423
0.34123334990824283
-3.240618277554651
-4.4787361607810015
-6.858229031640688
-35.25345825077956
-20.13234391844471
-4.863396326294662
-5.7059753902949115
-0.008827604073242127
0.7818334394431092
-0.788398860819961
-0.4290759618088198
1.1282621694952688
-2.4977858976462153e-7
0.1961938866410651
-14.31699972914909
-0.22998517007117758
-3.6480266193010307
-16.167493060365448
-38.20945448282205
-9.91232427511519
-0.010872610354717989
4.25235153275721
100.62811155849741
0.15490152738163812
4.361149436598478
0.008219914477845902
0.283802457741359
-8.23637734611593e-7
-0.0300747276479847
-23.867466060280183
-41.10569598732993
-9.286357705928998
-0.30584389641398413
9.916342363489456
105.95912309076557
68.50154521515167
6.159938783830658
3.8683202653537476
0.25807745529707415
5.493858807117514
10.563913171075434
48.52351144439486
110.84445248358034
162.58700368281862
263.46272219715576
131.97832762097616
87.35263920724753
41.14081439174864
6.442718199311604
-0.33241990788575315
25.615642093368777
5.147561505422729
14.261519253065604
-0.5358607241116525
-40.16275651199885
-0.8881979991714472
-0.2510122939101904
0.01094242122401693
5.758750371636424
-0.00029923811190273215
-1.644598876780843
-21.20894909315232
-38.463949972873664
-9.787428275599519
-3.0555119522955834
-15.573406490544539
-7.9046080450049345
-33.61281592197224
-2.689295306493736
-3.492042836575651
-12.011379122534464
1.8553944354504133
-7.70828143040684
-0.19875873450766682
5.03832848475001
4.095778856536133
0.009820635897208241
2.0388460130834107
8.471978966236291
-0.35668663821063723
-0.28857338987836045
-0.06608318475900564
2.617933802848363
71.47668765348645
45.30402570283558
-1.234190152888314
0.1701271881816353
-0.044149644463666746
0.0117856571478689
0.00019978226687848268
0.05344022469770891
0.02531228779585645
1.5355495656800615
7.271806605450656
-10.381223353428071
-6.22250366880259
-0.026234598991966132
0.1296094346707881
17.353009715581127
13.318107676747383
0.4543779981026886
-0.01678283047495482
9.037945450832925
24.378079981733073
4.237435959356243
38.80451353436312
97.27445952769435
326.9848746534346
234.55132245121726
6.108393777855007
0.14443661163821744
-1.0809487936337516
-5.873069019036809
-27.100861894373548
-2.0918469421508683
2.3257941806747023e-6
-9.768562135365434
-2.7640930535058774
-28.06872145477909
-1.680113672047969
-0.020929200977792252
-3.6888787414348982
-0.7105320988784393
-0.054365352305340425
9.390702741834032
1.0386081530014522
0.597992276276972
0.5319066423426192
4.919437506875543
-0.09368869417130259
48.06078937314342
-1.6347561932254164
-0.01589189667358745
0.2020047973094777
-12.261778015560255
-33.010245546957435
-12.436025681128504
-0.007988609816506344
-2.442081796139563
3.970388586572661
20.638144560752156
-0.05822023305452813
-17.249349327360882
0.19793725448446672
-7.330788894876974
-0.03196602030821095
-1.4786606954778525
-0.00047138285944520924
-0.03024759321421725
-44.33291687144743
-9.452736253238866
4.549591296331173
19.79661939041424
45.66411398075628
0.08662049655587568
-4.620752636619638
-0.26434317693406717
-11.272619192299265
-15.775019348070684
-72.07264707981702
-3.049848113068816
-1.81925206915875
-16.879122616231406
-16.769663283380257
-0.005985632581361238
0.25410715930605776
1.0473026132862693
-0.7493657040828787
-0.011276273181748
-0.6099727711412886
-21.331286531900723
-39.66452175790555
-0.6635144214901578
-2.737796729098109
-20.122121922803874
-1.4971813567546293
-0.10405905660011597
0.16510253596388344
1.0403229649977825
1.4719192416943822e-8
29.780415080873436
89.08346442652599
2.440305235868897
5.03654610277383
47.35178375120737
100.79653222791995
132.51455731645692
102.26222096878568
23.325665606583502
6.779234987585515
32.27508845163232
44.802187639977774
32.59074256474138
10.779797835075069
4.380073173717003
0.11860119121319684
16.97579921505421
50.7464340966935
-2.145169520877394
-26.29435648834011
-7.247036273353214
-8.249219044108978
-17.838080029788735
-1.232899462085403
0.06396737732617751
-0.1685135859580762
-0.23921836251775416
1.1662019453367023
-22.12433138981435
0.04819223558854901
-2.4386452326186072e-5
116.54775221050632
88.7579355358561
61.60308560343097
7.540255581412026
13.074831207769623
0.019754887069358174
-37.886578015967096
-0.05185637989107052
-0.011470891382823933
1.419862224789049
21.685669944320498
8.074515204357237
1.6468611632865502
0.07948441396396748
-1.9972839087007719
-21.59099707789129
-29.879089957043554
-38.188881564427064
-0.02799181755047202
-2.9146895862319027
-1.724422760392898
-1.3166219371599044
-1.8933205310825238
-7.213469695382522
-14.574608028691545
-29.345618254348036
-9.513505414146366
-23.97617191293993
-4.018051506507615
-5.418459363105197
-5.396513493924825
-0.00576014887221198
3.12063776804196
14.717887161427988
75.60067762380014
8.338447835343702
18.197892523044285
24.58236115287211
27.163725976128223
11.831390555610053
11.397008062579319
0.3203877050071427
3.2410076725993573
8.111297856509111
45.23290348927658
0.016435315019279705
-0.7670387710297648
-3.024663032681919
2.316844336199384
7.395360712552854
52.77340654682993
27.93092012093865
56.86855329386499
134.79947214885075
188.63855505438715
158.68285578841375
152.55776237984836
114.10397873845223
7.880843547956603
-0.7688869692479467
18.09432869285216
54.52548917741767
2.8053487520573928
6.799782544074056
0.45084910156060876
2.4599366994150995
7.472476707373307
25.316065053951398
87.12763087406702
30.733334171356333
36.33095936811213
22.149317304260002
117.69419063495103
51.241476976538465
21.519329528281904
18.247604476623277
2.509138623921819
0.7503155232532591
1.665054943994265
2.554656769087264
-0.0731841971000878
-0.4290969890118505
0.10220945100348691
1.5396038511582093
-3.737945150732235
0.7959215950974375
-0.0473746319667766
-11.557126737735665
-16.91163041459894
-11.674842871034853
-5.06578836903369
-1.4397503542523156
-4.566016257590095
-19.34604726155307
-4.697256224285605
5.848912766546705e-5
-0.2070164234654676
0.6295595673941314
0.015892086594755665
13.093881130750882
0.19621988658786946
-1.387196914219855
0.07417629551532294
0.44235057035845254
3.3387160919754995
0.13664866935651457
12.553724939975828
5.702198890147823
35.30640313997364
3.1737463295586337
-0.0801573967124334
0.6213216807877159
2.9020328140450853
0.7959144758561191
-0.000250318194930333
-0.004949839698657937
1.1657957480668457
6.973121876836961
-5.9986356308337205
-36.64105967219699
-42.76718374901172
-0.2815641796891571
5.817119515962208
3.852447950651698
-0.0796955719664791
1.034336201348656
-2.8124357972789427
-16.91159679506111
-25.766446520925218
-0.02048536952047564
-4.88541129081158
-4.64632769665369
-19.187657410992077
-4.806708980911147
0.027753883111842778
9.631395040684215
22.632047656931444
-13.061631092046111
1.4032786574011362
-2.7799257014427203
0.0004176999339121044
0.00071138515628166
1.873956785918892
-5.555792526211035
-4.414132947821931
-0.46662026114084704
0.0477404167309386
-4.275370625226389
-9.589250460149294
-7.25079940110496
-48.55018312242199
-22.44533225245429
-26.494411830905932
-85.2229993760754
-2.8580618539734997
-0.11811756022368033
8.931842921342586
-0.00035467200287248843
-0.007613764662084449
0.08854960874114776
0.0006719014171397198
110.62851952808197
1.270243777389426
-19.451263796886348
-4.513607303368412
-76.72147646024838
-3.1363365004814736
-5.781109578845316
-18.249993100133466
-3.432908508435351
-5.341653942759051
-9.797199428397661
1.2749119367396657
0.43403963583053445
-0.7134495837251897
-3.567450370213195
-30.520666630744195
-45.69715187064263
-0.5863439397017477
-49.31180919774921
-18.333586485155156
-23.401987018087755
-27.235719028251022
-14.487610953293018
-29.4442578162951
-9.03945593799338
2.3905889272066784e-6
-3.6298673470577603
-8.851744400242655
-0.702127650635678
-16.4480495504844
-5.705211627257951
-2.1383225138835615
-65.97298918431915
-6.46652398788926
-12.20845257588146
-0.7401663025279255
0.020821525056234073
0.0002447604103045672
-0.12009753341989382
0.7483760040029509
0.017364474295685443
-2.792827822102751
-9.716777779556365
-26.918956547284434
-6.882079514268278
-4.071585348739795
-8.567986441616052
-0.007085751136197126
-0.05651173787010818
-0.03550382905160653
0.0005780970413766466
-17.936121584057847
-0.4163909494598923
2.8698349370116962
0.003035028516415991
-0.030064222824030318
-7.471500367173406
0.03423702963865799
0.03873181188295613
-0.5073154872440747
-3.0169843500105604
-0.0014239861648408056
-5.814217875778117
0.14427457292959253
-8.562824675422148
0.8542449385814553
8.515862912654109
-1.128109445098535
-0.4528065014071757
-0.6227727059994635
-7.088905355889216
-9.968477322602205
-7.702221200939513e-7
-3.2702921897834853
-51.14073226603869
-18.554238271995494
-48.32513275929346
-13.862152054134855
-2.6941224968208908
-50.542469336817675
-3.84759413607419
0.029169063545046517
-23.865741049278256
-11.21466749993163
-0.021375127459586106
1.1473835547684657
1.638000775558796
0.08940559790369264
21.20601155915455
0.015967446927011398
0.00033724404399214586
7.633826057819144
0.8502692811207739
-0.16423408845447196
28.014205267727682
10.060958925291056
-0.009289016851213486
3.1997479115558964
-1.4539227509384394
-0.46191830191480765
-7.8004478261255965
-6.894514608076518
-3.01443372467219
-33.50019963657631
-31.68676408219293
-0.2901677795293814
-16.65010014587603
-11.303657207646355
-15.749406263745914
-14.634389344970764
-37.12864651536698
-13.384517810913298
-9.832781003118221
-0.5444397756628131
-14.02016810154399
-40.75761906466013
0.08827900292493998
4.415755655340872
-0.09126486703543767
-0.4128363638414022
4.494865286747792
-0.01953803686209951
-0.00629588247836109
-0.17505353814819224
-0.00349565042761967
5.222193874632843
12.631938975958503
19.51601762573772
-0.033488319769992114
-0.6151175164561438
-15.562336029468009
-0.3534640434918003
-2.917597763621887
0.4741685497086793
0.002082735919575386
0.03696931470281679
0.18844833018527518
-3.788735792922283
-40.448785453477264
-105.7702395927455
-18.75062953025633
-37.510532888223395
-14.483468607366136
-21.698667360053207
-1.4875308950725448
-0.017088057739391947
4.712001150975985
12.505573122676003
17.243735969074784
9.588699431248509
0.6314750164167952
-3.3014007568700796
-4.7691248957306025e-5
0.057609991156535444
-6.149157465531056
-0.006642086646706505
2.7748319531533756
0.07960636274510066
-1.932070443660284e-7
-0.2076839375516984
-6.438625561859778
-66.74041955872738
-34.59328559784216
-6.341510573679317
-9.546061620742373
-46.34006145905768
-21.285920967653762
-0.545218349873211
-1.27459250453912
-2.5276110892658594
-0.11329674079941124
8.431743403261848
0.00676979834404364
-1.418590496897763
-4.797160183265863
-51.71185447111247
-30.80876901675302
-14.356791605314534
-60.16387430201159
-62.4998856981307
-17.46321932344545
-30.752499555283297
-6.677858699268554
0.14385759556396463
0.0058962875370890495
6.725107913667667
22.892512517852555
-0.00012977621031386532
28.62148555652224
41.054047903961
0.9050219946373691
3.242291213273836
7.1910885140250125
13.031508648080269
-0.031732406181661385
0.20336061322132892
0.21424978000543984
5.340369994614583
0.03713524222506296
-0.0002082747820485876
-0.00044240069569410185
-0.004611465301338629
-0.4563558539981382
0.3588561456072605
40.594307714426414
11.951679385761185
0.012479844676810528
-0.07071994155810732
-7.431692733895748
-2.5926329840558293
0.07485558124311509
-0.7986933741139076
0.0015670657545004834
-0.14790017878419548
-9.95443427475781
-0.15024939455146896
3.387553440232473
18.453452529490097
43.47348032263071
6.680818198526084
0.16863475585954774
1.1959104752555645
-0.03154005682603846
4.846872149179002
-6.19091534314506
-4.8044236008536565
2.434403950546151
2.9174207860925114
32.251606309379824
-1.3089142044444515
-6.23575850906299
-100.41083983471835
-26.09061628716753
-35.940413448641294
-32.59751651001943
-37.636236063755796
-1.4223558453775393
-3.1944390036389345
-2.426112534022559
-5.006406066448237e-5
-2.888928729864101
-4.24469280242953e-6
-1.0517942785813523
-17.046844316165448
-0.23373579733254354
0.0010296322670125344
-0.002250331791843458
-2.0357447883839934
0.2583628736823547
2.9136478157812
53.07314781531621
25.395493095797598
14.20271897925944
16.033177016843005
-1.3251115931027317
-5.115825742438669
-22.66430960579188
-119.76692127093266
-12.759939993770583
0.010951298619784082
-0.7100715505922718
-0.12894351766972872
-0.10770329232833271
-4.284220626358668
-13.942744891448566
0.015615867927553978
-0.1425840786728321
-1.6302767315462137
13.576225554646344
0.06958604986846166
-4.828956297964643
-0.2509380154993528
-18.498015914940478
-125.14038084961635
-9.82579253933822
-1.3181944462597557
-0.05476021734751679
-14.780654999733292
-27.592142630901993
-19.089778617559574
-20.731475673043466
0.7865745374274189
0.8793636364943066
1.8909998842189226
3.476001880592289
1.2512838079895967
4.256100814646447
6.183318989453315
9.89551132919749
18.27273937291082
2.6530776589468923
1.8618656258935624
0.02684101602488662
-1.6639941465018375e-8
-6.787102854629515
-7.136903257923467
0.0058192432164613835
4.805850269841817
-2.5180423565180288
0.5841294148758958
0.10496188619665256
23.702087170942992
17.590929810557896
0.11505053204872623
2.3077903798672215
0.771673682886149
-0.06862817796282056
0.5113701084159517
-1.21932426654006
-0.010513750590240845
0.990806682605468
-10.274405612256722
0.004760590484007608
0.018155576743030574
1.176982845248206
0.007335265970656405
0.03171524527214849
-0.40273658951914126
0.20923904549572828
-0.8160535259817906
-2.142435510431507
-5.5536880100293855
-8.64886764172121
-26.772506268801422
-16.34780313089159
-51.682589786208794
-19.963843077582393
-2.0046210193553953
-1.8628136786940979
-12.409378694906968
-0.5005082400055751
-1.66738966546766e-7
-19.68508250509576
0.0002905352816586978
-0.0004139594331835908
14.8927125688078
9.43566642658577
0.08709489332739624
-0.49791100588455967
7.581540314847846
0.00015694214076696493
-0.0008238633201918478
-2.218453844514377
-7.179318784131369e-5
-0.6159421596454725
-15.374836508016053
-1.3669140026441196
-18.869555775485825
2.5473424438645114
-2.422991143256372
-5.685528403348771
-49.32618680434582
-5.402076241900389
-0.004349712631117618
-0.6772908492470644
-7.733943921165919
0.0009377125118016129
-5.606294639412512
-16.966613619591154
-22.45865773009082
-3.738325470994754
-8.043101647238087
-10.956257589301666
0.09617157730368643
0.6655074157188122
-0.010404788098729315
-10.221546175079261
-46.62056566065242
-69.04243771322349
-24.16021259282958
-23.877946359508684
-1.0883768235588152
-1.6800213321412234
-0.004592080780922395
-3.9640217676461735
-0.15291308218367625
0.22675840859279842
0.016213181804545486
0.0063773745584230655
0.02795567492554159
-2.4995875357603605
-46.0317484620177
-18.971621821753228
-0.7869233276288994
0.0004561798576933727
1.9759164663452664
20.337993785533698
52.97220180370413
67.58138379327185
190.09900341769443
68.45446753601078
1.5648551146568184
-3.796510424129645
2.543063333891484
-3.0353371917348775
-3.028698479645589
-8.453082516952044
-8.65890535088022
-10.494818016285336
-7.01731724932055
-0.1308775069944366
0.06483387760593137
11.320937794293854
1.1649397218971749
2.8522424473341332
25.121243873281593
146.99966907854252
12.377806471515257
20.731021502818734
14.664849240263651
2.2644042298897364
0.0025984910753149544
6.044552532151876
0.3059999482789167
0.0029284409386322392
0.16027576412573544
2.631121384703158
5.394257764315639
10.706350065079565
-0.20628171207564933
-0.3348006513052506
35.12327967856193
35.0906740691477
28.225641765729222
25.51582677171876
38.59244377149621
0.6405544726590069
-0.1579084620601217
6.916064907081094
90.98369508085428
244.45365086706263
584.6498657518023
188.68095334458525
70.83912576772506
19.356422274579927
19.213102813163243
0.130533048219976
3.897710262866383
44.437670182795635
47.04433963645119
38.616730690048755
19.22756203441197
0.4204506159701099
25.421819575961024
60.09103239348834
29.49272412722993
43.098039490732155
12.278260030626452
12.004885636497594
26.797320581020774
62.82511030045076
1.5012599631221508
-33.304961277540215
-7.25606284190133
-12.109481266670677
-40.88225127503783
-2.0320295467486487
-25.512631443922306
5.5031943609394345
-0.001365958054267483
0.4378550479304288
-19.45890326744986
-0.15790508725930819
21.800306680933883
-0.00998283302166125
-0.05870972600276755
-5.257320266336421
6.367451588594079
-23.28316302784746
-47.39623914169499
-16.098574622365884
-0.0003538867128567093
11.962837716162504
6.440622760137505
0.11264124329062522
2.7649889933528926
77.98222963156768
16.699170505458156
34.138179926954166
19.95840748338146
0.07790637995809001
0.5041101877051357
0.8623065046991929
0.009978942164290487
1.157419169689978
29.669246891082683
12.00917652100464
11.557885992324119
39.23186326738618
4.655634556888392
0.011269285988494417
-0.0002043861557560197
-4.672660559455559
-19.61771217585216
-16.10894312522254
0.5073631096731955
-0.22763365706762612
-17.6336118265191
-1.822515138370411
-0.7188768520908304
2.4509093561817408
1.0572267910562758
-0.13052926458459244
0.7662652021929269
79.07541763215876
26.16781012006615
77.36389582462063
302.6407815723273
52.15590456485991
30.271275755259783
22.024939769672514
55.27669957395587
65.14314723135092
42.446406969127125
81.85910251285976
3.9927884777718448
11.796086181403169
119.3254553448015
3.0595557416055477
8.258701419967524
15.230164276117247
2.235598341119223
4.402577795623499
3.8350511789151174
-3.414888126114303
0.08508963576889235
7.20961405222537
74.66418040466745
96.7129884608985
-0.5808843301318859
-1.375029970048239e-5
1.179197727292706
34.16169870015216
4.875281723426566
12.594326718188707
55.24608301582333
108.44428893360848
201.82224493910712
52.179879522290676
2.6619385784559393
0.03601112403674743
0.04859787959643996
-0.02526222604472083
-2.0703719350680267
0.007699615056046447
1.6763682647119098
-2.2834177415674386
-0.262138109451953
-0.004423237620296762
-0.10651912696537331
-29.81157261743739
-5.206990302097726
-12.586044596722344
-3.101902272790583
-2.851313939179854
-10.907103992369866
-0.40882063832488374
-7.932501946265577
-16.397313620095385
-7.2938296480674065
-14.799899772058547
-6.099373160980155
-0.014077792685497453
-2.8738228144051075
-1.0274081328251738
-20.954035577055606
-10.591695483887841
-124.09255121964834
-28.502949242265633
0.4878145937771918
-0.5774603889538643
-1.9968326268966774
-1.9686426048070587
-1.4757132125362915
-4.797859218893252
-37.028282578111565
-12.251310975270782
-14.093326756300018
-12.834546504789213
-42.984349580850065
-50.494668807125265
-6.729102993482248
-0.9120994324017007
4.394871158761964
0.0644729259355133
-2.172628900748737
-3.667773643735583
-6.256129633821677
0.8395452116630591
2.0432916338840625
102.04996585607684
7.083591013423003
2.235520037496976
-17.123114499570114
-60.497356962418436
-9.826533828987696
0.022123273806715815
-1.636911348757214
-8.913015068347404
1.224685277558068
-0.034839190237910135
-7.97249836678931
-10.107954817538706
-4.259583679740845
2.263199383230609
-0.0005847517049907025
-0.0006636990786229528
-0.1432182236434943
-2.043760677163183
0.10598396598344344
0.14402014484037484
3.330813378317579
0.033729224008981366
1.4693687237172683
-30.764231142095436
-8.7919153688914
-7.398016293518245
-18.573171189614005
-1.3811920308369996
-1.8054611833297431
-32.862370331321095
-27.001952178367784
-14.593888997807936
0.04272313862325747
-0.04673368586737161
-6.203105834171186
-0.1358119532182465
2.0626602221724966
0.11996133314217892
-3.689630064531283
-0.14462995259511674
-1.3986778704468799
-4.60291409922385e-5
-1.3630274274045935
-0.11724768557177408
-1.580946331480488e-5
-0.6715483187824939
-5.051499439941016
-0.7080730078566253
-0.014960794778462504
0.30554170795837876
0.06946345353886932
11.129553166334077
5.54631532744748
21.29280470331788
2.606194771676239
1.8437741984539096
8.372731244859976
0.11183674760107323
9.064002887392013
-6.236213001832505
0.0008274652908485678
-31.821316298904367
-7.903333318707426
0.43038198677857104
2.020592510738138
85.6963030246521
-9.41693879586282
-2.3188696989995323
-0.06920082791757838
0.18634485471346943
5.803321694636688
0.45929426962946673
0.37304199858142434
-5.840482143430882
0.20818034533167729
-5.196223585032366
-3.1062964154931927
-68.2909711502249
-17.837899143973058
-29.317053287426692
-14.093996721588452
-4.3714838993248163e-7
-5.049288992608975
-0.5758322984018553
1.5296444736970618
-0.7701444588224371
-6.121293680344288
-0.8748850918664535
-1.8645653398373712
-52.30325191644663
-2.9616796207625513
-0.9340311619084959
-1.5823639063872486
0.5475762010908272
61.844423325062536
14.611276300046875
25.81608769012322
8.282276618253887
0.16582243180728853
-1.1266399547852188
3.5171415049205508
-0.013502613121542224
-5.1109958874792385
-0.10640885518161976
-0.10520371443980583
0.00392723929046269
-0.825092163195094
2.5581638074900837
0.05338745763891761
-1.0494013219072957
2.354374547148373
1.5278563727899672
3.4863537886854576
-0.015971879237624637
-0.17629654044330575
0.059742430233333324
-0.06484124242010082
-0.0013738943567990405
-3.152656377184169
-10.879864938922715
-0.009506832483845498
-24.900413866173395
-21.802785409732582
-7.985789064490812
-0.43807786699401247
-0.6085220483642857
-2.268661163861858
-11.932284796365801
-16.514485487254397
-31.98056555737536
0.20340956052342332
-0.06384305408383928
0.4555891146347131
2.7012583800370678
0.07764309888093034
52.90987769961417
16.419370914329956
0.08558590238233318
1.8323507304069309
9.440044508030441
17.454955884901324
0.42526225710771476
33.882162596613675
3.748118696782479
-0.1828991615846614
-26.294887364342884
-42.17923383148755
-8.677096701824398
0.001117170467084928
-3.2495047593713853
-9.268905960412216
-0.9283409171062564
-79.05614835037385
-24.044369449533608
-17.550048798523978
-1.0336895710887222
-3.907945779538348
-2.560990849759486
-0.055927041587317206
-0.2773554087317933
-1.2057928562902094
-15.441143920208038
