-1.6325717287109862
-4.1608357250523476
0.05550321036184386
0.0007570789399478137
0.6126807395270912
-4.838221613264731e-5
1.6877218148343145
2.0882244768282936
-10.853533612554546
-1.9105524406232006
0.5957260908100932
2.139926043243374
-32.362121886225665
0.1613869684157983
-2.030301349020782
-7.2299153797188715
-17.826331610049323
0.5253603747371044
-0.008630308856724628
-12.32772985134078
-0.9383190456714038
-6.449515118254319
-8.974001304570086
0.49601838572435436
-0.22539244562542463
4.046376181882073
17.05426386379283
207.12486765377108
-1.9656542792889284
0.049218876922757074
-11.647922973721174
-15.690389735260805
-4.336202956595847
-2.307749500784595
-12.32669534350153
-0.5835228390318828
-1.7028394330364358
-11.09209531364727
0.48344828542177837
-1.4933480880635426
-19.359533843270462
-0.209148101428559
1.0774228030850939
3.6776820129849006
11.587674083016369
-9.404347474997238
0.3963519215422012
-9.809162574148406
-0.1029023160124449
0.6094976659920066
-32.58586633763623
-15.994243133177413
-13.526891553060306
-1.4810546119987424
-2.517675835557811
-0.001781670142454101
0.07563960499170158
-0.018555967346854402
0.3566436315000298
-0.00013318529772717258
-0.592363198104923
-1.5724016272578056
0.001383908842677006
-29.7145457807687
-29.048810832728254
-0.1931314994904564
3.7785782494233
-29.9294842395012
-0.9233926460006866
-0.010486277853871661
-2.917174472528613
-1.4839477100771459
-0.45128500843584785
-8.386029730800056
0.0030874892197058313
6.555719111924818
-3.6282336813732443
-11.256121276411294
-1.3539801365958968
-0.17399830799482696
-11.199124470834054
-0.20310376647009226
3.996130529367107
0.000588751349690278
0.0004651098692181699
11.81201911148364
-0.05759469365843974
12.496671211321495
0.6941093941603932
17.70552070436793
15.026026895570155
-2.4243397204879646
-0.003318383638730889
-0.04985977960237608
-0.07960728938146566
-2.064648104301953
-0.05001466368595097
1.806549238638421
1.9988171541166668
0.07011747713113937
2.1034067198225754
1.1676650211517325
58.18713358917583
-2.005993672812798
-1.1488430429342178
0.04025843898072271
28.73807994938611
-10.893292206848185
1.595904390063917
1.9403570514906001
-0.2189537104414306
-11.737522699151276
-1.7295512208971815
-0.027268592882891685
-21.70095710771263
-2.289177636979589
-94.36529239677198
3.463834754902901
-0.27790062589292025
-0.009755522709588757
-8.505733199836051
-12.485752603702275
0.010821830521626262
0.14742494212982568
-0.004483332163748454
-12.146521431723237
-0.09555850281434854
-1.22208323905775
-2.8764269357827676
6.1710917469203
0.002052782688948718
-0.010272163662051711
19.13742723121963
-0.0007811310799139609
0.015256310681421062
-1.663220738054544
-22.55940718043882
0.11445372497000131
5.858469310251679
6.602199374753916
89.32086397359821
-13.239687203749742
-13.441303847706331
-27.86416141332211
-0.022573601705772932
-19.740468413385763
3.1467144566279948
-0.1878300564365152
0.2248325723888268
2.8141819888944624
-13.063432750264695
-4.789094567437452
-46.77457242744729
-17.381573463759004
-12.329072537369946
0.0931236395957069
-7.723584307794302
-42.385978396264534
-12.316681240165613
1.0584296078938862
-2.917038629518988
-0.11670595390956524
-6.115291718242816
0.4663015846731776
7.917015321630416
33.20279870221952
-2.840115527547516
-4.469353315974379
-15.375851869197696
-0.26450671093496353
0.4416076260406482
-6.4796444470483365
-0.0009564630718734123
-0.006291628690127312
-0.8626881713179119
-151.05535854032058
-16.472916494890793
-22.30046530333357
-0.8458835183989131
0.14473901197513134
4.4377085493831885
-3.4539899534420906
-23.763416676765843
-8.475310198930437
6.649984592409131
94.37068813355066
6.68929256829008
3.9083638955330877
-1.127539363645139
0.046953044328158174
1.519011599215765
60.345594870601765
4.114931075041985
4.555026220865959
-0.023168100375974436
-0.12376238226627423
-0.12752508787117733
-5.1546972059949585
0.10526282448404561
-16.085669259900346
-0.24284684325704325
-18.403109721962508
-0.08077377912631711
-4.551866335744476
-5.020702410143348
-1.5472705867462087
-1.8503374784519794e-6
-0.01346313004514454
14.701889385069958
0.0017400644538766946
4.094263852496631
-0.46592714861475293
11.989719147418665
8.26653054432913
11.283912806844882
-1.188897029241594
-0.09228870468790275
-0.6870830358596016
-8.106441344633653
7.730504683338875e-8
-0.0991071960835408
0.21351230991938963
2.676106037430034e-6
33.33026507164506
1.7138120151630851
-4.239815864333997
-5.126446902919483
0.04149742923374935
19.359655212329884
21.01445512568802
3.4021122377310076
-1.5793325560335856
-6.135263055791549
6.745448525695247
-1.274286702287282
-3.3019966834086603
-8.592671373504296e-6
-1.6349324666519288e-5
4.948856722080195
2.749069540752715
13.073965789071647
-0.05360821605150379
-0.33988777440221796
3.7964647050436797
-7.025303171212482
0.3509352969912874
0.1104862176417408
3.172804960455767
7.108051762717468
0.20686116904082288
0.2352071935429869
-0.7766209400660763
-1.453531726778806
-10.413807099711354
-8.643918822812289
1.36115402482474
77.73035198247784
2.0208215965064715
1.0206914550641775
3.513951203259299
-0.17152787193481636
-44.95867124891746
-12.842056688731269
-3.4959017354693094
-0.5566189119470153
0.04966871158754152
-66.8823643739205
-8.595354082946805
0.0017395329543649027
0.10846247464857119
3.183520725912453
-0.0005878104469350165
-1.2497712658503717
-0.30105767078574647
1.884282052220667
21.86490496775528
-1.0740495116877076
-23.89735224545423
-15.378273854186936
-0.33721610212711156
0.23090327707906516
0.8634182616545725
-4.360260019266449
-16.77089164062772
-9.12204244034292
-74.24085325109334
-7.9090026046408335
11.688918415329624
2.5133520114776964
3.424964196395418
15.872095384326892
20.274658088455514
-4.818856566578994
18.036061827142795
8.127716474585519
0.4717111810319196
-0.16566261365081963
-0.04073152679940172
-0.5246537198167716
6.776970631495833
-1.2166007937925487
0.24544629181804337
-0.320049968117888
-17.116674979142164
-7.298894965145011
0.9507615933225501
-3.4415663936824505
-7.058601159246973
-7.811185197241304
-26.798363689291623
-0.4975769780901843
-4.16809439806011
37.61455053443219
-1.1563132195133863
-1.4865799437341864
1.0768232573895036
16.66651164050342
4.575922944827061
-0.12573223486005347
0.8623761069592003
9.10123149101416
-0.11615259750622109
-1.0507570163062125
-0.008038482135327873
-9.027921371072477
-0.012885652079411027
-13.766032788744452
-24.891273049634236
-6.837356012002721
-0.13433892738042194
-0.12432707133546769
4.8160989569007215
-0.4041756830440924
-0.0016208684110994957
-0.19256549895977662
-0.21475692329237844
-0.8230312291434126
0.05533265376733837
-1.1548843910654971
-7.397570795578106
-13.716599949905067
-35.28723531613618
-0.7156832167264296
-13.538163673803753
-4.795091513332724
-1.5584410298346063
12.473447517142018
6.529653005024056
0.0022389359107691863
-20.63485587788748
-8.22587178664834
-2.8720169175137196
-47.689921904978426
-0.7660426752728321
-0.46744168972552336
-0.021273290829726253
8.203324081255937
-4.751310917087903
-0.6431764966967679
24.858679446060396
0.8897919872302473
20.23585978998082
24.92396805328496
4.349183061180616
22.29940890208202
-0.0014754475480007001
2.8198190542249333
1.2861534160800567
-0.5965521561171091
6.5966931396784485
183.206861646952
29.763529164065126
21.144040059010752
-0.035663810755917055
-23.21276099408086
-3.675561243919409
-26.01255020915927
-0.6578214390181834
8.075588982956925
0.7218512063951366
8.030952803469523
-2.785862236877161
-65.76701488405303
-0.0018796710796518392
-7.307483933744696
-0.1437075746873719
6.077491682870473
0.3457177941262945
-50.90904032886649
-15.405578211990235
-8.982201198318153
-6.406143152246498e-6
-2.893622586767824
-11.80670283661447
-16.452824705182632
-1.0470834413525398
18.89365170542664
-0.7189582412939967
-0.8415185493136678
-0.14019036922402928
0.2813777672718419
8.12608237886447
23.01289439991424
8.57526028555538
2.643344017671988
1.0565754187626701
18.005828035938723
0.20790524775853103
-9.714367264546707
4.938993996381422e-6
5.601864007596929
15.292179593477616
0.0025534166814892155
-9.219904605690852
19.691638664404707
28.010750345172053
20.597301547638565
11.529204784828059
8.629899786032995
-0.537385429166787
-19.12672772049225
8.941070838463878
8.060668079866641
20.377591868943224
0.202879210634515
5.938200764084002
-0.024125731707272596
-0.05941434254192735
0.09954902633571754
-2.6290527618251853
-9.630201710546682
0.33333242718013234
221.83020079627292
103.94351292723088
8.530748744751955
10.357567008881873
-0.028706032229353994
9.639295677717392
1.7876454235872914
-0.0022569842573232786
-0.734706766062501
-18.69653413024579
-6.435360806949718
-26.364002213484486
-0.6737839649089548
-25.997808864923854
-22.304453666767436
-2.620778243790219
-4.435897952793544
3.216501295184798
0.5280404184713585
-18.41720033834571
0.0004235274840261993
-0.0514014473375673
3.6646288818166117
0.16577071790823986
12.445367525012895
60.999421065945064
15.225077417831287
1.0803133422761124
0.024650620902124984
3.5237178778311
-2.604256360018336e-7
0.5656828046675605
-6.820186638399814
0.04750159433729661
40.80207766817349
15.272941301649237
-21.53434080514089
0.0001799671337686473
5.014852709620608
-1.17591803092864
-3.520439821200044
0.00010018508416073353
0.04863762355322188
0.0026015279464554186
2.0050253525133566
1.4137195388413089
39.42500503172621
-0.5273331159833514
-0.12444840829588215
1.6207701675466306
-2.859236431978396
9.683985525254752
-0.028502146418199197
-12.848010806752363
0.040052661102605025
-0.30879116942772394
0.5915032298302795
0.0027505033142981705
0.3579587531223125
0.024746851991894397
-0.004438037474433328
4.607143048711304
-1.5928785020234224
0.02678299782888914
-38.51257425250781
-2.7639943729621406
-65.71155103381955
-0.5422898931700276
-17.58889483762906
-117.52833413460814
-51.61252626733706
-127.64484416585827
-57.10608214558201
-0.38698060334850054
0.027190119474342293
-4.5581139181393295
-10.391697490849781
6.0431977555476895
20.12360324335007
4.5329118777928645
-1.0676894425304049
-0.6265608607290817
-0.02949813680986406
-105.08089905596242
-91.68776351560837
-25.20900638338109
-16.335956882703236
-0.5129597125605763
0.0569378050848103
0.011940403521615872
-0.006920578140408841
0.08283043603841717
0.22190934925076336
-0.0002614320469995507
-0.003308318452419197
2.962736316810685
63.79767526158402
114.2315433836249
4.5705414068662975
-0.02544446701352916
-5.551292453291083
-0.8869293382657283
-0.5816878118441527
-0.014823648521543982
0.013357502459921507
5.800611678934395
12.09324673780453
6.6597234650166985
38.596441467796254
3.2815250617113336
-0.0025003184419161713
6.728794404655945e-7
-11.619179864563979
6.090695955070467
0.03537603676020946
4.512017043743212
0.21928537547782787
0.13136281074553494
-0.006484370442184287
0.0011298123982668208
-0.0008965735015098758
0.28574928085496987
28.65510653515603
-0.11009775635524267
92.515240765633
0.030543376892887497
-4.209637528769068
-17.63816217621483
-4.045339813074018
-3.565202079828115
1.6646332087266584
1.4359816903081182
-0.17070422455941384
-0.016534636146113252
-1.2394650414843607
-1.1840063041537043
-15.873614039219683
61.06921103768733
1.5392183943919713
90.24798245889514
6.656437919108043
-0.3928341627565631
1.361298587116756
-0.0025934199759736474
13.624142131949785
4.2892326441563755
107.58670337903368
17.64501180297405
37.98497019447123
120.40618399495595
0.007018999955866101
-0.02665012591138319
15.146436185355192
3.0345921247263186e-5
-0.7289968689910306
-0.004882439559641852
47.34068872127771
58.86056500506346
226.824989759128
143.39026457900212
34.42425804326835
3.3803048201516916
144.42396143752026
119.92541839439359
5.546524995816717
1.3321922598191154
130.27724128317246
9.534226989507863
112.83630839104637
107.18042428589233
29.321107951160947
4.495890316949642
4.444306065748299
-0.08732427459012443
1.0766769893461214
-1.376135669421703
0.36329715201182916
83.37480667690585
19.419724093573837
-2.2500654247054297
-0.9354614455218005
-0.0011923807755278924
-0.05016036875697592
-3.37296675505747
27.36949236347173
10.01420499797768
-1.0748194463793024
-0.985517859295036
-5.296583142287254
0.02938264018306922
-0.5824069463089463
-4.063440863917626
-4.830965565253262
-1.23680547965736
-23.88787354025167
-6.91932946825181
-10.08892370479235
-0.020152536486482478
0.2725208079754135
0.10431947933634049
2.7541883671969316
-2.681316529487257
-23.94600832331852
7.0342368412862095e-6
-0.45563847125252804
0.17428926289199204
0.1488177659813597
-9.413827049841888
-6.990878832591051
-6.254861809714865
-22.398828000939854
-7.733251954945336e-6
-0.4039716829083068
0.9145831331203695
1.5203831795480007
2.3643700244468464
13.833332164700877
0.0014614022787660815
-21.477721460602083
-3.050132427336297
-16.834160212516696
0.2375958429547661
-2.5512887787495386
-0.018320721917415222
-12.657730520391326
-1.123482005085789
2.1042829581816545
1.0736037159046565
16.25213996623996
1.1890419070021052
0.8789549041678903
-0.12815881965307951
-19.602640932430223
9.646745244977305
-14.71021140983404
-0.35840722067106007
-13.461725785388708
-97.04529038374775
0.004022955786006961
0.4279308628987211
2.486754553183621
-0.23947000111671146
-17.67707102012393
-5.8920647491134e-7
-4.54705468038159
-10.70347909573141
0.06427428769792641
-19.71216570632311
0.022098094104540156
0.1533630272108118
-0.8415227593901425
-2.6840731921104863
-11.219364971542879
-9.837907927480808
-9.159355448356118
-0.056300731853688744
-0.03653422457772493
1.063880839668806
0.8314493606145243
-0.0071967073851836256
-1.392403840330623
0.25903753730053225
-0.12257327852425118
1.082418752922857
0.5373284073538633
0.05065423601025806
-19.77444855486862
-0.8372825133916282
-2.9541918109919503
-0.3459280863428198
-30.702152538658638
-43.563372680416165
7.682371165248462e-11
-10.321162277327408
-0.026921965162445338
0.24937365816153154
2.5273492629388286
-6.888785376387551
-5.579355164923628
-0.7165820211537819
-47.74764233115325
-15.803971644063624
7.995575384860514e-6
-0.0036261911155101856
-0.016285402340305278
0.23787932367926914
-1.6788638817089316
63.247748818541105
4.502007612400332
152.35369942257307
13.794910557220613
-2.844070549373174
-8.715486495265988e-6
-0.0029640223360837556
-0.9232572545493092
11.476166873085033
-1.0889125105996686
0.7709165803064452
-0.016434454542047932
26.812287661123037
0.3818097549681886
-0.019547410697396843
0.5529553941215442
-0.40392904462686396
-0.0028239097109076777
-0.016207919117228575
1.4697268630740692
-0.26333317104189197
-0.04469081726886636
1.116452779471245
33.05364955495571
17.145595497828186
-3.4549281883525405
-0.004958975401555931
-0.10555461297632907
-27.890169033717623
-2.7228784851766727
4.604621871150976
-0.0010697810007751808
-0.00974498190375331
0.48739191576581314
-14.52658349194273
10.05410042284182
-0.6779377662230651
-1.102476684030213
-22.41556056876086
-8.001169698035708
-1.6552418447910242
61.30041320410045
44.976280789914256
48.94207462354732
13.763140342276241
21.05202004005796
-0.02278353011756365
-11.122485351883956
0.1637001525861679
4.525134751226182
5.910699041442019e-8
-14.943320057040525
-3.756563261228873
13.420458769379128
-3.1077125137606934
-3.3696338546079114
-5.844094499248952
-0.0559761944747373
3.9139476749496733
5.023022764765832
8.944447408151014
2.6209622255658473
2.23258850536112
-2.3941230728653102
-9.004057524752177
-6.868171513650554
-0.48522290205322877
-2.5611450451278417
-0.009329228967483881
-0.00507068666565033
-1.0436243319123486
0.259802875138946
-0.26267605546587786
2.2950552142709686
-35.04316682257582
0.2645871494595845
-1.0749116154172922
-7.542971120099586
-1.211229498986702
0.009421231618740223
-15.36443496977519
-1.1844388591805466
-0.7974855232686975
1.9594110404256149
-8.291904290629793
-3.475123128951356
-2.441142558987921
-3.6586912546739723
-3.812326302477049
0.693645319065337
0.0027961906659785766
-0.800555345327481
-1.8715753875385754
3.7852386424279243
0.002708502131180955
-0.08830881800594234
-11.457127962859353
4.869278088133825
10.193281974363948
-1.900566236943288
-1.2471967857759771
-3.5391781508584272
-0.36580767175746026
0.2761493163802439
-9.735296234992846e-5
12.646403444654888
0.02115283647051154
-0.0008429166710604215
3.1891445454846106
-0.2618008053615391
-6.234226815395967
-15.834402728755496
-43.78099294511488
-10.435169391816673
-28.898145135788358
1.09851896981721
-0.2477567047716783
0.591172422782118
0.4967045857922673
-1.318928884152416
-1.4480715080149391
-3.295743837967494e-5
-0.001889755887727763
-0.9785196615698312
0.013697703317931848
-18.11070847023895
0.008586572600165245
0.11968970304720015
1.1529899545284608
4.298716664337124
1.6578645930370917
-0.031828937051502054
-8.27472419327612
0.08815176238761425
0.09365856822783362
-4.449399084750614
-0.8868351490178917
-0.11311496177467065
-6.8297989280917895
-0.0015133286963230636
1.0593961680253667
43.203072500707925
64.46749674113325
2.309740993578766
-0.10402215621127052
0.15832566785334062
-0.7381254304821976
-0.00032114382780338413
0.04454605903370175
-1.2309140310744466
-0.00552811959003652
-23.687776836506846
-19.000097996616084
-1.2151460937922924
-1.6228250501289496
-1.1945527000815823
-57.61922856512079
-0.023597106962981337
2.979902505018679
-17.63321234550373
-5.600719165319626
-1.4725742640199038
-7.7551505607907565
-10.07233402840907
-6.44078251578146
-8.035161185833703
-0.7482528996984361
11.443161276373397
9.6230183399452
21.007932360963263
0.9925773178055015
-0.02415100583058033
-50.42012482899604
-5.587298810912515
-10.059328261365295
3.383934350839588e-7
0.9427680125285622
1.1637969719487196
0.5564232394584153
-12.69945173826165
-0.43152710971822544
8.729958524410371
-4.969145140955646
-1.3731802986138881
-5.085132528629303
-15.811682459185782
0.027277082970002583
-0.001371799231850333
0.016673330117764572
-2.505156978622512
1.9954357053330996
0.14399850838590159
4.097027601199952
52.65439819717108
1.910422727432165
-17.507398537199066
-0.0026153992592073353
-0.3781298411375504
0.032552368171415685
26.11910014494544
2.492519136216138
-28.287231650033743
-7.16350609415691
-2.1113464043750283
1.6807004679189663e-5
1.2459564862979131
0.4492785691084274
38.50613399456284
6.0363183791476285
-0.5896221523510844
-11.80029249179939
-0.007221168771123805
0.08666373638230424
5.218847397875319
-24.334451825522095
-40.59781358216705
-13.6131710764872
-12.68072798932019
-0.027452318860404522
-31.18317164113229
-15.777690543036938
-1.257145315601078
0.16446919932913592
38.3235865154754
-0.04180674768076039
-0.45304086946473227
-14.880996438782633
-8.286583492520045
-0.015004957859864845
5.781149254889258
1.2769506672754707
11.605633229716616
-0.8903815423959184
0.40110848905687985
6.591340664573147
29.388909896442325
-0.026817463696588044
8.730456613873203
39.3817455624645
49.63779192507193
4.646804002424114
22.118470869201364
-1.6944195797114945
-1.0144253337382119
7.0092596965080425
-8.763603884586033
-3.430657959954587
-1.0910475923844456
14.788170885989848
0.9848246421175476
-0.03428096878742428
42.98481822430539
-1.8169028269314569
-28.113482550754917
-1.8969550184217308
-15.516556737938144
0.002599098879848984
-17.829645920717187
-2.3088545870303703
-0.39745717651192414
-1.4710227486970602
1.1267375993527577e-5
8.184401085598765
7.539113563980833
0.007384241802280853
-0.5498731215825338
-1.3221050431671322
-0.10520304137772847
-1.1532206850484382e-6
13.015342755939942
-7.2448184937403415
-0.0023845143259576982
0.4693810473155751
71.48207725613486
87.17692376710143
29.349203020732293
1.9876245065318134e-5
0.37882379612822786
-0.23985817470538842
-0.10965529639022296
-0.40949739600729085
-0.0949867886047358
-1.7983177995780077
1.0539581254215946
0.7944445441942409
-8.943770511359112
-20.085820689020494
-8.607144942099708
-21.109341685674885
0.10337764077928656
11.330228408000243
-0.4355906857408278
0.9388805459359353
1.0726697177590236
-2.179915942498711
0.34183954572129815
1.5123396680844867
-11.06317551401666
4.598309564218308
0.041366590189345236
-3.74174463227785
6.396842480753485
-0.011070625310217332
-1.8562507799173211
-0.051658422948833126
-11.763510328566174
-13.812410069026434
3.0275438742355862
41.03726339271699
-0.002570823919889517
0.1397742815558355
-6.224007549619199
0.036882839885883395
0.0006745813591043948
-3.676938977802902
0.41718182296991474
6.871243630118115
8.745951577817234
24.60729414764086
35.55274505831514
0.169576586027617
0.13840839674490876
-0.4476025338822867
9.265246508808804e-5
-0.014082530520319143
-0.08494341764763672
6.687901387479767
-5.420559458214211
-0.4072397660173594
0.6235440264110619
1.3989252980866504
37.29572983323994
5.124563766455327
-0.03573049211316523
10.035226765305245
0.14329386399702873
2.778718163758675
183.8775396966886
3.346140576095057
-0.1763829713549881
1.1395328859630331
0.012166069318329259
0.02964890261707661
-0.2790156536610354
2.367029726536621
76.57437214962764
2.5988421688762062
3.7085365181358734
67.21463177880555
0.25990561728216344
1.0746836408764284
-14.716140424934798
-35.528905400637754
-2.245883747551199
1.0976154695469043
0.002167295648092324
3.2857435582909966
1.6169771933033452
-16.494126416457846
0.20162543241548248
-10.14900348009661
0.1725149288788325
-1.3275775885774221
1.6082301404542174
0.27199374902727463
-21.90406000677549
1.782010759281137
15.256696216125324
0.0005705627250053494
-0.8691360686055744
-15.322899201957304
0.3832041968834009
-11.140634787710603
-0.8177749165051156
-2.261742294109277
2.4183650717976426
-6.838186686308324
-2.8157643845909868
-65.02200855449459
-12.45443854424902
-52.87744720953992
-2.917331690953792
-10.705332440639994
-3.2129353918070613
0.39998018042586325
0.030433159017198924
82.02201963302312
1.4817889460402618
4.318745458858735
-10.404090962603208
0.00286340571315764
11.308696768573192
1.7071685425241725
1.6000333372640543e-6
10.691765535432298
-0.2196692359613174
-1.889366377431992
-1.7977044254862597
-0.6848907591830682
-0.053565763937676536
-8.46559445171905
-37.43733250041583
3.5411869184507454
-24.95985658568655
0.0389216094474494
-20.48181596169111
0.06400922857331243
0.0054609575043632315
0.3160174011688484
-2.746371457482817
0.7022130735538754
0.8106215952850109
-6.651926890665846
6.221616154119963
-64.71894360598739
-0.9502447680908034
-0.5709770464617627
-23.846081466948736
0.8174600289993489
-21.319845719887187
0.0004241564318097395
-0.0018249513126689886
-51.831423840021095
-44.15621729104202
-0.45282450359780196
-0.21576039124372665
-2.6342714850551787
-5.374153088875551
-4.836263624096056
-0.06937208298190295
0.27688359742163277
0.35324213519418735
8.267959366267627
58.32223812059375
102.02696745685311
67.46872209797228
15.370191505132137
3.2936468507530177
0.17352823463731862
21.653567300857187
211.96263069673267
1.0296481541662479
37.41373417723574
-0.009900766947473489
-0.03719218950853879
0.006424251838366798
21.604386977827552
18.16299184221863
-0.17204456580920133
-0.11109795873163364
-0.9245925681014263
-0.5760247866611656
-0.2028505736698927
0.0020276873591809057
-22.334648868078606
-0.010207540541283809
5.866130542277975
-0.0004400068516390206
6.450828801935434
23.144439244054222
1.431336566287636
0.16469709484861916
-0.13016849514824247
-66.39136682502571
-5.695764829948469
1.2876703010924038
0.035735803694690704
0.7165993799997561
0.3823756646050339
-3.3431844195402314
-11.2326364317515
-8.338434891246573
-2.829590075492878
-0.005036747753399505
-0.047543308141452585
5.918698264067272
0.07828321573903418
4.780466354856446
4.098935806339107
-0.8014388648624075
-0.1825864834570273
-0.07102395867523387
-57.937153756701555
-13.638397183679597
0.12865567170114697
0.21075437769643032
29.09271689662884
-0.0006171695087211887
-2.2824840332182115
-3.2979957359753276
-43.57870952829545
-11.318652910957612
19.425460240456406
4.048861333674875
4.982915872288168
3.9752635987871296
4.196473864128554
-1.022880035662055
0.2667170335590222
-0.4556282595241709
3.017384586467002
1.8041211660327088e-11
11.140295597837136
7.879630520041394
1.709402575948541e-8
97.50854150413878
0.23592818938063634
-26.163053343498447
-5.133808804323923
-1.8833007160743929
-1.287577807227199
0.12114122340023877
0.11559350362938785
0.019531475445311603
22.874097387297212
0.7258977096860695
-4.720127164434765
-12.051516298996619
-6.96925763771888
5.616130183971322
-9.449370195327809
0.8928172798952946
54.127460885817555
-0.2800416435659569
0.007547595896038354
1.7001627230165088
-0.1973065323279768
-72.15212826516395
3.102007482207746
0.1633917717884417
-0.02191765036835561
-3.3886154189349056
-1.8955595302381425
-41.75763836225173
0.3195474141080054
-4.990968437089343
0.006391766168588497
-2.3782036713947052
0.00851421912839151
-0.0007463303730255666
-0.9079125630003605
-6.147466397487715
31.112576875636503
-0.24432896645817972
-6.114676871790478
-11.65458966705998
1.7297851690972628
-0.8555589536934496
-4.814097835031969
-0.16452667491003525
-0.056245987516658665
4.117802476148025
8.814384355414084
6.9765293327772975
28.256556341018605
19.179886553654466
29.07663970787896
-8.529692946895421e-5
6.710374751800816
-1.3363585633784916
-10.189657308577871
-0.6096201460499869
-23.152433333028135
-2.202831228906025
9.968345782090232
-10.442971675135142
0.27688528689849057
-0.038581573538186066
2.884507116185781
-10.700416486021526
-0.19502322391661292
0.33474895218947825
-24.400554816056225
-3.2937329310139756
-2.56354733005789
-0.7861247824016974
-2.4766895809570912
0.17806505923152244
0.0035376826750376025
-11.546960143519792
-2.6786156628001443
0.07986756700780515
-21.978561713445178
-6.116701510980588
0.1987832011020032
0.012216138751258989
-31.76861708143831
-26.243657349719136
0.15290283373181496
20.20605569057971
26.361347496739498
1.3086338851510388
0.21029339320078502
-0.059862320159380575
-1.976041611994007
0.006798600114420049
-11.38744770202837
-9.802414063733195
-70.75630214182948
-1.541959003619103
-0.020033894216702895
-28.8036980554649
-9.653476651596135
-0.9688284836849643
-20.54623816295881
-16.130854548824146
-2.8048491873473584
31.81074991755671
7.060971404413013
145.61180891921813
210.22659055551077
5.572462246465082
-3.0043756099589918
-0.341150843559366
-0.11548086574987727
-0.010229814078888722
-5.876556751114569
-30.44758550236692
-2.5920705555629207
-0.023130365277645844
-0.1599306038879354
9.10274544691904
1.29956587380467
3.5767948084015653
-0.3503116702225454
0.009821190151857897
1.7086155965596335
-0.3196095099964236
22.797737076472746
2.1278179394316954
4.252706044273427
6.400459465121886e-5
-0.2676946668889821
4.272345487414757
-3.8124384979478703
0.007884974857801366
1.1585601915505566
14.411766381840811
22.173257526603148
1.2643831274585686
0.13553177689007756
-7.9549987943102956
0.40945969934425713
8.570979602342629
1.7869114318749448
-0.0017916255893631206
1.5036747987753967
21.913741300522656
7.305783875225519
29.42000548015976
25.037174538207847
-0.5159228051946818
7.769901117764221
27.72805494002505
2.7313790743875006
-5.016961930200483
0.8443133134286893
-0.7747910360462037
-0.7115765325029122
0.2155756072047617
19.896666285284645
11.8643958240347
287.726124911457
246.85024877816184
53.25428906984062
58.28710543520127
-0.09673362813167256
-0.729482864929822
131.31798844865847
53.35009428508934
288.28263948063767
189.98235250825965
3.766005899906424
0.5121324907101872
0.015411916263402999
-0.7061315601446221
-36.43793690714849
-12.126571400166332
0.09083922396491712
6.393362156887237
24.29092363898684
12.138374847440055
21.24702541378027
-6.528121825791333e-5
0.3335558879715718
0.6042743922725206
-55.582993749908134
-22.606482200721693
-0.8771406490243644
0.0027585070495526978
-0.14538310441937372
-2.1129728028802197
-1.7420916891388012
-0.02808334701461806
-2.0614334611350116
-9.369633288781682
75.02849872333633
-1.6320240411089908
-24.679395597781856
-61.13511112120899
-2.5869197239482387
-0.3697979720940703
0.3070280835582885
172.6384569025348
-0.01207265616007259
-16.641889497352608
0.011082531823995871
6.566951886414237
-0.09324002591868039
9.474963404516448
61.211108075314385
267.6641742742947
162.8619489964531
26.427843265739288
-3.339166907085961
-0.02759345242004659
-0.8171289842139846
-8.853166194686168
-22.989942921836285
-11.9020460379669
-1.3339628679765914
0.25470416955075326
-0.7538207288798678
-9.585560032033216
0.00023983958898681805
0.09922326150786817
-2.3253099798704535
-2.2166481341345827
8.275988201567321
-1.081743428651349
0.09176633194176691
-41.57383553243071
0.0007676406812929234
0.7827008208452642
0.5451872651254349
-0.8398790189617099
-0.06272734795057677
0.06824791295705812
62.48889080632891
1.9079528219210558
32.94992949516413
0.00205561562294073
8.837543430266257
-1.7365675926156037
5.620507862073427
0.2261689437294021
0.00013766253926507084
-0.9035503370758247
58.392197318039734
-2.101107432177666
-0.046965830648156834
20.536529808617818
15.32139323532984
26.920617952062916
-3.001182251296081e-5
0.7954718582865937
10.754210433675894
0.7302883086888898
35.51929990189311
91.95403037336057
152.0072120584872
-0.0937544377627793
-7.007639545991102
4.804891833639371
7.174261431530115
-11.552819279704357
-17.893098873892665
-38.76799185144808
-0.8728628419390415
-22.789844067578013
-4.63206523440861
0.18871400882066228
1.4385902741574657
32.08359705293504
0.796116429575325
-0.7967130034184859
0.02109583832632921
1.3452635180316392
-3.690185782177828
-1.4810916303184019
-59.547981343719904
-8.832119139894358
-5.46861456979855
-36.000854876866185
-0.3541477393785264
-11.589510393538184
-18.122996074061355
-0.011371459186303105
-4.712094695156044
-6.065789419323527
-1.6395052807610506
-0.000647950893935575
0.2974971345125434
8.543726950089242
0.3098246931390184
-9.512889444833872
-0.9805178157483179
-51.738523957290205
-2.5888572868153883
-0.05807155646190195
-0.3427656907278698
0.007906610774538381
-5.245141785510268
-0.02535091872669557
-0.4069540727918825
-0.9521092022853699
-1.1359389967601463
-11.178285197411073
0.00871014135641989
-18.284429358698496
-20.157366316444207
0.6776971275075505
-10.965976988957518
-0.03850004149284376
-17.31509248793247
-14.33645755364822
30.063109888843247
-0.3648119808523824
-17.903037939084147
-0.14063374989811828
18.96074935314349
0.05239536971555701
0.0014964430608396405
-1.8746016313422464
-44.105396759289775
-46.17651351341844
-1.4210662171225137
-46.2745206439797
-43.771871466428756
0.013464267980139976
-14.185596943032078
-31.26264677221831
-4.151489912739984
-0.005631023857726127
-4.192106407094849
-0.15926994512443432
64.11285244310818
0.09930535292061413
136.81929330032645
0.6555917348297209
9.308156779263372
-0.9509566733522872
-12.733501897854595
6.586758981458038
0.0017798042405048203
-0.07659611276565882
-2.4116056785311684
-0.11522059641430564
-1.1483080464925244
14.221969701864673
-3.955824916599373
-4.086511158951015
-15.649467579332244
-0.008321408129673481
9.023960304420063
-0.10328635052362524
0.4921193318148733
-9.438747923919214
-24.733551421431972
-20.289186236375457
-1.934000876172604
3.248598920509702
-1.05765318927176
-0.03681929223806596
-16.89863421145572
-7.1205907362320815
0.2593055108610389
0.010444973665783484
-2.5010037364042703
-0.32293079130869456
-0.6718918777666409
-0.6474590906949309
-1.552543663739462
1.5649652139147023
-13.069470307328771
-4.788145866017913
-40.654543754271245
0.00015285354261537385
-1.6959466635805345
-2.0445129658840964
0.001536989393568777
26.309207542045947
0.23034767878566206
0.0013589280977095329
45.547950501525946
-0.42283423043353774
0.36112969662463434
4.067390730169293
-0.2029199599675853
0.10064029767990561
-0.011112824151748196
5.975859145648831
1.1843546101358096
-1.0343465227034672
6.894540216524402
24.59892591861108
0.0764557650569545
-0.021114119764774626
0.48358343530443965
0.007100236930080914
32.70291089188007
5.860971290202404
40.92624574190796
11.521106535960866
74.2090200392284
11.152160518707499
14.104727793474453
-0.014496830367380472
40.76928203879727
59.603275788870825
0.3570035750579782
6.175124849166259
17.790498409476545
-13.788459129205421
-12.00947696141062
0.8634395698695083
0.3282075589243866
0.15446681844954327
0.1633112765907694
1.7312808093598184
4.280250138394419
2.511515474617162
-1.1612831425009724
4.721881683085876
0.026903202238464097
-0.23273336178544676
0.4183395679728019
0.03156537311421037
-0.07120038765002862
-29.320015263599412
-26.015294848602657
-0.8483063974108536
-1.0679673014211912
-4.413133477607211
-21.544544849651313
-0.8439027734399311
15.029044433936061
-8.118362526797002
0.01265466860606311
-7.426878246617143
0.001040971558000309
-12.48128748227922
0.40536025978933826
-77.03487145750832
-0.40476525534731284
0.06489618107146178
0.4103775938548377
-0.0853816964743085
-0.948629529768954
-18.703170959310576
-10.025011266581634
-3.824366229911102
-3.1332475530158024
1.2171831891031104
0.035490793463321596
-0.00025840906297912715
-0.7423689558422765
-0.20817607632025018
-8.734410772962255e-5
16.849217085651365
1.9516942582961212
0.011337545294034463
-0.2655037782665851
25.38234807827674
0.02048860808916545
-5.766906146556427
-12.786404220929478
0.2370325135225462
-0.12662946791924676
-0.0360425096933178
6.013170363422029
-0.0617865090988308
-1.2749770732603893
-0.3089032102854639
-2.5987342862848664
-51.71742920931823
-34.95271884889992
-0.13520148296561316
-0.0009186011042132589
-3.2527252313766906
9.254670944894677
527.052687632565
4.439033237512217
37.85886146317467
0.02149069109397717
-1.2012542359538025
-0.9170464890295201
2.0482467544115757
0.0058644863793543825
-0.0027156336726872642
-0.7785257113864076
45.00269620909562
11.634605177967941
0.21055168560669915
23.34291961987962
10.603806388531241
-1.5607845911316343
-0.11402415369567663
0.06535305145966663
1.5286229489667875
-0.015447070709586255
0.923918618947134
0.3021341787356328
-0.7275212140257762
-0.07250314927257666
15.318155367688593
6.223044354957331
0.00025981270171581967
12.02674045375442
-7.256655417271474
-14.604819215935747
0.10986615844485093
-3.2326667244903247
-1.6428234545266907
0.2282281752993572
-0.6428968796128269
-2.6717445530900727
-3.462469943049439
-183.3862745944687
-6.8254056503868785
-18.366150200277673
0.0010811611908556104
-8.918067008884739
-1.7601961478228456
-1.0196800890389721
9.813787903770407
0.6258773491082916
-0.8636762441483683
4.9001020889498756e-5
73.40076324893202
5.189977498383781
0.33348955680714637
-4.96798309183546
-8.172355628485292
-4.382490058722643
-2.755162456136418
-1.368487002134726
1.1971479088101016
-0.02286142669862324
-35.61700466960359
-14.879473977117232
-4.774089599434249
0.18678966324869983
564.5686428673272
1.4640779362594278
1.19565709564974
0.6944688022932619
-0.034414002873591906
0.05906590256812126
9.805970476264243
163.8341117827385
109.07188557824186
85.20699824623415
62.882437762007406
0.0005301868282264666
-25.235533719811876
0.33177284181186106
1.5074035532816776
12.431801294672887
61.816055342174586
-2.2470391440839235e-5
-5.148783426889436
-0.009751037011530378
0.4650398007679293
1.801844434981015e-5
4.734009480129476
-44.61152443152801
0.0005294804260264237
-1.7677092867548834
-0.05655175452065659
-1.625847390248764
9.647305624088279
13.740743265289899
27.885709307289144
5.996578174601033
9.888046141236423
7.298816382604423
0.050738706948728104
21.144987116374043
0.021579988841766515
4.058145425072986
-1.3688477029158383
-0.002106743534574182
0.4044360340294147
-33.82077660315577
0.876393942354172
-25.281275507401524
1.6711872783450494
-11.753405846215264
-1.3536069156370332
10.493737183655943
10.229681441879377
43.77843075346203
38.83784859253233
4.62816872244842
42.591146869971126
-2.231327083896269
21.093287680941852
-0.0701420920404335
-4.390969904628943
-0.9131344328632666
1.2903159310539984
0.043348153501561036
-1.1126210172778808
4.852832600531135
1.0528943164067925
-0.012860696098952153
2.7171087475063906
-1.4265038629616436
-8.408946970174814
-8.262508225528652
-12.369826384639792
-20.55601738248923
-15.31180371835777
-2.159693507005846
-40.485166688883055
1.5655411152931042
4.341215297611593
-3.0748441869732006
-0.4933128451035801
-0.5523484063627045
-18.39324496442945
0.004067447636070494
1.7747257163206411
2.4617965858612405
15.746933290259738
37.78377410847009
1.5664764770836246
6.933959791479192e-5
-5.3396934980292174
-0.763254191673231
-0.07319008683491547
0.005469443273881966
-0.5644882427091304
0.014233239276610294
185.1800793780177
3.6583957786054464
0.010415311097404838
0.002126259795705897
7.044791065947538
33.07203959384689
0.05495534765671394
70.93873978333944
165.45764072906587
92.56626089904402
7.257416358589359
10.471156207129487
28.529965362610383
14.242408756246743
-0.8788891906646528
39.982724103981006
65.28251134845739
-0.033843098618528085
31.096721801304223
30.386573808597916
-0.005325653421845719
19.805379067833123
126.84669910590428
124.0433975040928
61.77509147240017
0.23229807124148505
58.48298761835906
-28.372320889859765
1.4447057614392953
0.3143459853306426
-5.627434906845475
-1.519365305310777
-13.523958963173929
-2.9732644920488416
1.449797762614241e-5
-6.622509537563794
-8.185265228726477
0.03724005518506714
-0.007537117327558743
-0.006320835551164895
3.482783294098145e-8
-0.8374688826643931
-8.106268454447566
-2.7436710747706363
-0.0062538497063791805
50.37303878670121
3.4509290577581275
-6.496379786041556
0.36224360550037515
-0.037777579504468625
-4.626572218869836
-2.851223183342435
-11.926864481281445
-0.06960736909690234
-35.588407342724096
-2.3363064731446572
-13.046057357762091
-0.021665646995421152
0.006936505842552134
0.6597123308419953
-0.03803922778189465
-29.812826821745343
-0.25725507918595125
24.095626950750447
-0.050801297616369555
5.385902360056851
-9.944225060556445
-16.031060639769603
-14.733483647175115
-19.2102557969513
9.575976676084677
0.03646899525944923
-10.895359507853277
-0.890649787348476
0.6975175012896074
1.6754957665785932
0.6830652992089782
38.776026358974036
24.5065327960336
-0.02454977652519859
-8.243699982886108
-1.1830106552053619
34.53431898138688
28.239758864550815
-0.011099482670849939
0.0005129193672690016
5.760140726435926
-2.138455327511696
-1.0728220701129318
-0.35913875670118506
0.013331008149925655
3.5169084696599784
-0.17890491448873244
-0.21775996879076837
-13.406994778537504
-8.161496850918837
13.033784815866095
6.309284932075084
8.739515614555268
-0.06986846026783965
-69.5536130198274
-0.5157068118154683
0.002802226006709338
36.42904220183126
-0.13669641403155214
0.004195790233358953
-0.07233830427689304
17.593091879533752
0.1728171189872631
-0.18352962657902738
-29.90196019225482
0.02816276204508928
4.378169265487874
-3.080946144642917
-22.075854300635598
-0.22400936716665576
-2.656706568028037
-0.00612358519244114
-1.9511560085423998
62.613990343738365
-1.9928887742225978
-31.74944741408553
-6.6266027335499444
1.8779366732432787
27.57333971213453
195.18950168456257
0.7532101730904647
1.5410691187485785
-53.10738145784824
-6.787080152621547
0.20331383109199025
-4.790022658081566
-6.7809104944540595
-1.681931536947289
-0.6030469201538544
-0.10031719909178488
-9.486843024436594
0.30945985497199696
7.1478130498231085
3.907527666846474
-1.4550584853636441
0.010900889381375163
-5.072948318595179
0.036843306925308544
-8.860236422116845
-0.00020970428107047328
