-0.0003169480268830922
-1.5920042772006475
-28.37059820706007
-4.2257844306803
3.244612207121984
0.5459049054539288
0.000194259785094365
0.6494495852140985
-2.923482360469323
-0.007859553637220617
0.23685594618450237
17.253947686529614
44.66063239825911
1.84059191682805
-0.7577331543566599
-0.4719977791525724
-1.5908825926771355
-1.9553024902200202
-0.06380330502659087
1.109056794606422
-0.0077574681641605445
-2.8260702526677854
-14.255721321747137
-0.01635232390964087
-8.858436224452719
1.1159471845343745
0.44377787672790486
-13.069123597759852
-0.15356735328064477
1.3896685682619125
0.34925283128671525
0.017209447184915374
14.27448885068771
1.611704784792342
-3.059236240838515
-2.506228444690889
-9.078036941687927
-24.712608752989716
-7.271520792499546
8.3575441645157
0.014348406786031682
-6.075264230525648
-2.1286886651471315
-9.29944657299582
0.023105720367569266
-7.6894563413780865
-11.829104366070341
-24.074289649482402
-15.376721588034016
-12.384077347263123
-10.083684396212288
-0.09730577872643878
-2.516244730529228
-0.08317820628400914
-4.472501243977896
-18.25471539006018
-9.980690614321787
-1.810803181798204
-66.63863880542203
-31.89983819337391
-8.130463796998503
-5.4856603178991055
0.08764494984906973
-0.016431526582850974
4.295705920341316
2.2494665837829544
1.3563996822413769
45.486276385631186
0.04698377194212329
3.4160689258297112
2.05383591508271
1.1056652308214823
-9.027082958322253e-5
-5.349130574382974
0.2994240972913049
1.7034713707268092
-0.40595610510457614
-0.0692689850657135
2.9229653225167387
37.39917685126766
5.509887795539026
0.381924630490824
0.04751380479373179
2.635613723750955
59.30682810009623
0.31841303813772465
0.03415568241194707
-10.805427480130668
-5.53722768575739
-0.07542970464575796
4.092671846104221e-6
-5.36521987366434
0.8307153329840767
2.5659302813135216
-3.8437374841094964
-0.14112112093052237
13.118591955006652
3.191131198623982
0.6896579363559532
-4.346138838331352
-5.153451475237397
1.6710746235171976
3.28168293893866
0.43876815369850575
3.41251180130466
0.8337394563263302
38.56491037096473
16.59456470612065
0.2169490129531302
0.9536065736595898
0.019555799373049704
38.20207077147861
12.929114417618633
96.88779398403952
11.89347594561676
29.515009234242314
36.43639905266393
23.814611037539667
102.07323640160055
0.635158824950698
0.42449518053454
29.35534638675043
-0.0010646606424026702
-0.009323861514070084
0.22120864580328806
9.940943765898075
4.052029941790425
-0.8623382426187296
-3.37563607563688
-1.5433899378267366
-21.38313172076494
-10.195620178332401
-1.7865714273827105
1.198323726573031
38.54098740816462
6.317214086047245
19.16573186537629
0.975923027340564
-0.02635477435761498
0.2573791733463793
0.811395999894622
0.6362245443660747
0.02316014238617808
0.005631114055198458
1.1348883453058127
0.13443452389159835
-0.2496752765159635
-0.5223703793354056
-3.4128274568196395
-0.20738692797392605
-9.698246576670181
-0.009007577782775035
0.04416350133868047
-29.037417876397114
-0.9952557482892469
-0.01764619469595349
-5.440870891216989
-10.184650419695467
-0.9060664389823588
-43.9127624233321
0.008722400891080805
-0.09878588122380416
0.348109844593005
-0.08606787059992094
-3.551219992862148
-6.650954311152586
-57.47010838677186
-0.16956782245563584
-0.05160435728703462
1.1382959039818545
0.281276926101258
-0.7283769565226446
-7.843314922879702
-7.4439829600648535
-1.4738891313214353
-0.26043889882403004
-4.865168420544498
-0.8594579270637347
-0.050815121328549234
-0.044326033015191266
0.038616776513181995
1.7184219750401624
-0.24494262147333
0.23003714732767686
5.066349841839983
14.434037235116783
0.3303782865512735
11.9782623137504
22.287688364901175
-1.6144535971840517
1.2985027225558954
-0.17943436438450158
-0.23167160830660397
0.19343339958879568
0.04742651884299232
0.004871051172490429
-15.922364022275195
-1.6605927888638148
66.59284461431824
111.50236071117222
6.079399406113064
13.64965742972313
-0.04737863230207662
-6.510205433997373
1.4079666942178e-5
-2.172891251107342
-9.859676328007748
-4.791405092664877
-1.3857914332763663
-6.799630984758745
-59.8779551007845
-100.75205479496663
-52.074786731013965
-62.33537797946407
-19.26989116884631
-6.714613984949659
-44.407250855281895
-2.079504412719759
5.295086148871627
-0.043221254767467264
20.645104785467467
16.222785451174918
2.5786951190945673
-0.033204660157170725
-3.042997271246653
0.04040730292399111
-0.10434778112128533
7.527800520228868
10.799851078099763
-0.38037171909792045
0.3246870944416733
5.632471325077348
-4.34669555863012
-1.1564583571500837
-12.578662931135113
11.830939837550515
0.8439634505620611
6.538984316707435
5.389902961768216
7.1671561946503095
5.715211509398749
12.017423518153132
3.7157515434274195
67.94637356550614
64.16113703489201
168.66588629420988
90.70719986312055
4.071701474428105
-0.0003239324024582145
39.246619971962
27.574181516917292
7.157281020004494
3.143133849666907
4.243372779027371
66.51299001163734
9.807669432468574
0.41200629261214256
-0.019898076003821537
214.48001765038524
54.51342026262988
15.943634696383882
4.465951265845145
36.502150912903765
129.17095534232703
337.57864092527143
462.22668865580704
364.23799001805634
409.63417156432905
294.0260089667045
157.1104449112664
160.50335131366003
129.5452039413122
175.13734360879562
32.041566640536615
58.19115130137655
32.628302352856636
10.520850617819754
3.3027504488956474
2.8834528058681435
2.259232087409248
7.495679934991156
13.773957826477778
1.8292817889580952
0.10334191569681152
-0.5115266689551377
-36.84601064237088
-1.639560774634379
0.573110560849071
6.0829054552396675
0.8744237577495501
-0.3521952551770929
0.15487143163739164
-0.13684470677566693
40.03904268702063
0.654206913981852
-1.61602788434759
-17.164872268580623
-10.05517905139365
-7.452047065519318
-13.336657449105134
-0.06824716502987892
7.0511360408313735
0.09356642687669832
-0.5372333736221259
-4.400625918848767
-0.7399160601310346
-4.35282993187214
-2.0095084508985024
-1.6335182787006888
-0.3598498821005185
-1.4522515743324893
-23.5038157248901
-14.732331600251394
-30.395012628608853
-4.823059593611543
-0.554651745199342
28.0422854626685
301.840373907403
107.10217406178913
6.767660598923498
18.087492415879336
6.437033071607209
7.7395875002942995
6.419252299352693
0.9909873608025729
0.26488279855737945
-1.242656409193182
4.345039465244532
-0.0969180699135981
0.10049849849388606
-0.014300149432001032
-21.604581507330725
-0.014650353342923412
4.192251742898772
4.589518717515444
-0.09988157677357576
0.07825040763313809
0.004272953839923331
1.2522523858308814
-1.0588581879949619e-5
-0.015365716953835443
0.12114249451402373
1.9043806662577918
1.663212080776426
6.8075843890136
0.21791709869952355
-0.248760009890744
1.4424272507621847
0.27450285444162387
0.2807554838691408
-0.8186495554637775
-0.0005191813402498442
5.087146414538798
9.622156609420587
1.2097054660874682
0.24939804114807568
30.347009105892948
24.868847038406244
12.544178060962423
0.8278155583896734
-2.1365128904110007
1.9254824374884723
-0.42942351989268507
-0.038778630724740394
2.735245013204499
0.1399563421557251
3.6809648824241217
21.15317150285614
2.9874576819490346
206.7401234025965
385.8597296738876
481.4204607234417
95.90808340946386
1.0110520386583033
-0.38972919704302655
7.6388295857142525
7.074582815408473
15.21383407724402
3.4135812251859976
6.718045813850404
122.4152538034378
0.6535019970104051
0.14808172853540585
-0.0008908896533963756
-3.1459100410860756
-2.4204367661335593
-2.0845546433740862
-8.969995912092095
-19.93230385889745
-0.8904225799861377
-0.015388363984263067
-1.8533002431116838
-0.9742579840298579
3.161719798204802
-0.0008445869160200473
14.648351862773596
3.8910890920817596
1.399494160199447
-2.8639150554141657
-0.23276948626103183
-13.148124084784504
12.502812391273514
-0.26262281453718805
-31.492438877525466
-19.471685062182306
-3.2108617780526147
1.1362004779337291
33.144926442460324
17.022366713671346
0.07940306441361226
23.986148229281554
2.748639142811583
0.5195467440082047
0.9226252874462967
1.3516610130866515
-0.5963081492128054
-0.9916555220366923
0.017249782819741422
-0.21415460236262515
-11.297345755947
-23.733983460940618
-0.08273312228692488
-0.8223643274008653
-8.635518097229328
-8.358871039988351
-11.079257634822602
-18.154741005074012
-0.03755573830080607
-1.6119660268908391
-0.37238118022778754
5.666115180791157
31.03630165619338
4.9400979994622976
55.114598882749824
-0.22841743971400255
1.4130495872436308
0.030802199192701513
0.22017475135714829
-0.004537831706947408
0.0076167322500678035
-1.6271071392868048e-5
0.0013567445125677324
0.5311482507708669
-0.36156116450157305
-31.579349627347202
-8.33614016345602
-21.94104179053939
-40.87450871443149
-0.4858020954398007
10.404228732844668
-10.704711022318444
0.1988473358940673
-0.8681859101833047
-6.841322303097266e-7
-0.5561851443969874
-0.7632234086882425
-0.2442981095392163
-1.4315091333902812
-0.8604390456693117
-20.14689877852458
-18.805953967263953
-3.528962211136078
-27.077727664988654
-22.35565049248287
-1.3532025562372016
-2.519214067546542
-0.2681432599119245
-83.3843816965651
-5.393012119757707
-11.79747404100744
-64.38424342704431
-2.357021099042245
-11.345542869891771
0.5810691863707133
8.741478530394016
10.569851712890062
1.3055576406799536
2.6429670208572547
4.758778748996736
265.3125567244657
15.108971668578825
0.9288829775531102
-0.0007497382184560532
0.1123896945251251
0.1717735662462736
0.33902658850160383
0.01636398228040204
-0.8920644833758966
-2.2161373007690566
-33.00235810964514
-49.31833284076903
-24.394151908796736
-19.924443190929825
-11.065254840584078
-0.005866044715273302
1.5994907396685405
0.2088279899050479
1.0021649305451152
-4.401137075064281
0.001662391652982144
-5.160908925674713
-11.84417345823102
-1.6729182571647991
-1.4606432821816868
0.016183507332987603
-1.026492340316243
-6.643212834279658
-6.089112468323912
-0.10673646245129187
6.460478504838399
8.027148833900247
-1.030281544711227e-5
-0.8647841880831802
1.5300768666797322
17.072017795726737
-0.2791183172394021
-0.2004552966234306
-0.21810603979341156
-0.2891959971124602
-27.174127608289083
-10.142865510907964
-0.9525495275143434
-1.049615359995046
-6.745013707154635
-10.082977782619642
-0.47497385384967433
-0.7764492524247604
-0.00010086603443954634
-6.681581919248869
-3.5082945014699805
-7.081935389394949
-5.210861241749332
-0.009730198686052684
-0.002548510979909006
0.0004663038801395262
0.2773006394469738
-7.147445433617983
-4.27903521509731
0.02363909430745195
-3.942084702556521
-0.6685103923979482
-8.135226006528054
1.2511895297011102
-13.530893665474276
3.130641086247776e-5
-0.00013190511939985503
-0.3842113265546203
-0.7860766891369733
-8.870651840021473
-40.87128286110043
-0.734053943566232
-2.6983040980573945
-9.45171220928847
-2.8202244500829523
-1.5122607966157389
-44.14794674886702
-3.2019217185808797
-0.8979926528002902
-24.078963424388178
-53.62259914101171
-18.67880563927072
-17.89603167989594
-0.49458384824880597
-0.001547029721407761
0.023652488879057774
-0.03587649422047979
-1.2412153252070426
1.4658970645104707
-0.14125972158986605
-0.02393670464700739
0.22444393400402723
3.8389502344361834
0.0012370650134411092
0.05850085157609868
-31.20020439075185
-22.661157390070915
-7.187106055420663
-0.37200982284923095
-9.071261380312812
-66.02802926814657
-8.003132140923553
-4.148784340696529
0.18834290522327604
0.3131477049168416
0.00039586691123084613
-0.08105957102468375
0.5259725114099346
1.4296945199869242
-0.2448146936846473
0.13768405000368594
-0.011856516666757588
5.407944033829512
13.043862445661752
0.08124080901410427
0.2629991423453271
-3.069391761324365
3.6636251595963425
-0.6344209919233895
-6.70099305915941
0.04157762994098701
6.942469833757651
14.287540813869235
-0.016943049019562985
0.4624848403510179
-0.02219949567928562
-1.8088506616315394
-6.7431676959932965
-3.8994543616605846
10.85210382808662
43.84941645482343
14.623116144240694
23.98870720127855
267.85845087660357
80.22045054136882
10.097011129720988
1.8101559447122777
12.079251521848025
58.06830370111215
43.279566510137045
36.98504654026849
12.250344712796513
4.156467636658562
22.073371234046245
85.88662030685894
43.18479243976943
28.137809661196048
16.917797392867215
2.716815207987556
1.7067972813725791
-2.323947203180209
12.614490165953265
4.207128496679486
0.9595597778146563
0.056055961221663377
20.121364161083886
-4.750816199952585
-4.461912219255225
-1.538831859632451
1.1480672414698821e-6
9.501460548906413
1.4473128596646243
0.1495842924796647
-0.00011156721973953196
-3.10021763638104
2.3855769375728566
1.1416518203058563
9.316793514610726
0.14629743574122173
0.0898517145029262
-2.1914967475993943
-0.42079314616805935
-6.758526866368419
6.478382899406568
-0.6094349137048808
-2.676081015361105
-17.712647535776917
-37.5678345940327
-15.969412034901945
-3.1428084577695126
-28.658376047480434
-27.516595642906495
-29.720360528460276
-22.58557657471822
-6.002863294736085
-39.17969249867756
-14.596292013356031
-13.825682158923856
-3.6435284152229417
0.48543826940587537
-0.19628190053624475
-2.5596978074437655
0.7170552241508585
-0.022800993678130353
-11.034594882004315
-13.772677258579488
-6.868404537374663
-1.4013195906253515
-8.935958082590521e-9
0.8672470804428875
-0.2179828331841662
4.643315783670697
8.328164960018361
40.51147794803742
1.7014829303523895
0.020329958879989014
-3.5233126903501906
-1.1471682490088413
0.06175793858207021
-1.2607401235079614
-0.9542760621799259
9.80551808521966
5.272204391689843
0.7277156191055452
-5.9716966118563946
-0.179796249014541
-14.077798210506527
3.249740750032748
30.687632480888215
-14.284236670589774
-10.63765908015498
-1.1088535555510657
0.12593147215711872
0.003136913911180533
-2.5556602816041654
-1.424105030254067
-8.64678281803792
-6.887773393638861
-5.448265196782559
-4.155645995525274
-8.786308877874665
0.055743615421392
0.00892471388716522
-5.7777032703803295
-0.15820654764085462
-1.3263757315182774
0.19864826407148017
-0.9532304817309025
-3.168200791689946
-5.9424912324465184
-0.7798898740135555
-25.185527571816287
-48.361369012255686
-34.64295399694387
-2.1344121635513122
-10.021161295789351
-0.3600089060197966
-13.99353404113616
-37.314833221841916
-1.9818115618780687
-0.34682859621229506
-0.031876409122147245
-0.07525873470267785
2.7408847988973575
1.890127362797661
-25.673707829350516
-60.62729125537044
-24.525658344373692
-21.52207744201437
-2.36706129887532
2.286188426801801
-0.3844196730273428
0.6485634613365149
0.00027939397352067603
-0.441172944024259
-0.05409984714217692
3.4846349032292254
0.04404798515942883
-0.008724321312813624
-0.43720088934683293
-0.17411756268291187
-0.5447114766428082
-0.28146547025110963
-0.6657333749886756
-0.0075475355169803875
-0.8096879859460276
-7.42343089371803
-1.3514270171488323
-21.368675142787108
-1.834234639456993
-0.007896518242781607
-0.006416888816193015
-2.846345290605938
-0.4864911683234516
-0.22663618492093643
-0.0005826795923519522
27.95516722573987
16.680462390474673
5.521958670529213
12.612564514842022
0.0270979899262414
6.314339347122049
16.203100579597585
-0.0017953281312930787
0.2194011418361571
7.94857526078681
-0.21988885155792784
-42.91271027142484
-16.693619221164486
-111.33767051528913
-90.53435388084382
-24.3029291143488
0.014232865860717737
2.9993598696776904
-3.8245506406269167
0.013037540884316084
28.986126132344744
1.973684713149811
-0.012182704962991309
-0.46582177563649574
-0.7931570918392884
3.2089804099391213
-22.27003415113146
-0.011140852280084398
0.014926313504983526
-0.8781599616625465
-0.027422656982719215
-1.5971430957351322
-1.631760639937552
-14.307699551332204
0.06135153961021472
-11.494689863236466
-12.557704137605468
-20.449068438725106
-12.354203007319699
-22.560939265580732
-5.1255232005217355
-0.40986364864610614
0.06454511448446688
0.01857930155311641
7.1582010719732665
3.819656325722345
-0.0015040843214251406
-3.928579736177289
-24.73205912183462
-1.3760340674697678
0.011356494429272465
-1.3118036770893458
-2.0234796952268956
-7.514518728235356
-0.028276495744522897
1.6007634664656425
-15.995067456749897
-1.132507504135828
-15.070279152655985
-0.8315178170404818
-14.010952549733219
-0.4722585267772628
0.3712145040388435
6.644840959157951
19.48252622916183
92.24528150171187
8.43302371551245
2.7944160317216475
2.1940396323501044
17.4834564155896
41.39887877437554
84.15983359850152
2.204885847628464
13.898567282462642
49.569034792199346
18.980473063206613
7.76761424112135
0.00023413012911912333
-0.0020124911878140273
0.16138364530541255
-0.012117998857223429
1.7211893977793749
-0.0009160508238053011
-0.20959299999687517
-0.11953632491025869
-0.8681159312407515
-0.0679836568679964
-4.004014792470469
3.5558073306801554
42.41771801802215
344.9056366542195
211.44877706326722
151.02867728861494
137.89434491988715
3.813216748805095
0.7672853734846711
-8.051096063843666
-9.316091064142526
-20.889225662258248
-10.245843129747872
-7.662164723584133
-0.07131590818523541
4.471086899503926
-0.00523251525361384
6.619324397421065e-5
-4.2085116206710556
-46.998761604774366
-18.226268421873762
-0.7744675587082397
-34.52101914523021
-2.508805944045393
-8.473735102959953
-62.63218098395378
-11.405288676162893
0.0017073414894317825
-5.373834800289519
-43.06945006104739
-4.439080573197789
-1.472966288523909
-0.29622580292105005
0.6143672889004826
0.19263220851445093
0.021111357421801286
3.3712952205303264
23.92662240353301
22.94640793868846
0.25274391075579267
0.38508585521926075
-8.075291788512775
-71.96274228037075
-42.435369492411
-18.647352097100576
-1.9516695953624421
-2.8267785055836314
-0.31391332591450405
-0.4218546503712912
-2.4305339750757207
3.191903129968433e-5
0.00016883836669546944
-2.642399103203764
-4.325683951992273
0.01643552020372118
0.34483109661731315
0.060979170043252436
-0.3120093233210598
0.004317750576823668
-2.8976502834273603
3.8722541547321514
-0.0071339878036519
0.4036952755017634
8.156110534404368
0.13850687182945046
-0.9007538228676186
-0.004174994061718385
-6.278808029863986
-45.75595088624
-32.9152388613008
-26.284316855074756
-5.424733236386797
-3.623837074342491
-0.6523613682954268
0.16067568308913138
31.32229376802293
37.683040322588624
0.8046585195865769
-0.0625991724923023
0.16072640779711575
5.7829193264788215
8.390819522057672e-5
0.16680442403441278
-0.28164731411252525
-0.11335928108482705
-3.7954364602797916
-6.965919442018833
-0.029063137204001326
5.442949428322308
0.28860560992324785
-0.019530931315897327
0.5826172092344686
15.010310859942702
3.8587072745079496
0.012471212923181747
-24.430624931438427
-0.515681699381303
12.654070816640713
0.1335725127850561
0.0017394867089519483
11.544462665975999
2.3231388017518264
0.2285352077952605
-0.015188638618715906
-1.300860488578143
-13.737535755783753
-3.4265574765135534
-62.75726673905437
-0.0034010219816963338
1.9226604381949703
16.054657744048423
43.39708979839642
1.244895261417893
-0.3456943601093548
-0.5464518457330877
-0.35632495919594004
-9.15354964268092
-0.4394360653676487
0.08225601716121081
-7.4154585708348675
-8.773718871596964
-0.8578562390633925
-0.07328629810618413
0.002920500495227092
0.0002964356192231958
0.0743823048508951
0.016180054774862652
3.353345384239095
1.564817498439125
4.190221009267676
0.9156870224644373
-0.9278159674424172
-17.397322762587002
-25.350519451818847
-7.52235261918485
-2.2039757014587367
0.07058992837554068
8.767181578979375
72.75836316018709
-0.2967086721560897
-2.2830528012494167
-0.0016027072327510319
-7.832569352065424
-0.014993771155718589
-0.36365719659903023
-0.17822917052596465
-49.08236614256015
-1.4339033863651924
-9.211747782075575
-0.13319150844237454
7.87237952118493
1.8125574692160071
0.07852891482135248
0.021580730813215106
0.957287367782821
0.00011091874676410105
-10.765277498909201
-0.1956587893389387
-0.12913925546623387
-0.03165569106729115
1.1943604011483164
-2.54481735567028
-25.46354731337176
-0.8399375442502438
-4.559808786498768
-3.400258359238738
0.05124931202182949
-0.8249876964143934
-0.12775302362586402
0.2606453909783429
1.5275359257788694
2.471412454091989
-0.011848453275580359
1.5044956068281061
0.005475721069269267
10.082525155728547
2.0617914041520957
13.688296727381156
0.003827447515665229
-0.022758137146857527
-0.016798124500494605
-0.06257289687001771
0.17772010969629465
0.8621347880879816
-0.36750822912861875
2.55791953360981
14.205109661694657
38.22507157760164
0.019696281634967176
1.0220630768106016
24.61494914128307
0.10411363848373077
-0.47964199844575367
-1.3366622364460632
-16.64804443600701
-2.0556244683555516
0.10843392735825809
-4.140467977698012
0.010809559949291185
2.1849556906138585
-32.06423998845997
-0.9451985561541454
-1.9439655876074968
-9.5681981916742
-10.42799809046832
-28.2749986798604
-7.246521235237431
-1.7305580279050838
-0.06150554937815604
0.8785272107985115
47.035320703101256
45.32660531439481
0.015278439912747807
-0.10079972590663455
0.4220569345187044
-0.08647886903299272
0.0014178456787805607
8.865129978977148
7.1226743362553115
1.6839598442024082
0.002899067778592122
0.41667927476135774
0.15550734779811873
7.710585296579736
0.01483619490803342
0.04271071159780775
-9.08069788245853e-6
-30.07485608687955
-2.755451044848943
-0.09468364702844247
-0.07464510389194504
-18.98845232442405
-0.5335063877487782
-0.8539278796594651
0.49132803196387653
-0.005374968581718336
-13.682234838127043
-0.7086002961584689
0.3124225473131349
-0.4018988814158909
4.739798606415444
-0.04624271030493805
-0.025904958248666555
-0.0946194762949375
-8.96336363848344
-1.9993180003577622
-1.20699047385966
-0.5884686232661653
0.11019067037104442
-1.010496761595498
-1.374039894351324
-51.032895588642994
-24.83447978587519
-0.3699395926409349
-17.808855840088675
-74.73328306695635
-39.130948200976896
-42.225577172178376
-2.4921409229655485
-5.882320983234307
-1.9430044556931836
-1.507801277511108
-1.6483175433333586
-1.0526820405122468
-3.318488374851508
-0.044588858847355056
-0.5749891433991312
0.5644162855523459
11.11573516192383
57.72588247591712
0.0001372511429031315
-31.469821101347613
-0.05291528571836492
5.145522847025733
55.23375080512468
86.32440385305406
13.421565287440632
5.160732917792542
38.016176738198396
20.326480328489783
108.30046430640807
230.06672406171919
739.5414870675248
648.2329495445405
198.49873793865348
244.66373207126534
67.45917096009903
72.86102252368867
74.29749803077597
60.75639220152322
10.208210047200613
8.561064619236676
1.400911491672671
4.332531566419746
-0.8238617948960185
-0.8499887193710927
0.19345077189700255
0.0017589396326002317
0.0838708117845811
9.620818807430895
33.717322654932076
19.94569435998326
9.378624484287176
2.056448570840851
-1.3437872708821283
-0.0029180113528531073
2.579451383721071e-6
0.0037634262966664655
0.04969487049599872
-4.565666411596479
-0.004226589494365753
20.2195797217565
0.3838427918846974
19.52404091110696
2.778944549160775
7.0020163019219925
1.381641087739265
0.09510719734980685
-42.40829485222303
-5.072179259249033
-14.88554737835117
-9.450228695672921
7.828322667506431
19.539136906066503
0.7099741131703741
53.98207797020868
-0.01351682106206126
2.374057929699187
-0.00013961628742329937
0.06789845825587278
-6.173526105608068
-1.1103716295609696
-0.4724999187160336
1.9768315682323816
-11.404100642876495
-0.037547718839334505
-53.422429385685646
-31.31792795212248
-0.6324801459504816
0.05854813226147205
-1.2103245190626548
0.09147480948975019
29.077970236162937
4.366247509637377
6.072046676768744
-0.26622293461719865
-8.695130951865885
-34.81715474809947
-4.25228837304825
-0.8916496730174743
-5.059538054949719
0.02840024971701854
13.973583122232283
23.3176265214759
63.98444819700361
32.342171596031335
18.504237906630344
37.25597995406481
13.16551763231241
0.2974110350227206
0.049582172069783374
0.6913679239568692
0.0805132691452001
-3.6447018771133144
-0.06311931245549264
-0.07056043020556081
-1.9513831111061521
-1.4851327645382306
-1.4365507569336664
-0.23841800795935414
0.00026917725492844
2.498569748465305
6.943746864655196
-0.05452719331811726
-14.5838613649206
-0.9169052915510534
-29.833956723343434
-9.085469982137584
-4.674907331130901
-1.3813147882157317
-1.2334511337705262e-5
-3.129890946681331e-6
0.1100737389244891
-0.7043613290404872
8.155057361260305
-0.03318202778070038
-5.803589240561653
5.863356391993942
1.6821877129177054
0.0014210136311635392
1.1902972384895922
-1.4821353112627849
5.7966388970349785
1.2217396159866165
0.28362602750672616
-1.279279951232768
-72.13205102841839
-1.1321719250560625
0.0003520851393599689
0.1288038416496141
0.3149014652900119
1.1063566129773251e-5
0.10349794555458536
0.0021602132190829734
-3.1309890419029722
-0.0005611373383097904
1.8885902400689638
-1.5616491294343973
-2.777152720909422
-15.724419541532132
-1.4916866873321821
-0.05147878872888312
-0.08326418244260632
-35.5050056551318
-38.63969220892043
-27.42044139982428
-14.709805019874022
-0.3689720755273664
-8.49487247423524
-1.3055311834728383
0.4052555624385013
18.44486497593048
177.54928698484133
174.09425778644083
21.092883965948317
44.34806974014171
0.4575344904154161
34.619585728972325
3.3003201134049
-1.6260075919048247
-0.007858907665459054
0.0013600541534279633
25.90203393155695
53.60087169317884
46.043234995553895
4.279692375728605
0.397058074893452
7.449519498185155
41.75317437417288
6.500999296815604
0.020995646054628593
-0.6970091621141329
-13.833047193548403
-5.1130448993085675
-6.928955667110317
-0.03897092525464502
0.0338391804336065
-4.521304947788602
-15.091107272524724
-6.123902710606301
-21.362491699022105
-50.34532037434655
-9.192194880673966
-2.658618088989557
-0.8361112104520961
-12.379678838194105
-0.7413313423514435
-17.647206035129123
0.00014972904626021495
-34.882278025503574
0.1197674412474578
-0.000335025822359722
-0.3158424843690087
-0.3933723316881572
-5.241766390005204
-2.7739002277328453
-25.379736246057373
-0.0004689570983819381
0.1683653261071352
1.1406962837503352
0.002656909473313901
-0.4715382429685321
-10.688445530579434
0.3064334686652279
0.0003473106216236436
0.008298936328217084
0.01700545282991114
0.5149392216354046
-0.08290372159001683
0.0005248274549518072
-0.22733867857844223
7.776049531485114
16.08111660568547
-0.6185545719072395
0.168290895270107
1.7905840980703436
5.452355365865084
40.94094751607061
9.5750760849053
0.25202851251552405
1.013845318741098
0.0020492207909945824
7.1281368584837415
4.723407493057184
9.441303712145716
28.07660751828778
11.268988106298886
0.8812642599753842
7.021896997483375
2.044719191387369
-1.1124528686108193
2.5506524896468203
3.2805034745886066
5.538841834560404
1.6064885679680383
0.01988794958725819
-1.1385954407143175
-74.34950704203057
-3.661318830655957
-0.00017183493474421201
-9.22164353900251
-7.06928222715556
-4.560132719326674
-19.72512731969536
-1.9907669775188308
0.27375840985974825
-13.179382905453068
-1.449354579172922
-0.05442885989216303
-42.568062898691394
-41.45990718771788
-7.520919276980239
0.14220545139270885
31.247435452489473
-0.0006573465749981225
0.016918396972117847
-0.09883225593071145
-0.5377365737979666
-0.5635399655161802
-2.5138529889079084
-0.4610245781100947
-0.0049561015557058104
-11.01972943695774
0.0006551591669407017
7.240579413289549
0.4792650722125099
0.001562083579008645
-8.891386723830058
-0.5219772499623654
-1.2573278953188194
-0.24912726451329598
0.03352695665430835
0.6801289068194586
4.6413807882244384
0.6609259942347804
0.1935354536510705
0.22121689303651457
-0.11309900312011831
-40.97685341814537
-11.751912972321316
-14.322844203483777
-6.436063463913954
-4.372659979879302
-22.787737203504328
-0.1754901024984358
-0.1554205390232736
0.0030719762357255243
-0.11124890866964597
4.408693812080942
0.025507922071622988
12.394863554038603
9.814793056575467e-5
0.09323055442339571
3.36372336925617
0.032712105545681616
-7.257909024272769
-2.4568713704885674
-4.97689552542833
-0.22916211212936674
-14.600984671909739
-0.0017413847210750646
-38.943299501067244
-0.007203278087047314
0.9757102463491535
43.522735648695274
159.40054102395578
1.6078447816450891
3.1092609139068363
-0.0005686192539844754
-4.75197681478585
-39.429429951468414
-0.7528356194027384
-56.83356719745708
-0.01670871601651118
-5.785246063286382
-0.4274947505974568
-1.9364051115407317
-21.544401728775867
0.01915704697348059
-0.11135610908862476
0.005670754852451291
2.589764260737921
7.45763585938141
2.5883669714748496
1.556202140562401
0.1587432142537851
0.49177772450471124
32.56981008526328
-15.052410067131964
-0.10972479346850013
-16.086920251853996
-11.33305155655214
-3.2731351603684753
-1.5756151081336545
0.02597848613986457
-7.2888892074312235
-18.59424136842773
-17.198707847779964
-1.5407305732306493
0.033858130175206995
0.04687027146005735
-0.9213006154537862
2.0987530990027534
0.18972233202862063
0.7855934848288731
-0.16518297474347532
-17.67601120801884
-2.590175071195917
-2.3837575082658415
-0.02251818982989236
-17.231395714276147
-56.52584461918248
-44.79909902349914
-15.275573380731105
-4.714389800721674
-1.7262616702678317
0.4271676853213611
46.051727030784
51.32133020839735
0.16578020271258512
35.00473255710532
2.1527669826464204
0.4599880891433338
0.18193250004770092
-2.2225929246017406
-0.19612128785584582
0.04968514991395121
-0.09901397477670376
-0.049849366735196216
-1.3736392849523609
0.2215431014730622
0.19861202567212033
-0.16038407036327068
-0.0015074576883638772
1.1715212458898978
-0.0633622504461633
-0.24980748889672247
-0.10350623104140595
0.6562148786829285
0.02927524861917623
1.441207692802887
-0.003725758060031119
69.76208477901599
27.0585107444027
0.00048203780048759504
-1.4642640927443051
-1.8002326825185833
-1.0581631057849663
0.9474822542965491
-4.724180581147349
-14.401621393245273
-11.046339977051195
-0.09203090114360366
-17.639555539339707
-0.0004000998565862365
-2.41066001803609
-2.114657162493469
-2.984787878139026
-1.2466686982481403
0.004429679231526411
0.06082729536489258
-5.46789007220478
-28.922924059313466
-14.076436904279108
-7.307176150406416
-6.120611508366906
-2.2631230879347792
-0.21827141889488105
-8.948877181653168
-21.906788166736394
-0.014221127269174953
0.011152954698883619
0.5680974682133796
-0.30130063079949143
7.675664605408966
52.67863084153449
87.03334817420186
2.3364954139456757
4.703015852793714
8.731000246194276
2.5189346254480802
0.7645029155607711
1.4304854799053701
-0.8895452096028966
-1.5411079408076291
0.002912198293958671
-0.023842034946604942
-3.1173311922629123
-11.091813430755591
-8.417455007821015
-1.5530291106871708
-14.649452364901196
-0.3825808411074413
-8.086637417771469
-6.095717000964179
-13.21339707937224
-1.907661892083865
0.024095264796764326
17.55813141203367
0.09470134675480855
-0.8695939456307287
-25.111187394605867
0.5587151402734033
0.8748096956394873
0.13883473972389482
7.621767084190508
-0.00438716260614527
-0.4760570939586804
2.182345721764892
28.40804097943767
13.27231540153268
0.34127402108608884
6.806817737480494
11.418319086788255
-4.455723973747353e-5
0.2366241954756034
-0.07418763969725418
-0.020947935448104756
-3.388988644068213
-0.2285580200031522
-2.8530953711829463
-55.45335444927544
-67.76902796206413
-1.6326803613337224
-42.35130894526243
-0.8596647892182183
-5.252176900985455
-40.185270332858046
-4.622944126968444
-68.96648077468619
-6.61840064020398
-10.40221110969093
-1.115582939851058
0.4979702677656896
0.0069158271196177465
0.02154775303346492
3.766846380063462
0.40028892644227604
0.6287916618477225
0.7640737177730978
-36.89771083131699
-5.410341523479958
-9.02815202945826
3.628520298967722
-1.037646289822065
-2.482395805232193
-0.026232225295727225
-0.39181795411335163
-0.011513332575146288
-0.1835299809202999
-30.229827365414433
-54.68678363377627
-4.6339560038293035
-6.768775479143147
-0.021586535072996918
1.112644780977508
-3.8297750987154715
-15.950133043412075
-9.206721865485822
-17.530681342120545
5.255240480624539e-5
0.7068010894721061
29.889895407538667
204.79571155129256
139.1512033992423
189.13293129795838
34.80071878067917
8.841634386462193
52.934625325437906
91.5418036700258
91.2517833666026
90.70725212400477
109.7498706830736
0.2778921709021488
13.765414458027038
25.58754440405144
19.43540396371021
37.891842207455724
-2.4451651456997356
-0.8904219654676202
-0.09246655703387056
-1.2010564371107493
-17.355665703901813
2.8042085259530224e-5
-0.09615721152424406
8.953681586096713e-5
0.1377471922713728
-12.415790425436906
2.8676322145755133
-0.32622873316573975
-0.0343373807949622
0.5475472629562431
2.4884233095767434
74.12861909094366
0.5792405125010948
-0.002845352735030054
0.29070276989696203
0.42665097840094446
-1.4820196544973885
-5.537103138247321
-8.560397468271935
-0.4714630382670668
-22.035653250071736
-99.76608935462617
-11.350628116162866
-4.594996966395178
-8.08186255311401
-1.4086997401115777
0.002937317636329095
-2.296196115698409
0.17374926414871403
1.9080516721995655
2.0990289498890573
18.228221472666355
0.10678150983774515
12.660222354700931
0.00020348110834537581
0.042041258371782714
-19.497723179476218
-2.608294132341249
-34.35357103404861
-0.5335694677106411
-14.003374994008839
-2.0192272898808103
-28.055371341622713
-13.433626805075257
-0.054566513805194845
-8.353873019127732
-5.796081326797662
-0.15025130186673127
1.9479508305616382
-0.0003739265539397046
8.314908086006202
4.3355653704659876
25.088842666840844
32.10799002754725
0.047317321083244664
-35.79193700178405
-0.0001704971191571335
0.042516017020918055
-1.7041582602247187
-0.2388825510193769
-0.0001872951759850184
-9.99451341699305
-4.371050776345785
-12.51525343144027
-61.768316464094866
-0.0993930198708879
-2.445867737434397
-54.66749014492291
-0.8074306244629742
-0.2676885397566471
47.15606748640596
1.4862307051875658
0.2803223916163966
-1.7740692916844032
0.22795239404397197
-0.0004417517022154411
35.13694015099192
7.472228854355002
-1.1321581558860747
0.8512425219362273
64.27534323199815
37.706362630566126
7.112967682697437
10.737422926248986
12.374770491713377
0.2554420966355332
4.142848956317705
4.322675388281485
13.84417598419019
6.737709675119215
1.5339043452397563
0.8581352257304592
4.0481133787604255
11.375942118436212
46.151511951041364
65.94846817322782
38.80038817045446
63.83067903184422
0.01564748698224913
5.192676957532328
17.922516660291695
97.24716224271904
60.21292133552214
28.93983063431448
17.588941839895025
5.1270872468517945
47.65742926148927
4.112558796850387
0.31810211791012155
2.6583185181355264
4.083361695097167
-1.7072842880354362
11.230537966595426
17.844373365195377
6.866526776836292
32.197481698951286
-0.3580535633514862
-3.505244525325823
0.14287817620557003
-3.433894634564524
-32.15259070335958
0.09782081362965679
1.1793292026363815
-0.0005903842409899066
18.93218369895439
24.886982042504627
8.132475195419447
3.286283803987037
1.652645474614699
1.2005178554197327
3.4946246626358355
21.80578273736291
0.5669973662478058
-0.009866830238174678
9.172870257840893
0.3752929762363535
66.5908666468095
9.060406210395021
-0.030409901129064148
-2.3636649103697485
0.5222238437525416
-19.269887028990812
-43.76680690178263
-74.59627799898077
-0.07706525944633502
-1.0940061752856358
-0.5296919899885983
0.012041521105609982
-0.35258035300635177
-4.44381346820593
-5.652259497796215
-3.5472303045433717
-35.63153759847539
-7.253776142581119
-16.63923843713765
0.040619159192454714
-2.5086106588069237
-62.758585427084164
-10.671738716012484
-16.346708443032053
-11.105943112576375
-17.89609274674203
-0.7625625666796813
-32.26872550379003
-7.6620030091302205
-18.41749318903569
-31.735138080443242
-21.564587985710624
-0.049023592064375156
-7.5498110338338424
-62.59797928431261
-81.31861766735167
-7.805827785016675
-5.388370691627051
1.1154185071032807
1.4928812035182402
4.551196662108639
31.121081245772967
401.9461772188
249.9788169769484
128.60190018402727
106.27450644881363
170.7887037700766
367.30374592339774
98.7460654908703
11.187167369180376
8.354322719363021e-5
-0.05401159834440836
1.4730885151318867
6.5854475858344355
1.4128026490996608
0.15211719598169265
-6.762892873938514
-43.36487742030704
-24.289500840006266
-5.007430024834124
-0.15513595707741454
-0.02981561253031728
0.01867201364100217
-0.20850933575904723
-4.760778661289846
-0.0016059809981064127
-5.331530489650843
0.6661633821485542
0.011720833683965998
-20.252505577111346
0.013436376733214246
0.26488661516100975
-0.08194274141827436
6.817585330172214
0.025132733885465903
6.354954048118183
-29.282911394299116
3.728613618969972e-8
-0.0027246992918912934
0.020212866792467366
48.835518733420216
8.367816799949374
1.2600441912525278
-0.066030027776372
-95.93409826106458
-77.48131075467869
-10.981686903875955
-0.007919413418730195
5.626078011596742
0.5471367904552271
13.857057076472833
91.17326080531895
129.59409503380468
182.42360105795063
91.3387552148892
39.05242238218537
4.762562143876868
0.08425036428347306
0.16483159123004776
3.9355659250736776
0.07410710675621889
-0.043505437858108204
-2.0960066201157614
-20.55296474119095
3.472376369160164
3.0881026025072
0.7643056279457036
-0.004870438832141244
-0.34447057346531174
-1.4966593779406163
-1.6054734168724722
-0.7079902423364808
-0.5411414576732082
-3.9595674201166644
0.05738750623874778
0.6955585870690074
-1.2963879532880418
-3.716609354074971
-12.944701347820365
-5.750262175067161
-32.95712242752234
-9.666327094778438
-0.1696435174010845
-14.18800543809447
-1.03070856162175
-0.30586106559767434
-0.022399999908940916
6.224163877436417e-6
-0.20518868895799602
-4.037578489948639
-2.5578936176310574
-0.7731526755416093
0.9128206236778684
-0.061799476033120054
-0.9437079541815936
-5.810351381399048
-2.700508677282098
-0.1603355784904159
-4.723741639047463
-0.22950294723701473
-3.915484121751851
33.54916100840716
0.011037994892828838
0.00017253695517067182
2.102938112863024
1.0730373519134495
4.7506280825251554
0.8486669195650047
2.820528378524633
-2.061593452014636
-13.515814097432939
0.045678482023027475
0.0024789975997033275
4.579617298062707
4.18304600920188
3.323524585231877
0.007610600492372403
4.901025407074766
2.5081355515941226
1.9029125892479641
0.002999431266819169
14.917059577719035
0.013619641448539863
-2.7990332053366203
-44.905732457176086
-39.38946422156129
-0.29661065117742275
-37.82630860633906
-53.10144572898377
-2.1840645591629992
-0.7063811091562135
-0.12648533070778112
-0.15443889925957707
-1.7179944320253144
-1.8860506463281745
-3.6590319303422034
-11.511434165439486
-0.2189007502197526
-5.999844267394218
-0.011709167890120388
-1.2127128268208593
-11.820676592741235
-0.026653451773069582
-0.20888574587006106
-9.17006625822508e-6
17.221243552828312
8.224340705278918
6.323709256932918
-12.267369599322363
-31.90917759711585
-0.46899604328389766
-12.00462026466407
-19.431640400810117
-0.8166944439114601
-3.1614033828140258
-3.9311495253133266
-2.0501832209487545
-9.092578465354954
-1.1140782976380914
-0.3493715636415824
6.932716191834962
2.2819932661501885
-4.376700145579322
-3.0516194184346332
-2.908123560198007
-28.678306755924847
-17.172901330635366
-13.667733060097879
-0.42348226307022735
3.5410760091683042
0.2727183753885247
6.131888748067529
0.0003021440970841102
0.03482411052597346
0.08435350012854184
0.2822122409796757
1.6535643953408845
10.168111412163846
24.26089837503011
-2.122392728631064
