-19.6519306138253
-0.008435095565837948
0.07062081416645848
-0.00011076520545805826
-0.7120051720868963
0.05610923664939563
0.15825607170017714
0.6001068393475139
0.04865912827634798
0.5588768009566725
18.205175244429032
10.790630879778542
2.477157841074669
0.2712886950327412
1.5732861458472402
1.0169904686330393
19.04931765306171
2.452378883510404
4.454426622972445
1.7375722430012783
3.944221745726745
-0.008209468011978674
-0.23882769366771694
-0.011374567264676207
-3.8721681129388026
-12.949173646450188
-27.903022112784356
-8.617484399857796
-89.99402434020853
-4.480202616291877
-9.695183480743331
-14.110214049813264
-5.537066217227762
-3.308881758601558
-12.476063480356192
-21.001727984812785
-2.8980660651818924
-3.5238412698345067
0.14957431595217885
0.49183471891473834
0.7721762397943779
-0.12606097570722025
-0.056578025093400736
-0.3322515239093637
-1.0254308207261618
-8.20251950558141
-11.242774392553011
-0.8727698272114541
-0.27207639290595553
-0.001240371567304214
-1.9860029720369903
-5.710450438822208
-0.05248746673922729
-7.109102782167111e-7
0.0639685702830487
-0.6330489379820894
-6.103795861924742
-4.223902309100745
-0.3198655070468692
-0.35411272845667485
-1.972263061731292
0.0003684957885200154
-1.8625015019691145
-0.9599908902741197
-0.2904501282986294
-0.03608141519099779
-0.009681776080959428
0.05495204710761354
0.0017499685532512824
4.697583395801345
1.0650517244792534
-0.2512915419763746
-0.788123461773869
-0.18207032984492763
-1.2180593663966324
-1.1246416132101407
-0.34530826871310455
-3.605723346511852
-9.541126674716393
9.284841030660518e-6
-0.022735134526858318
0.00024022647310487528
-0.000491395401900485
-0.10595804361998325
0.47470830655475027
-0.4816692792028336
-0.9898628687363122
-8.899851389599663
0.16570949424092538
1.0724727503563554
-1.770793914450081
-2.9082612479851093
-0.2880545490944773
-5.917678255917269
-0.27872228872323784
-0.26142354412247093
-4.546213378439698
-2.595993132678719
0.006168532258400345
-0.001120670398018418
-0.03590881732684225
-0.27712245369917077
0.04318878424229117
4.853686499241875e-6
1.1485070050845634
0.2815693279533061
0.6684187449766646
-0.0913760296357119
0.000270497469939963
1.7536637800786343
0.22679590096299931
0.059481257925059504
5.070063470185498
1.8396914089120564
0.005489893309366286
-0.8230976259793596
-0.028147577858846373
5.940827688072475
3.8692165661873026
8.849159780487026
44.668754542374764
77.62227206931328
77.42465197502086
53.436533587498005
9.680955045831364
7.401465653454208
20.632860419097266
34.970286972428134
104.91289445176578
75.67259711157702
42.456154858512555
40.72068422257286
4.969991601476356
2.8637139044431152
18.361699018929045
36.687277625693035
48.72250380271237
59.8359184079285
121.32961646868476
44.56476027722212
25.74002836412348
29.752151821749298
23.594786551536053
13.981983300922364
12.438336559083378
19.534960867381987
3.3367995200655387
3.2329640060981935
15.677683373325303
5.584396979077757
20.485875802587774
15.607335124845536
26.97434492791191
0.0832909908084255
3.5597728319955415
12.425744579132767
25.710416585486257
24.34607400347372
47.72933292281553
43.39378319005899
28.933714050840678
29.41990626499046
1.7651583017972707
5.129692633457895
3.584923125328021
6.111038359248142
7.059316873306627
11.672827150191806
0.011585408706445186
0.001347759265318631
-0.05357321895853382
4.9465137108817245
17.562482929116165
6.254978773062779
14.851613277587667
0.06425192644138053
-1.4496829366645057
-2.5272250065357396
-0.21750341704526938
-0.48967724126727574
-0.06702700830375591
-0.12343590762631854
-9.737260061043154
-26.613479860903695
-15.363738346016309
-0.0027794881930572187
0.21592661837285346
0.00012591072054301115
0.5880861085502884
-0.20060381897799948
-3.1258478028345444
-2.7156178871694094
-6.33089467520726
-0.7533688361505475
0.008698666852638197
0.0708461623322364
0.0006843754218331343
-4.48996404543192
-13.008453909415998
-1.3128555020826476
-21.57829642868683
-36.53559021631471
-8.24540159928488
-3.3053672693947047
-0.21571786631786766
-0.03461545787260946
-0.05104700461583735
-0.7204065943194031
-0.002960365153897374
-0.00027811667591205356
1.1608801399164084e-5
-3.4216926909608496
-6.595983241294988
-2.6055545630162427
-2.8047638888026367
-5.10756747177393
0.029709351415668637
-1.1817768501720272e-5
0.1074652927618423
-0.609257496601343
-0.6952216878679673
-4.4330864583064375
-0.6045009232811073
-5.57964960310297
-2.4674817859781317
-0.6609788452513842
-5.563294965738972
-5.641519582336574
-0.3583780620961175
-3.1576952456576755
-2.6930447479383406
-8.185981083538753
-4.573036400695399
-0.42135350617599293
-7.901812853471301
-7.742094520180884
-50.29081510640916
-31.540519060606723
-6.227786875462482
-10.63658692718955
-1.5619252439402893
-17.600391369340805
-1.3477866898215225
2.9310370539865493
0.558142279398557
1.174228868138075
4.294472584513883
0.7577502092071502
0.4300308076875159
-0.16347444437519648
-0.05026805390278283
-4.437892096711585
-7.1640918156735145
-12.107058718355004
-5.3937836914841215
-10.924996067439906
-3.3277546961677684
-7.8536600030395824
-2.391909316498828
-0.03413946242683052
0.0017993222302668745
0.23982704471430707
1.2443207207768214
3.584495896864742
2.6924376170333435
2.4762220148966185
-0.09405730016157196
-0.8050325623293205
-10.971509588272802
-5.091287506650526
-40.55841687111862
-0.7809468919472891
-0.5315691152628037
-2.602640692874305
0.19099482822535568
2.8666302455920865
3.443819917019121
-0.47322768199275816
-5.170299068094448
-0.14268712552801355
-13.829557875411805
-10.380546504991825
-6.657747174501973
-0.013888771334393217
-1.0490412629766824e-6
-4.174307411890862
-25.655491915029295
-2.3784928433299064
-1.0822200947945388
-4.868701998915439
-1.3761506552353162
-1.36876407603991
-13.686799870845505
-18.912114653291138
-0.6538557598281326
-0.010913491633122384
0.2936621092444311
-0.11232341955080331
-0.026196819098743513
0.05526950186002619
-0.0020016372531173167
-0.0012491512033573145
0.07862557796753873
-0.005701157315992317
0.004575526121756751
-0.4207223101504438
0.7708279843030958
18.525300922228045
34.0353454944968
3.3133164353007207
10.217786209716001
3.3266508076083072
3.9370232092387005
0.06253828517617166
0.886941095005032
0.144269060912616
-0.00031748265273221415
1.6902318174740225
9.645626027601889
5.984605513837571
-0.00420250201065138
0.021578300777099456
-0.0013118767649046032
-5.855467728030466
0.0002461842252551521
1.893642752825197
0.0438571582216016
-3.2996621999249274
-0.16733193934709792
-5.74754817390209
-44.17544193114423
-54.23260093710349
-49.13923398132618
-1.4290656791585687
-0.49011299926476143
5.4353417799827035
35.72878842859049
31.734300400203413
23.663513786156305
12.192033527554981
14.389911721224454
15.357051381664721
16.093764681998373
19.263294569590773
2.4825130775571513
0.8241222395892053
0.03166110967860387
0.06500818926177389
-0.30050278152881466
0.15106240856624506
-0.06912873620743996
0.8324768427683525
7.767755749439123
3.500053000466393
0.9087191217582259
-0.007746862765870447
-0.12507273845912045
-0.23828786318079706
-0.18436299822211816
-5.315378055433596
-2.905912054798024
-0.007843052646387778
-0.008115189861542305
-0.00016163539198388595
-1.2210679702066347
-0.06314366063820406
-1.3789397170723225
0.013911964747169664
4.029741397032517
4.864197185285621
0.29464811929681894
0.05474458614089496
-0.3778958601231549
-0.19144438463345703
-10.375340789850318
-0.12849259724017717
-5.454542709031956
-16.666234476669395
-25.738138818104975
-1.193280948440267
0.7529051394874997
0.0013950226983919813
-0.2488183110117219
-4.551297307022038
-18.564807411079837
0.0013261198980826477
-0.009663087893253852
0.05660682749739606
0.057945893287923884
-0.00037866917570561395
-1.908886018615568
-23.92826025993757
-21.666244400736772
-26.297042399167058
-41.15409198402599
-30.58897202138412
-12.825608090708277
-2.059164360180878
-1.7687454224763894
-3.075437902756257
0.1530079552167499
-0.5281803396127697
-17.76683921863971
-1.4037718403519575
-3.7038613096386563
-1.450271750543996
0.007423859013038007
0.17492143308283317
-0.7837412811845921
2.7065093254008386e-5
-0.004748031866903041
-0.00035923617114235563
0.10811235241220342
10.041051711573644
13.847087341887176
2.067181004621601
5.390619044874503
5.714364418251767
7.345301789944421
0.8245069351556014
0.04753946167842156
0.22682200581676412
23.126416166268577
0.8514094204176396
3.6201639243506722
5.533091040598496
1.121746851580179
-0.06609457418750646
-0.8562625839426508
-4.634399923175376
-11.494265899032818
-1.081985312232573
-1.0276646500206406
-5.353620812796461
0.29326811417002696
-2.4026990810464977
-0.6157541237679012
-0.27608414838766043
0.011440902394770894
-5.162426795000414
-16.999980893363023
-78.83492629954938
-127.44791044931054
-113.63955352971074
-23.639186338227457
-9.785435091136826
-0.2344148263933105
-19.66467978970794
-18.378810533534317
-6.5261679202307725
-17.02149432417956
-0.4939457929669678
-1.1231319411444463
-3.3333223229348006e-7
0.33930743551530346
5.916554852201277
3.2085474746585163
0.32077737990043376
2.1215531323828642
1.4123986613944226
-0.005544120789802639
0.4356044444072279
0.19136318855042372
0.6478020982114349
-0.9646478312434829
-2.40774571962076
-0.07493713788141168
0.0515707904530183
3.388987743126235
0.5215623797761987
-1.8413081037930993e-7
-0.002951814143296936
-0.6401287569217649
0.002483017993852673
0.4323057174358089
1.3440208034768764
10.37763616354832
5.86784807551328
0.4440351849512121
1.0614555521638878
21.183461939291917
54.10271671195527
17.504795103636933
6.01920544283642
8.079108394866772
0.1499863270498026
-0.0005298937403795302
0.1348603897863455
0.010396122030362427
0.28315114835516414
0.4835876633663576
3.138413388637623
6.234021737234247
9.251585184976449
1.942109931686468
1.2686630133675905
0.007949734967792128
4.670456131686181
1.775430960031754
-6.357997215101715e-5
-0.010841128161543874
-0.3231512432678493
1.796330514813656
10.07616631746098
9.028936504853103
54.1481336266235
24.136492175356125
2.361557774226828
9.085783299681829
0.17051010180779072
0.42375689401279415
0.39764275650951086
2.739085991015263
-0.0555236779554571
0.011985401654732924
0.000604446122929634
-0.1436055899886681
0.5252808456846624
0.6273392677963885
0.20085934985200504
0.002270111703247745
3.618280406225773
-0.11998574009199235
-11.115581877319537
-0.5262670905958715
0.00034641129531922196
2.3562246085977065e-5
0.043747386955608314
0.0009087915480906929
-3.6817042824920936
1.1861675489472168e-5
-1.2352811949740676
-8.242823881856681
-10.967681549618097
-12.399141345535286
-0.7560935751053883
-1.6601931829569134
-0.19998129158006017
-5.200465766804575
-0.07591681030809401
1.9699148005736205
7.15693034720223
12.490534499498418
5.766175385291019
2.517244108760423
17.03135834904377
22.228611942154423
22.32118295743303
6.3304037844664816
2.951501259021462
6.7814312249566395
0.8380557114679572
5.739393384639777
6.814271022098194
0.8797289593512901
-0.004412634801017037
-4.517405689732969
-1.4359976463328954
-0.046587638315202747
1.7525967920279343e-6
0.19248974919457518
0.4383082770091709
19.517388296263633
4.302622349354524
3.2094631304737025
3.5147267031403744
17.959889018980114
7.75425174680414
9.364497217776035
29.669580790019324
6.284122773340215
0.2195130694339696
0.028538528741238987
0.014693206956848032
-3.519434783224996
-11.26733626230748
-4.948107987008704
0.3522490658453717
0.42698599348559435
-0.5945909766011122
-1.2133509835649372
-0.5374532602907893
0.9846993750527586
4.6468088070850895
0.028010312096598
-0.02184270457727417
-1.4560554791510676
-1.2643717199390885
-1.1265757931163674
-3.182767270612336
-3.08816258366694
-0.1693944084951042
1.2542215487401536
0.1740093820452281
4.694989290854526
-0.0005880790105238516
-1.2310506494047115
-0.3912232161006765
0.007349415217884537
0.04141207954789837
-0.015476918580919994
-0.41575704765810456
-6.285903210879164
-9.58253980149547
-1.4231460866120513
-40.4421266467238
-39.050503305893294
-13.92954083985836
-8.981575004701302
-34.0804077685342
-7.247357210334966
-8.540636955963476
-13.769315872317302
-70.18774983478755
-36.220028083967236
-44.43785451473481
-5.655195140548565
-9.110082963333715
-15.522158734676863
-32.62360404262422
-32.310622578645926
-56.86859835129709
-10.656719657019
-1.797743138365521
-0.5630497791036466
-4.443238937218354
-25.759948122197198
-5.774688793349885
-28.755705787811692
-13.842507962073244
-15.6051076520039
-37.32815832991666
-22.502153939016516
-29.418511462593575
-23.504292316403596
-40.74402933015839
-5.798660360178156
-0.06158495103254486
0.0019542746774186184
-33.13733119034613
-7.530335505303791
-9.645824713816893
-3.1856101492887485
0.7580156927357368
4.337170761883113e-5
0.00022082602617161517
0.02611605926111466
-5.37883490395828e-5
-0.062232976756057684
1.6726701548974923
3.067053567319184
0.0015109887981747331
-0.09675722402979085
0.03497874636494698
0.2477101129092554
-0.2547414248609393
-0.6683531321824202
-7.568716175364745
-12.483589657041621
-3.6192579127426705
-0.026671309225888028
-27.493046037201
-35.08793886716412
-34.0523324815376
-8.382442298813789
-1.304600513731163
-5.340310365782532
-0.607465256962053
-4.084360088294535
-12.511530487126254
-10.577676489793934
-4.245157782586821
-1.7990588885807104
-0.7242358704266085
1.0832949719179673e-5
0.33321143968449884
-0.04467517148217516
-0.0003209649662206989
0.08290376061836399
1.871349399468918
1.7636626305216092
1.5265123797019324
1.6606290195986964
0.46249018600939135
0.39772537808841
0.008839924087478367
-2.4737278900381884e-6
-1.9183886373238315
-1.3425223788966676
-0.6270538823309213
1.7846713624334507
6.1043928032643855
16.21453273712713
13.505153428863034
14.26126248895027
0.5902822967613494
2.1077762533176525
1.491184442144057
0.032268184511237995
0.005553866028941716
0.0005710855469484136
-0.11349322225177332
-0.8619895577893887
3.7899609400981924
0.033498606515240816
0.07117266660652756
-0.025937793861093912
-0.12414855325009928
-0.0002260759312240897
1.6598996081455706
0.16675855508093337
0.1356815431264444
0.004758921374920771
4.543853330701886e-5
-0.30854366705704045
0.00011729608172627542
-4.627300046229125
-1.850171267085087
-0.12453400282783304
0.5408000899504675
1.1295217584282178
0.8086551727386202
0.62977387769486
2.5275000435778714
1.2329405905163764
5.721221689281774
0.2336821968139905
0.7743260083290588
1.7688431648998741
4.976053452126826
6.178508729942926
4.61291964265982
6.227184417534989
4.953428405887722
-0.04790203462604434
-0.028376865951824988
-1.7397061438376708e-5
0.30332403117670614
0.03244300988227063
0.011399194353415402
0.2893415065582784
-4.081428147655384e-5
0.5576442918445451
8.593014476653785
21.814093841497094
29.25892583226108
37.631763196766144
22.48621460636142
0.4181522352949648
-0.5508804384806578
-0.503577069100339
-0.039747565651819146
0.01620395692371541
0.3747223332916215
4.761910756444442
3.0141446730066845
1.6905991129995492
4.125227250378482
7.969985631188274
8.087419693572624
0.006356456863792723
-0.3321271961600924
-1.606341819919612
-11.924338671983316
-0.5029331091253879
-0.4839695514299938
-0.3887450992642358
-0.026951856255798774
-0.047788194490520686
-0.4427358854539762
-0.06939140076994574
-0.9540241908517711
-2.736927127994275
-9.907746218255566
-8.158843242092601
-1.4063511491481617
-1.3473645104475138
-0.05059017337019362
-3.874719573475706e-5
-0.016294724587377477
-0.45331655874988575
-0.09580367053632824
-2.4140793653672596
-0.2692510549136661
-0.07337977006270986
-2.6135131248243084
-17.693491897066544
-3.0533925374200708
-3.5420440227662184
-16.547367657709408
-1.239517653291913
-0.04907495245322397
-0.49221667141286324
-0.7433131434038744
3.1603646371812596e-5
0.1798914045363032
0.014248173578884457
-0.9877265897045737
-0.03839249559316111
-0.11657303867202681
-0.0017563383643414835
-0.005057613718190694
0.0015083408589985476
0.027351734504950747
-13.15414676316215
-19.849602838010654
-37.87010566301669
-22.3270644455213
-34.36861724548302
-9.106569246553146
-0.8261524965250351
-2.1757523435474537
-0.0003795262836561219
-2.050925253341281
-0.3945575736171876
0.00019399589108979164
0.02335022211565308
0.7687948614009725
0.1199728116626119
-0.07396752679877462
0.3165248428926987
0.08492230995979733
-0.11773084659420154
-8.259665055472826e-5
3.20901736451056
0.08474762497452554
0.017057740782695664
10.672950999124957
4.809209303426525
2.1550382472491747
11.918018170733175
18.843749528871463
3.676435535969406
13.659635862357463
8.063626118684471
0.7226161264140214
1.0450943778498758
6.549766163693966
-0.1034136880155276
-38.94083667010821
-45.94286678906577
-82.13752349866105
-126.5777274879265
-27.538068797721223
-19.380133850050044
-4.287320141207841
-11.042193070456419
-9.1969791232948
-2.076815148879048
-0.0032145464113528077
5.011644321993004e-6
9.69648194097335e-5
0.5995867427311017
0.720692883632367
0.5176008284643371
1.5836273264218224
0.023720418302629512
0.0036415029846557064
-0.5740269197056191
-0.0001387030137662571
0.3492731477868076
0.11827590250443182
1.8467698517301474
0.3134212905208289
-0.5102075834300467
2.6239217577472878
1.5831876003362138
-0.2418505034807871
-2.9071610232485905
0.06937571890952436
-2.952488695825706
-0.8803786785649395
-13.366686838988226
-0.1297224745364023
1.4523146525160548
18.79255990525353
0.7363859552224923
0.0018624000996958706
4.124328205407013e-5
0.7308522066265898
6.971407797067412
-0.23805123765808425
-0.030689232897361248
0.3332673090824971
0.006289776492776857
4.7874348157522215
5.682787589176676
9.263595242105563
4.476696008730375
6.82034893180246
7.277570200961335
0.17329874964122777
0.5693368615732128
1.0407962831183963
6.583122944050089
5.048901230458033
0.05226556740119522
2.6367299917584517
1.1678445833080198
9.02886086651775
2.54754458406556
0.09665040314299223
0.0733236355921361
0.0032941493630389168
-0.001504502908545928
0.48398642238915324
-3.0434566306882944
-0.15202672991293198
0.723539539388452
3.005831737159659
20.36692483745523
41.17276979503305
25.698443143449488
21.589600143044326
6.541672104159231
0.3783703229742678
-0.09782909393184115
-0.4855808579175533
-0.6309634542683588
-0.707369672314649
-0.38278098050243387
0.005806587523726622
8.748664035218274
6.238060576812377
1.531237512248458
0.04924900937895129
-0.00019848530928279564
-0.03362778924994377
-0.24388974729534
0.44165831090351415
7.010668970067164
0.022136679368537745
0.0001131741568875701
0.1024443389232861
1.8226479626898804
5.175571906330576
2.202460821754526
31.35460590688919
28.913951838372643
12.293034027763072
3.434179622721174
0.2114773898334862
0.7649677642061466
6.083911251119134
0.06174640959171
0.016695349435236498
0.7998907505205239
2.753808380409819
8.332344971047414
0.020789037109538448
2.247642858153685
3.5871429907243684
0.026804107404482393
1.0319578601222636
0.009431129837628857
-0.08647943487214223
0.0001664252080795803
0.09598814263249983
0.042171198996102395
0.19053169815222176
-0.046769598392315245
-4.274380116924916
-1.5495520090996884
-1.3026344643316186
0.0019407432199752097
0.7391722233418601
0.30561524440535626
3.0574991560445883
5.671196620284915
1.482493256602413
17.60526034692054
14.00207894196459
5.285891296616374
8.210130017418415
7.444400704938164
0.8077186304183381
0.16320242052655354
-0.015167442290697233
-0.0032987577690416045
-0.10947202308875568
-0.000533507215332535
-0.14976624755465406
-0.2680126165772944
-1.3921261057650156
-0.012776267163299937
-3.682480736863241
-5.713360473524743
-0.0016950192599087522
0.0857855876568303
-0.044518200363063365
-0.0008910446666786146
-0.09621523688080283
0.003932191059411581
-0.1757583948440306
-0.5205783874178839
0.16849843753024393
4.850370208907349
0.01145834712201343
11.454854719897712
3.017132893665893
4.734895137343215
1.451754762947145
0.21122105568743557
0.2851309649915419
22.36348468912851
51.08755167592488
24.676993131552535
62.07551206894883
28.979405546774615
33.03109375880174
15.536015044364415
2.9491828092271795
0.2848942206728748
2.7134565771183508
1.7242782239347316
5.897711474987554
0.9424014378212983
-0.6374404267215327
-0.03785421195027656
0.05816899339073471
0.8331233820738364
-0.33727122963988926
-2.0724569727288776e-6
-0.01981055177667
-0.015934425890276514
-1.4174184804724748
-2.3144480970745835
-0.5848877305584878
-0.06224432615403579
-1.9510246130516304
-1.7746969517839462
-12.716267408433659
-2.814070726366156
-3.782134679964902
-4.061228930496027
-21.534180151790665
-0.890605643890895
-7.495791851785733
-15.545126129311111
-72.98401259064799
-142.05446395129096
-73.86336069293398
-24.886102562529892
-0.9789678751260757
-0.8034887030365336
-0.1744575407861962
-0.7635279114429714
-4.874346160926543
-4.393624948957092
-0.786719346598083
-12.432803770399818
-8.196630922883463
0.03880994456411004
-1.2465412638834077
-0.08978021049532148
2.6906986426221802e-5
0.4885618251751756
0.6028485300126881
0.03339873913342728
-6.353920694770195
-1.7966636614263873
-0.12933304838040194
-12.0700566197326
-0.000906332862495245
0.12367895950835318
-0.004365122477211284
0.8867206653319163
17.619504483851024
14.285593316405887
15.472180431273562
0.015275235910508231
-0.991023270315711
-25.207899277256093
-55.90147142637121
-11.438082868470186
-15.210339522567057
-47.87068111736914
-11.477968655729624
-1.2644252163305931
-1.1794332319465435
-1.8749892162543191
0.12624023285431532
-0.007183594461242215
0.24149610057663645
-2.8260166806747584
-13.880384171044764
-5.348616180206026
-2.909812028444283
-0.6092054146807383
0.008119935138508992
-0.047438524189241806
-0.05761432312871037
-0.0012283502356320894
-0.07698116597804648
1.8802187474978178
0.718442477204948
13.926757566830284
4.422494174284629
5.209305000602684
2.925531584723944
67.93454796272984
23.64031212055184
26.807996804593415
5.405904411598125
-0.06260166272006096
-4.330974638622244
-3.7335186197148915
-5.688899454648612
-14.387417074550024
-4.074411165471793
-1.0335155653872508
-0.00034367128751254983
0.457047035915581
0.03164104841658927
1.9546576609637376
7.823817265201429
22.78173087067382
35.14285043302268
8.467118725302202
24.2164274777737
21.145876538062645
27.33699169488118
14.075300526211757
19.078110614146667
10.361375822448034
6.703749494909894
17.279689905213154
15.390667574162562
17.66618878612152
5.425378526741754
1.3224936903450808
-0.037055922422329045
0.8523389129863628
2.782826027155331
4.066395569748818
14.125074758849754
0.1697865523762294
-0.08832379918360833
-4.804633800349163
-0.20756360520179418
5.230618367970396e-5
-0.23845533224628224
-0.023772557921303058
-0.09595035578549756
-0.1325068841271009
0.7778662635130926
0.9723622207714403
-1.6579004356794893
-0.6370376503054197
-0.3996734190517394
-0.08124842236040114
0.13864861894248492
0.016902563888742166
-0.22034292561823005
-0.1117370527447319
-0.30516252911090386
-0.00641186078855026
-1.1603687024314282
0.29208738040895005
0.45140562786704935
0.011433943416545368
-0.042571023779529794
0.002152171073113699
0.10088818001723118
-0.04960398651994785
0.0013149796916286666
-0.29737612694171794
-0.6969001285156162
-1.7274173611562917
-30.030724847716275
-30.073404867069506
-38.422881909723216
-12.320367133651725
-5.544782438740166
-2.9093253597522435
-4.546008616378466
0.037118993699558296
-0.11640049684351544
0.5990635602180322
0.12977792534329197
-0.034170794129844244
-0.616361841410708
-4.763315802020509
-3.7512680442671877
-3.240830584947185
-3.9376710748430264
-23.620161102984053
-13.354339596038782
-3.720366259116776
-10.896220865717774
-8.377214056189676
-10.101100916775602
-5.959343932189712
-5.062223878856739
-0.0012380105488904913
0.8636451812237825
-0.021298580038636335
-1.0560424326874847
0.07092838050763794
-0.10412755666981607
0.014261857807990488
0.10844221583902988
1.0713573400522718
3.0615354670681842
0.048547346270685056
2.0963539197340606
6.72492219737448
11.761699769763611
12.878746307438034
10.203985316047698
24.443277623125542
3.898515961255783
1.9146689819967717
0.8432741176246171
2.2074251875538557
7.333653626575329
5.270953502366063
2.0380609510956234
-0.09074050908736597
0.6726965648633695
8.194030460243136
2.05276262024742
0.4669670043459445
0.38937749637592295
-0.20745964534062836
0.5617212288723877
-0.22907849738024078
-5.850971175019017
-1.857397050302481
-4.23869839334563
-0.2892191081048306
-0.0063140899806170625
-0.06300439496540927
3.5086116351373606
5.208031130532883
4.884792293313926
1.4512495186335326
22.128526491926017
0.3456724276057425
2.4717504384746274
1.350867868394069
3.271050961068565
0.9596043405131205
0.9783195515481798
0.06576774457979005
5.479218708565226
11.815844535208095
8.320144611429336
-0.6217963292008166
-0.8997901298792707
-0.01755807736767551
0.004457615876173115
-0.8122017954323401
3.928749545895793e-7
0.061904053967064415
13.198906176299776
0.03695645215528879
0.2526272521578264
-1.1119737808168937
-3.9603330944403057
-0.0021283643411575156
0.30660650782904675
2.277196637425334
3.9985608299008333
0.4598934197347949
-2.643413698075127
-6.548356428102273
-1.5288234845159296
-0.009867434326103824
0.8474265712765916
9.08441553415392
39.907159328376125
71.20242936556932
95.30150130506142
70.18979461856901
24.570457815458795
6.482345138178048
2.0991748039237166
1.5503797804680013
2.2669178058116497
6.444068524323752
0.23497444317723173
-13.273400154806646
-0.17652691743536117
-0.002779412696931064
0.1936039544520847
1.2001248701065423e-6
-3.9821027517447014
-0.31528455393421234
0.022800614183362204
-0.2641686710240276
-3.504642809787447
-3.639138893250139
-1.187126557602531
-7.227676309622062
-1.4804867270265951
-2.9212251562070604
-1.0590239766254412
-0.06178453046876794
-4.4979902727629515
-8.957360977564523
-10.564773527815749
-10.411244702263883
-7.70417637877678
-6.238572467995607
-17.123730026523564
-4.886685908684881
-1.352823576491721
-3.7104904139265398
-8.465819794869661
-3.5639516825448876
-27.69076196123749
-29.924282688867272
-36.67651807047202
-2.2202794122266583
-28.864226778906215
-1.780354091798075
-1.9500292186126669
-0.5916931964280815
0.014727199875254086
0.0002932448783672119
-0.42960547816254496
-0.020308792780015888
0.017439184441773947
0.011945645346638688
0.13527838798687597
0.008411442149993969
-0.00789755717214637
-2.66378052232512
-3.746711600241273
0.09301384440351006
-0.0886432471915899
0.3987071473039841
-0.6316868984690818
-0.03125378457100899
-0.04456670119064246
9.848990238501885
22.054031525789505
9.376288287120124
16.533661462028633
0.7350049837452822
2.0846629256341735
5.234126501771649
4.97900892930953
0.23615220180141672
0.26477527426865616
-0.43760815502786465
-1.5356408863735551
-0.030650807877986602
0.07055145612658456
-0.001649375872811023
-0.19226172097549532
-1.522050370714295
-0.3878484159669091
0.40888226021234814
32.01412696195368
12.418795744672629
24.44689190248729
48.97434038941716
60.67449629963647
48.84428301701687
45.83064200909956
52.54537523978982
102.4162100105601
131.31352127128383
85.60915869667895
70.97114972457122
147.24652493501225
98.21445551441639
49.92676752117043
131.88247139054837
47.83655913052763
5.112410075584448
0.4657270812044225
0.06453714363427493
0.014846985409684614
30.79898134689481
5.89442410227506
16.24717820105292
4.535006997786153
0.3483124730980437
0.28266017093020795
-0.00010442307961699798
0.1296239920626967
-1.756051015001998
-0.8007110665076945
-0.006972573499908437
0.09021587756984882
1.994451510183682
8.438314785984318
2.935878423136106e-5
-0.21612616180973382
-1.4126795367543277
-0.0013540619071857028
-0.881824014521207
-2.2502695574510323
-2.126274930536484
-3.543222725323411
-1.5867428002654531
-9.806708377697491
-6.364070843551651
-6.6187323177679795
-15.041313609874464
-56.605455406672036
-12.508149374811897
0.004041872231763561
0.1142953270019853
1.5354917651770668
5.664551103005142
5.633409026001615
0.08403939592803888
0.11456590012361074
0.9665084711874691
0.833365152692873
0.34856216763576436
10.227082898869119
0.6602756402664621
1.8614976591378318
0.4497871490069263
-0.013656621750704215
-0.17481121064775823
-4.02702723549552
-0.9171764975898309
0.00021343107000748008
-0.011353554868014823
0.0394648385386235
-0.0004688313928308957
-0.9365524493079328
-0.15667551779218075
0.04495407375497665
-0.0017176761356511858
-1.9775855370305164
-3.405661791865151
-5.075512136031069
-5.878123421324614
-4.588757796165958
-0.613732986034754
-0.19570436679533504
-4.056953098751551
-0.19816018234520305
0.2633951809508638
0.12885760059606235
1.9665391184209142
-0.028308821363088627
0.027466848587143253
1.2625473276953814e-10
-2.305150103150431e-5
-0.07726057107631186
0.2957728670808617
-0.3549397810867677
0.12976865929609893
0.6328379391943241
0.02589549107612161
0.00528823097747811
3.3453362585595525
19.006188436973723
2.3206872124700366
4.536932948740551
1.5941773690314651
0.028747139007846364
-0.012089274837447752
-2.171086612019276
-1.4113327527285293
-0.027644520985138196
4.053535658206731e-5
0.2666308830121352
0.00020604781245953235
0.061801749666509455
-0.00883737228590189
1.847071528125905
7.064104887581222
5.822543360691859
7.661661477348511
7.31618302594404e-6
-0.36275413921974053
-1.7315257785926141
2.5407153265108344
-0.15469634796801843
-0.04326020534506783
0.002258142760069158
0.8886501003042073
0.27704535346642806
-0.42879983148810014
-0.7631755071680679
-1.9874638552021795
0.06894750920153254
0.002136656692936352
0.10655251065107953
0.21124131895772308
18.449255344409938
56.41145282027097
19.239166024319623
4.817540514681499
4.2489634184272
10.715992511993736
3.161162228665261
0.00010964238897636919
2.119856814493509
0.14866094540084615
-0.014105166846635356
-2.667498071380266
-0.6379718983462107
0.2304983091904425
0.19908024695800883
2.802987769332522e-5
0.02232355902264426
0.0761144325464426
-0.03687007720335887
0.0003991847615428225
0.003808555571729732
0.09031335529168139
0.24170132699812572
0.07052653567065192
-0.005495442141895675
-2.400602359780567
-0.9846672481211426
-0.08183222513778814
-0.011852958378299807
-3.996635722973148
-4.753283670371566
-0.04136887923941478
-0.5820445356346245
-0.08846404859748372
-0.005191451762481639
0.03241414671324944
-0.4069470797491122
-5.042180015499046
-24.00545555470716
-1.245439097458968
-0.6094187357959576
-3.39183549186682
-4.543574995587907
-0.004538717089201766
-6.841111283347112
-35.81110410179648
-27.829922953259423
-43.871210884457874
-11.428548106494535
-8.47269034667193
-19.718377570685053
-53.94941274543202
-49.15904545440034
-38.225819124100845
-0.3967510676135615
-0.5569226873674662
-0.6958311569870983
-2.0307614673232948
-1.622309695320526
-0.14509989254731623
-2.2003509711105393
-0.3938525365635747
-0.0008396296619250871
1.422990276056892
0.24022206591860362
0.006970297406489813
1.3471438010290433
0.007399768462462334
0.2557249641139964
0.5116305572633855
0.5195021842329467
-0.0006277233189972465
-1.0371350071479144
-0.0050411415530281665
0.00022646390826977622
4.078551217182406
2.466645443733357
25.067141311680345
5.065770836749012
1.1557839463542776
3.736866199961152
19.90814346667589
21.330748642137742
12.43872926446313
42.980924272392315
6.0108754149224835
2.4771860142184887
-0.012707246226932313
-0.00036468790274672583
-0.03965974166239669
0.43017120535561626
6.180007439436916
2.1903577446578324
0.21045186867420682
-0.001961232590062795
-0.09293418513685991
1.4344447194008316
4.329796970954767
8.933391319023327
66.58121726182536
18.121213486329896
-1.083181659794797
-2.932402687022478
-5.934460259841004
-1.3929391605608863
-12.673075443728695
-26.285760101282115
-12.753456335895349
-24.27242682980969
-72.87725751345738
-22.60323624746181
-31.22516387300861
-12.991358356522941
-7.192192865586407
-39.12083790451482
-8.486321230176726
-1.064212930463242
-2.286641637229869
-0.12397895687050837
-3.840881176301671
-0.5075929164000974
-18.51775793416303
-24.331456370281163
-8.67116512245241
-6.734743834318566
-37.41399820265117
-43.4443320986809
-18.615694823090774
-36.01732321612798
-31.720724757542275
-2.938666004111331
-9.247615908183336
-12.588303023155964
-14.471232200852647
-2.075234225136852
-1.5065921055718559
-24.544784492357973
-12.934638947475603
-33.691338803168286
-134.74841966572825
-87.6244631038043
-86.25447219639098
-25.06667513428766
-12.342124525816148
-11.974675878058862
-2.6227660387690226
0.43602831954919186
0.24791660473735294
-1.0892223405384093e-6
-0.30123709947728927
0.06133648763138711
-0.2110773665340963
0.018098470537406094
-0.8584321990988195
-0.21832202092343952
0.001397226192871735
-0.05035373572473397
-1.7655078116041276
-0.7562201869519173
-8.034061214249888
-2.2704271466964023
-8.639238907638381
-0.013453119717869702
0.09354057966361566
-0.005042487578052586
0.029849298641954725
-0.1636417571782025
0.005819734503666148
0.22585184536798938
5.0097295036023075
0.453283464378287
5.059179298343085
27.650944869150496
13.316932466286593
7.306948521533941
1.2450142521063567
0.22271263149643006
0.331102996411271
0.2589572656556216
9.961220766935803
8.279475227168279
2.139451856034624
2.7643441029289297
8.527893231692133
3.014747527785712
2.919824313082804
0.19340109949370288
1.886944931356649
-1.634928091959886
-5.723192609898233
-0.7719056417957381
-0.520497954549565
-5.371115875753103
-0.5941665446667558
-3.5973010504106866
-0.5626860258046215
-0.014668598681442685
0.06217944273839267
2.069878818050555
1.4928565083663756
6.573288074630275
2.1356847971251263
5.317478122087911
4.967743176854811
19.833131225528913
3.9830252874787924
5.182992175278161
0.5218935563437017
0.08934810050074586
-4.043942848112424
-0.9606563321376584
-0.022517660527291136
0.14685739917283291
4.413201968830465
0.44413421180953866
4.0596059810471425
10.075214505599902
69.9056642703309
55.940024995702665
146.98563669583737
82.60889265575716
31.576088630212148
41.54920301258489
14.630871558207177
25.022969251643943
4.0840606208464685
0.023473963721018506
-0.0188929100342507
0.33446403809310815
-0.005987531797959961
0.03193559257843646
0.08231323340046023
-0.06407734135197427
-0.06249218452810745
0.08696906147485316
4.854064662172411
0.004233498453213134
0.016330585641045257
-7.150158123270369
-4.635481003124925
-0.5220402833838645
0.36865012677151465
2.2144744568580115
0.7651938642207188
0.9310767134842742
0.9940016318084133
0.7599053692627958
7.251614868103816
0.6731285993948108
1.4451158168786078
0.5475450158231124
0.31947574096497544
4.85371226909588
0.2522919594759562
0.2777713777011258
-0.021515503869497972
1.9527362396663437
2.5631641389957887
8.596448034421323
14.042429632560928
5.765717755407418
20.63611754403321
10.784040413412209
1.8183408094347173
0.05797192755434393
0.7220081109270129
0.3637386790266772
2.585173438888974
10.26936993077666
1.8728090014660401
0.23050629421371885
2.6403195097213037
4.235155489876825
0.34233889454494415
3.3216175617110255
0.046965922015929314
0.4781577268817624
-0.34444983674870316
-0.18063076623683075
-0.006523639290678032
-1.5600591518305702
-15.94215028626837
-13.308624516709257
-0.2030302928431384
0.06195626853061784
0.22250150619425277
2.352972373483011
4.421362005048039
5.548473347929162
12.544259244729643
23.689249194268406
2.0468636792588235
0.006983151148445859
1.280837828033412
3.842337371284971
2.048540805317682
0.39301468699357206
0.37849920543246984
-0.005888522033743087
-2.439719133297185
0.00034170293301376476
0.021961124178990373
0.00010080842804446809
0.008523336382392959
-0.05186909978686505
-0.24696895499960358
-0.000378317509012809
-1.4368097027666382
-0.20245122267437346
-1.0128499011753087
0.9881830359985596
-0.9216510697946512
-2.0683294828166123
-0.050642954162791035
-0.12324194402245969
0.03854989797283457
0.34655010842932943
-0.22446832572008515
-3.8199668499837007
-0.6265909364861287
-1.4161950857619008
0.22575753894088593
0.05454981319588529
0.22119386379645842
0.01830023715372056
6.485105664725867
-0.007046576487779916
-0.010027649508505243
-1.2633643607728682
-0.18635963997239133
0.04665755199510562
0.28138552657855925
0.7601522967005503
-0.02441868094337204
6.206616659184879
6.101791247771108
-0.00012184615507280949
0.04434028821933544
0.008936841574628778
-0.060156840637732044
0.009411363001078657
-0.07027475667533677
0.08551956445017508
-0.004284675346979124
-0.15112457940954965
1.8003454926006917
0.39112742999672934
0.216297888201454
7.970606030499854
4.589554596373787
0.14981904047377284
-0.002751225400116382
7.75987049373022e-11
-1.313549451394314
-2.0396242530903343
-6.736101495550557
-11.779880435914004
-26.038375991037896
-4.057747736557058
-61.29626773660301
-70.64876572016749
-37.87659334933252
-12.081101426865699
-12.080136237949333
-2.9188706535995914
-7.834212515850786
-0.5899047379552278
-0.2828843887739383
0.03155124277872977
-3.0686405920909547
-0.40049477049406806
-3.5410627115919806
-4.542686698700325
-59.17608699589517
-28.213950105653105
-16.542134262135722
-13.844809600096053
-1.5775366180186856
-4.301403937372847
-1.2794455597274927
-6.765604254846508
-4.08742966375114
-8.400371100070332
-8.729480873165064
-3.137026890581633
-42.83094459040812
-4.078864812648647
-22.57911307687754
-4.535613356050875
-2.666440037426581
-3.9477336370983225
-26.6923111334411
-7.687471642817024
-0.1708094502890549
-1.9378365310368069
-14.123116739541366
-4.773478381125433
-0.20392216140872715
-0.002985091940386866
-0.47706582153398536
-33.38600973875099
-1.6904412903783288
-9.931098134116416
-4.0294365108659695
-3.3661073016996435
-0.7293254272738569
-1.7459630009309275
-6.401985137196459
-6.553179581896955
-12.442566896257215
-1.1609191093281865
-5.581940538075609
-0.9224962999756192
-0.733624453676777
-0.0005725487992319768
0.013856482456106479
8.763889889808242
15.482655472779385
23.120488469627006
11.066293957361907
5.8076779266240575
12.987781238203675
1.3357113950281945
14.068931437626164
15.619405294022997
65.03346072528217
86.04755535632364
96.74265599471855
45.868121154179384
94.13460288665381
72.81927688349538
46.26469986547434
66.78042065674231
66.75668381624298
20.589981963733432
6.412640601350766
-0.007284541917814797
-0.005192271004863256
-0.43964650628818513
0.2240051310009457
-6.37190947823927e-6
0.00044874680145297135
2.4062956395113635
2.6223241167596223
1.8520025178761343
1.932015989426452
15.812752220945908
0.09189330910246778
4.052008556171761
16.603914143112288
9.657783171094996
0.0955073665575633
-0.05838905762525594
0.011757150991481329
-0.19766914850535325
2.668956672019224
2.3956777667817177
0.3448732722474406
-0.08587417052176545
0.3779080218286761
0.18828149241702377
0.00038808166427549727
0.13717382423816382
0.1535757569221956
0.08489906144627256
-2.509293862940024
-0.3365711289040253
12.34148153316407
0.012022409734264662
-0.3012733495197644
-12.049341025630353
-70.55369795551962
-53.026965898955105
-46.747582542813376
-39.14364407057469
-11.378968905768893
-11.422942074632154
-11.328659953243434
-6.4791991517921605
-2.4035485099193146
-0.015442341508026607
-8.72784212342226
-4.7905806744379875
-0.32603335729142424
-32.99759042324152
-36.4087702295503
-36.420157697140986
-53.51417042170963
-10.182112171196348
-37.193243715813985
-25.309482485817206
-2.511352863571097
-0.30110299501624427
0.05935007927742731
0.2358975834255562
0.26661301896687806
5.2991679820544535
1.1009661317451578
3.1899540597228553
3.087361610901845
0.5485834445862962
0.0060051341569625485
0.9894462875062255
0.027919240643955137
-4.210929220256145
-0.0006490956095937571
5.4932060907955895
2.7672729849979527
0.009745685627971958
-7.484662185313791
-12.625156778072876
