0.6652453564417072
-2.6418220493606917e-5
0.6793534143381724
1.6342562140889694
2.615155035317691
41.97371369268728
20.030203131625473
25.751528547866954
5.657297175521626
4.293705405268653
6.860066807772126
0.0343915488866401
-1.512200615762036
0.01998465561482098
-2.0464643296723857
-0.18613868112051635
-1.4895839389947747
2.999175685414131
-2.4459814423558255
-4.168581525418611
-0.1710150982151681
-4.785687461340443
-1.7358450026559322
-0.644513903348969
0.0022156569054958483
0.06788079257603129
-2.3408552646340577
-0.10799628595352441
-1.4121485613243967
-1.0925280304354128
-3.408007625385847
-5.061266976267334
-44.94678999344885
-62.273702065054245
-11.182239531393147
-0.031095355811064068
-0.001894154689024175
-7.188841500176472
-5.483420745651616
-22.16899776376411
-2.0562171166639457e-5
0.011811423453955085
8.028157397026154
23.20083920764594
17.56442627116017
68.08942302080544
70.77766248977903
58.47250128543273
61.33969177149204
9.04907840360254
3.095012243766709
0.9342504451395014
15.433627622505119
0.8392987869653287
0.0061503438806489764
-0.0002029905351290569
0.246266292040524
1.9837427428352365
17.33771438132995
11.005851739371023
0.34605972508043537
0.5741798053830909
12.22132322638918
14.742555004147837
75.5286844770994
196.5578905462219
279.682565617997
219.29669420943333
234.99748193013244
203.41093434997651
232.5615241151595
45.48903598338085
53.89231856150894
80.41636596990477
129.32850232162656
43.0050349839345
26.279323706076408
5.43836144995308
1.4160515805348597
4.456778048576085
22.372038206746396
14.366791281886979
22.363784850095033
32.54283597096282
12.141444650491167
13.008285465933323
21.107031877867545
2.233441502325487
1.0136482104291193
7.364829461754228
1.300785701767444
1.46729191230599
1.183212115425366
-0.0003732798605133513
2.2786247154765538
-0.6133550496455926
0.8489784934906877
-1.7556850902053682
-0.7952910131162145
0.9781348645358814
-0.0006331891132721707
-6.267069390729938
-1.5156854603913794
-0.8170292728930876
-0.003575152172203064
0.006089513367884394
-0.5210032412388013
-119.76548586467241
-5.668631822382094
-1.2626401544438104
-15.883530278227772
-35.15550333050832
-18.975841366768385
-4.004639617669964
-0.1355480176238504
-2.3576391376903836e-5
-0.14869353890297315
-0.015812049316986567
-2.0276917383562216e-5
-1.845350751673584
-0.8447790666054127
-0.8100446322206016
2.197307916706224
4.097262788020547
23.399842519004824
13.133696287977816
17.94846456590045
7.416362303907967
1.2862988454564228
9.30778167233242
7.063410723401927
38.30412139641789
36.26321215980651
60.58361488082986
20.337641588508284
13.692647160222592
74.49873738781372
61.909528118696585
29.50772222110575
17.95353819251923
19.76845873436089
36.99702310408051
37.82779865079953
105.2013053358173
43.47417857324813
9.76596161725834
104.24530577019664
137.65511268827902
89.30398182627508
119.44977731862868
47.098415657717226
43.2056333767148
21.159218303122376
46.55584430343147
58.56371745561561
17.746359129262
0.4149840026103985
0.27784792990586954
-0.9200994345580434
-6.057458422596736
-0.04924795632596745
-0.3129451443423741
-5.104289904300618
-1.532071169947377
-1.6354757891668272
-15.39086781869614
-28.94265118143035
-11.71017236408325
0.7480056064854822
-18.797594640677254
-29.13205141770753
-2.54479508773488
-37.563074302909975
-194.95320172071501
-31.960925513638774
-20.35749686590969
-2.5052803811921325
-11.253000333997313
-0.05517369308845275
0.8370102371710175
0.6509584430489405
-0.5241648725228861
-0.9010304941547526
-25.234126159233426
-4.310899875251411
4.53347833918584
-18.19412859447765
-27.945971299619934
-41.6364355211149
-6.0310908077794005
-0.4319097808369462
-34.46913556928003
-26.129902294630185
-2.211974694769945
-28.110459561460203
-27.909356459844254
-8.048275361114937
1.4033832003778128
-2.015888229776917
-0.5786582644217639
0.0334326511861765
-6.958879511723399e-5
-0.6822754112096573
2.2200444103724655
1.7950286279275287
0.3898994959549646
-1.5249684527972017e-6
-0.34313780654000636
-87.80374129249478
-107.06495969069415
-9.813054345031844
-26.39864834388017
-20.819496530967882
-3.1740636770117474
-2.090304967584391
-0.005509740885205875
0.0734728977508497
0.07716005641312278
9.152991625991978
1.295832789988861
4.203490305880782
-1.5882979645563613
-0.9339230095941805
0.00015810140627491167
6.877212045005922
4.304190438062086
0.018159687022567202
0.0249446133243984
2.844349394866252
-9.265897365777108e-6
4.108798855386295
0.4832787533970971
-0.0402415802078551
-0.06839463060470469
-0.2177966325536624
-0.15690444392845707
3.4380492124129125
0.5006744914246873
0.01815676459378198
10.349010415906127
3.428262198927598
1.8412581242995152
2.034610598716101
0.07428809520065599
-0.7397469471147426
-3.5854695388481908
0.5009751181971539
0.05283256918272249
16.04024678588861
1.784997565175892
4.70167102588018
4.319061144372623
3.2326725211411573
-0.8390446136240858
-6.927451275944368
-0.13708397254225138
-0.009549007482646117
0.12388924294622775
0.8911599185933627
-0.5046525985470911
-0.18919521811616968
-2.7962663017105
-2.8270703363550087
-0.2507908662132225
-3.9188260058891067
-11.02156733714111
-0.3449055220790989
-0.00018877478109467741
-0.024142905173046708
-0.09010067296301622
-3.2078451885490247
-23.963517200578387
-15.281035710821538
-28.36266031537327
-5.506073988430721
-6.72680915537917
0.007486932354466226
-9.40146003453244
-23.084881193213505
-5.43949840109778
-2.646831571640834
-13.922087456216648
-31.437975289862205
-25.787232630396133
-3.372195415380463
-12.3248992170607
-31.92177813465874
-65.43572549079394
-48.999473065026926
-56.857767096074426
-53.73454152458263
-78.73691962875621
-33.27611643852327
-69.78390494612836
-40.70383001835374
-53.3718919552291
-45.40048023778225
-13.581117427647035
-3.261144423493866
-0.9038353962031854
2.570257820017229
29.384555760119166
0.9349552060578611
20.32367379872895
2.250206599781585
-11.446665237770295
-110.35123509972088
-19.764168705071643
-7.1377101752216445
-1.0629716128540232
-30.963389246728617
-7.665668360284955
-0.0325970092942449
0.0032501057979379385
2.9878841292038705
4.954894777081387
0.11156902500465431
0.002627721185092583
-0.06664282871773045
0.37496142084593587
-0.047610146354406635
4.5639041140772285
12.741440548104974
25.321639925023863
17.87106360142993
4.719228499738274
2.540900223715818
-0.12541612559957768
11.618760796585377
1.184539916493804
4.580710950424308
0.3695788090534407
2.617785713608125
3.7200777789780592
36.088489393236486
69.31590089385999
11.839398047853523
14.61576335900845
35.31755342144967
15.862741794726734
8.397964783721008
16.227265410659562
3.44606397631302
0.02848911123272378
0.8087696981169858
0.00047205681020133494
0.08162533264393038
-0.8586355713012364
2.7184999540805275
0.02321673720549618
-0.16880520982786718
-0.0003310919194410021
-10.248060168857988
-12.179862387549802
-0.6208040075366577
-2.3582784645035906
0.00390227775125172
-7.050858740098003
-0.00018791324229483855
-1.9857496197344302
-0.7151432899154454
-0.5171973549666856
1.3861564366556594
0.13730094272063756
-0.6191019333768095
-0.0004296957802993555
-0.8047155885722537
2.4344088189330773
1.6502647132852581
0.1944044255141672
-1.6782480429135214
-1.6514580016384148
-4.160369037794048
-11.68698862927782
-0.14622890861285884
0.028448877373684338
0.46288184924277864
0.01577645579883418
0.13731192142096924
-0.4466562367076577
0.13813254031257108
-0.004584450257872304
0.22405420790522124
0.4937289424009816
2.58179465927049
0.21629598981198603
0.6202668935331211
1.7743504909661452
3.0051728872389045
21.248036479741767
12.72672234252301
45.3250797103438
52.843677163040105
17.285578605529068
8.535105220690607
3.8421841774233867
11.619253682247372
-0.01783109382601105
-1.9397246077270165
0.0177379419602655
6.701703773942986
17.180916351290165
-0.1911207027196216
0.15699619764629905
-1.6304326639416018
-0.01925985958414941
-58.433963174934505
-46.02572739527464
-21.958145861138924
-7.431729464577638
-0.8459480643148729
2.9576371200993137
-0.07486786573293966
-5.453844831641916e-8
-0.9445035506312233
-3.8279693659604774
-0.41657431936689787
-21.759151105340965
-12.497339752997044
-0.028035336735565342
-0.0013719641878178555
0.06017391206845775
0.18583876684951522
-3.43049232812029
0.001115925510528295
0.002748568572218634
9.211383449666501
0.04106980729032435
-0.011790733874132736
2.003465328905661
0.5654535155294304
4.368779509731093
12.380353553538463
9.907406398564461
12.322206506043063
0.45881885649918064
-0.581003581949172
0.0015781271992988798
0.00012594146199807605
0.018417214845928672
0.07480893086958106
3.6297969132963237
-0.2116988173752756
1.626334680568557
-0.054017979590115665
0.002532452613231419
-11.39586441904888
-5.411580979402441
-14.105528273974432
-7.16955354312774
-0.02142546212585922
-10.063258896582845
-23.422183065661375
-4.231752046473746
-0.020507793408175497
-0.9843461649573303
-32.163985321157234
-0.32049569969013075
-5.619764844673242
-27.196661321592195
-4.365447731766795
-0.29317915479049794
-6.526774646960363
-1.4716100958043197
8.165108353245474
0.3765473684612601
10.32243360124326
0.3865589471797968
-0.15328771525097454
-0.03433109838176656
-0.43802761324936745
-0.0054650245292620385
0.028190997531642767
5.035551097191137
0.5663239870650153
28.383353628654277
63.874738185032065
6.665811482415509
2.9940123625132187
1.0790871676414924
0.4212165795208963
0.37502231776500866
0.23185396638218259
0.9588616657466822
1.2373256679280935
8.229285282670721
1.86893523250822
0.3481030871739923
-0.04645258464421605
-0.030217203930638422
-3.301929969144434
-0.393099688195884
-0.22108179722754803
-11.143163653296657
-0.6878782231777846
-4.011250221382638
-22.416082909305764
-10.465869220806404
-4.144922643951676
1.1678388591221982
6.916297310844977
22.434407968484933
1.6550102948372774
0.5347610974478797
0.16672330694035598
0.06016810822768593
-0.00937653427750571
-2.2457350696951774
-0.5253846714778936
-0.001033070906162566
-21.02510579712378
-35.63104892716817
-65.81302762650002
-53.22125037423864
-61.43472139009777
-90.70517603429676
-48.272025053915705
-58.88891959650659
-6.095805170532388
-0.7430825456155861
0.014927739045716478
0.0031241038851586938
-0.690293325996126
-0.21467001957261453
1.348787581313001e-5
-0.056217312629028786
-1.5562690942478343
2.0880742331834714
22.298344732108273
60.9785028305435
21.423443745540677
2.4105038968682746
0.0451623860941689
-3.086063514375721
0.010289379844054656
9.713586945870373
22.860713101922396
30.02779202408756
2.368374620182986
4.511123621696665
41.28224982991905
13.677555797335742
4.963057445188282
5.071854138981063
0.046371677232907534
10.730886778289193
4.366500308179751
0.9325565721909048
9.322644258065845
74.46420287482728
57.103258971749256
126.37136310668458
56.29479516915592
47.09451564517821
61.00805872606806
11.652244416789664
8.252448484047184
1.5517485982643222
25.578584784423246
10.693264915492763
33.13274752694185
7.436664981294558
9.35823938971456
7.255102957733503
26.616115110537233
47.59877773418246
61.89295390193306
0.16242742985205708
6.062680304083836
5.1812849432095005
3.5676468945187825
0.512815639204663
2.1130487422292634
3.837926138778983
23.45767317414903
18.615344344713762
9.26706416213042
2.9286003611751967
14.006066435577603
56.75985583342116
35.18372135854154
70.42784413969802
76.19874004953665
93.81362214770729
120.24720950940194
105.4756748501775
10.524937371701018
51.498539807031854
21.009543779456305
70.96632542046544
29.31018830209065
17.300228761101895
0.0775727019477873
-0.4769480562317714
-1.7814378448815014
0.000493667028662307
-0.00011218705213439573
2.4848645892881716
15.341450100166211
18.844680792100664
0.7191075300821572
0.3131053262324702
3.0501983543365467
3.121288701888009
1.941878509105086e-5
-26.44010642811972
-0.6207811093160125
-2.0078425928080326
-2.164706025679745
-18.852679720778116
-3.895830476548162
-15.025368972366502
-39.30525665732921
-8.318424080796166
-1.6511469050629028
-43.0493097098389
-10.2605810776987
-0.9440622263628212
-0.0018616563124209315
-0.002327685180505662
4.814920024905922
35.920433427096526
23.87253538114367
87.43912674378483
183.1779924720801
86.68691339868438
21.00423072827012
19.85242950875683
3.842473946703022
12.319806558148947
9.128855062102716
14.485991040704628
1.1154725548513922
-0.928717001430962
1.7971055288137499
6.319342865069232
6.093541547295389
46.84804233642027
20.43474437951737
13.550076959619286
0.01749467834470539
-1.010373504879171
-4.437922383790077
-0.015829060426371888
-3.1954093966553622e-6
-12.237955075973451
-0.3932814458997078
-7.246077154256794
-59.8124987998807
-82.80389194002205
-4.529739395140713
-0.06190380364605202
-0.006114508877511069
-0.9358432511135925
0.004133779707310594
0.011148438351404399
0.6529539903409805
0.988807493643976
1.0101800877784117
1.713862195161403
-1.612932695705848
-1.2481285113421099e-5
-0.4123340733901151
0.00010166960722456575
-0.3020154625037161
-1.1651645876433003
-4.069209102414889
0.36749998546888313
0.7547507850145773
5.411828345809796
0.013896060516680842
-1.5749250468693703e-5
1.9437568565913725
0.44943255143332317
1.0184584374509333
-0.9549302934468212
-0.11413268192282738
-25.98565316874128
-128.56200835310148
-31.73020017395735
-19.685703380787952
-4.147289902105413
-0.5682464798846387
-5.358104149773816
-7.932588595769018
-1.9230818617180727
-2.3171222931008297
-0.062336443367681106
0.0019528999624803982
-2.542014007922106
0.2742627564990045
0.12009972779365015
2.126385546013685
0.029590686517980486
-0.6061476197796117
-64.434078914602
-13.432560323558269
-8.429614725439825
-0.003517090479453439
0.3352836903281574
3.224356327902363
0.326226412904719
5.164616494878372
5.499593590502943
0.35169845891577023
1.7088310184586915
-1.3271990535546472
2.405226403352419
9.77199341580063
-0.00863559241935623
2.5843971717898016
0.21131338743243724
15.708973797032662
7.44865667549384
66.06664344469652
51.368709506950516
34.686543685510124
83.9220900681086
113.71788908109606
5.578973141065375
47.20512780317829
-1.3286417531663255
0.04473636889346494
4.344205035814486
10.349935455857397
147.22085679424933
165.26013091648426
145.78487560253026
78.33419444375194
19.27678621721827
6.048498037113748
24.89573416899825
8.636245008535745
7.722367118866728
43.91072495251909
33.600054199340995
7.224445190999507
3.5274771044043485
0.567639372906632
16.017717998967708
1.8129402205441822
0.6535516705884642
0.13983439779555254
1.55178342201533
-0.0018719759079213756
-0.06932785193690026
0.02648655585386644
0.514433690264562
0.7579095298202649
-0.07473583713769628
0.01396500776864819
3.750871849460139
29.457449127820475
1.2932452855286283
5.419193319455421
12.13938025953235
1.2840347885941228
-1.9689441920067765
-2.2462774303841426
-40.322686309999916
-58.678552950445344
-11.654841949422138
-51.67187668503985
-6.83928467841174
-0.09279518605992003
-2.074307218014514
-0.14796772402014302
-0.013800983304915212
0.12752861514881053
0.15807171450712038
0.01409233356978148
-0.00802938857420545
4.392453685465105
-1.1046162364638128
0.019084925014425432
-0.006902940814406979
0.4071669881382246
1.8258620641735333
30.104711042379382
17.377407971199386
2.3326253215193388e-5
2.551069259700529
0.0027364001455236066
0.0001127602452597447
3.3512076510363247e-9
-0.12486879118836486
0.003272688424808233
0.6201458081781518
7.352651918030889
4.541149081837447
-0.36165647916312416
-0.2632010189273913
-23.49529054783817
-15.162559930605614
-1.819603368680726
-25.579900866171307
-4.730516030411215
-0.23030192847412237
-0.9770224583321973
-0.21660145060466465
-15.255567973691797
-19.610867674999156
-4.643698738570251
0.6189525463270908
-1.2808428269479633
-98.02379628755416
-5.988526916199972
-10.032611003797008
-6.622281967533105
-9.154624059023455
-0.0938250076588651
-0.09534407340020651
-0.7788919776955853
0.15392837997355624
-4.368149169565373
-0.06800014404747055
-0.22901668173989126
-36.651731228282834
-52.79277286995412
-31.673287586950188
-13.947853548029336
-3.042169027380696
-2.2324188747013056
-0.022272189651930334
-12.083810139910852
0.0005909549222987804
-0.3816987102028216
0.032802980373594484
-0.3838084192328736
0.0031820148955174817
4.436336586941746
11.335160705193614
-2.4097168564019773
-15.808518430207725
-1.106366104627646
-11.571720698594936
-7.106289752110137
0.4049175684122496
0.07010221021476287
-0.00011473154058466188
-8.276012328530992
-103.85698031575339
-6.140231266540175
-14.78297815779963
-63.3939516038707
-67.63515781291557
-40.51708040554599
-4.263403668871522
-41.78205547835467
-80.69598865900248
-117.03810869491149
-26.304783543494523
-70.88477032111184
-26.557168325400315
-38.10117096037445
-4.594731465203035
-6.059127965607326
-0.0151869685631434
-0.05373648034263036
0.08623819906098369
0.7602285974176692
-0.06379073537103774
-8.771959993883575
-5.798344133257581
-2.984970927470945
-17.104299995519845
-0.6814789205172413
-0.14158960055738873
-0.025270506626308812
-0.016187215769942042
1.667948280698121
0.945588265000077
1.0839794835531649
21.58021314815104
10.962980218074705
8.067240448188452
12.350217729997437
10.242593648727558
1.4258272466239563
5.1706830761298725
5.117595670568821
7.318912295323871
3.27721586501057
13.260730972790848
7.822487744059388
0.05134705750842177
0.18937892074160098
-0.0078011418151462475
-2.4641405242153622
0.1893294495795752
-1.199790040765393
-0.1787429354211712
0.8993218157534775
6.299575543758431
7.444309281936325
0.21308845039253385
0.46308440932959816
0.006033705374599563
-3.383208724471826e-5
0.21754849824103126
11.58785795408961
48.08344061053264
0.22687689353746102
0.3999197345086146
0.019546763639614384
0.9208858858675519
0.6355306946305829
0.4459046908018246
13.655439578034613
46.46267715729477
18.378327086572213
7.073610568237028
-0.019686345349932487
-0.3626508453176316
4.017354452865637
-1.9464481503471323
-8.460517680119056
-17.527846114792002
-21.85165153498849
0.008809165927829609
-0.013439058596624412
0.6529092363585995
-0.17026923323766086
-20.376192907852477
-2.615386657887364
10.737119064669711
3.6048982616042684
0.5338200539049752
-2.181719993489551
-0.8917989769859064
-1.024541166732
0.015330164636912837
1.550183967368825
6.948651546734013
38.551980873168745
138.66004307430006
189.7701869100332
148.04787115505488
67.77585751825173
25.240936335825143
49.66597558332803
11.908435685657036
5.957441635120446
3.5825379338241707
4.267779440101664
12.84765261597788
15.223583458981379
14.651120382784569
23.253764983752326
20.812625568436935
17.91346305599852
1.909973291148923
0.35075018760789234
-7.397844243076077
-0.09887311874674627
0.0011433889532955258
1.0150270084245445
-0.829296819229354
-0.22235008054542324
-1.4191823563063537
-1.6655543307791019
-0.28422596354875634
-1.9202496160067974
-0.0006819935271148819
0.4082402861197985
-0.032369801996251314
-14.317843733956776
-17.582721486303495
-5.817106191750524
-6.932515497108333
-4.416239153358722
-17.323344393433526
-20.150490571931545
-16.11879398758542
-25.001362302144496
-0.011822325681954092
-13.666700724668699
-0.680122842970271
0.0017207160933544814
-1.6717557720885502e-5
-0.00907776583647989
-11.224946869791488
-107.62412167014281
-0.034987398189879504
-0.2761528015200533
0.261770320399707
1.799081457827309
1.3726216358084837
33.91104821407904
6.019521423007892
1.0281652753169745
6.6975020014546445
1.8452435207649973
0.6877016306574282
0.07361196691538625
1.6892561401356494
0.9313093684730027
-0.08844679219604472
-6.436339905422982
-7.765873889256669
-3.000411132929105
-2.9828745051438514
-0.2657935796512494
-13.545665130508546
-4.051180287748952
-0.5614018334613432
-2.1646023594825174
-0.30226779077155924
-1.0250991416883009
-0.0035368195746328882
5.4004214105979474e-5
0.22069345049377143
0.08467277935893719
0.8436707659924635
-0.10793937389451216
-0.7146577623233815
-0.8382681450048385
-0.03547207617755075
-0.7258007447742586
-3.8460435355493714
-0.07198703380168468
-0.6922771240640101
0.041734960624713026
-12.873223083729046
-16.098527162521837
-15.844323852873174
-1.7470922180846693
-10.317053314791249
-0.33008115715339303
0.16671423371568733
-0.052796155774938576
0.06880663989864254
0.041405990265571666
2.0619317955094116
1.8462589617557035
1.0096972791494279
-0.638624999145555
-6.755202501415271e-7
-0.016145962847724588
0.20418375763194277
0.0029566793024403816
0.3790200849728623
-0.00038157095637164715
-0.1909257173100772
1.6380706160132548e-5
-6.45659045266673
-3.793344453339946
-9.918235984800429
-2.4424050033572064
-19.8950603950413
-0.2732209934482096
-0.04268724249551406
0.7478348186354393
-0.016779859119473356
-1.4572321581041783
-18.65080774860801
-4.883467183740822
-36.50862920497533
-43.02595910034968
-11.40563446471227
-1.9449267206539895
-27.528631785616575
-24.740755371803072
-44.10200335325758
-4.291019599401898
-8.374796233998618
-1.1734619293920356
-1.9305722507426624
-12.98524369157671
-37.23384917231887
-38.1453921291726
-44.56311348183976
-14.811384534408582
-0.14266465010796014
-10.459117868558796
0.10862152751504989
-43.098675930684486
-7.4016343448279
-3.423001389672923
-10.650648589999475
-8.713030410407416
0.7147268909850241
7.582571533684941
0.5455930714235953
-0.37877344975047156
0.006634452771895873
-0.0015617163662281991
-0.014636669398654188
-0.0034254224134380217
-9.321197509090231
-30.68193611758123
-0.29908897986736344
-6.014347923295978
-0.21045276218361983
-0.17236160238893392
0.2828389638692023
15.643011754688093
0.34444541985009725
0.06815701863827327
-7.210928441791116e-5
2.5986543710653556
3.0267686431842256
4.7261860457865446
1.190443977475893
4.072885624691857
-3.009696810593333
-1.881047562716796
0.18193636805066415
-0.016665987849269315
-7.820263655437781
5.3211745935698385e-5
0.4159222727954169
0.04178824793599683
-1.6967104735737875
-35.962480208551796
-2.1707461557565195
-2.678523581615005
-8.458462777979422
-25.08500739619998
-8.170910016267262
-7.347914177181521
-9.016900082240042
-20.46546549836243
-32.23661816259053
-17.135076557247007
-28.635074160318602
-18.053023535570265
-61.607436787793816
-12.770164778993543
-15.751233798837195
-0.3766391576402128
-2.94016657310248
-6.550398324511975
-3.1427738596429737
-0.40124660695967895
-0.6633098315345234
-0.0001526964664608671
-5.221944288618459
-6.426307464080752
-2.5036137681132704
-2.6444506454321717
-0.856215097797665
-0.7866682312107377
-11.272335373938667
-6.5092011236567275
-6.571593219737185
-8.783755705065255
-2.5108180490235217
-2.8928864844739253
-0.5975084485537066
-0.015242027121359693
0.007382332312233687
-0.8684977813584659
-1.1645165308173322
-11.531359716698587
-6.012664336972684
-10.874630640621612
-7.984074115842383
-9.01254829693085
-1.1300840106013308
-9.475165342399194
-0.08863320931149471
-0.06342286534167457
-1.142699168720209
-10.828600657169801
-0.5141461684613923
-1.8813354456364462
-6.549317842216003
-3.468949207776253
0.2518961910683941
1.907589372362847
0.12564935112498662
6.526109124751197
4.165246064790076
-0.09305402388648286
-0.019598773315603075
-0.0014070176450090765
1.4121314599507635
-16.73022781041722
-12.854779536613462
-33.619158448693554
-9.43496566224108
-0.8295553042695709
-4.063407851637411
-1.3641831869181662
-2.1278577740292555
-0.5334405796696331
-0.014929869770306596
-3.826984556811624
-1.733940581465853
-3.7040572016613775
-4.674104515547414
-14.450927464385796
-3.595791386715301
-2.890563267461353
4.573231147328642
-2.3999600973542643
-24.34582388409695
-12.16300769694386
-13.606254644610237
-14.42365405384701
-12.758396589662397
-3.0804095000372755
-19.718470200954098
-1.784139208696691
-8.592967358642854e-6
0.3062447130484157
-0.0013543750839701274
-0.40398476266761113
-0.22533856447178435
-4.909271076623423
-5.494571503260666
-19.80798195146566
-0.12329089238399438
-0.0033067240956516563
-0.11517585943787814
0.03458443652502021
-2.096317857503717
-72.79197174640794
-31.329171998952308
-31.438821688505826
-21.596509687126755
-0.6402957441340564
-1.7995058691287373
-3.7986771943299145
-23.01898214599072
-13.222239863374108
-5.356620976339918
2.4036709108884597
0.005434411227382645
0.842609200257814
2.502043224004436
4.97829343993943
12.116716824898564
22.995440757411192
56.62028593655991
21.05143128741108
0.6287949397026882
-0.07013386320136301
-0.7034363500932542
0.03755200844946016
0.06401219342943741
-12.509080497703787
-37.750175926042495
-19.203230225125516
-7.339794842872234
-4.993355551554021
-1.2760225436913055
-0.5657728506853362
-1.224070396576339
0.7321809527102021
-0.028944270382704765
-3.4609587268437023
-10.949429000805882
-12.454552587117666
-1.276794555204603
0.05750639005687712
-0.0012771174636055636
-1.8189042524560668
-34.51371654357519
-72.49081030706043
-1.7267899095967594
0.004006336659618587
0.5750006129593673
6.837100840109117
9.259012419388812
1.1966486157703904
2.6134628219568894
-0.12835396953037415
-0.02551299121223751
-0.4521602459908813
-0.11870303706897672
0.37834357582242
0.34537512506515056
2.10667315624918
15.925374285244402
20.49359307349936
2.115799288699087
-0.43967435638598046
4.126905516862318
0.05051596185180862
0.17456797865090803
1.9429309568526383
7.506169641336972e-6
-0.8350091720713049
-0.00011376637958759406
1.8105825269123161
2.935009163270749
1.941621436773459
0.06931726509889201
2.0302360529302015
34.19609353696489
-1.8697451437970654
0.8296675544980947
4.766040844396974
4.844333074835649
0.15603290239780618
0.4755161284782634
0.375495967657116
0.5421279478162655
-0.2725349434929878
0.0003604416521134005
-0.33818369539078613
3.7573909898405633
3.1665758778636954
6.633439033676858
0.04719245262249878
1.534480117162486
1.9800262580958998
-0.011096468845913284
-1.787396351567722
-7.740930430976351
0.0011270789303570602
0.0032246262175647106
0.0002169653138100569
0.8819082254919199
-0.557102839145253
0.2784744765582308
0.5498058943147617
1.0441370756937802
0.016318296579140926
2.013871236866814
0.10572456259961617
6.286724820810874
0.2321261738283501
0.00010132913650477845
17.914368603786063
5.295218635600476
0.8228142339095219
0.9650974143874673
2.3271023084756526
1.6914200239619166
5.139311669202964
0.7964485877336792
2.2026394102117157
2.6608258584139826
-1.837946258799518
1.6927113540449137
0.022934030394315776
4.672637685292047
-0.009563292878441688
49.28327457630632
0.3276492926747584
-0.11122008628320637
23.761323416353736
41.42251949117473
5.769641146322147
5.003821444352916
2.5525661774874964
45.50010589573809
5.555671817280904
3.9255223570349735
-0.4783051968659327
-2.539713627474239
-6.286254037120423
-0.23629028236725186
0.023954609902322687
-0.8452392516779023
0.02272155833479045
-7.756343257367732
-4.787521730499131
0.11483481233153021
0.6872412698816015
0.0022447695558706453
-1.4585962786803917
-1.0858689531691315
-0.19052466394929243
-2.0634975137112597
-2.3467045273268425
1.3011737010418396
-0.004260413744710235
-0.23042582466255798
-0.1695251055349444
-0.000520320784753827
0.006755920969464138
0.1701202473628798
-0.21793177596702204
-1.415779061472569
-0.15692541730503212
-2.4647384730159145
-0.2072903417852597
-0.7812005980610518
-0.548756641480644
6.367883797535352e-6
6.261466268176404
16.74416828342954
6.3519130391335
12.017031927720266
5.351132643630117
44.66031114812524
29.37050343791204
0.14609083098953854
-0.11493416016208552
0.2734756569376971
-0.011978072644612663
-0.0001075994735477121
13.819569096305448
19.228260457893384
37.97941051072256
5.276350193628357
32.91850158890952
20.69724902143552
0.9855100540378307
-0.15257053773720622
-61.84671914316194
-10.07910512664631
-28.881800549009007
-17.751148788001345
-29.434450046790158
-0.0958317067173341
-1.1976706992103041
-0.8052520308491641
-2.1205036017327985
0.0002343496001752182
-2.1799478255455162
-0.10120405088304923
0.2195430519873657
-0.024822971044357423
-2.5658472317550944
0.012862193402868061
-0.0009251306177140878
-0.1531041718503468
-1.4393835891982905
-34.28044991073899
-58.15176292699341
-12.456157738332884
-15.232176066523369
-18.082452759852412
-1.4430269984334476
-11.49086621387442
-6.942803725660611
0.0743609431567839
-0.0003148007241957048
-0.47693057862707516
-3.960941408071103
-0.029283688623539143
0.011332351759468642
-0.08559978839678663
-6.363207588836562
-1.7590864466570906
-0.7301607726918169
-1.5477057999907275
-2.8787604536013633
-7.9618900871807154
-2.562044767327712
-3.059890753436261
-0.007882724045156865
1.9263586480374872
0.07976671939894943
0.31815161926927665
-0.016810725584024005
-0.0010157648576801042
0.00061208104922317
0.0002560191234146986
7.89434481600602
4.223983602890776
5.020252585133412
2.998161287541496
0.588265116269169
2.295876983977531
0.26549542708250856
0.028996698559299653
4.045560754670077e-7
0.03937796338769051
-0.5693930346087158
-3.1828188636586057
-6.02889439685677
-13.829399531575202
1.4704748081393516e-6
0.17406898675218974
-0.4839400400159647
-1.1021532186972838
-101.75901673813152
-76.50581301953903
-9.866522206553892
-21.40143537863981
-0.013473545107475886
0.0011690689823993993
3.5504932907332263
1.280642480444758
13.985469960353129
-0.36769112344706595
-0.7475783394854316
-1.0602399606641306
1.4276462875581075
10.128920307342257
0.47537944767257334
0.0136686773494402
0.05097309744878327
1.9557400381537022
4.267667687168689
12.386181081241899
11.799937352080686
0.32995311824844226
0.01360759343182594
2.21904613592574e-5
0.8022896833274707
3.477863866078684
22.223204584592356
9.161900274331636
11.421046313307555
14.439441516524873
12.11997139802943
0.041615608038153395
-0.5126709971412633
-0.23503816612846004
0.0012718493764599644
0.7638720119576643
2.0682448008447714
0.01099130283942206
10.505103376504374
11.195548371687712
34.38975758493185
-0.006707921230690466
15.336003301672456
16.056118510606975
1.4640679996949304
-0.15668514717652116
4.199766847166228
9.8118616310069
22.904570632384583
1.9002299176943982
5.074500722774195
1.9605323231316798
0.09618057251756264
-0.17554369515421853
-0.0232202411019647
-15.600417643385423
9.671190328530035e-6
-0.0037749054248594374
-0.0239684355730814
-6.464792213986526
-0.959534440571943
-0.08193430848125977
-14.827100744332668
-0.004944621416655695
13.359394969005264
15.468540809652001
4.0976106611106875
-0.6400735640532895
-0.31773060943508263
-0.8008701218341083
-49.8012814791088
-29.90748969233337
-2.940322809821241
-26.743177455390807
-4.497110034574461
-30.146674298618667
-36.71126224122926
-25.657238698962455
-4.023379980849358
0.0001530929215685033
-0.1926341271043443
-0.4580186191241262
3.736193285538358e-5
-0.011743843143066148
0.0017260168056108158
-0.02890725009909671
0.009270807960224855
2.2307362773256836
0.008759946490856665
-1.0332120527488558e-7
-0.00017002728594138968
0.02633286964628551
-29.579199244088354
-2.9772624991395715
-1.7981151562545457
-9.212617539799536
-16.22146916350248
-40.57676198577351
-71.01697959957424
-4.786556979625057
-0.01912256575029145
-0.3992504025649472
-22.57241808111753
-34.97569140642484
-22.34906167242451
-1.6214183613096258
-0.00219481898170372
-0.0016921720877538524
2.251514752310586
29.43611259737403
47.38846237056019
83.70548029623791
36.99536487444469
1.9467151586876132
-0.13231136574672103
-0.4809641362083672
-0.0014406518640415708
0.0033482962083291757
0.0008493258246130388
-0.19292861211302198
-0.007570359634202688
0.11921592593822943
0.20550464847377636
2.6659492281934116
-1.637520997423609
-0.0012181658400672664
9.80860770923442e-6
-0.048052521392957785
-1.8367488428933019
1.351079724021601
6.372606235144255
9.530009510483103
-0.0010166055688498403
-0.22234219570995556
0.6593689048364565
1.9181966083512276
-0.2545380925015911
-2.021834326237253
-1.7157885648041318
-1.4628287485535976
-7.80236008443259
-20.003787772358447
-17.44564135073976
-56.239153560412696
-66.52332190307625
-37.42187258929024
-8.340903967051693
-0.7263816261129976
-0.6875576360973059
-0.5246174028411851
-0.23239984105399578
-3.0131244812049003
0.1407004463536664
-0.14137200196651245
-0.0009108719084693896
1.0567014106351678
14.95446179359349
0.4591874589758296
0.024804470990637543
2.044721872036997
-0.9512233269195026
6.822972610955449
22.968302138181517
64.53789608015597
36.74730814512256
26.08718588005121
2.3607120860743662
0.2886862454675945
-0.1851956016645593
-0.06710397019392728
-0.00644685020784431
-49.410814231770736
-5.971114124305145
-9.329650250385615
-7.800044441224987
-4.611387035186775
-11.835180566285862
-2.7781899628494933
-6.320509502346443
-0.21901895935706248
-6.853913235681209
-1.5988804149501181
-9.84918014177045
-16.06388511244541
-4.6769317388223195
-0.3204326141050317
-28.605628148858607
-7.1286374742006124
0.0043846073554570835
8.226010908895557
199.65437667389784
77.70486720644068
33.81935182568078
30.56735861751494
0.5951908130725593
0.6340092541142361
1.0429444607605307
0.2445726244016346
1.6401214349171783e-6
8.34692828273123
0.6748170570700599
-0.017720316982479188
0.7849677988726064
6.817533189774692
6.746479828341024
8.04082864189154
18.912317063874266
12.890100576279162
40.75715511852201
69.6538312268441
16.461450832957414
135.86256060597321
64.80042119316266
12.846042274582617
0.3775221535282901
-0.10932941368714476
-0.5427525355203151
-9.068351331495554
-1.0866370570511972
-3.0288779456981576
-0.5515228967709273
0.08062193651156087
-9.016249106928095
0.010895988816717668
0.3086602037785204
-0.8992791607765511
-0.056387482002740096
-1.3427824147481882
-2.4990793159017723
-0.3719452460306401
-0.1579101967138846
-15.289540247204723
-3.270575612656846
-0.43258301979733577
-0.33756560442750244
-0.26998464995719357
-0.3039830356336535
-1.931298633550114
-4.484588556388366
-1.6844970846273744
-13.388157139522962
-0.6083438680418378
0.0003816042913933295
-9.175663955787469
1.641774045063335
39.13805962441848
15.769031358903593
4.781295899001702
2.6090800663594766
-0.08753317531012561
-0.004222131759783175
4.667567163223938
0.010373757976285668
-0.01916454559746433
-2.2668850377726613
0.6518347514520817
5.02756481787966
0.3066264822322214
-0.09135632479545196
0.004474762159346176
-0.006564639588901685
1.567264774248331
0.020513198735470126
-1.2385652056769374
-0.011680602006157215
-0.374789723631394
-0.10571247196397576
-7.036271449236997
-0.7375648905517384
-5.8188868816137855
5.778630192149764
0.14200026347619657
3.6588546242858513
0.5637878956087969
6.624701989665872e-8
3.4151575265170098
1.8768628840478945
0.058192189664624264
-0.004819405345685266
-0.8111945973849073
-22.293207120551365
-8.563339330991973
-0.6921448284794709
20.611253381646943
3.0318738205305804
14.831224889490453
3.750104447807982
-0.0001422249621410197
-0.0024288651462196905
-22.786886992470983
-17.04357909720011
-1.8730398851748946
-21.492153878596298
-15.971732212991947
-0.12398349319412197
-0.5563018789506953
-0.10206084235063645
0.25726343546188485
0.35882073738367154
-0.07107191278104567
-3.243041007953013
0.013638806296874853
-0.0003266746614504362
27.384889043668096
3.644294065010609
-0.29740025646962404
-2.420586225550911
0.15241378295268632
-0.022127047467178113
1.5610065875173176
3.913001660811551
0.002706608462599784
0.41667540991784024
4.372731701729739
-0.0005035828209117236
-29.908372499990385
-21.891869331479388
-29.717568660052113
-51.85117588949877
-0.11944803569538369
-1.4141061987361994
-25.737034558022252
-20.853875274333426
-8.718700135060901
-24.937822124763727
-19.154453316434864
-3.966155131840571
-1.8775050061359506
0.7481648140994815
16.90483939409338
23.05518292080216
17.93282053798648
0.8523649335547314
26.05173559891531
0.06490472163603303
0.0005324401703987921
0.01754447565830445
0.8178555437330989
7.095309586492396
0.01418540029334602
-0.09358351161135742
0.24108927584267634
1.7583967202651087
0.5502283472940799
1.1929542207925246
-0.31685550015940595
0.16745831922071777
7.040049820082591
10.602869162897123
2.8053016005313243
7.7456630715140875
21.406190710738777
21.134601117133396
14.204795719965352
0.0488442248411358
-3.7357343539015044
-0.3991033948928915
-5.846263106698264
-0.3101777986457246
0.7199996720111682
7.831714572107325
0.006509381715061884
0.0021170604693871962
5.944986261289547
43.800884603378805
68.85185144218279
85.50337660229494
29.109920553499553
1.9955196253582517
22.633914621144246
24.174462144963588
31.470136674178377
79.61079415663332
47.687513823779106
7.691762491298932
10.337474167299339
0.06300761592481256
-4.572332224822118
-0.10402806254333423
-1.4602541246809297
-26.98725451639494
-22.798085927207243
-35.34752105408682
-46.199422014528864
-8.241246570830144
-58.70161687565993
-0.40038871080468835
-0.04315152060184682
-0.013359451056806823
-0.13613020002926854
-6.0682595190195086
-3.5168349967454113
-11.10170176922963
-4.548812664690896
-3.756517029604158
-0.01362998114676659
-0.5501355582253346
0.0003773652438908932
-21.51839536270603
-17.76603053691607
-2.0171272391080497
1.8840964705673335
-0.16585037512921744
-0.7828960575091433
-49.74908339419488
-13.177931720892197
-2.7070552266245467
-0.32090470730601295
0.18776557584653678
-0.6967086864041382
-14.084061239599896
-4.45111188919968
0.07443713323209418
-0.5622018239032609
0.008590927807766961
0.02050452746772258
-6.473341746553005
-10.964087778969406
-0.9491667620894272
-0.4093621336824543
-0.5267671878402137
-13.102723081859565
-7.447954115478646
-7.281074165929541
-1.9737133878931725
-0.03694177329387303
-0.44561150830360946
-3.716837791393643
-0.0005260031588734472
0.083723497375959
-0.9421195404913423
-0.5713176386520639
1.8961024247552403
20.61538384248083
76.53252582423919
0.3038092782088394
3.8546790595397757
8.147183885479047
0.052305554932149445
5.510286318542752
21.3852015327351
1.4514713839828486
80.08188241627583
124.68202267932224
1.8558619398276932
6.241676464447368
8.529335391831067
9.898198597429511
9.978024333500741
0.6115617202282401
25.268664450201168
23.511474765289112
0.29939392020550926
0.16348643421628847
0.902359236744157
0.3341067278238573
0.024350801355180435
-0.01866457864523074
1.7511468905252832
0.9470118076273788
0.2625814032292938
0.050829188901053694
-0.0004329770768787344
-0.03990949176620368
0.7169220526019681
1.2019725244122805
0.030738969286887744
-0.2567109742423635
-2.4787986037513603
-4.023105780849482
-28.173351676675075
-19.842283132091726
-0.18287212670848071
-6.184539390745576
-0.15871337647126776
0.004062086551661345
0.9296441025194327
3.8707981567825183
5.049238742548217
3.4362663554605297
0.2721749364578552
3.1487996439271506
0.0055611432537041264
2.5916049598923716
-0.0009124167901953979
-1.4902530849288464
-1.9487800795525287
-0.7807120335579927
0.08256385937078106
1.1288816120158203e-5
4.518157766244584
-0.25357395693031193
-0.8138765560634935
-6.430091895963482
-15.94685942689065
-17.612055168783183
-10.590452271991738
-14.298288450694264
-5.63683032843111
0.7783591891674086
1.8997278326692912
3.44148500524042
0.007485495774029222
-0.32541374897826664
-2.6334779783181563
-3.634728388281292
-3.174456001706768
1.5080719909340838
0.0012276110118664707
-5.236739460915844
-25.84877025533973
-25.61702081799028
-29.955303763309704
-0.5448797260256125
-0.0046242778196136855
-42.74233036590619
-9.520646091932392
-17.901476681539343
-7.455126489715183
0.03465868577754461
0.02244498037691128
-0.03477175574618454
-0.009361262640449779
-5.047269242631653
-17.18847628119532
-16.763992678580063
-5.76839736263581
-38.38530223846524
