-1.861055135737661
-0.0038038919592203327
5.7757558132795435
41.54214925157129
16.473933477707828
0.05350729494381895
-47.825567865203986
-1.667310924373461
-8.108963382556755
-3.6298728176799493
0.25641776144068856
0.006498346244292339
-3.4028839112563958
-0.03891350076105353
7.0635042426208745
0.4373202068783329
11.201817692518926
-1.3395712143221636
-3.7788169073965476
4.515728199850816
88.69460518343914
1.0189478996399257
0.09326525954403912
12.381806938198002
0.003016490509463786
1.3980939316921888
-0.007590359748711231
-1.7664411402067024
-0.47217468210624863
-1.6065319608802513
-0.00666648450180755
-0.08426680145278856
-1.0575968432532212
-0.11249731201114538
0.6714712852700098
-0.48000498213252096
-17.47538323814931
5.952152556279325
28.3762103879153
0.4350753817942712
-0.009620726907149137
40.25643505472665
5.661544176619887
54.788279092665505
-4.675733008862312
-13.606739630072443
-9.906700125443843
-13.60062773522093
-0.4542060297500039
2.7404700470248384
12.202260466339032
2.6423049902383404
-0.12953723045104595
-13.928548819022462
-6.032454548450394
-0.007950423347511311
-1.910416865723609
-1.08794242868079
-0.000230279747986233
6.5932130003887535
-24.86606387164169
-1.4592076263127163
1.011876725686186
-24.213721270601877
-0.1688673670062639
-0.019882526260669792
14.492701503308941
27.902901160360702
32.49745728828957
-0.014982748783116139
0.4506337241407071
-65.13700767182227
-81.67766637364588
-38.171552935204446
-0.4967816447431918
8.851471452448606e-5
17.855794642876575
30.647183484384165
8.904080769299272
-0.0339437926228448
0.030492371372418742
0.09068010259459572
-0.16916392775363015
-3.425984290117341e-9
2.5271769924406615
1.0607732958125011
-18.617077680278815
-0.14445381131922533
-3.5953991680027126
-11.17634632824744
-0.6432347002280489
-0.000381406038044539
-2.642745889186573
-34.77215347769739
-3.2891170329505255
-5.201028490735822
-0.4475826546913033
-0.2686517308932023
-7.651088799737224
0.24325601074773384
0.022031628391004015
3.588758826501592
-26.395181471283536
-82.73112360436404
-0.16505692714007367
-11.557401953673514
0.27862043013657634
0.27589612940129077
2.294816882441506
-6.036756024616094
-31.234829500871164
-82.72392098568068
-0.014879833685823428
-0.3203327424792077
-1.5165391558988284
0.03394464198521576
0.033040381116922306
-2.785807004824388
5.895514558718883
3.521570353594548
0.015368477982492827
-17.543513411105348
-18.590294448154694
-2.509579813902259
-1.588801629657696
0.4022702565135897
-0.5902054254708552
-20.957499763204574
-0.7041673723879445
-8.579649682358283e-5
-12.51128451738646
7.501982072676745e-5
-0.157569280066054
-4.094268283756632
-0.24025431330646616
-4.220143638263868
-10.174744113129131
-0.620008478534209
-0.1588942764242584
-1.4732542428855462
-0.7218296731055365
-0.021597749426453088
0.5739497411057033
-0.007854197557651843
-2.188924735776537
6.378966165241196
22.599894433405993
10.025962763373451
-0.019073541316243173
-0.0008711245172169265
-0.2350442431684108
-0.628853887364827
-0.768083638204622
-0.1695138546874284
-2.447981777781997
4.625975067721796
1.327592394106268
1.0820266359975557
-0.32748708930394016
0.046781671987427054
-0.5415668430461741
1.0311260930393225
0.38612630967345524
2.839122602455988
69.19671337001324
40.20667803340157
10.562067217765799
7.992277403991934
-0.0006710865063212242
-0.008256904233034629
-4.401802076556412
-0.026910369164911192
3.6731573414332424
-0.3311657977842196
-0.31074988784139435
-9.564907127963425
-8.158593173541117
-28.498769225990802
-8.845488873545511
0.03401883397383393
14.826128639329323
0.8451799729301255
2.443310316002822
11.621989746893135
247.5181149586161
97.2274370073063
26.77713564016218
12.478503519542299
3.0442483570026
123.81815234358689
14.420320799521486
-3.514156502627288
-0.8719216780005953
-2.0515344917302996e-6
1.8537915890960963
0.23971441550975028
0.16484474266058188
0.18020849918042153
-0.000511714353805025
0.3177876643460611
-6.039747616286013
-37.86553747506394
11.105179858047759
10.176406968835007
26.43811235629151
5.808591375698236
3.596776150662623
0.01932406850100037
3.850062203060405
-38.55084273477662
-23.132118787958635
0.9885571996207932
-5.772873996977606
4.984768685736192
1.2345016323893787
-1.3585299260658532
-3.7668414180896357
0.18488048639404792
1.4865590978510885
0.21222448455057666
-0.005341577694381193
1.5751472811792127
4.943266647252278
3.1446632421388236
9.49635047636654
47.81533005428908
13.82880518172931
7.404835465176799
0.3008619939287191
23.156854702357172
-22.93815202007994
-9.875396426310953
-12.024348804874966
0.7481354198147329
-13.681874169992254
-2.4752731813895026
-39.65292904835405
-2.515152459945633
0.039698002871598165
-36.262337963131856
-0.0014247944716694024
-6.187233471453884
-0.7987919618344835
0.00023423248300781136
6.645005240265737
33.71986071997941
7.729589070589977
0.5487327597309177
-0.05799232288917148
-2.1331568983666984
-15.200147907665405
-9.42932994943652
-32.930435330878794
0.0004193001596722307
0.4510196192740116
-2.2281539707529987
2.5785453277520896
-19.48681030726908
-24.27783886415735
-7.166320836650112
-1.7253515841914786
-16.720117478644564
-0.6593870514713256
-76.70163963502462
-4.745438495246464
3.445668831124866
-0.02370507204320807
-1.636885389687781e-8
9.201982142138343
-0.043972641396203084
-0.8040372564680759
-10.229401383524559
-0.42840656361423296
2.919895851889261
-0.017114764706657445
-20.656631546799503
-0.35868956928766527
78.72549940321312
32.29357046316897
168.3796776573313
17.348295204616832
8.853679735833765
2.8267829145342604
-0.049841635877490346
23.02171154385064
1.8597347500304005
0.01362339956710358
0.783132728672384
-23.11619477858394
2.915429793856141
2.951773105403452
0.22125251606188173
0.013037810631512936
2.459836519995189
1.47173960476334
1.1552363621610273
-0.5667693646781106
-0.5959920077572224
-11.920513224926966
-0.11760055847899058
0.020173218525545586
0.3602471779332135
-2.7967965798229426
-0.0005951902977788783
-2.638997734789511
-0.7291288898348104
0.080747857163877
-34.07374445450368
-8.070719218561742
-13.917921790643348
0.23331623329816956
-0.00685533268375771
0.9016679010317831
28.77649234518284
0.007318297543765721
0.00023946404717531592
0.01082429120018686
0.43594789819371565
0.1444692332081817
0.00010482644434579725
-0.35261233436726425
-2.224404595871933
-1.9396299160808936
0.6590911112918884
-0.8672216784532055
0.6135510678259514
-2.277282291427728
-3.7982319533590534
-0.14896075690204072
-0.5366580062316905
-4.974910051354909
-14.244344656072705
-49.154405131809774
-0.04247239318605888
0.4979264477850853
-3.015615468398217
0.0503284467243769
-2.078194707117992e-6
1.7571233060676623
102.68448223466102
3.4097586746101207
-1.090336685655891
-3.317221574674702
-0.0126945725039027
0.5235982380050286
22.192066662246116
-0.13336702909339188
13.08644132731746
42.1004196287227
57.730902591350564
3.651894740247355
-0.12203292349626436
-7.9318228754192255
-2.1035897959919474
0.0012236250769401573
2.884278682990379
-2.048218895608083
-40.88155716784769
-18.689747753129076
-7.58654809311556
-55.31670034792988
-1.7600492454574834
-0.427113337682511
0.13345618115640687
0.03155869574087659
-1.6362768597450221
-0.004021898464381311
-41.8942714450899
6.993088177150774
103.66975560328257
6.57184070711284
0.014159469535691147
0.0461456409105679
0.07895734496166049
-0.026806743755453364
-0.125982199541646
-5.838178544946757
-125.75872536364813
-0.18327671953326802
6.944098998702291
3.079837970687797
0.5611799692969011
-1.0702673088851464
0.679411861335383
-8.44285653151966
0.0006444194118481632
12.618128518954594
4.596177133562066
4.103782594664666
-0.014840258265877235
-0.22385102696966316
-2.2079690410702812
0.02147328141809599
-6.675894875851679
-18.318305834956956
-0.07339178147645338
-0.228839871009669
-0.21357774222106007
0.014321226919910097
2.1550946287812596
32.27034101164447
7.964418397433002
1.168372260463274
23.916296757794836
23.481567420429734
6.144427714451731
5.661361263891783
32.424007892481846
105.8575466076597
89.68714293864309
0.4821820770281831
-28.541028217641596
-24.22757156165302
-0.7987246862793826
-1.070460894618628
-9.511885535027389
0.39736222157624557
-0.825391232758238
-0.5691605029218684
-0.5210066927298419
-3.396283931917313
6.828036308020723
-4.065478259611057
-2.6232215340140166
-22.435674555387696
-8.60157982442971
0.0014652792391550633
-5.006265674763665
-6.136731770780261
0.03152226261345552
18.052468289980748
12.969491208224024
1.414251497817609
0.4727818315616007
-5.844662264319666
-11.745747879123982
-38.47809597382565
-48.63733988984013
-2.636453892565044
-0.0025576810826175352
0.4896557284012518
-0.04485716795872838
-0.000488422620884801
0.07681291427188994
0.9612186987468172
310.1927025882544
162.1350827849178
121.13919873214346
304.5269865148446
886.4344301365452
370.5383193487756
60.397669171262166
17.99915164322548
0.6025342557258049
1.739207329430338
-1.850250254048383
-0.3397244345243601
-2.4150604868906225
-44.85695724231192
-12.932484342482242
-0.052062894093055555
-17.076612252467392
-5.678298874187923
-0.7238803773744777
-3.066136152003735
-0.005999560041187202
3.5811048487752033
-1.369594520388962
-15.625356971481526
-3.8466529348792053
0.05799427832793491
-0.28966653646576
-17.23750678113053
-3.1834800269078865
-12.725876078778338
0.00287159667156561
0.13677451947050043
3.67636820123768
-1.8458510663725056
-1.267351357065969
-2.877816733622583
41.91317896148218
9.037299340423061
-3.019462151451492
-12.073273202014889
-5.9745984879790965
-0.0015890001942451978
9.37183063282142
-11.569014387687034
-11.856464611875278
-3.410700192715306
-23.50347009742129
-15.003725491301886
-29.797112733758922
-28.141301123194193
0.0006817525281820826
-1.1787226308756154
-4.252083205886719
-37.192294699606364
0.03403957895737633
14.244458883721714
5.308291206924046
20.699051707501788
78.34618164184226
59.15859118523596
11.353659320158519
11.12613358847055
78.7183206465119
90.42396801837921
90.23269454640958
77.15542052899407
-0.0004186534325782707
20.41785506825579
3.093143552249488
15.415692611171197
15.163025396311527
0.37402551058397837
0.8729335189597827
-0.3024640629764373
-28.842954249181425
-15.78720741724788
0.0410063241203176
23.927750849293155
-2.908255817585816
-0.5195634451985485
-0.864603080942248
0.06361174037691315
-5.766102093206691
6.377837613839818
-25.2957442835603
-1.3349038208385329
-42.63031833368964
31.829812609824128
150.9210112004341
125.0512340369494
33.30654985957815
10.036165594780242
126.70876469516583
144.69953707407856
65.52115571420956
2.790883942042255
147.34314347670966
61.1904229220019
0.1624898613930822
100.01910373913837
223.35647324002016
0.05942746632247973
-6.799608295256163
-2.0532698772494067
-0.05257655626500037
-19.642976828899556
-6.957749036862868
-10.96607737632462
0.00012252474975421338
-2.6940690595456984
-6.778552418966903
-1.9057355211637137
-1.184766770592945
-0.885192938151143
0.04125288026565562
0.0011807035614924914
47.98685947664905
2.067118167223549
-3.7846002920840345
1.0314152059006794
-27.901778188775708
-3.4171312360874198
-2.4723211852038776
-34.06921721983791
-0.15565374161008563
-11.368601262912177
-1.6378980227342703
10.222395901772904
0.052688792540184735
-1.811584952752197
-15.72024656633579
-0.37448547686864153
-24.55484205430618
0.8995013388318349
0.034246085458679146
-0.2052500712780078
0.6050255521224649
-0.021740138705740455
37.936610875091304
2.826679787333834
0.1436530062645707
0.07159691972608881
24.35355357320916
-0.006112904076089763
-0.024230928813093824
-0.01130417511546928
-51.05684316169521
-0.9165728082663107
-0.12945283318764084
0.657197867454359
-2.2443684761673093
-0.1798276581520307
-9.260009723578492
0.08176197158640487
0.00028996980943741797
-0.006920558789972648
1.5620976997596439
7.8134192283368735
2.417533675541991
-0.08526332625151734
-5.669132913542573
-6.706951563043904
-10.316791511174687
-61.7174624930418
-2.8037589183298386
-37.77920901352463
-28.017367494244468
-9.914519916745242
-0.1756440265234164
-3.3040835930433134
0.2755957584585547
-0.0006183263966715039
0.18518747471798958
2.920233312450626e-5
-8.507957745825691e-5
-22.070448510675714
16.32286238355243
7.760729241437891
0.04095111588790792
-0.0032691416108923707
0.16987822127693103
0.12276203240203289
-2.0484769560190487e-6
43.51100731503459
14.520817651796882
1.0822193130703822e-9
6.557242745204036
78.93594832152657
3.754287906027572
-0.009518152628797197
0.020060117932416112
-0.2326813996501532
-2.4869006213148785
-4.9663901384040665
-1.2558214516315278
59.49676614699459
133.42433025149026
60.89341308248283
7.599210956090895
12.248639777972532
18.844908434911158
-0.22282703975764973
-22.21815437049292
-26.08593991734156
-0.23559623902874258
0.9122754176824106
-4.680277621515398
-7.176874101019689
-50.9319012777671
-14.75946646701577
1.8417505501911473
98.93201836557034
4.622344382475158
-0.026542323489231696
-22.818731888056913
0.00707734351547341
1.4886094015167347e-7
10.600611009333445
4.314431706669421
29.53565014416598
35.64091991275724
0.00243535657662401
-3.6060355398961104
0.38041212041517547
-4.0959027366157015
-6.227375802920612
-51.629997788205706
0.008202420127005016
0.0022083800041934045
-17.857055406793208
1.8218808319405455
-0.3093362515769154
-0.12411918942799048
-7.2313186284137885
-2.007374237752283
-7.733414290342576
2.7724848913543734
-1.6451645991225845
0.050314927879440016
-2.0416065954959404
3.826286385488121
-0.2708028987660707
-0.019496194774503633
-0.8289079565715921
-0.1277707661394552
-6.557814406615728
-16.106658083301724
-0.31195857215345346
-6.607917247663059
-2.8553643529089494
-4.216997455725813
-0.0001954125849302027
0.06335647456694209
-0.7935062845374034
-0.9195284383517707
0.30587417156649466
4.80205245806189e-5
-2.373133004559774
-0.0663239939707576
0.13172539342902906
-0.3391085460805593
-0.12995424976368428
4.245931560594892
-0.054355183486168406
-0.4359340724573715
-0.39988444980578935
-0.0039644846436099725
-70.593519435381
-3.3558162783425054
0.010706219506248713
7.628362724763544
-0.08476133559768696
-0.13931226707622305
-10.588895614414566
2.692052484785644
0.027984172980795315
-6.804740284780257
-16.454543997559234
-14.146677562496714
-6.360230974526632
0.5341140825429744
0.09337611465996316
7.503620831594779
0.014262053049621791
0.10399934863192478
0.3841796719983848
0.3559079137695654
-0.35849809564678853
0.12306072156879
-0.09005837103160384
-0.3722377796968703
-12.586939910700714
-4.126051281112271
-0.8862518690659639
-0.0001444088107846061
-0.8663263948556849
-29.171111332932174
-0.5419516592934398
-2.7227390770342494
-0.07273606683959147
-0.7153470160779358
0.01997686531253319
-0.03543053761665259
-0.033931155461219796
0.09121166052021806
32.935628319859504
133.018526751916
26.471249693425037
2.3451900174369396
-0.19522101529222177
-14.330186941616326
-0.4349267555418937
-14.274021746575178
4.685189484704457
1.074183884959632
-16.12726721777974
-0.33220927066392575
-0.004636010657626669
22.582163411682547
55.17480900584149
14.349085331425696
39.74326150845506
21.493764145017547
51.25974845512214
-0.603685350524397
-0.15434802562986896
-10.619157258823268
1.4143309013597172
0.7657192925716801
11.78332339997134
-0.7031846271126178
-0.5227608799656412
-22.05853925745478
-2.944437737991108
-4.555431412021425
-14.973972393101759
-0.06982476393226442
29.329483046223345
1.112066141637442
0.025531274006236573
7.652535423682671
-0.22828040816973222
0.02061475914909573
12.701746103665593
6.493903442469458
16.611774795036087
2.905265412123057
11.194169766604995
-0.37905976375624556
-0.44146436328360167
-0.6892884123604403
-0.0030661176943860813
1.1114180885404146
39.95348635263174
34.014800958082375
-0.22749644563013
0.33584832887000776
14.018505527195547
2.00602127796357
1.736090769019927
16.88786120528849
-0.9184825765589554
4.639466741000274e-5
-3.423873191809033
-0.023327903774153357
-0.05151410279851458
1.809158991421334
-8.371799389143549
20.601048947985653
80.42292374159054
4.595111632717606
-0.012088251618832348
-19.520338015041144
-62.73671564237528
-0.006088921262451422
-5.0822097649248565
-25.381631757863943
-1.1263239838266303
-36.631641649059155
-16.960256846803933
-0.410242655799973
-2.111611303719375
-5.868667135067267
0.06734305872855928
5.471480080300566
-0.07307743163034239
-0.07265251338796833
-26.75505261219316
-0.013618095190292263
-2.2753353901993165
-0.058325296325819787
-6.825887913477808
-14.543771484475053
-9.346177624063817
-4.485184685534642
3.8404596230339934
-18.663304483008137
-14.93896761026039
-11.59971877337835
-9.112251301570685
-0.8624528726218524
-4.408365738667692
-0.7958911231174534
-2.961848429414763
0.2871875060432912
-4.36226577534662
-1.3643107609950413
0.01585396005468086
4.733424930282051
-1.5882621967991908
-26.380509905609273
-0.15524573968037086
4.814835396555635
10.359309975976686
0.027065457758120966
0.15905818432262378
0.011015575718883616
14.513488031073928
0.18926374217097935
7.674507198785277
0.5368554337744941
0.3430089001326797
-9.24310192302327
0.05721091563074304
5.014663358319499
-0.01881283487057126
-1.3408856418309633e-5
-3.1081768622693953
-2.35039027894411
-81.69777565658379
-28.28565554688115
-6.23221280216651
-10.371043232923599
-5.411711239779322
0.002151792452144841
-3.217048119654284
0.9137475602888273
-0.00043167414860546496
-2.8051745053239654
7.711215847428202
19.06113228715718
10.238134226695651
30.274376935529833
29.600335652016696
17.164173035367323
-21.69479625890152
-1.5482075826995971
-7.985949606184786
5.495766723029706
41.05610851538712
38.82737207497487
76.05567447783756
8.306338327366968
1.6403793428107991
-34.67504901223735
-1.2597386128407
-0.06035886803853376
-1.7466903080676346
-0.004665206781308829
-1.7743980393973477
0.002364063068843791
-2.8991544100536664e-5
24.211080868494744
0.023093574981419247
-1.3973186662777912
-0.7847420322226625
-0.022442271232580586
-1.757264607761138
35.12222997762751
0.935281429105204
-13.25005112192391
-7.073045812378022
-7.317917071931948
-2.1855638496897676
-5.350572718156298
2.1737563649598313
7.377222436354083
4.248788147082718
6.970234483931075
85.51184633720155
-3.972035934064803e-6
0.12581999047897155
0.604269466630298
-0.07996018289004302
-1.8328280703622357
-0.8349731334397188
-0.3792638913367236
-10.96330745882788
-2.209739633211048
-0.02026156153159222
-3.382950452112945
-10.570674230163833
-18.29036464954027
-8.076206969471537
18.222735132982674
-0.012251875787002374
8.47690001508462e-6
-0.2970028283669373
-0.3457377606053169
-0.03161519007645371
-4.582897767306452
0.22777879592309241
0.9702173283487366
-3.6033397260408337
-0.00010929274921190677
-15.258879760039738
-13.2048869051125
-19.77789249029607
-1.1346889457837537
-4.218072676961555
-42.339874197442875
-37.511869771293966
1.1189213370722166
0.0005722913322372442
0.6716831639159745
13.24135379118818
68.06541095013995
-0.018924582453600333
-0.3887022156943283
-1.6090583478924114
0.9586197591766024
0.8063277085927586
4.633378261202112
-54.967608696881484
-27.140603307634795
-1.4831761745280767
-20.317730020369943
-32.117286069465436
-17.25656607247272
-3.1674691295881265
-30.747504168435334
-6.412697684297624
-41.763898657612984
-25.543634446097215
-3.4241034892989886
-0.6643150237588938
-1.1966215353032315
-0.18602523346886568
-1.4210545710549234
0.17572160351857444
0.16159419342089637
-0.0015098415164713284
-0.02050557192028342
0.3389599481983281
0.5506687541727884
7.2189063613270354
51.04255332084517
0.8252146874807892
-1.166511876401051
-0.08802672176636578
-5.843436055887558
-7.300435924636638
9.055286787482748
1.608072150324352
0.005890343344678042
12.674979133069067
-0.004303604819679282
-0.3582414264854574
0.6128063562037543
47.84819884029957
22.548312286763082
8.952850502543216
75.70450129118993
70.87602451575098
5.206425124649726
-6.474972764752104e-5
-0.18194619208442658
4.914105666874749e-6
5.587925076623633e-6
0.06321596812502626
54.39315815034356
-1.3446972744759857
-1.8702600461271015
39.12169368758253
-0.022193950440791796
24.96327430197552
-0.08483515198392456
0.14033700750291195
-19.773806668012156
-0.23604730035476781
-0.9178071820014806
1.0607639001920949e-5
-2.241736806384246
0.019934158593731523
-0.9204157357871361
-2.1733968825068413
-0.12220556847035911
0.011379447472967161
-1.6910319115804202
-15.428337316783026
-24.681890941774924
0.07775472021565752
-2.929237491219818
0.011933531147901816
0.5473727487357983
-0.4180677624311437
8.816141989564365
0.0038302351259427683
100.14953454830045
0.5621795415035409
-3.24624158497339
-0.05594013463209858
5.604441705616181
-0.3644102834279698
0.2578160233278974
43.666426792092345
-0.3456966604806529
-0.2836371669705038
-7.405067394551698
0.004690239080401332
-8.728247857093617
-0.22648697895021133
-0.1287301760655819
-0.3086578295466112
14.995011563107767
0.0010281030948308212
0.08087108592737245
-1.0416847834111582
-1.7053956482167787
0.25268568793950186
-3.599569090502377
-11.276028088694607
-14.656399762148943
6.426146709868875
-0.08304668027061182
0.04210174316433098
22.436616862005877
4.657105940798402
-27.44342292575529
-16.43549457247084
-3.1350910953395017
-0.655516828006701
-11.878246889268716
-18.609843178971776
-49.84451554580128
-9.63822352903246
0.04711589149229942
4.557151120238446
1.30033069441147
2.9163219876278075
-1.4081224189558688e-6
-0.00792514110107829
-1.4024425630721795
59.25637917094491
67.88021545223027
159.25292593103103
399.12698421793465
65.79543560567754
49.56527424246824
5.373742529037062
1.3463059706950689
-5.694259933408601
3.877204041023011
-0.10660104373000014
-5.9127639457860095
-2.037908523068208
8.750316189295316e-7
-0.1440315175517908
-4.434054373117662
8.797729368593444
2.4686458944982683
-0.726519925415525
0.04277429767447988
-23.783798395600265
-101.39213225669857
-5.573731603065399
-29.987204809893157
-6.9069532054870555
-10.567069499372128
-36.794585048793884
0.02116413877023331
-0.11115634303572561
-2.4661258003642166
-0.030336483872339393
3.2291416384646534
2.8151848390905987
-5.454171998552902
3.162310792826663e-5
347.30670519531594
47.406805944773396
5.454966912050656
-0.00016886862744148304
-8.95649890609489
-28.26931841665142
-11.517574350960956
-24.479461387538635
0.26744510024033313
10.441032687209791
-0.013042961125752445
0.030427313884168083
-3.2619584393148737
-1.4112112570999755
2.3679151667019
-3.380141761015427
0.054820400784985866
-0.04777339443165917
0.1082729341611313
32.93578601712482
0.6678411054632856
-0.9035156868667056
0.00834918961452458
1.1974734089145527
5.76339857474419
0.03473085017257807
70.21795305027308
44.82581988178617
-2.137502474871238
1.8564494114827177
0.22348241444923528
-0.3000282094806768
-1.6382401649575608e-7
0.03963232192572363
-0.03389683201983507
2.289452898906235
8.396942786231484
21.746069804299577
0.00826922606816615
-4.2679277594146375e-5
0.0855757925770559
2.0788666353269023
0.016684436738581797
-0.786801576668775
0.08979193915776687
-3.79872000177499
1.0835785605168098
14.015031869787274
-0.03654736842134562
0.0134600829296987
-11.003428843541942
-28.958867981853075
-0.7631022976583921
-32.85582346303926
-1.4844992554559613
-1.3668496042119913
-4.834283479300586
-1.4824425395130751
-0.439039131853222
-8.320810108197938
-3.379644869158253
-19.555644955405942
-6.702382610757936
-4.410389451329915
-0.06516506399769902
-20.27167148413502
-27.39942654812278
-33.2755201686098
-3.1627059345983857
0.022576843000697188
-0.3584303576886388
-2.0739893960052247
-0.6264506798979713
-0.0024863603269854907
-9.892316388972887
-12.889429966619813
8.951517222059946
3.1444987754980906
-5.727379058344638
-17.623296723657074
-10.251583794911337
-7.326173206241344
-7.282031978810872
-0.7345182111683147
0.2413413371535338
0.27082830774132893
3.1294473355178045
53.21921244306383
12.843026061549605
-0.04267974179825028
4.10079034943445
7.596875634384183
15.183413331073895
3.4906748404629933
1.6360414935110839
-0.007539559728190958
-122.3439675881759
-97.1215703666222
-15.702474855896027
-2.80116071561126
-35.20559669920915
-0.014273743362428449
-0.771457866420843
1.9373445375318332e-7
0.1622078915686022
-0.07969432699369906
41.12259664004138
0.0005908859560894943
-2.100669701997751
-0.11077976651868562
-0.47219629565198695
-0.38369963334704776
-0.1806107617312026
-0.01024163662798747
5.126354006298366
1.6392064074679757
8.094247223329338
1.3008731462842227
41.932655844061195
0.9531846802196813
32.751950808217785
86.2835002213311
18.187188066781268
-2.676498154980376e-5
-0.0010149093089025932
-1.515322932744692
-13.540874676527912
-1.0765657350273832
8.453304414225126
-0.22221359726805215
-3.3701777665609924
-3.537353459341475
1.067958408311809
10.613011794998402
0.4100105435167701
2.743252890329983
52.07065236156039
78.0245434114656
0.04258657871135007
17.83189752760323
27.69810144333494
-3.096936323152256
-0.4695535171929289
-1.3702304450935414
-0.3123288392004468
-2.719237248809537
-2.3246407366243527
-0.7078356376693768
2.507008111985503
14.432487395275158
0.039242526263708354
0.5520475121027392
-2.813530539864527
-8.157665229530599
-56.866566383704246
-5.270425527912004
-20.17474316396106
-23.61972564595244
0.45788909120430804
0.06589098106411685
15.296205771089532
0.45191749623970606
45.90639921842452
90.79229876082047
55.710145107611496
17.163477713104754
-3.40207593880923
-0.0002560378383237223
4.151349722683103
-0.0006945583024641853
-1.2739653879811559
0.13932978110110375
-0.03764016844037185
-13.181148441570894
-1.9600756280178198
-1.648148709117431
0.14073041384728455
1.0038387554340797e-5
-6.602420363086475e-5
-2.842368718643283
-0.23050143977433254
-4.8907904081896545
3.999183165766249
32.821491341317405
0.7051193796554518
-0.08808565358599843
0.2856742687915602
-0.1412664450521083
1.296767786549476
-3.762409995870082
-0.1378675210368276
-2.716857621065501
-2.547916927125496e-5
1.6424498311218683
-0.034774308494391976
0.00015343428546151912
2.8389138219963987
-0.039452173672353597
4.244158428736548e-6
-3.0130759424185887
-0.3804156312722143
-2.056586648668426
-0.0001225508261541396
0.00014442743898222273
-0.3334186826803083
-17.005385218753133
-85.78693030804733
-1.3421531532852757
12.175922797333255
-1.0663015971021963
1.749182909104098
3.937282449060974
6.176551226140987
87.1870751647093
254.21732989850784
3.303182681271716
13.277372892084397
7.887315118321923
11.625057677844078
4.415397511045028
0.02147561514103334
17.94982924161316
0.0745407195522021
167.32654611275086
32.42232499703606
0.005813474531309346
-0.34376090829301603
0.5037642525440328
9.910520518540315
136.78731868902537
17.5800600217717
21.173358871100373
0.34596658709591255
4.068614002858729e-6
0.05766220430660593
-1.818361668329606
2.34040645033248
0.07989433509530701
-0.01857367089293629
-0.006446788570659808
-1.4697690197012525
0.007204668965383525
4.023166541730204
-23.359107797619167
-6.730128977105329
0.028475941769734194
-0.28879613462853143
-1.5495332946865898
-13.297222330911088
-0.2816820395399887
2.9714633253164795
0.9250300928847845
-0.9707794312739347
-13.578224474148318
-0.004590224932524527
0.0046891611292467555
-0.24329226919708868
0.0543452073987087
-5.171629691322711
0.7560494081442656
1.0393301546344638
-0.05728537460211983
0.018585165268635535
-0.2636246135013415
-2.0613260213079845
-0.09313180235782914
-17.10880173865289
-0.010930450779158702
0.0003351898036284551
0.28943154681822225
0.040385344300413316
-4.395521440615333
-15.907238353824845
-7.568674258926197
-1.2599438089847441
-43.595675742851206
4.194413634546097
32.89346417469808
-0.178493023863865
6.023824792288513
8.74790907209584
0.0007969943538661453
-19.815983699170193
-4.445476883002658
0.6582004451985218
-0.22063588740654433
-23.32044075543442
-77.18587353030946
0.0559237584548511
0.27656217477842515
62.4730079400259
6.026191453017864e-6
3.7825618788406703
0.9201885244253528
-1.8874675463394064
-1.8650480538868779
-0.019323037880704438
-0.4585806771901571
-6.187471857874818
0.14952660888375863
-56.235933139965724
-5.281657744612741
0.09808825803469574
0.9007322534075889
1.9809600152630442
-11.355807419779135
-45.45876124510991
-39.93160912096495
-14.97673458643813
-0.008168625131953957
0.2569005490547612
0.0009229215128483067
0.3583956557707211
-0.006705024870185593
-10.820897362518478
-0.14987471679027783
1.939321599972843
0.4571151459339316
11.3783870856739
12.152105384840645
74.55774961096859
0.08102935164872206
0.0007590692678580328
2.1834094189590103
0.4937054234439257
5.887819711942135
1.7812874342521057
-0.7717290344771415
0.003260721803859742
-0.03499657259565154
-0.002395539282320596
1.004071370191799
0.15336534800763157
84.53664178566747
-1.4286628957998413
-2.6977911756055537
3.4477489738554605
8.84753788289733
0.007082748135835801
1.3610484130099627
3.9680901545801164
15.347091393242277
16.106816390005307
6.968108552629024
20.251533315030866
25.76792568075388
36.56181920725235
210.79572499405262
88.20184926084879
25.233190885284795
-0.1601724441653912
1.3503604237717264
11.789839140423664
0.2616031023006293
0.4123975853469404
2.9034617171313806
3.205159911795312
-0.02333344269710444
-5.151062040981828
-14.532992576130596
-25.29527320051591
-0.47884331974991967
-4.70430906540249
2.8427918458570245
0.49361804777670776
-0.6588912981224543
10.825377932718752
-28.075547140623126
-3.799260120753341
-15.295154990123004
-3.773200463921255
0.24157738938002574
0.09392855704296327
5.261728907549811
3.0360476848388704
39.841013834211225
2.480530567598982
-0.00020242444259293508
-44.40618460225609
-0.7909650383029696
-15.16632900084418
-0.03952321824541578
0.012638981607869242
0.0891955927591673
-18.465189131445378
0.1952725585797407
3.012878946207238
1.4772432560355502
0.5297193325049224
-0.4759981532686465
-2.7069623539260217
-15.56715473100527
0.9462439028584926
14.600313088125418
33.32604678264658
-0.42740396010814147
-25.399252227726578
0.03139827241388218
-8.483547020546123
-18.731325936448005
-0.005494847047204256
14.606372439020612
6.770426851972936
-1.679554280120398
-1.031130569079475
0.031483407268789274
2.4713096348459
67.62043452723682
2.667215223800877
-0.01586758730801182
1.1028201649529663
16.44457075232341
39.48144228479427
-0.1662017477548141
0.05661073669418905
0.8443525264859537
11.495188488490637
0.06193710172771332
-0.07084802130289553
-13.390704842260737
0.012568725607421187
2.636704260415921
0.11909655858484303
-20.135841895139084
0.08880715659613711
-0.001139325775412159
-2.6135226132406464
-2.57953303062618
-124.95095528234279
-14.149592146158552
-8.047000737271459
-0.019377304632273613
-4.647508933372832
-26.909466752412783
0.00019162590854700955
0.04692692726364191
0.843588697162952
-0.11215253722786084
-13.70507541724283
-13.014495083442393
-0.6030874706413122
-36.890022815484386
-4.72013992742222
0.024365476216050338
-2.1787163084186263
-0.0941109889341803
-7.22491722111433
-9.77472404804418
-0.02950191751830959
-0.001499622352078273
59.483621120172366
80.35669412333928
130.03720418056778
44.899490186551525
4.940212797744266e-6
-0.0036966423781735233
-17.05013844902606
-1.525656219561808
-0.01978259268030507
8.561785151042358
0.13301868602883035
7.320278887537232
-2.6266317809547117
18.861277381840004
-0.7447649921111662
-0.6958780411264552
0.01699648194261442
-0.0002744079026321303
0.024262748780881024
-5.885096167751413
-13.406596296296721
-0.09334385456474605
11.93947358605434
1.1521576132449631
0.7781169275486208
0.24058240697684713
3.5863918155646832
4.987156724874889
-0.26187700445847645
-0.4161143584335139
-0.11056093995721411
34.84495686779515
-1.6175525678951976
-6.650636129924366
-4.984375784649842
-0.6811590588168693
2.6350958236968833
-66.21678139934856
-4.051258578955094
-0.6770737242668927
-0.5766290744205218
3.6519091178753356e-9
-0.46353605313303453
-0.032333316015413095
-11.59584465969507
-0.08054152179785548
-0.1262419741804236
4.453828033213743
-0.7507409354085098
-40.02045717120283
-21.382557534784766
-1.919322072153846
1.009260781344287
-0.5273027010525669
0.1106673681030258
-0.14422985131082972
3.4165398426087488
2.354378645278935
-11.530692027612092
0.1713241293053521
-0.8704331104530119
-34.2066006637156
-2.4996404720556034
-0.014299561876585314
-3.318284385770394
-0.16340331576226325
-1.9910006705475942
-1.5337299697334934
-29.96822390690694
-5.628128805012225
6.18266861362304
-13.877596845050821
0.0007913583679443975
-6.607601171249362
-1.0186697409097092
34.91253018221592
5.882969120437526
4.8416619095547455
0.09764342253919223
-1.609948185617916
-35.60305134514692
4.210700096216509
-0.9479833527123839
-64.85880126310407
-7.839133736923751
-19.943713603130075
-9.49672165333886
-4.210698147768203
-0.1139557487940492
-0.1772902036130618
-40.25224216102955
-1.5487241665417102
0.001019920446770542
21.643423639064203
0.010818750168779501
-2.258197071027881
-0.2627272674172368
-1.2073241539107362
-3.282360128846422
5.181976576828875
43.3768456994081
1.4741043115508137
2.819673222625461
-1.1210370606332913
-5.377218598920927
-0.6706240489857692
-0.017175031542805884
-1.059767039526979
0.23642251164042416
43.16663412073541
5.557157129048993
-0.20679234467274202
-1.7539802707354732
-0.0005027863958049163
0.3932395644517478
-9.357867746348075
-3.0057641916571805
-26.641870986358786
-4.8554145871245
-21.311640730691753
-76.9249086063879
-7.745492366739169
-0.326046063587819
-0.003388538390237996
0.3934377830600061
-7.871569481342767
-3.5549960884032967
-36.91516420504781
-15.138151028166332
-21.053477431705105
-15.181867954384149
-10.460679679414412
-28.760268631770096
-14.742475818535391
-2.2703794673313484
-2.286012479986624
-9.868760637884629
-2.7741029628081066
-0.05336696767701206
-0.024600188179645925
-0.5290247813571644
30.9662210500324
28.881663520639947
14.643726393497943
38.364327334922265
0.22314065911770573
-7.408864956315181
0.07641547568404802
-37.33487077070948
-7.437396773572426
-1.5823698814427405
-0.9237935792166608
-2.551872846938786
-0.5523281538697933
5.831899889605518
-0.05473702291886467
5.91797104755382
0.004033697928281167
-0.007945137565214814
-0.393015595597397
12.773938067471006
47.63574638308385
14.379257124267696
8.249710699059031
-26.224683747631854
-0.03393431627075174
-0.002812286151258811
-0.24125799483643084
-0.00013507791883917683
0.12756932646886804
-3.3686714809595952
-16.562110754693794
-0.17452143392171512
-9.985250803929398
-0.00411448955292369
-12.023172923874375
-1.060003881315914
-5.155576845127999
0.0016888449982533573
0.07911710675601753
13.844298161548744
10.186301661497343
11.395905716751855
69.63431291477497
15.8639468248878
-15.659394879016336
0.08996547199685821
-0.23640437899816116
-0.549365911634432
-0.6995532306752998
2.7163571323343554
0.035371319423875544
0.1489249412519306
20.06984745714905
24.331378445506566
19.285122566378703
-6.110465387723937
-1.143841233947994
-6.68016861366828
-51.720411159861264
-0.5917752652769245
0.03757119703503357
1.2396838149604228
19.725385817565773
-0.003494447280459502
-5.064646161293649
-2.420555515559479
0.19187492233505157
31.736467656071124
56.98348552079077
99.7564310077664
163.32890032631093
401.5793218303183
169.1310677705086
25.06315802060206
0.015725734441516783
0.15472471821999303
1.4428922840953216
-0.10489126282369708
-0.011164992397122457
-1.9464382151303137
0.001325076748261149
-3.328154717041935
-45.002899889968475
-8.77131715508631
0.3006455737443094
3.961196236416424
-38.74392406254657
-0.4251472563120575
5.8459855612024185
1.32092384881028
1.543448406821143
0.20711487484435517
0.0006934430397848189
-2.1151575129965092
33.61338579568089
83.90963079813483
4.557716801129112
7.3826802805344025
0.6479087523192613
-1.0169967585891142
7.512578043496589
-4.901307663276704
-11.521672832375732
-5.861116476392154
-1.760739717740106
1.9401539115717183
25.651201243859106
14.503633175934981
39.82271034978786
0.03885595030100029
0.0009310835310516269
4.259522377223498
0.12610583146771526
5.409131166066767
6.978940382944512
-2.3378720678568548
-6.40740337842164
-0.005471619977284194
1.2160201838329388
58.72621201142754
2.2689093685594055
1.5426556681421324
5.6145743360963465
21.455471326498472
6.583563133224409
63.6453656567637
36.68064661895167
9.978829650997376
-4.620073352236923
-57.94766049467738
-32.10158243491815
-0.7445698573853924
0.03797114263328469
-0.0011772202816093284
-10.351767002691707
-42.10129330366554
-0.027860274466745064
-0.3951340427835588
-6.580666238762712
-8.672567497898733
-1.7594513804120686
5.609364323485232
-11.537549235440066
-0.2631194720702606
-0.20500933101493424
0.7374483163253269
-2.3083406555669046
-30.637560533104136
0.5973960816075682
11.855595271153469
147.4414468071196
46.6318316906252
29.633112450117654
37.30640354758461
76.83583152145914
-2.3885585892028875
-4.862362044279004
-59.47004441639392
-27.28039229857637
-36.13770060927792
-3.7064017828015334
-49.017008239016036
-0.0005950769514944999
-0.31105044596983433
0.08214583058333585
-9.805517653195993
-22.575503600860024
-5.666269648818296
3.239045171376332
1.5170457349776787
-1.5932947357161371
-15.55016494490919
-0.36886281139652244
2.605409364779699
-0.07426743777094938
-3.8422867670114313
0.5252965290592835
26.818307228823407
0.3837357690431597
-1.8698755638881324
7.079883926917444
4.3284070916670565
0.004762555270677746
-0.00040105508430362906
-13.926996437256747
-0.19639918684010954
1.781346615385998
13.372801198393084
0.00514368131088744
1.1219739525771588
-0.5923577324873917
32.04959398975337
40.19994155231033
24.747231081793156
2.3024763800551717
-0.010249872714933633
5.397253324725401
-0.9522843163186737
17.98627666516563
46.9227265909148
9.802777011930637
1.5686786248360562
-2.095891334059908
-0.009611764195786642
-0.11399197113764843
-6.325473354295207
-7.114174159077384
0.3930306271054045
8.794157219535624
3.9114148521086056
0.606278482999933
8.205227871945009e-6
-24.905658698498424
0.5651611590223785
0.5215356608850045
-0.5478972927324512
26.94338803529402
62.19894525667437
10.91831701293733
10.308516373194186
0.47358292640157335
0.00633625699645149
1.1388785536562142e-5
3.394215639230482
146.16335056051597
84.67895243957254
3.469149165439313
-0.0001208018585247738
-0.9644535362341646
4.507399730483674
-0.7588310736657979
-14.545545693271544
-0.06414556093885795
-0.025028805260322508
-1.5308756332494182
0.1339187925434879
-0.7332810921068034
-22.514189234657668
-12.535147141376353
1.9309940824656857
-3.052995160866123
-0.033703323225734654
-10.503274662905898
-0.7073492238862439
-3.607980127943111
-1.5428668533752463
-4.204600087314509
1.736225867716676
12.622119904368382
2.06947196422589
-0.016072555181302958
-0.8353098871390826
66.55340909623446
-10.909016542449088
-32.88666014198278
-30.009970950909796
-4.8230666295044
-0.6469966812704984
-80.19794823700367
-69.1803588771678
-10.70946790998447
-7.79020311098411
-0.2037444870563632
2.204495331044657
5.996026818518761
10.678329183849026
-2.2552831475528465e-10
-0.016022326104262657
-38.07021909913741
-18.07089555619547
-2.7037068328047393
0.04867851987420566
-7.776348701457759
-3.6834303068206196
-0.40882054263541745
-2.8061847835499507
0.15510211305621452
3.771988518396982
-0.9550857789862649
3.468538485832926
0.5347525421884464
0.29977408733165933
-0.0009027750161073943
-0.6233610863248616
0.6608382265318216
16.428384880328114
