-0.02865476582344953
0.9096474343573357
3.273244063875817
4.023355460400411
22.276138980410256
17.749859964371137
43.374382924618516
20.72907415695962
10.176426299557432
1.5287093405884364
31.41764472885805
14.196722324020316
17.49985648543854
1.7281664430548762
0.3688373188249649
0.6583225998376687
0.039786226349370096
1.333908496953846
0.5650271777461255
0.0003371399569031291
-0.5863202417700673
-0.3775633403036445
-0.004824609358213334
-0.569551770674991
-0.5792785458061764
-1.6913665764476318
-1.5060304503472943
-3.331611254542252
-9.50228520267421
-14.833419966723035
-15.056515557604834
-18.616784337783297
-0.7874059972511745
-3.102137961287431
-0.25686970531496933
-0.18792866159037228
-5.521583170950379
-12.716145678036598
-94.72761127556615
-81.0544315049972
-74.97586969822143
-21.701976370240466
-47.38454671448167
-12.738066952475528
-3.8901659443307297
-1.158408490908868
-15.560303117578732
0.006651716790309733
-3.7162358624646754
-3.0812847753439887
-7.026765220077946
-36.41137942868071
-38.14109062521288
-43.09453559549994
-43.89451253629563
-1.7629065266251331
4.1430058280649975
0.6556419534811684
1.3017924775261953
6.701075117879608
10.240299620224855
1.4735282661622602
17.019507436451242
1.247014543743497
0.8548032442371035
-0.053815716276030344
-0.4486787621772789
-26.40939279075946
-3.8261884267410835
-5.439443002340789e-7
0.04245177091801078
-0.4798337805538322
-0.003625034136341231
-0.859260603304228
-3.201400311445737
-7.125725567271671
-10.859012757168438
-14.24943090565684
-29.716622745475785
-1.7694238372579152
-8.600537765512708
-35.63054422669973
-33.337995893030914
-46.14571273415685
-64.15779651526151
-48.09000565939719
-26.03723044441432
-45.305833243638716
-25.011250235519892
-10.812523710745737
-27.794410452818074
-27.950193172109593
-30.960989801967862
-60.982721766258166
-29.35164098391093
-7.417976207858365
-2.915609472755848
-28.19748069871519
-4.355389585617868
-0.0014003134972750417
0.043297760202206916
2.7587714409225104
7.767224269252307
13.764525376635277
8.301497563805656
2.5435721598704992
15.278019668090186
11.604031964658782
39.20081299895086
7.396994627756079
5.2881418921520975
1.909506601034931
0.27980534434697607
0.08312268037522774
12.319225808702237
22.050257670711247
3.452972659527391
2.0238287003033983
0.03516935586517902
0.09864766981501075
-0.09893503413024406
-0.002064964014332449
1.677127895526549
10.0832671737319
40.18810290855957
22.41469250343985
0.2559526552208428
0.013424888255172053
-2.40901858306737
-7.065758916106963
-14.24756176293461
-14.132848905906668
-28.170090847854954
-29.5296013976022
-0.5495402248626654
-0.35484540277250154
-0.02045860266627742
2.4812074313736563
1.7588436328606698
2.9374982191035213e-5
-0.08532850292205811
0.009258313675517403
0.005785619126561171
-0.03616169738003366
-0.4274139384024718
-4.143077980523982
-4.645097762088379
-8.845899137029283
-16.194724120065985
-0.8364973974093693
-1.9994568174682308
-0.42028033360329226
-1.359058295779572
-5.986599118106928e-5
0.2807840976948801
-2.908947459073432
-8.087888778035746
-29.878367080167713
-21.029817153557257
-1.5375777281387222
0.16601057920687884
0.44960467271533333
0.49135776577448076
0.037961683365025166
0.4469873242814443
6.897907352587134
8.945199148216604
26.310435438294753
14.2100994347912
4.535832350072838
1.6222507475135362
0.27648393497452856
0.06794769651478907
7.0147581458593855
2.245251065702001
3.3361962994083
3.570085413345788
7.867428540326096
0.4620910126662425
2.2537077388246972e-5
0.0003432428629834784
1.156519719626211
0.04509097609687203
0.5229674273773249
0.8156681625412399
0.2111781602362594
-0.018576517391681698
-0.3807228474866309
4.705526442570797e-6
0.528223649029374
0.28544473827600164
0.052543364461140836
1.362175523948597
0.7168134645621721
1.1373143978639413
4.52397372050638
2.3318036910495006
4.481481061887723e-5
0.011612252252149267
-0.012561436037233717
-0.0002090628512352712
-8.721871863412167e-6
-0.10079106190916212
-0.2963708054447363
-0.0011256679953853543
-0.0006560720706665159
0.21568075773394854
-0.42147367831073596
-9.875347358137871
-0.4842021956770997
0.00010661439785932019
-1.469523034247737e-5
-0.0003860519028458065
-0.38449290967072175
-0.32532739741409944
0.01724932342289149
0.21218079983379304
-0.05656969115752304
0.0005434849529662736
0.0002474788728097923
-0.014898430357899818
-0.04412291638980132
-2.905615868419988
-25.784750128476237
-1.3939237746959374
-0.5957839818627109
-3.397954817217389
5.574164944972138e-5
0.2577253783877778
0.07326147117399236
0.012005545954947008
-0.04326372081010093
0.01858126653277579
-0.18387074876139012
-0.820530040015928
-0.046106316326287165
-0.8282098376738275
-0.4308655742697165
-0.09771647603057632
-0.22608233491531998
-2.8660682001579243
0.0009519709932739185
0.7972342246886479
0.7205901143557765
0.0509506831388195
3.82198680326679
5.77519300759151
-0.006268985433537837
0.009425071652521284
0.11866001890439504
-0.486017333691016
-3.6501478677895403
-0.43253259833792324
-0.6341657148981669
-0.6401925719463245
-5.406617538938419
-0.20903095435934152
0.19811987705168985
0.0723624200942669
0.02901276522368797
0.25951443233866417
0.7453769085799764
0.05976293617687128
4.646198825555373
0.5329460160719774
0.027129314869394575
0.31641367737997356
3.536472262749179
11.302106282202729
8.107208448853227
2.1448354205177245e-5
-0.00014020007231915638
1.961386448952338
-7.569572841228901e-5
-0.21787363309296545
0.003047999434326225
4.903564127478754
22.414358978185216
4.282220150874316
0.6514323142521304
0.101281308725294
6.814501627939911e-5
4.274145501124353e-5
0.729248979614832
0.09477095453036417
6.38940461325598
0.9411490507498328
1.7902203654790991
8.251969621858315
1.2704299150257112
0.96068183515569
3.1342626880883837
7.814886079421651
23.897889817845925
6.911707030897919
14.788370404972616
3.603535765712559
3.3997424241037915
0.7430303119831448
0.13676990320256602
0.0004474092138447563
3.9611101437030287e-13
0.037348301927541856
-0.3386667549928628
-3.6028198134142624
-5.053924982307109
-6.5047461698444975
-12.495455145193741
-14.328947071423118
-16.61705000415259
-1.5172956373734954
-1.0268602345801747
-0.002134409726790152
-0.030862046104505922
-0.9602205173170086
-5.416707009475111
-0.4398195229766567
-1.0645162244830564
-0.009979004274879966
-4.5353164210692804e-5
0.02236349908980999
0.09791803923536778
4.8554966881651085
37.646687154742835
9.822784714169966
18.45718086443501
14.75312179759395
0.17244972899542807
-0.00040164580699411444
-0.04019649345360305
-0.9557847126705197
0.6540879917208052
1.4291150192311282
4.405289184737256
0.0005883275592587509
0.011416337430598559
0.3851818293970951
6.239767441041869
2.819443049609701
-0.013528031337968946
-0.8139461137312827
-0.09329395425518386
0.20395721522090168
0.5185756918885736
0.221379474326232
-0.003813870602207362
-2.281793655466024
-0.35940906058771005
-3.07854146080005e-5
-0.0011005683185719
0.31679303301707534
-0.04783570169192
0.00042256166474025547
0.014868207693643191
0.11155536983731895
-0.004105614462471003
0.3312169938990724
0.02642807817296099
-1.7500183345182116
-0.0715548104917509
-0.42094934007735296
-23.678885913698693
-6.893414905695976
-5.333020026588018
-4.73165484036224e-5
-0.05058311447024228
-2.848103683685105e-5
0.9491717808823424
0.35849259288853785
2.472150205524809
0.06324216776072983
-8.715746688690089e-5
-0.10277535917540291
-0.0009782165993307394
-0.6596748751213
-0.38865137557643276
0.5512881898421353
1.9124067799691333
2.2719790293795157
2.316578493196013
4.7930058563371425
7.062422393156132
1.0632751012848578
0.8524896531984688
0.2400298443608626
0.4770558358019892
-2.0246552501980815
0.542398614583557
0.18133842902853747
0.013111098007879077
-0.7647054079596002
2.023658574253927
6.54313739353221
6.954342283688571
7.297665850743112
2.801958679935623
4.551666335244478
3.155132081561532
8.735723101743377
18.81310203944057
20.083310619077448
8.672000803280525
7.660029065224675
18.939826098235283
1.9303381199278824
6.686478847214204
9.632176863977548
0.8775542734856475
-0.2651985383149459
0.6627670188086457
4.873771688133038
4.6134663119949675
3.791210908106891
0.8870626358463857
2.8976079837874833
5.356318717547072
0.5227907456744442
0.8467764759993139
0.14620844953825157
1.741824511345437
0.0003337057669829648
0.4827212435818332
0.001464456996454936
0.001775313895376536
0.0038462990003758505
-0.45471223094095975
-0.011890462330253374
-0.09157767430858445
0.03924129786587893
0.13206675747320734
-0.0005620054125902735
9.458165654340476e-6
-0.26964944212310293
-6.728137508877549
-6.811512167222445
-2.412936434151207
-0.1014186288190961
-0.03427278795907972
-7.610425365841016
-1.8738521450756547
-0.025294548082851382
3.4782378996553387
5.521354979586036
6.873492184419367
1.6321791147515754
0.7244316747915867
0.005038560963698365
8.419738354435998
15.534740841427839
8.743623696187903
9.750954182027249
6.362132068481106
1.3577160660268475
0.5198648514435983
0.4019092570165229
0.029203602118141107
-0.006635003045509272
4.2619224025504615e-5
-0.12237033242966741
-0.00029870035053145065
-0.014659961596926233
0.03975425320640311
1.185789281657255
17.421764499056472
5.25995364038723
0.026164011648579063
0.40540672051965754
0.1830005631348796
-1.1822022219003194
-2.45024786222529
-0.7141443440047572
-2.7733569424210502
-0.7803547352527513
-8.072150843331945
-13.981886236567245
-10.693997573324324
-23.254070099743984
-22.427665822018923
-16.276209690252497
-15.514651653942172
-12.092947044955077
-22.302105170223058
-6.165227009180457
-0.27166075424200714
-0.06716368545885885
-0.2598921967456677
-1.4994454686115335
-0.5838066744272076
0.002089876545939239
0.0016786030395805355
11.888044810534945
17.977527972647987
18.534165911169683
5.7769347761043175
2.4556445765006565
1.570270264606485
1.1109600532457227
2.301675495369669
3.594121057562086
1.1654152437244745
0.05201728572059443
-0.07697221790182406
0.00015710479073365347
0.00038915378871428815
0.2022182088201504
-0.04835104473321458
-0.06348558637703865
-0.0010296138231105413
-0.5566649153157397
0.01913082985814878
0.006387013603916543
0.5351159293524085
3.123911765046747
4.956239994199016
0.6316605943377739
1.034766252145521
-0.016556871471041058
-2.1044952168865434
-1.9622287948454515
1.1774987230019338
3.245169861997826
3.9694838922418154
0.31241858182191823
-0.7249327333326513
-0.10122645728915751
-2.5961808873804095
-0.15453043364075564
-0.02689851488543173
0.2701026744789794
0.728497384588989
0.03850362893774556
1.5898397575443308
1.0120681394266027
0.576503467959673
6.005964608388251
0.17163125100594162
-4.335342613788429e-5
0.3311796699350769
0.0017565956890383413
-0.17133874749755654
-0.00014838862772679728
-0.12861752212826533
-0.05291004800748238
1.8964502988812444
0.005118410063710553
0.002137334393512502
-0.044640012223702744
-0.023248988205826722
-0.004141559148708369
0.2654387237695056
0.28363870153612214
2.3634658600014435
0.4185892156780487
-0.10894247224152695
-0.10965547776488267
0.2926889294786102
-0.06265411620325956
0.0007450873445560446
0.0016387798605756712
-0.05001935993556214
-0.8108182643361609
-0.17707652439816265
0.3576652284868863
-0.20860015761263465
-1.5143388103373248
-6.35236481967388
-3.5844456104214917
-3.946543100749036
-0.26102658592890815
-2.078997302575965
-0.3161047532117035
1.7845841521392114
3.566658323797423
12.425783736023991
1.6411038370793354
1.2711927884010963
5.129884067103078
7.699055475582485
8.91633007372119
5.362782681260509
1.5756744595418526
0.17765498027392773
-0.026681482286712938
1.971411706135338
-1.5143116530104862e-10
-0.42951835502300084
0.16264689135604513
0.14833839060330123
-2.2465749764159284
-0.4790485962918487
-0.0040131024710471815
9.972288950671993e-5
0.006177459500084468
-5.3944311730325625e-5
0.4175871324165482
0.00038462779850475783
2.1333609026362663
1.7339966836697729
0.0038439106768068166
-0.2496343447208802
-1.9083472103705788
-0.1417725432552902
-0.0062482634834800784
-0.603505935365959
0.01106315043329782
0.531434700555499
-0.0015970634688037262
0.009525712674048456
0.9625056429928617
4.182628300554009
14.187238549358305
3.6373743177389235
1.9843862571513042
8.09000143376935
1.9240377126488308
5.629146082675618
0.693052226899901
4.394173992417026
6.0288460751132735
10.632515728079847
9.100062057209986
0.03374635010015636
0.012110409261036872
4.007561038708329e-5
3.956843529421557
6.08155988571978
17.5841833084117
3.1424313250277227
19.1735940203379
6.38771012606998
2.079479560228679
4.554347289658345
6.21476990933138
4.345948172158593
5.638829325710944
1.4493508320814192
1.2683034063685452
-0.34393705411097886
-0.6730503028643297
-0.26602456205572667
-0.1675104722417734
-0.19507193464590336
-0.27961386086821516
-0.07815481187477044
0.06942192049445081
5.034402390665676
8.852027751341515
3.2890930950971566
19.461606529667726
8.564477914139465
1.986147970267888
2.4242719018943673
12.923644737112014
5.5735253287134
7.465822045477138
3.441784163728165
0.1137534902191679
0.0994422285775586
12.219900057209589
0.6356089097992002
2.4685936204477642e-5
-0.4560990196007085
-0.608543250585216
-1.880526932079428
-0.5591288104818756
-8.203173556104739
-0.05369787017263176
-0.17710580327631226
-0.0367834480611503
0.20555883603532518
-2.491591528514012
-12.243360174064437
-16.430199436677647
-29.487174175995843
-19.453743102653434
-12.00761134415166
-2.5214607343403346
-0.06919702255763213
0.08851759335371588
0.4546540852860841
0.04932404780916218
0.6875778112060431
0.03237261482240778
-0.36858444813907054
-1.134911959208284
-2.7359891165733954
-1.683187872217535
-0.21285617383552555
0.0001037708650507898
-0.008673282455717371
0.3583838430762521
-0.061359381791344654
0.03551407871621318
-0.0001429030132697926
-2.772228303588682
-0.8978106363154139
-0.23511549199492754
-0.0803560070898556
0.4693352459570634
-0.08345821777264843
1.1360458890507419
0.5062394791556482
9.40735340615631
13.972281352852914
13.500554266093186
-0.005069764618896674
0.01734962078956891
0.001633444003926689
0.5507785904715687
1.2797688286246216
2.3414258465484488
7.7198699250040725
1.2713068459977108
0.09641369497863854
1.2129498407257808
0.0038551191995025236
0.09720566558682531
-0.0001160744228441842
0.19764882586092558
0.06573959529597845
0.7570144991132599
0.14766626601295388
0.9749692713996537
1.0955412972343355
0.01837729963040081
0.020210835355191192
0.16923705224658817
0.2809767236361657
-0.012361085298776421
-0.8579633156442659
-5.0337015857730225e-5
4.9130406723651
14.517432223394218
7.536927201629801
3.890027951661058
-0.050801946942088595
-1.2208370390132077
-3.047050782245305
0.01317624397290501
-1.300979933408523
0.004418334152191444
-0.045488593154142866
0.01830378496411243
0.052150766864561854
4.555525393777526
0.25407564523081194
0.2302218321261784
0.13930557977627034
0.05541892840604681
2.727690243609049
0.17611805398453997
0.003916078634720192
-5.334032720635385
-2.629632491519903
-3.0028247746270353
-3.9171744608382912
-10.153195672018327
-3.0037039522614952
-3.8494828417850937
-5.425719519118866
-0.0014780331688665708
9.441584177121263e-5
-4.663568504287113
-7.306309862701014
-5.567479391548599
-0.899760961387974
-1.5417437431275638
-1.6743054373756359
-2.751965732012895
-0.8243201436048946
-4.013502059906559
-4.886992569397283
-1.5568533246384826
-5.8311487023381625e-6
0.7868389203492036
-4.626146185386911e-8
-1.7726981651092382
-0.5022130306348075
-8.019684645431335
-3.3302940251957445
-0.46133127538173196
0.00300111608609827
-0.2652773535149861
0.028471667461672227
0.007516130383786365
2.9972134375999406
15.183859489847283
0.11096139297959741
0.3090878320504034
0.18229889106014027
2.2342292620298676
1.0155559098418734
0.21973471055943553
-0.00013299566491336125
0.054199741738599656
-0.5725576949477589
-0.06366578225102647
-0.12256511476913724
-0.15666063842076008
-0.4074460640421241
-0.10548220426631262
-0.10426473266155104
-0.1636325970184676
-6.420615400347103
-0.26114725280395606
-1.9071403478453897
-11.183115544877396
-7.202604639952194
-1.6630072747169926
-13.938672814674305
-11.637941235385284
-5.169730941010594
-20.31183577798643
-72.09232026234693
-25.2020069576422
-50.33667464716918
-15.611537841993394
-3.7436335461687817
-2.6940954984681973
-9.32182977332025
-0.2217870615932742
0.00027428723826829595
-0.024323309379382634
0.00031047021416185944
0.6598462360774642
2.1623983288200748
2.8959600759481003
0.7571529092106567
16.609183542357478
3.3504508647665627
0.06396491494484724
14.01544891875569
15.400076520268263
13.701407693859004
0.514541883129302
0.9673697447981254
0.20438829805677436
0.2026274381985312
0.08759244456953214
-0.1364512126825169
-0.10297761414549801
-0.7265764786740196
4.051114598275048
1.3652664219304176
0.026315853854196488
-0.458485245120638
1.1151448627111027
3.4071061531169944
1.55526165266095
1.5064909430041105
-0.14007774377700322
-0.26500079303416235
0.03369187500290869
-0.4774629275820023
0.05186477385288814
-1.3938568125214639
-15.081182728710177
-13.569324135346198
-1.0317649959136164
-12.993599002388196
-3.355235187028747
-1.9018918195886612
-0.05364067765244772
0.10188889412126514
-5.515921449875153
-17.704728121214796
-5.400323062657661
-0.006668614722553562
-0.16547854453571265
-0.9989763984320619
0.008173079061395139
0.8037502690657974
-0.006065552506107267
-0.7123562961013662
-4.704063386546123
-13.886767479268233
-10.500462626933622
-4.4730671968873965
-3.103537249897851
-0.4481947200869693
-0.2714811766021484
-0.02586056060575994
-0.08060209041839843
0.013390426153183914
-1.3760062006746963
-6.2156117745328565
-4.862917129519948
-16.698277938481052
-6.523369729533485
0.18879425636040437
0.0018095705234723286
0.000469372850639148
-0.0005440154066588506
-0.0009648399876054721
0.2126234191585759
3.032788926598228
3.6734830220807106
1.8416715733870908
0.006227001019794648
2.4441488895926344
-0.0032308583496290996
0.8970602627156561
4.771412177342296
0.806316562248293
0.7108275079676124
0.42004958110827517
1.1583056190384338
6.051704817135391
0.00045959733690655567
-0.0006600206349960819
-0.17928831636145184
1.5405908458283206
8.235937346487743
1.6718166698357009
0.45507020483888366
0.005463787268962213
1.1958929883175593
13.89971714266617
0.3133291529043919
1.9320660714758489
1.8942289723541716
0.2799669280794985
-0.25763796076373413
-7.47516409985133
-3.6041302379604696
-0.02750970231164006
-2.1609825587372544
-15.6959277009055
-8.46087594282873
-5.09110142603128
-10.649569982768899
0.0223994550331949
-0.0002273173966152397
-0.581403278197057
1.9255876854659526
1.8444862492656915
0.3013360585202772
5.766851025311663
7.420444787559833
3.479392116137229
4.950597230309983
4.960218860915333
6.257141348698354
15.76374365610377
26.008116691021193
4.868495866573767
4.1550767864295866
15.736291134778233
25.29105943439595
28.510711236955007
9.129871732783052
3.2485128819123967
5.18453883739122
4.5852994260204865
1.4939782166569773
1.8774791493595004
-0.2826613526548389
0.0011323425758649637
0.0493558836420693
0.007743648539846197
0.19579526097915434
-0.33336818092446713
-5.36304123359509
-0.04683276662266355
-0.3560521249833639
-0.0249200283720667
-2.2396658376115157
-7.8352610825023685
-2.296859018902008
-0.11295065312892835
-0.00024693561917529637
-0.007630027202341249
0.004129556444904514
0.014262330841369814
-1.3479895167782663
-0.6088476895054685
1.040041593984269
0.42798750776361855
0.4014939258331633
0.027874212283771835
0.057877750923556855
-0.0418552866094964
-0.012201041423159531
-6.223226725548955
-8.943906396057121
-9.81845219964818
-4.215651611032685
-4.689828630908865
-0.02823394204351605
-4.149547117231516
-1.990596077496643
-0.001327854475240252
-0.003136201775141526
-7.1363377682204225
-1.003861538151482
-2.3609046950574664
-1.865099382563641
-2.567186709094436
-3.379948047666031
-1.4625228328118867
-1.6738605199421657
-5.688019533452004
-3.1468694484410378
-7.313215740387768
-13.549069299641852
-6.095886373440936
-1.643570863612563
0.00107468156144144
-3.370936720287381e-5
0.012402464131216005
2.558642014782624
0.3952677448771146
0.012205213926420122
-0.31187604989233003
0.00108678485624283
1.5989822571313834e-5
-0.2674468422297047
-3.10110478613363
-12.358226786212612
-3.821063003695911
-0.574161067942094
-0.06211189276456408
0.04537476888832563
-0.589695358851347
-0.011836464043777396
0.12661759185992866
0.08842149929267984
1.0922693726538224
0.09080687199726727
-0.15885343707621633
-2.427144389257381
-7.930468911136486
-4.08804565377218
0.09082349006187126
-0.15168662524707707
-2.445664651829289
-4.136986655477669
-0.47229654825847994
-0.014058185704674838
-0.913930233452847
-0.06288633848076819
-0.11466538574170193
-1.1197724251820367
-0.8959471437115427
-11.122171616529299
-0.5770499306355863
-0.5476588269388217
-0.003278770606930141
0.0024162859182700266
-0.03092462780336851
0.020164854672232228
-0.20952956290215038
-1.54494789510816
-0.5785822250775077
-0.040094197397655046
-0.012862031060710646
-0.03155415663172978
0.09795416419143536
1.4688001135211934
4.714631165796982
0.812670183292682
1.5285723231421922
1.6279020957336627
0.5833277503403648
3.876039360746873
5.926554110109494
19.85412927760517
5.590075676833265
2.537675014108445
0.38544728134663536
0.4935512542627975
-0.000954124650912495
-6.326238199687282
-18.804532054696015
-9.264364193004248
-29.699196644653934
-26.103486633638383
-14.356992472375364
-80.32755911199853
-3.2335059630193363
-5.087494929228908
0.006692721687750211
-1.9549407410465687
-34.768266341115314
-15.450222152069694
-6.37800888109077
-11.110686297597672
-17.329634483165268
-1.0445116362887386
-5.85275362950885
-6.825997037608817
-16.914500229352075
-7.208734826723148
-0.3421868697575818
0.12820089151086886
0.11119401573188017
-0.6307686926509467
-3.823958932031806e-6
0.1252808873488886
0.003500775204596286
0.8717933805725164
0.6495429627945157
0.1773064145125763
0.10017134129369389
0.008782194811708
0.17484045399591225
0.03909101194304363
0.33532939899959074
0.5390205115111648
-5.286165983624661e-7
-0.07773741618797422
0.0012615353821804722
1.8983099773108425
10.222186859617889
18.241578603276174
13.470977493567702
1.1427117340547441
3.7506651895907677
0.023390262317617077
-0.00028541280561706993
-0.0029943837891860626
5.305169193974028
0.0015883983206492033
2.834230347631129
10.563948728545254
5.315073992773664
1.6897727816784731
3.1830328877509344e-5
0.03637690862427794
-0.026608757649339423
-2.408869210371523
-0.27945499963175247
0.5550173587209014
3.351433346202388
0.014432495419535745
0.3807758624563878
0.26595346125167824
18.224987329186902
6.749932893425963
3.4877234490681785
7.553339370580353
0.5211487272123353
10.65278647127694
0.6765705346321144
1.4287287005533928
4.481108634533448
0.09522756382190666
-0.008928661269051296
-0.0034115298242314725
0.11269740464421549
-2.141773873010455
0.016886084793749298
-0.002174107839790553
-1.3629253060036801
-1.9065773428668753
-0.9830551583615299
-2.6735512226769607
-0.02877783212195108
0.1027415399352529
0.25123321476765165
1.0065189754801902
23.53730718820359
9.141853852721782
2.3914937710507562
0.5477384010608284
0.7894031736666391
0.00788597470223608
-0.00042578280071825194
-0.07945794663276932
-0.16888293973004734
0.11037962091058592
1.1310636269611671
0.18649107422932443
-0.04451435320178155
-0.7675522084264108
-0.19903635140124235
-3.093213501111063
-4.743903953316603
-2.560511145651665
-1.918457647598179
-14.028433707563225
-6.225539633930134
-0.9206096487998481
0.913747392365097
0.002016687057952948
-0.013290205260051405
-0.7291489514067027
-14.929157886613876
-6.101869986853203
0.001253635772584781
-0.4397134449532765
-0.01679267358171205
0.15791144962877257
1.0785646218998608
1.6379248304813216
0.20255171686856413
1.290179206963354
1.4437922961770475
5.537127188416021
3.447559117321594
30.785571708390975
10.86042207235709
-0.09926473247466237
-1.2300694118618294
-0.05212181959636897
0.306638694439653
3.4361899722199762
1.599805204621933
0.7207452337228106
7.056759284402276
4.021160778045
0.0916274107298655
0.16802849228431851
0.17354813650241616
0.6915360205772428
0.003458237446465805
1.2561108586034047
5.486584965071444
0.2772138190628553
1.1336395227650278
-0.0005839558260114288
3.1826917501292677
1.7975137318436412
1.082839344906747
0.7588254581003846
1.566706996446193
1.6074292228228848
0.29825541241112563
1.9708037248467314
14.840917776950697
10.57844084552604
8.076499855452395
5.286558142789024
0.695501866705761
-1.8923922723686754e-7
0.040364669116128564
0.19582047163039865
0.46416746192191743
0.46541915032478826
0.6873334536231446
1.5289635510100978
0.911365909576379
0.02599074675115408
2.9313979619124995
2.305356624396278
0.154462332965296
0.0003993983476201876
-0.0017121536658848224
-0.004613741345714341
-0.3001069726477898
-0.007774476074880145
4.216910260080892e-5
-8.006074782511878e-5
-0.1861233530600309
-0.3986966673298424
-6.720588581028544
-2.1497991422206577
-3.076283660241286
-1.560370534367833
-6.271408051527836
-8.347930752144043
-11.349136901998815
-0.5933943173916322
-0.17914616552553564
0.022849159372215898
0.693159254173324
0.10813642643529235
0.3658311091673584
2.7904922346232826
0.3470253021578998
-1.0039382521740683
-2.8985237634503545
-2.331426974040182
-0.7586433526505325
-0.0001227771871861622
-5.2538393860824994e-5
-0.2985108381455538
-1.5246949599571378
-4.588301253280462
-0.6373236144375224
-12.892524469816077
-10.1851266587927
-0.7278153396614618
-3.968898419814237
-17.480617974384415
-8.359677233467018
-15.022176256669898
-4.280305891296815
-5.85051521798268
-10.612152152950625
-38.776251542089085
-56.1722427219753
-46.3620358134047
-49.70724092613439
-51.288622204471714
-29.457346311969463
-20.065152253759205
-14.655145585602218
-23.227053807325728
-2.704877727445502
-0.0007413257826987776
0.022500382209357194
-0.011280969411641766
-0.1931061502912545
0.009054737054344876
0.0025382087339373555
0.06307757030487506
0.012008959576311023
-7.962261136662352
-2.305628700625816
-13.747568008304317
-9.812111488187119
-9.39386608207325
-10.402093891612006
-1.7569681393195364
-3.846671648276717
-7.0146697116171985
-2.8503134106207555
-4.632725422951453
-0.02219440293680491
-0.1412650969310071
-2.2560917686203608
-0.8207290853936721
0.20431900901797587
-0.1006653310469135
0.2816925647972959
0.2988404475215196
-0.30431298221307296
-19.3695213148465
-27.6772064612139
-77.11982089689721
-15.344457842048433
-24.89340474235394
-14.574807829052551
-4.7458220833886084
-0.11645542977462604
0.21789985900548808
2.279168431565131
0.10049163250319319
2.8985435339761207
0.19878195707070836
2.689157777673915
3.9301342438827196
6.071181425962733
-0.002185086261566195
0.652051049257737
8.530538941962114
21.86624696877481
4.35326558457947
2.4686645270947887
0.008191317549976106
-0.1680463159756891
-0.005572875807026049
-7.71467270858493
-13.498054047519974
-23.179866200437214
-4.234025848230836
-11.280824559821468
-1.2331385786761069
-1.6928219190351268
-0.36368131004277404
-0.6494031824574913
-5.6483756763217014e-5
0.5778308743505797
1.6155610078371156
1.4245629564005116
0.02180173299191487
0.03529715134309466
-0.5617847738106766
-16.716512419049888
-0.5838461631893341
-1.1806178962063092
-0.36113153182811164
-26.828687390724394
-20.806575047401925
-2.8846387434758074
-3.4789092612399966
-2.5790272356265107
-0.6589699148956986
-2.2612513641541323
-1.5614890734337936
-2.8998717419043105
-1.4499608101290828
-6.558724476823937
-22.037789051570815
-1.4541966212104835
-17.051680869396698
-40.48163717732896
-27.029597381951508
-15.131926540724468
-2.923342274330881
-0.5438318453218492
-0.16234115750044711
-5.762328773254383
-0.5388175232901437
-22.22551267415853
-32.91810679902464
-9.83859455523113
-3.3270179956939963
-0.6550541479692148
-0.040609261089390294
0.010708135111430357
-0.38643500837415884
-1.7404982672622897
-2.2209854467738737
-4.412315164776532e-5
2.498012179289797
0.10547319428026558
0.6353472043648867
2.341079930364197
2.963128584574089
8.093024121759246
0.7649070256026054
4.515385100964119
-0.0003540098254880094
-0.0025654897945012307
-0.053204289877906076
-0.0023265085785453723
0.010493938054049046
5.974080635684051e-5
0.25340854681818836
9.217722297986344e-7
0.03578092881672011
6.448596760215041
15.044271807584414
8.756945597089148
3.199146754889558
3.4203051789153136
9.313155724380112
4.778976976375247
1.895357017282733
1.862535032360004
2.6290166071802394
11.76492672923635
0.36870691475104783
6.760888904739053
0.003299513465863761
0.005394111412414681
1.8425966488009946
0.22675640799205976
0.9889029609783914
6.372136601130972
0.34845614208170034
0.03053567887980495
0.002101193856647688
-0.16192076305897846
0.030797057071224047
0.028251261571173938
-0.0012131556771769446
0.012420080216791586
-0.5945428263494252
-0.9998245829797013
0.02847996418653396
-0.12136523097430166
0.08760332763941689
0.7459605634233941
0.003492289780642713
0.5416482998635512
0.01813120840875132
0.13641736746537442
-0.13078092695402924
0.1680926659912517
0.010693250175625153
-1.2628027624128297
-0.010890409608799716
0.08264436570815155
-0.11546734955384431
-1.4916621122239775
-0.34868838281814046
-0.09816467296900393
-0.03857517248433535
0.01746899498859245
0.26382575664044283
0.00010083712381646115
0.9669733312526536
1.8639319920242687
14.45325116783509
22.137816787807868
6.94131319425771
5.936233985659503
1.3194992549790312
1.1029392129521887
1.136513283580914
1.387414326739477
0.12102627343661877
0.007582311130106912
-3.107143007738156
-0.21730149574419722
-0.17718274438416703
-0.18529412935885317
0.1928731806594169
0.4206979247083709
0.0001353316137932291
-0.0005860009862221161
-0.05000502768979772
2.3931330540017498e-5
0.018597209424811797
-0.3715075642327943
-0.0937285098512223
-0.23594559987022784
-1.0295139686501784
0.24844481580814942
1.0433236491996498
2.810713597208499
15.709870981588832
7.344115561859034
6.6402046125551095
12.184327767442246
9.23964018580706
9.659690687873612
9.475402826067274
2.34651441297155
0.8528069634092696
1.6132046069230808
2.892040480630433
1.8140777624472602
4.871305509957274
3.2623737217563296
2.730073161588124
0.0018859687876798452
-0.46980573293407946
0.0008899474158569973
3.735695319646887
4.901148036952562
0.9900988185561557
4.587604292672898
4.834000510510986
15.528849040565524
3.846540882863446
3.7059999544444193
1.2408296578153455
-0.14005732275161425
0.31315722533887375
0.02165692970030222
0.012349049372135962
0.008701828485364363
0.1514498983293988
0.12020629030527043
6.115051823666645
1.7630153573536522
-2.8937428169791772
-2.366970856227888
-1.31801327113957
0.06869412516481396
0.8177163330366037
2.046927732285179
-0.00017500770180784011
-0.4255721377364688
-0.9091349876033474
1.1991191488318475e-5
-0.025356291617534284
0.01105353716390946
-0.002853102408323206
1.1784721599543608
0.32133508778476866
-7.273055639992171
-7.059922733403441
-0.8786556688385505
0.08124784473116801
-0.2924710757434607
-0.0019602680172836487
-10.723463934536573
-17.233669599640283
-21.197631669263735
-6.824628969530338
-3.9047307729084904e-5
0.21953886960402857
-0.17516227013433527
-0.006784043701569992
-2.8085249724733594
-0.42912533526514446
-3.023371727661651
-1.1577765032227512
-0.07550100657636728
1.6092326716439662
0.03925578495817774
5.061309547466516
6.088526147746063
0.9777569548403698
0.05625878469360898
4.272491038994834
3.698562538150677
5.6925095191492385
1.2258193996474207
0.6202047038870541
0.05991016750206313
0.24888868718915771
0.6286288302723748
1.6841790036907052
0.36044188331419463
2.333129138362506
9.088225469509018
17.137931145690207
6.662100511339733
0.07216999490827739
0.2670937443988625
1.6621917841913538
0.08241166487173417
-0.030336684088826695
-0.0008935913947804414
0.011343383794183929
2.7806642407627438
2.3802144951244637
-0.00024489016311359424
-2.487047301821594
-0.30564054584117956
0.014528019334254358
-0.43874625850929344
-0.7222669713053254
1.5707574545154408
0.41837696792134554
9.432345272968668
7.974473950758284
1.0754996186924877
1.443457648361639
4.3541467732309
15.764929262576787
0.42542121129799587
-3.119302887395225
-0.0004129900044349241
-0.08765470838812406
-1.565997202062998
-0.025369878071204964
0.04871822078854161
1.3402614981909002
0.9258938593900713
-0.09375993066000114
0.00023330403494806337
-9.99272752487874
-2.0417249883485096
-5.710908155977911e-5
-0.3834757380512964
-11.869411630060027
-17.126108570810434
-8.099402830548822
-0.12210793658097131
-6.327472335781795
-0.009955255983230559
0.5879959917790255
0.00015043666851442204
-0.015158571391636476
-1.8321757672283052
-8.694416750163844
-4.461189240183188
-5.235213120630368
-0.2793241108321238
-0.34149595455491416
-0.006988585462664929
-0.2591862595272233
-0.9793672657810711
-1.642872694233361
-0.04773336140141378
-8.209125444066462
-1.2426990160280826
-3.9490083928310606
-4.078633035437744
-1.6333774842261086
-0.5097548171991625
-1.5070687641548683
1.321262495483416
-0.004020661246274432
-7.44555903660627
-1.1931431684541354
-0.21263129934357816
-4.118733069306387
-0.012516894448016704
-1.5743192611638415e-5
1.0113071208803404e-6
0.0012149212002977676
0.06849408002730951
0.011397615997957508
-0.13358919975295286
-0.09231483318980507
-5.976660532987372
-2.9714641421491508
-12.062843053681808
-24.7138917129762
-39.69884547786856
-17.43376198128098
-2.1811544506054754
-0.0017020457824515865
1.1767479093600277
6.921495001423096
27.868094212626467
22.647294003959207
33.922942123677856
18.297787444364133
32.395234780144285
40.16164473803001
29.62625946075067
24.580891650824743
29.558206915395065
25.805047484655617
1.7540696598578185
0.043601966064012496
1.2760941546246332
0.7092969898126983
0.0001469784544886574
-2.777846756000948
-1.6469168468562632
-1.9249213630411133
-2.194320046180008
-0.9782442368478922
-0.20373482998669495
0.00010567861846420132
-2.657030395624845
-0.00010738739366496737
-0.47910824689365955
4.124083381345262e-5
0.014332028890787808
-0.05075270038547761
-0.005671644773678073
0.015837589944482932
0.04674588276668981
0.0042195142577559136
0.8353912825310973
2.3709600552640464
0.7794320302626343
0.2893953187646954
3.097973941031393
0.2761677735468553
0.3605486602643354
-1.0774286433288847
-3.53713703069406
-1.756116581710071
-0.0198563768770439
-0.019338597789835217
-0.0031260880187140433
0.5638653852218961
-0.27286335723158955
-1.5825064482504871
-0.04332423684689444
-3.624137117497703
-0.0357001981466054
0.008680879523712982
-0.15865221255111556
-0.11795365417770479
0.7641136294607329
5.29446313911084e-6
-0.02919347675893532
-0.6269726786346487
-0.2573266609789798
-18.18238495398341
-43.2036273839201
-11.38380373472022
-28.982569732647473
-53.58488928566604
-19.618620859552607
-33.78839335131165
-59.690760866225496
-1.8543456169209345
-3.0669349197607043
-0.2867628682135146
-0.03492404108971858
-0.005267289319093781
-0.028834584331213005
-0.8128428957184866
-0.0019646738187428007
-0.007725209026522379
-0.11770565124093306
-0.04374617477671626
0.6703780616205813
1.477130333599927
11.712635087613076
2.625446546436656
0.5153738154048801
-1.4123264402416251
-15.241166165505865
-1.0442102672888787
0.5570540295590298
0.17313795412712812
-0.19882631469800224
-7.354911301623003
-8.380161020385659
-4.056075328491634
-9.741548861563167
-0.0037308550548365983
5.154775604388922
2.5038185015788716
0.36753594289748504
0.2387897729043183
-10.225192351982496
-1.6849471572129664
0.0016294131812606837
0.5105962129072846
-0.04075494059103227
-1.6720119277866494
-0.06694273790225914
9.082586614306006e-5
0.0762561321266094
1.4028107251580904
4.468954322884081
3.184470052738471
0.19903705833820473
1.6423135437179714
8.023022368643751
1.9886701562191316
4.686135616417656
-0.20640277024590548
-0.0004883204458817685
-4.852563829032059
-2.1043647480075585
-4.767406143913112
-9.953499763249928
-0.644424490710914
-1.4046246683399095
0.08095991878288175
0.20386612910145627
-0.015132404780870782
-0.544045872924177
-0.00011356528525144658
-0.0362068500475659
0.36195063780663395
0.0010040061722599723
0.6665444209962579
2.61781649245106
12.142860404708978
12.343460711156228
3.5541469809500255
0.9877591391356455
0.17615806042636004
0.11276476910884688
1.144510481576385
2.769295751478569
0.03383286732994696
-2.8474929775432916
-1.7159206646729923
-0.2446423974411269
-0.2625566333899304
-0.8545143573872211
-0.36227046276151087
0.21260634854401725
1.338808956191563
9.5718788610686
22.47775953526744
2.5585691681144214
0.6155328313777795
0.006799440177600521
-0.09880876389624801
-0.011792378399728834
-0.0077015208680836595
-0.010008516281707978
-4.6176490127574065e-5
-0.3904290679416477
-0.4839198915434225
0.3403611228911535
1.0275621477664247
0.7654713386357117
-0.8687812707775969
-7.632172068660811e-8
-0.7060103611112717
-2.9299824559578376
-0.8605019350347213
-5.095751330312919
-9.182306292514813
-6.336626245972351
-3.7326478200622595
-0.9248881549701523
0.001431307856607272
0.00019008080169246493
0.12620747708144275
4.00233752820702
11.839198629405765
35.432714062666456
31.534209582550943
39.841098189261125
51.04910255634924
23.63602527826442
9.180647621842342
4.985844083691955
4.564451042358486
4.774855018206514
0.35712636346879556
0.10939259795545697
0.21516658048525625
-0.033250006553871315
-0.06566128606432106
-0.00021126310791559172
0.0018865578919549065
0.004760721185151281
-0.0028852063744019096
0.8437486480701956
0.318615644108388
0.03376309999642403
0.26127699202113025
0.49770354474259826
0.003890680210073802
15.950480734198319
20.753578810267
-0.0016570764962192319
-1.100631576226528
-1.262779603793072
-5.083232313532133
-7.150371005692918
-0.043669605433832956
-0.04684757649709456
-2.5697591822032457
-0.2118144978581448
-5.183107823993183
-0.5255706193237082
-0.34428801503181944
-0.004318220967185409
-4.563882243576078
-2.258930653486786
-11.952371887210845
-0.49333527021350504
-0.028715506902218822
-0.7755768152816528
-0.06758060979483656
0.1529466315678966
-0.02771294098878353
0.9657453015056967
1.8447714283651708
6.686125946986809
4.4668240166458215
0.711654488330584
1.1514136198129028
2.268179261628111
3.6610021274916136
-0.0022002022690648607
2.6089946282584213
0.622328693946415
4.003050173038987
17.697861471064506
1.473828747713435
0.7410720640998998
-0.0011185612218924353
-0.2629807576773233
-9.015001402083188
-2.0906861777787777
-1.6475888768446743
-0.2619824591699383
-0.04682620646931665
-0.1311508730443873
-0.1890313762127477
0.01612798716559267
0.885722610630278
4.621287407085586
5.6430068384583585
3.9887498664911956
5.392701576406943
0.8187962401457821
6.775511895863186
0.8090551331051886
3.725908164578703
6.8413265035188395
3.517924483966255
0.4686251967299856
0.636618278813929
0.7017489432020293
0.6645001271749911
-0.0025425454452763334
0.20502250727418575
0.18350514722747416
0.08583501586228838
0.726819397537769
-0.9711498925474068
0.1970096715869618
-0.5489839023243895
-2.713311075248341
-31.17850517176543
-41.20461692053377
-11.353456334340045
-0.5536384334762913
6.520555691497915e-6
-0.08739154736383047
1.5490712360068728
0.7781715848987178
-0.055618979339805384
-0.8635706429840041
-0.16930905742332988
0.0005703105339379483
2.5485405772463667
0.05626102730486386
1.9970052186767984
0.7594204512892294
0.25243466648812707
-0.1495194767434441
-0.3847980613080414
-0.36287485462659597
-0.09089400042768299
-0.052349038146586785
-0.7573976814645732
-0.4180688234160193
-0.03323633710621844
0.32071909837495266
1.02271467192203
0.40750954682503393
2.487709162784732
0.4539304631889029
0.5487106551373018
-0.04158033021647845
-0.10785215704725898
-0.0012045711915927362
1.1523922336330559
0.10591679051057178
0.018504213979923884
-0.0003576795264559773
-0.28334034953464105
-0.05673365129499767
