2.7968714832347796
2.8136312712586737
2.829844409008851
2.7236753686902815
2.66136473753592
2.769892723407029
2.7962783742914143
2.877126344496692
2.830441374789348
2.7837620817400666
2.749296916497869
2.745496168429464
2.787986119884012
2.811820927308075
2.8293268161683853
2.8732558305621785
2.800918499345635
2.779907364778322
2.8534793955869597
2.8391434541188447
2.8114587086930203
2.755521232522691
2.6797894145386003
2.759634742505527
2.8181000327739323
2.908866307252791
2.9055216025678177
2.8352177697462073
2.931317489571675
2.955444002269967
2.97269049780892
3.0226273014076313
2.976506582420971
2.9078903458551593
3.001795135328933
3.0303653217510775
2.983883310616902
3.015598801871439
3.0020118439470838
2.9659232811072482
3.0196558668587414
3.039364772295898
3.081687627272444
2.9961784607835003
2.9152081248812767
2.846847103492634
2.836311803411535
2.9640594399934344
2.8103172218998
2.6902363643508957
2.7384712550579033
2.7178091811930205
2.6940591039605657
2.756751571897495
2.7593033599193664
2.7341033149091882
2.751772085260067
2.6288044900512304
2.6214045747045214
2.7194493234272485
2.673475996280739
2.6681102331115234
2.6471254186822186
2.700121309100632
2.6983596690335103
2.680801131452505
2.7357802213991884
2.7870536039514975
2.717632140301048
2.6728773604941836
2.7716799227305486
2.7371602788341862
2.6876321412730544
2.6923410778950663
2.6718185729460964
2.7877609540863726
2.754170938439361
2.755747438397542
2.6884001110862337
2.7061854805263885
2.753998788381592
2.8241466904989387
2.814664204657455
2.8462029248036496
2.80738731702888
2.867149296916908
2.8825132574822248
2.7680602110735064
2.7965658916072207
2.7544217439465366
2.82047000102057
2.784878704806621
2.847341642047637
2.8324638405945746
2.769345383384036
2.8024558450693053
2.811733046918558
2.7736850863072826
2.6810024519488915
2.7200450537693643
2.8485018077904223
2.7376460258734943
2.7763266077489797
2.7114152736969706
2.7545701131007303
2.705921671881523
2.711564641483065
2.6822805611782012
2.6967951189517363
2.7163663221314973
2.6489169224629077
2.6633304242694003
2.7512114718001213
2.696395267454926
2.6372269383278297
2.6255310941333216
2.6485056823407045
2.707400487198731
2.6620201756713278
2.6738277447578933
2.735283080641753
2.7566581460013593
2.87209205879208
2.8915983255999524
2.7627746515477924
2.896478576646034
2.9114828350604163
2.983879171938061
2.914265349565929
2.821733888019881
2.8405375507233024
2.854211663400732
2.8361843627012275
2.881569841837542
2.802886930271211
2.8361619775468543
2.755241105931121
2.698806670780197
2.6990543595805914
2.6982977056433657
2.7537387626961762
2.7556276477684305
2.786534674742647
2.799293702449261
2.7309743029058486
2.662847560107493
2.695964857173201
2.6987876805911277
2.722042200259097
2.722510989950927
2.9081807799753223
2.835758929984956
2.7886926493341386
2.839611622059082
2.8313444989870646
2.8768046404474417
2.798901020000154
2.8367077069316737
3.000117888974933
3.0302212137210756
2.967742922216928
2.9064191434549436
2.818429626895461
2.8868129246179803
2.8480146684628123
2.8024012398733653
2.727766672859958
2.8142812495194933
2.8045384663819486
2.8056784046247727
2.7609649872583186
2.819454739233168
2.744924607580061
2.807464179492193
2.831212018758426
2.837654941725933
2.7425504722606204
2.7104458065150263
2.7015336977388023
2.801781974095441
2.7225626971017873
2.690015325570892
2.6460876659002275
2.6885410691144798
2.7981723935819995
2.802113642181016
2.6978786897856666
2.7833415198556537
2.7810844004348256
2.815635725472479
2.854914325522541
2.845233115385458
2.776722608213708
2.8141239535808777
2.8229554262596928
2.783413761558674
2.747107500707977
2.740145847378582
2.818273086291677
2.787850692797874
2.75912520788375
2.9131461033181214
2.8548261705337974
2.842868331229025
2.8804486356717898
2.917368171386676
2.9140424769909403
2.8589637092831475
2.8537330144810333
2.785898507298983
2.778745099051793
2.7669079529343614
2.724720516067462
2.7428139441762553
2.7474477432469944
2.7194962937239193
2.738470422566003
2.706660893189495
2.7962837181805607
2.8194127044637587
2.715972441503421
2.7223487757394547
2.752712255807649
2.8036216620001753
2.777028105150868
2.8054324395471997
2.8876641380875365
2.9241249539123277
2.8928844403601555
2.8509926530152585
2.8543207742965206
2.7845908905204118
2.7795610526052266
2.8641890166003585
2.777981123624711
2.7348864070394825
2.7587344945663554
2.748890162113814
2.7445968468975512
2.736487189718357
2.6872979350309234
2.683087765071409
2.708837440347979
2.8397602846651475
2.7912675840793915
2.80197198207849
2.7652325255149792
2.795709034296223
2.7747821692095527
2.7238465205509574
2.7406302516938505
2.7382878227091707
2.739036908215661
2.744005191252785
2.781035970875506
2.763912569762991
2.7445015536494224
2.8217174565345866
2.7720152406436434
2.756885352001084
2.6433534349014587
2.7252217760154944
2.663527861617358
2.7883920225897953
2.7132111514808077
2.7382578758695475
2.64518286655727
2.638687286521855
2.7282569619196075
2.799304722735543
2.8140839600358585
2.8788765292011833
2.8212648821957242
2.852877624087271
2.811334512426899
2.726501378970603
2.790759152469695
2.788563923807004
2.789477095679875
2.820175667139885
2.796866286625157
2.8122668474291816
2.8270107862668565
2.843029424980069
2.826196520924924
2.8879060534663754
2.8500428932428847
2.9260300683185037
2.8210909090242042
2.7985583910327048
2.7376313516825923
2.756436740770869
2.7713813721416463
2.7862204958015253
2.732401068143473
2.721089598402677
2.7353179231420754
2.7689697330983667
2.683825687871179
2.701120070531395
2.826551028101266
2.7754392503782137
2.7956825287035523
2.7476208622863423
2.7834555789136584
2.806114562842881
2.79974079726695
2.8136835307869497
2.7881139787424387
2.786836954280009
2.730072574920467
2.6902796842785786
2.7377879594358667
2.769752630656173
2.7699533250226755
2.8968419126669396
2.730449842533738
2.736453837795971
2.697984334422066
2.718133674075006
2.77706438535266
2.8455598051635422
2.7980758762733196
2.680704181061577
2.724531498984538
2.672592449712823
2.715573101044985
2.776904685577451
2.7748437454653923
2.77500538681285
2.74524931383664
2.8185360722821517
2.771562975627793
2.7839478646385523
2.753415331143784
2.7932493784183876
2.7430515523254204
2.781289680785992
2.779269990374868
2.7338377160503975
2.8296257667113873
2.763057619735528
2.861783485841039
2.794537335017954
2.7821979336526876
2.845923201575436
2.7932626822579287
2.8280822923153672
2.7664210271004626
2.7679957653721226
2.7274533450873832
2.612884168296289
2.662137119912226
2.675626918219027
2.6628598839691775
2.8126542176954046
2.8673315751178245
2.9005195408979767
2.945583497359179
2.994157629123966
3.0423855836277127
3.0255235176725344
3.0670527416441566
3.0135103967595422
3.0174383367365087
3.0387179297968636
2.8417797538930403
2.860905611673476
2.774539229785299
2.8427965549212386
2.8147420432004124
2.775958104975554
2.7337426323977554
2.789118703365808
2.8139801942419442
2.689439041539898
2.7549726695749714
2.667937427322507
2.7248023386704916
2.644048225830701
2.7290084177506864
2.64949885585395
2.7355557755090194
2.7946664381623583
2.781784305927045
2.734081872680787
2.802871105596754
2.8251743152266906
2.728272161190999
2.674428572823766
2.7914049726157075
2.7372470740944475
2.8018870477751654
2.726523353904598
2.7796779653737658
2.7670757760222333
2.786475983436199
2.7809006155821963
2.823475623322877
2.7118104811378054
2.7221389251074988
2.7571736773124034
2.752082891428837
2.673520300822174
2.646975131613909
2.6931089702078177
2.6880385118572634
2.7428317037660115
2.6692610142086464
2.693329777874163
2.6700633657346895
2.6912996522964985
2.708446704355632
2.7804563981729977
2.7767056764841036
2.7166402703921824
2.7026897533352825
2.7359055527190104
2.7677815850823526
2.761303530085282
2.7873250932858356
2.8164605742211855
2.825905023926949
2.911304748753192
2.929440188825085
2.915243319346779
2.899581896634736
2.905155715043532
2.8503470873570746
2.885323706808384
2.8913431637233864
2.910898235660315
2.847388808209875
2.9423886380406676
2.9014368796981977
2.9277900710572
2.9326390363689643
2.8909129043888844
2.8916562418003897
2.9295487863594984
2.9789551278849595
3.032638886616069
2.9890818660733003
2.8817446694207534
2.9682197110719413
3.001356115953987
3.0593749135321398
3.0638774376345275
3.0216780914206356
2.9786687468766857
2.9284594460359203
2.9460044069852733
2.8687192033897606
2.772805645579628
2.8016574314117513
2.7221931486232043
2.799516682028634
2.8448434498030095
2.801492139812681
2.824044507224522
2.756753726552201
2.7687774877831366
2.7980169410468916
2.7289787184847207
2.7059230759736272
2.7266661054011956
2.731929441978777
2.688860399490522
2.7613482843850568
2.797423243621412
2.7054374853760375
2.7665787650364715
2.7417897668114373
2.800644132670734
2.7172527481786095
2.7032074699410034
2.685068397747928
2.744794612643253
2.7075125799785473
2.6351309293755905
2.6942880723473284
2.6780955020464186
2.8002759514115687
2.746388670007168
2.792611580222372
2.7557265188409477
2.6948844917820653
2.7794338265377903
2.808372792812675
2.815741707350824
2.78837716585556
2.7333385260964045
2.7065794459480372
2.725372120077477
2.66394613857348
2.735697058288676
2.6872672559211686
2.679496465973224
2.692601489069478
2.7286670478171677
2.8111029167436605
2.875991827140215
2.7855278183510066
2.7884156803041624
2.778998776877312
2.7704447453213676
2.8052029576149606
2.8855491607067423
2.887864716056169
2.8842953176603725
2.913801840049902
2.8601071180019075
2.743822510521116
2.846653053954402
2.8785165078439543
2.842996626425211
2.8069103442148986
2.826319950397134
2.904963572719853
2.8682173775221744
2.9622344951537163
2.967730260947448
2.950960114304932
2.9110490288861626
2.9170028229191014
2.8471074028167425
2.8167684895893954
2.762350719927859
2.83723804455529
2.7330375548523134
2.71272478158178
2.802064891055875
2.735489725137329
2.714353076733748
2.695467766976732
2.733822284583424
2.6870317153263192
2.713314019370628
2.7495900399698345
2.782507315081905
2.7347083856123957
2.662908599133557
2.6804492199102916
2.6446365920494377
2.6725093381469547
2.7050337449220008
2.8072799719642934
2.80216347067704
2.77183153048958
2.776081414115539
2.673829026418576
2.808964030636895
2.7818862049223236
2.7955338834688455
2.6711216835940204
2.647892176786114
2.706261503211092
2.6891249062338503
2.712443573469347
2.661410699762162
2.714018148314312
2.773357897713958
2.809544254285863
2.737023668773382
2.819459694371653
2.8237138691944272
2.839686977427184
2.812714189494659
2.8269430810243827
2.801380327497615
2.811309456349
2.822645312030922
2.7638364916228837
2.773793834640547
2.747560115595139
2.701654973229771
2.717513692440496
2.674384039205186
2.7463952655369055
2.671475159022531
2.706662777337334
2.7183106142003473
2.7432081362171363
2.75596185065592
2.762109432980825
2.7244801854602705
2.7664231734633615
2.7568847971597354
2.7210701633356194
2.806517083548329
2.84632382609012
2.8430637513375414
2.8246229733607953
2.8376517011886206
2.7954956629338157
2.8466930746623813
2.691277443607845
2.773835364950225
2.7128994093200833
2.717485520919191
2.690188294693818
2.7253179145521718
2.7027898635799557
2.672580879822349
2.7107950172607445
2.7116779312192736
2.735307862979387
2.723333931718377
2.6649153112832478
2.769200512753481
2.7974210549604854
2.74438581459225
2.7585479766858296
2.70944869914875
2.7678517000499907
2.7316191970917436
2.840024072761773
2.830544791972863
2.814202968040256
2.846854474063932
2.8686509988186066
2.891080066548586
2.852265512569645
2.933386540853242
3.0209786463161
2.925862855240764
2.9613839087376514
2.9283617691571875
2.8664040768951677
2.846053078353745
2.8248413409118953
2.8111504634055975
2.877259561511495
2.85326026988842
2.844409630385586
2.6906739241681015
2.7736469977414098
2.8722868763979794
2.8030412543443903
2.7779322796963215
2.677720456879315
2.661347757317226
2.677961288016409
2.6418834120799124
2.6157779315459546
2.680041821339466
2.7431824980964414
2.8505912146630776
2.8149684593880213
2.7265469436299417
2.6563714557165374
2.605115046558967
2.654214863404636
2.739429233268746
2.7539110816332584
2.733430252537051
2.729176239412207
2.7467249884006932
2.712938937102518
2.7400705262494425
2.6583669892032282
2.722667925182262
2.6805823864797684
2.67630702628168
2.7175096092510445
2.753484386552228
2.8130545234554813
2.8375608614458194
2.82870747606865
2.790267374131805
2.7940193094734664
2.8979348138341887
2.863942515962744
2.8367749260558197
2.8022282405014303
2.910895352343387
2.914756806391415
2.914106599194312
2.895291671903276
2.8594759851490226
2.9144211348908033
2.958462049906195
2.9120302946470935
2.8876688944026814
2.902920202128633
2.9135979394787412
2.9176028493352963
3.0035863540794723
3.039850935975998
2.9818286789611754
2.938515682165513
2.953175571046782
2.946930515618946
2.962961398297474
3.024648993463875
2.9322572197535197
2.870953666887693
2.760548818959147
2.7690967437065406
2.7614914811747715
2.863065831499392
2.840250140294514
2.7885393727961896
2.8297406155811795
2.7623250786450315
2.7572815040106087
2.8548373843112724
2.7518803787568578
2.7553266464089274
2.6706139140965584
2.699301085938375
2.691784943026378
2.6687811251846276
2.6765313164713618
2.750104013693063
2.800609700623767
2.9560309776943585
2.9386419198689064
2.974316244737674
2.984500725455762
2.896285158614938
2.864205977148346
2.8766856243345456
2.886472731022613
2.9264814321831736
2.8425544017680178
2.7393906198031908
2.778057961772246
2.807400056179533
2.763912063862956
2.827418894595042
2.6596925324926333
2.6493734673348115
2.640631068423403
2.6913574577667543
2.696725390264799
2.696623911680649
2.664172662110865
2.678747236834444
2.6793413775906303
2.7134243358137886
2.728464285361721
2.688584328168074
2.640790068123789
2.6505399510802934
2.7541558766620122
2.7756308041035966
2.850683730626639
2.795271603070448
2.7190168661793264
2.8018641773706934
2.853596836874927
2.971699285515995
2.931222630982876
2.7774701607753216
2.785947286473852
2.8035211871645696
2.749720350856936
2.782729161247116
2.7005950631137647
2.7486012188288873
2.708543320267971
2.7565219502347684
2.748017960051828
2.8186584468489935
2.745320110168567
2.837947631404996
2.8212955246457
2.7944806966781552
2.7573205404961714
2.743779761845193
2.757533083033115
2.722555562524265
2.7379041143088885
2.69368843073998
2.7712392980471776
2.7488854244082592
2.7684368089056335
2.779479187210589
2.6651596415167056
2.7234269792636816
2.739705614095191
2.781973805929244
2.769379520652623
2.730179191008152
2.6799088822143164
2.7596880285244376
2.742867621886647
2.7199054046304187
2.7930909027519104
2.747306841448451
2.7022659987490867
2.6502030033441075
2.7183990619294387
2.6562955547771883
2.8251250422973286
2.7662158699403516
2.7679258583211555
2.7876350463384125
2.6928667042274292
2.7664239252414746
2.83236366749298
2.845911021880939
2.7607572190733487
2.795291367621745
2.765764860803411
2.7915374357712976
2.7470395659461926
2.6817817063651415
2.7406138620635785
2.8976948397844016
2.963572736623993
2.8931320952918043
2.797652716781237
2.721504496989116
2.752102868776117
2.747288259527445
2.7433416566213147
2.8097016712707292
2.7919753343213087
2.811684520222693
2.8235052226878823
2.907225994248432
2.752598955744046
2.746758492447243
2.734416545148815
2.735979952754349
2.5934006573850734
2.6206582192841155
2.7145295844505823
2.7076199527701497
2.770980685190911
2.735960011354564
2.7629116859265674
2.824430516732171
2.848412153707348
2.8100753911628584
2.837623707913982
2.7735214889037056
2.710853234861939
2.6596192662024665
2.6912458570077114
2.680123119773842
2.75357800735554
2.7686789270850816
2.84682299932796
2.7794368148846686
2.7669753118822986
2.934104703804589
2.8774603448061122
2.798624782677106
2.756989789101325
2.74016908918643
2.7881675406146433
2.7893310640129245
2.7613586507887105
2.753136131665195
2.6941753142167952
2.769518233790593
2.6718949405957573
2.8167567191566727
2.8065432475192233
2.7225057496542604
2.741678471939347
2.8386416217799253
2.9090613364689695
2.970850249555141
2.9367182773798657
2.9375261852249546
2.9388047890313453
2.9906985135420525
2.934665701550292
3.0274307204536273
2.9964326791316975
2.9944063519851722
3.032417948290417
2.9341044907207503
2.9355553441129
2.976704000189925
2.8844168650826547
2.9212361304477423
2.9282055670403384
2.9869292840528594
2.96600917900896
2.935516823109978
2.9596470996952693
2.9423228025706543
2.8582215293680817
2.8766958036446972
2.893762248829461
2.8004036008130275
2.812340716182041
2.8090589104846364
2.7429185584445825
2.711827999306653
2.623032541137879
2.7648819173267025
2.8202103822176556
2.754119234669415
2.7559194253948793
2.7562625959351985
2.7169230010981513
2.7212820436345018
2.679161359219489
2.7605419128043978
2.7546472636169397
2.8220705588188233
2.745927957413503
2.6859339401405573
2.671427993788598
2.7503040247430603
2.73845027997604
2.798978138500579
2.771304508085243
2.8408047230964053
2.7187402151511573
2.74236171454778
2.7521693731467867
2.6973604745737654
2.750791014244561
2.728591139426704
2.80638228534345
2.722304604758052
2.751973321955375
2.7381323158471833
2.761042319962555
2.7557988028490943
2.8623911233444095
2.7837558738562183
2.6759618846872604
2.711051224811043
2.7661898907370075
2.9015120266197973
2.991175980134715
2.9880297115785406
2.8557640019504924
2.83031822374722
2.7688081299482863
2.7961608590358678
2.7942688884542477
2.7800417581214036
2.783158711593539
2.7561697069886764
2.7842409286207226
2.8004054106112086
2.8740348002044254
2.894876445986554
2.8758339552193064
2.749824658777707
2.7094514469832998
2.7520035655858655
2.755586233454384
2.7535867988884126
2.8089317839065817
2.832313402244659
2.7685763754500803
2.798404611665008
2.807804987099919
2.8050455374925365
2.7814383800788507
2.778534415270494
2.8888091889960297
2.8237045461743806
2.796065108614745
2.74776242893308
2.8295635718304264
2.797929342504855
2.840893031348918
2.883236518216645
2.866483045698383
2.863298362086192
2.9354116290426786
2.941509104950376
2.9783446092596284
2.9241385177074153
2.8203125431503575
2.759557444646188
2.810894772990805
2.6871344519733125
2.720885156172205
2.7573192549647825
2.775373418583532
2.7666367212394176
2.703240672399304
2.709752659477221
2.7211866608817097
2.680825325249322
2.68770205793985
2.668698941898425
2.7347409191307332
2.697223425818574
2.6025381437855013
2.609110499032123
2.6468389259213625
2.6086620684053874
2.76317419105529
2.69497462753147
2.7047809413750494
2.6437996255333727
2.7041106954784344
2.7284253723565532
2.7665113580332115
2.869807750090038
3.016257246140159
2.9665668805431973
2.925168763363604
2.8944340017122796
2.9240913179082426
2.978246659575696
3.0007629011215746
3.015918847112986
3.079311351841721
2.943302690480544
2.874829806426927
2.734388549758155
2.7470012619563433
2.754908976345532
2.7299882867754417
2.6948874913723997
2.689430717369384
2.7562049135062554
2.7129716683075444
2.7260209354483833
2.774163775288046
2.7078763646415793
2.784343307119755
2.75850110333461
2.7644816110928185
2.7732037448763953
2.792756806063272
2.792343473056579
2.7848197174481637
2.78154081940624
2.7239150981076707
2.760276552763446
2.6789782670236972
2.6733919703343805
2.6811918180411087
2.6469993238606597
2.784145051451669
2.7583792833141043
2.7882375396741894
2.731436684497847
2.7212169864545896
2.7356454206313425
2.74515572557994
2.766722519466262
2.737730400355185
2.7106483918102207
2.7915482945925483
2.7966985965229587
2.5912763049823084
2.6881554145900486
2.6304855388609742
2.8248251669626177
2.8199786058454377
2.776288287960077
2.8255353686439646
2.8422702662830726
2.803413489892936
2.7695661400911797
2.6680143479302907
2.698163411048472
2.7739360530677413
2.771643261131933
2.831144332202974
2.811868347495279
2.854380063831549
2.838687474480465
2.834310485067223
2.789894172350723
2.822353722770567
2.778934524524123
2.664925703498399
2.7778527953128362
2.714455179413658
2.735933049424922
2.8242596525027426
2.840322716988655
2.885530072187377
2.7348468304024816
2.74790151833966
2.769269691185972
2.8081355109225252
2.7631977752401715
2.6868302608565235
2.6880240270983813
2.760547554297965
2.7755053776529843
2.9797130219008894
2.999362555316778
2.868563968731787
2.836922652394869
2.7281243256669785
2.813660811208335
2.697606561522954
2.7672557399330198
2.7727524641320414
2.677908781444716
2.725088959052409
2.6487121502196134
2.6199725541467873
2.6594136649331266
2.669693615784042
2.6886538861247313
2.803649424060971
2.7265526052956606
2.7093744140865494
2.744292840111368
2.748771533429639
2.862136426802355
2.880691607192142
2.814592282829353
2.8764144613432996
2.90265106827007
2.8822995574115864
2.7837368383758565
2.788029688443988
2.849158208748963
2.8879347389022447
2.7684609831326137
2.770945933377149
2.753779038339226
2.8454313779388123
2.9333974986868916
2.966086681085897
2.946707959627206
2.968724015634231
2.8402170185921003
2.774578217078308
2.7884519697956502
2.659312474657778
2.747070882041376
2.6784687944951187
2.698016627685039
2.7674590859582424
2.8326916599911174
2.9514796794191867
2.9596063907390255
2.952296918924663
2.851849284440982
2.73375407174944
2.8049246910865713
2.8060694515218816
2.879430795815234
2.8894062778026215
2.8511620476025072
2.781074218986106
2.7909005275463006
2.9024036539826366
2.8900701300574116
2.8154529753052033
2.862485053253968
2.8975217511547093
2.9194879219523138
2.9313630923019462
3.023835579564246
3.043834526871616
2.846407281167744
2.8652194047798787
2.7787809921124267
2.7240560037339216
2.716646938232424
2.713693319989314
2.7046902808420987
2.7377638989518935
2.8196149099969157
2.7858845591653485
2.701796191922861
2.7536457664863025
2.7360019767698205
2.820022078086209
2.7557543625454617
2.7127696923097973
2.6192354717161486
2.667474602511724
2.8033114911407195
2.8054172380902456
2.8659986570497322
2.8838699060924915
2.7799391075270834
2.7451523008632024
2.7135815693562084
2.821890609375913
2.792281058688334
2.8816548232063774
2.8164126918610357
2.7206527165068786
2.771133069954455
2.7157570411377447
2.7316125404708207
2.7097441551536314
2.785595673801897
2.7831091530857055
2.807982972156192
2.6404808958820714
2.814014265933293
2.769514288275576
2.706970272164592
2.941223066462897
2.807075202938618
2.8145171662200403
2.787409251685997
2.7619497260039148
2.806844291763841
2.7952822659511294
2.790606284474512
2.7152764224737127
2.745507068435744
2.6848993881380565
2.7704456618060065
2.695677851842595
2.684115637533845
2.6419184855119013
2.6428681775028124
2.6855298245366224
2.7774847544317893
2.7889462036734747
2.775025694246904
2.7557136694330113
2.7870832354556363
2.783627236064644
2.741541998208976
2.6937769931428917
2.6960882204186736
2.73159634116668
2.703302933776497
2.6799755844229067
2.777390272707011
2.855986535951943
2.732698448978718
2.65610669506035
2.7073438695851935
2.7697907342520587
2.6692372794266923
2.6949048000885023
2.777754178056089
2.7868500515338046
2.7141062092518777
2.688525454287626
2.693822685632794
2.8265752687235866
2.827276419693008
2.8646138778787096
2.837321797247322
2.740400587412444
2.6742046108614006
2.6542963532306976
2.691100080560965
2.764871385663137
2.7617992999218597
2.751097080866541
2.7770577944904833
2.7869593383767484
2.72326028277229
2.783359191109317
2.745094571969996
2.7583571391593944
2.746664870999433
2.811974433864761
2.6684809078810163
2.614272846646444
2.630361630854059
2.6227901352241445
2.728439409338925
2.765465183772632
2.7464592808596326
2.758363982517618
2.6734500173033062
2.6726656721514397
2.6827549159843396
2.6530583714977785
2.678147209176269
2.759953580145366
2.801163017285863
2.8045401394426483
2.7191522380011914
2.701574282433005
2.649972900050181
2.608716989117013
2.662272045775599
2.6122013900638295
2.7031009634868557
2.784834877993629
2.7470168838182265
2.8079016895937525
2.8122554089227463
2.8134042593455444
2.7276469441529367
2.69905430309449
2.6129577254445153
2.701718645420037
2.6695071051655805
2.7621198111271905
2.798718040916553
2.6802181155185734
2.6914156148728123
2.6277743377449587
2.6742630136714447
2.6845704432819737
2.751863640988683
2.720296391329376
2.719428662172132
2.7678630765027012
2.7069751271855607
2.6597258787877402
2.6842381865699134
2.738187253202271
2.723420002249452
2.6972650624085954
2.700942607066496
2.685104393957076
2.640964276196698
2.7449999800416975
2.77859990064876
2.734768874358311
2.6798917934546553
2.71633558537248
2.6600109856481
2.7294525098161233
2.789561278599342
2.7318367522152953
2.7713838025475557
2.811932828301339
2.8538874253225526
2.8157462025376314
2.7456773510078447
2.7373512218659695
2.8681051457451217
2.8579267879316377
2.8270312094917722
2.935492695612122
2.8847331679020383
2.839488117326316
2.81175343146441
2.772930239042507
2.7888226251448107
2.853017402961014
2.8350982398904945
2.754437679395133
2.708815541352828
2.7196175081295837
2.796266386721814
2.7625819219490126
2.7941526005504285
2.792458296049859
2.799380620425478
2.763596987648134
2.8198527505060604
2.772374742752094
2.7905351047225913
2.832624724091665
2.7510331931768133
2.7218384508198903
2.816064270010431
2.7474522785744946
2.8717737541797863
2.8216170100521456
2.8617630250618866
2.848217439136173
2.8138242781542275
2.790600235784955
2.8401803046181757
2.7986298905752376
2.793161745571257
2.7445561050680776
2.8067401041853275
2.883348697992093
2.9167999819775656
2.844753282842602
2.8332177955075983
2.8010497130390455
2.7363138796140243
2.8154211134797236
2.8268899129183978
2.759103815117171
2.81421062897836
2.7579812661686156
2.806319510516032
2.890604412444753
2.7797790908328235
2.745219134257357
2.7956494155449736
2.8833406221875757
2.941663570728559
2.8584317700640463
2.8635476408512393
2.876258111437223
2.872265923392372
2.848878004364175
2.9040180782603673
2.8230068041403014
2.7483078531982974
2.7768786533199643
2.7311235379525125
2.7501055498718454
2.7637108532280408
2.7353392727469923
2.8756881271658083
2.877904244299041
2.7581436646086526
2.799017780746431
2.8448214574718014
2.858727855481861
2.886218162889106
2.7763560115144372
2.811302538754718
2.8124898748074094
2.809496915492478
2.712469043310665
2.7444514673990237
2.795676079932429
2.7148526365528873
2.674537040353827
2.6890090817691092
2.7234465193670685
2.69491714142309
2.727330632517114
2.8275361370794276
2.7955108892873257
2.811312773324154
2.8214912728962975
2.885068701103933
2.8738238493120485
2.814231670697986
2.7241539304886917
2.7384271877049176
2.7924221372416516
2.82205970747274
2.804717983455139
2.811285644297639
2.8989980655501797
2.813609851442291
2.7541197760187144
2.750075038137602
2.7433808409260823
2.8192837652425444
2.806797367732367
2.679300797198036
2.706141078920859
2.7438842629751172
2.6832708140235444
2.6846986660382917
2.6245411851501985
2.6518994683022052
2.7688248022510744
2.7436326733275043
2.661246025161434
2.7935773260569263
2.8006851577055865
2.8150842100489517
2.698064543616236
2.716179773537349
2.720930299339549
2.6996797460903945
2.690945906652304
2.658874751259734
2.813563546318361
2.821665553753663
2.8305046759822874
2.742149560040024
2.728291621125294
2.7135563067308732
2.7962512638549963
2.802501978243658
2.7622367537987635
2.6899957935620415
2.7905934016168543
2.7715846421147905
2.72416786685194
2.755651820438814
2.7810664506592486
2.7383949327256736
2.690418893337064
2.751361278687261
2.8386438409953687
2.8258947957471174
2.8691738286423325
2.7473567477976992
2.7593329933512525
2.740010794724313
2.687314245090816
2.7769092321543756
2.679199766046464
2.6811375522630967
2.669476700327991
2.7735454670495154
2.7411315296374017
2.781930318220246
2.739300239691998
2.75443988110336
2.7506550239037924
2.719534237033353
2.7540631216690725
2.6530732170855176
2.6718174550058693
2.7766524269620505
2.705387354583131
2.804070626180236
2.7844823877824436
2.744093680528045
2.809897217634928
2.659639305529995
2.796556572921381
2.769680974518116
2.740243089405003
2.6877766088475887
2.5875020528316686
2.6251416996681027
2.727168714857638
2.768743957816666
2.7100415710497834
2.6770735743671157
2.5630303950116793
2.621340759337068
2.6906533337224188
2.5893966713884633
2.657842612044254
2.624342235314782
2.7766339987865813
2.692520075422959
2.7279142421586444
2.696590591667237
2.636616899937447
2.696068808218203
2.6464233089884366
2.666115556776808
2.720641222266009
2.7717110406343806
2.695856392668943
2.730248714478132
2.6740539287034815
2.740965825336498
2.7707722612167087
2.909408086424999
2.8964517899938254
2.840875501375573
2.8229508000885537
2.7620970165308623
2.721715073954917
2.777737916252888
2.7624988035267384
2.719730076799989
2.79219989190389
2.745219198647816
2.739574930721005
2.665233822018506
2.7250932005888204
2.7257085559221026
2.821739921519779
2.8193712667672557
2.9181060988646927
2.8351549444913315
2.775126088450794
2.8182428671092086
2.8680613844790477
2.746494928091242
2.8052398349202603
2.8104121241761173
2.795998451126161
2.819469980844109
2.8255191817631786
2.808074235051466
2.8218588106707942
2.838415795129876
2.8448087330053626
2.8679178621138925
2.832235228601079
2.8422163104454543
2.7564824673617316
2.7428951405547974
2.8370692085938005
2.7844109530652035
2.7828374919298158
2.7259744471763883
2.8506020046156975
2.8831945324655037
2.782105970088284
2.787100726007381
2.6538646540989825
2.640890228468604
2.68562187635818
2.7020575488499246
2.801012820564134
2.8402314904281485
2.7946657613986647
2.793994045130667
2.768680333453887
2.7586479547838345
2.645318460266947
2.6509586270373147
2.6843772628426685
2.710308129736767
2.668517284882358
2.760215126266794
2.703513359632056
2.7858987711463916
2.860103021489854
2.863487738095689
2.8231420279542316
2.7931871719333765
2.772556359223956
2.7688336041423116
2.829848902201405
2.886270972945707
2.8384535153899155
2.8077217026465844
2.7824724842928226
2.862180436436416
2.967899048703073
2.957043821068182
2.905146501182991
2.8856114955677787
2.8132532179913086
2.754833252670424
2.879833459742497
2.967932293614279
2.928583737578051
2.89436241601383
2.833686189836663
2.85951533314682
2.8069815417063957
2.8193116552871498
2.8244741197656524
2.8201907870066756
2.834589652871771
2.822346747979555
2.760250759291937
2.791252903238544
2.831094982362228
2.914200744544152
2.766180078479875
2.883165630233921
2.7741121625203875
2.834733920652635
2.7885505170640412
2.7641582271015257
2.7693855935459015
2.66577286938113
2.7653013669608657
2.757977337015502
2.7524368277574696
2.7088350552358684
2.651592172264544
2.629641857889985
2.773169786980656
2.765629124455979
2.842235383187481
2.7668348543947854
2.7046614796168553
2.7207672381070624
2.7594422638320055
2.7397816587086674
2.7694015997429453
2.8262477235601913
2.906633289353248
2.8430487351827076
2.855122883743718
2.8390329405123302
2.872919033160694
2.8826203513549404
2.839935439894027
2.9535659129042853
2.8139528373971743
2.717937566960387
2.759264084371239
2.7158287932147793
2.812529707919088
2.8086384360512615
2.823241263827791
2.7698094503519113
2.8326136577302563
2.795214847756908
2.7350326154914133
2.865662292146359
2.8112358817021095
2.8405464002063625
2.7810502603264156
2.7671045056689167
2.6644238871711585
2.7378912863669385
2.701497094814761
2.7243659665962863
2.667147474932658
2.721538858120117
2.71050970925966
2.764960756224599
2.777385607061909
2.7398118742244377
2.8770691561286053
2.824556460509509
2.8297745733006514
2.8500480571409432
2.8588893021604527
2.8898233436996255
2.8756782665284883
2.9471676790680137
2.925430059641173
2.898675292121774
2.9573129754504426
2.9725206818536654
2.8706139432332467
2.8431546875944242
2.8681114314580007
2.891260374554867
2.905776118940143
2.877014941869978
2.8357507663844714
2.86025819596988
2.8539701872366683
2.780975979163496
2.888637697799593
2.8802905569894026
2.8356222071571464
2.815486696552649
2.7786142604025144
2.81255255435275
2.760041910399086
2.7425034724313506
2.741480066540065
2.829286537834464
2.8384764104942857
2.835574693851425
2.829973373695061
2.8233844022109156
2.8251145658162398
2.7287903567964866
2.7264367337502797
2.8584763184323734
2.865171279380178
2.8366028698745382
2.7160005746523805
2.701793640038481
2.747687622964711
2.743164004621134
2.8274137487789113
2.8273498578396663
2.8166118482615428
2.7645806350396382
2.7166796986860544
2.707784304587317
2.822621469350634
2.708900917790301
2.786473906654602
2.794120886195607
2.7952713336914035
2.773341638092812
2.6743363251529955
2.7482251515448564
2.7672316860942363
2.8172340939732594
2.780762763727008
2.8891969349247595
2.8307740109409685
2.7665785376898677
2.8769683135734225
2.8819578188207475
2.8822651776886117
2.7850419422775943
2.745947983295319
2.67957490376818
2.7273129472313817
2.6859902584158446
2.761777969537593
2.8269047974424586
2.722327519764365
2.756449389629742
2.770627917448075
2.747613518144837
2.638673478138524
2.6759587212366345
2.6472462490264146
2.668793850145701
2.6925815778397033
2.766515327917502
2.7399801250945055
2.7473860696055596
2.674744834970006
2.7145421572621933
2.727110732598857
2.7743425775426087
2.8316694852057602
2.814121999912507
2.8331481393997726
2.867690452743284
2.7227199818590937
2.7213343144007833
2.678567854797867
2.71890367837176
2.6864822485521236
2.651074519656171
2.6047284271399054
2.716011471674817
2.6840569969817194
2.730774849823151
2.710720254909798
2.722042073916872
2.773853888823186
2.692852307690681
2.850287633135557
2.808265463127998
2.7636040639576795
2.701264616014287
2.736920918534601
2.711250243922148
2.652118512454954
2.7215140102141215
2.6798720917918253
2.712643412788705
2.805284497387596
2.77456625414049
2.6884419587836486
2.7271267677490134
2.800890274876804
2.785815077860048
2.722143634989789
2.622654092771506
2.738723916459697
2.7336760867216032
2.6667080354195174
2.6472965557796266
2.665492307479566
2.6542992256668736
2.698767537225291
2.739766424426506
2.805176716623106
2.7025904814819577
2.7559785846077633
2.745878718757931
2.791000377018734
2.858051303309883
2.9421894629108944
2.8865758657480045
2.8427383973319054
2.84512146910175
2.8748311253949903
2.744421512988395
2.8347545489372794
2.8672800635572755
2.8561316384783386
2.8376352213757947
2.847864942003731
2.788629774212154
2.7712539278473645
2.847993784230156
2.7782835814553466
2.7922603185989567
2.7583969792719887
2.827219715928736
2.816756086781812
2.829139158504796
2.825558449185323
2.837657954032938
2.7686917820931463
2.8098502635450697
2.6925854166388103
2.6735408667422953
2.729771657466822
2.856968782156398
2.885812763047432
2.8893196111185464
2.834033300158771
2.8741774667077715
2.7503380257738326
2.6991291096320302
2.7541273429826
2.789360058616636
2.7722066626086455
2.715525120549317
2.6619658927113448
2.6573513324483793
2.63160450937529
2.7075128198051424
2.7032287899675285
2.759620453607461
2.8010904401904417
2.785554595202593
2.8405275105589793
2.903564814252376
2.8796623519368234
2.9223246556333407
2.921843627478885
2.8899018075672127
2.7823336489322834
2.8233687389635036
2.7224722866819415
2.791649683671004
2.734523460021596
2.7872977521248434
2.825695651991081
2.7237343565055188
2.7788431169225962
2.6937444033147586
2.708920536179251
2.636636220130617
2.783912626599701
2.7226780868382265
2.6929285282791127
2.7863403373793836
2.718767952737151
2.668853708839876
2.65948110173432
2.6974650049384503
2.674396465599723
2.663365060067035
2.6979501698645127
2.741866009026239
2.6923204415025603
2.659277686785162
2.6441225224593903
2.6729244412217072
2.657355437921881
2.616519435385531
2.602757033840809
2.608062734835549
2.6322179186684087
2.7338583912341594
2.748271028648478
2.884658713865486
2.8145709084006536
2.7604235940393824
2.7075876441308138
2.715504473194811
2.7730118025893775
2.7745879617113474
2.7503739170472397
2.701517498630946
2.8276213619735824
2.797516494920643
2.796922576675863
2.7569168134241426
2.7861951371891003
2.711655315227782
2.785642006713756
2.7930507023220117
2.801880140053407
2.7953493033390227
2.750941764012249
2.6796582392055504
2.740333630802442
2.809423315452671
2.759253448728929
2.732932167543992
2.7911472155216615
2.7327232285550624
2.7235892567303543
2.687990248502441
2.7486559946003672
2.7848041696634063
2.732525977691759
2.8227378138234345
2.8810770267553085
2.781625707027762
2.784250770501155
2.721682389287554
2.673795422303967
2.607450624327714
2.6049491484654985
2.6996622381068254
2.6878900562072823
2.719107275062117
2.701488348078969
2.682194974725492
2.7603219753481643
2.7630381772745256
2.7149944285837515
2.739564753603013
2.746205099999317
2.70217457216533
2.7551469163293967
2.679675050328539
2.68397402473741
2.6981952487519822
2.8171470396501426
2.8254431311351587
2.8662561401070814
2.9063066058908937
2.8698990971489624
2.880222468236543
2.8269502335519925
2.869076459400076
2.929023021548598
2.8065839636294934
2.721579616480905
2.7498261050424215
2.7256159963028987
2.7783610378898125
2.814108726676107
2.842989581466754
2.7971863318087933
2.8017207858008666
2.855491815499577
2.820276296171661
2.8379515075867445
2.9009358344560066
2.9128364816361856
2.9442159809164536
2.909889791785381
2.8504029989931046
2.914841675072681
