-0.6521950922684081
-0.5970577290566979
-0.5274737833520643
-0.6536538007318881
-0.5524964860005704
-0.684088081380001
-0.7307374528095811
-0.7389443194327401
-0.6513638014698446
-0.7475208208417633
-0.6376179191003514
-0.7840711485576334
-0.6713627746116291
-0.7519353646497808
-0.7464184883919225
-0.6193580089099989
-0.712548294606282
-0.7224440404896494
-0.6674158163590862
-0.6337729646749899
-0.6548411423529903
-0.6611775347248372
-0.555284128232253
-0.5734658977962216
-0.6422003889491058
-0.5535846678361191
-0.7814176660555154
-0.6941011866744283
-0.6202787377477279
-0.5906039296270347
-0.5128901769600878
-0.6125648378824442
-0.5492451437232289
-0.5101550168044783
-0.5994161488477739
-0.6063281371830231
-0.5719433204304457
-0.5331163901542395
-0.6488156300153965
-0.64170963059682
-0.6504763367580404
-0.5795918734572276
-0.5006389931740389
-0.5305296550979339
-0.48622001095426237
-0.5636406644547239
-0.5077828412863179
-0.5048131906976484
-0.48340665686253553
-0.4470218556962525
-0.5049400636402518
-0.5358327918058493
-0.5495338864915653
-0.5742276843995516
-0.6794507090082414
-0.6748775826183016
-0.7187406337724533
-0.7159323186902393
-0.7308727763454304
-0.7371625591789951
-0.7658071236386009
-0.7378628497970641
-0.7765187331534372
-0.724480580243613
-0.6268290717325065
-0.5547663873293595
-0.6463757888858617
-0.6008142242070784
-0.5449218596921487
-0.6145533417780854
-0.5762683121751665
-0.6388113699908223
-0.6778585905440837
-0.615723033092681
-0.6392164300286785
-0.6363121635552
-0.6136097503361009
-0.6647730555289565
-0.7014377481757379
-0.6994140684391311
-0.7551369872927943
-0.7037817088300727
-0.7291855414435934
-0.6927740572100697
-0.6199434301375596
-0.6009153429535583
-0.6499618634788372
-0.6124271089793957
-0.608867262658897
-0.5830907654030523
-0.5727676310303749
-0.5901952621851553
-0.630730481397521
-0.6861513558783713
-0.5520071028735267
-0.5465287810608346
-0.5069848109201602
-0.5868926841357056
-0.5767210277251757
-0.5462082588171875
-0.6461074805381818
-0.6059963291882826
-0.6093544381462995
-0.6316573841574259
-0.5594050757590177
-0.5451268590189192
-0.6089389038269549
-0.6041755361032787
-0.6213928986164794
-0.6125337070862145
-0.6260228424884343
-0.6058692834042558
-0.5931826479566981
-0.6181212337900596
-0.6090996894272017
-0.6187343269060059
-0.514641592239338
-0.6963532658742806
-0.5963326058935303
-0.47386349946662104
-0.5465283640749009
-0.6965847256175747
-0.6589425261898961
-0.7052731146411649
-0.7105595764109178
-0.7159109769174327
-0.655577013109177
-0.5942900507154362
-0.5139416359363047
-0.496076829603539
-0.5703780176981835
-0.5435349630433103
-0.6774619713928968
-0.6665204846875544
-0.7347579366773288
-0.7053850569504332
-0.7724206854681586
-0.7339210303098792
-0.6452564010608486
-0.6540025025616435
-0.6740041567067467
-0.6634299676624217
-0.5991844155005464
-0.6515070338791554
-0.6548970127155809
-0.7163956033420145
-0.7331737191665941
-0.6210052278196062
-0.5669962317829186
-0.5417379597425291
-0.6340502961392959
-0.5941989530484733
-0.5852644899398612
-0.6295586358800016
-0.6127787635270698
-0.6603117479960621
-0.6199709663930845
-0.6298849535374128
-0.7032548698939594
-0.6294836428177
-0.6204530719915469
-0.5886875086364749
-0.6225140492923333
-0.571715269844859
-0.7164208113488013
-0.6310724227530754
-0.6552234933999885
-0.6818507650439574
-0.636716793628415
-0.648978675514627
-0.707957521287442
-0.5622545238921102
-0.5979640143368428
-0.6547442385652806
-0.5793936031841749
-0.6411507387309902
-0.5652562499668629
-0.5726015913982565
-0.6059560737908423
-0.5782084176920712
-0.5131494113661088
-0.5509328399462572
-0.6578316225342778
-0.660321239741519
-0.6868294514815831
-0.7487568601502722
-0.6372720051825475
-0.629377102958065
-0.6524720397759489
-0.6700171591594916
-0.6049251374550867
-0.6289823025052188
-0.6452828701615085
-0.5832910965667412
-0.6327244147781944
-0.5632106215568933
-0.5441470714818976
-0.5901319000147061
-0.5212586647715134
-0.5139694113750626
-0.46610922899552765
-0.4831516834258328
-0.49666826077919174
-0.49045123008028585
-0.5358819899930999
-0.39910284967439147
-0.37429826939479843
-0.3678737768567987
-0.34699136126501645
-0.36224686703976905
-0.4480064429110926
-0.469125896877743
-0.5137831961156696
-0.5445278663842975
-0.632732756412296
-0.6308119628069808
-0.6223510978960406
-0.6543067138649379
-0.638462009219296
-0.5692736645868155
-0.5511230377588662
-0.5513647666473813
-0.5106788347596537
-0.5448744446937669
-0.6727287626716189
-0.6653301261018847
-0.6020324282250928
-0.6433016455474478
-0.5456398746265829
-0.5757627019342008
-0.5005792978139493
-0.553447162882974
-0.6131803605198834
-0.6184795831586873
-0.6785748425162514
-0.6362101740010555
-0.5487037352282862
-0.5955051951647568
-0.6171500760560444
-0.6629444570012382
-0.6917836785249929
-0.6925953143526486
-0.809644205888733
-0.7285884981797347
-0.6687351180766491
-0.6641178309638913
-0.6752815756761572
-0.6078167287982258
-0.5530036130409252
-0.5426592157807033
-0.5517854300530536
-0.565927065627576
-0.46996902522163525
-0.541736163223132
-0.5529069963293166
-0.6462613802129866
-0.500639824139591
-0.5578502069547258
-0.6671626437270403
-0.671056570380592
-0.6496788520457435
-0.7101029955918605
-0.6762629674371838
-0.6303037414886891
-0.7174117414956669
-0.667927288088965
-0.6600709460817757
-0.6789408570154045
-0.5903099749864701
-0.6260286436476463
-0.6410004846764787
-0.6199021702357248
-0.6236798180402933
-0.6481108783807812
-0.585333089177525
-0.5785461408539825
-0.6056927325624071
-0.5492455567986809
-0.6261239155797294
-0.5759531214300755
-0.6052790813027582
-0.6616345649419753
-0.6292103144287212
-0.6168425792919064
-0.6922402371656873
-0.682394657485935
-0.7227038984633789
-0.692919868918524
-0.6538006109370879
-0.7093689956351019
-0.6953711847628993
-0.6996179902412694
-0.5170186439731669
-0.45420917592499355
-0.4119925910873443
-0.46732648266268434
-0.5245432706122127
-0.41721134622098877
-0.5699140609948234
-0.6799562325230736
-0.6701654479669652
-0.649595594389613
-0.577996623317823
-0.6152121851233776
-0.6294543141759712
-0.6458225433611494
-0.6608492300670507
-0.720968193243966
-0.6353618645977138
-0.664059834170394
-0.6208842865744489
-0.5768151782229098
-0.6168354110335066
-0.5865441143414679
-0.6428079761742961
-0.7101398116057007
-0.7853141694193616
-0.6115389035828613
-0.6477008393421856
-0.6338926997311947
-0.5999579760539003
-0.6329545175926983
-0.5693368025778769
-0.5446336287604542
-0.48709804316964184
-0.55240373544054
-0.5963772561077113
-0.6339297201720506
-0.6354317372742664
-0.6394008956086845
-0.6607748414758388
-0.6924016932583589
-0.5803153929391522
-0.630079497691189
-0.6203348837526294
-0.5758311694914493
-0.7487068777852297
-0.6290563815773702
-0.6143523164288633
-0.587739221808493
-0.6474331216279173
-0.6247550029684779
-0.5807347410434867
-0.6152284043830791
-0.6779489440638642
-0.6582317300136427
-0.6004295524394778
-0.625745551938665
-0.5208970884846121
-0.5124218450187166
-0.5160476852900738
-0.5262337930195172
-0.46558789784412447
-0.5671453264081573
-0.5472866979347956
-0.5389014545535635
-0.5174360466669307
-0.5380505172228225
-0.6374703793715418
-0.43914250264373056
-0.3448238881293879
-0.46733407313826075
-0.4552754667097238
-0.44349701459319585
-0.5515197851660167
-0.48746565741654496
-0.4681862134461755
-0.450861067243107
-0.45039286675084494
-0.48626180319036416
-0.5031081585054776
-0.4419025663259753
-0.43452900719072596
-0.5332314151016756
-0.5804766062885987
-0.6423521195455512
-0.6990665084876014
-0.6669254881132952
-0.683460081351944
-0.647572283672463
-0.6320025432378905
-0.5482574818412927
-0.6031078721663885
-0.6374099585868437
-0.6596831538803286
-0.6069032678285643
-0.5952037735911833
-0.6488142762812169
-0.7307208736460541
-0.6784761796065296
-0.6259791668379852
-0.5719429599395347
-0.529694398302184
-0.7074536888242136
-0.6425693796604564
-0.7061173977757877
-0.6690626028632057
-0.6875161157790599
-0.7166344772902988
-0.6694759118429887
-0.6287124631882258
-0.6892186403132968
-0.5806481656200079
-0.4913797323480919
-0.5815422137050823
-0.5321745296908
-0.4863548630619767
-0.5258198940388383
-0.5392274476606477
-0.5767917979446978
-0.6578555574201127
-0.6070956756628705
-0.6520643657634556
-0.5731737820275796
-0.5573681642840208
-0.6330904906444927
-0.6183489822034417
-0.6302553110746413
-0.641544786810146
-0.5898712046481653
-0.5510629918470847
-0.5690149465290675
-0.5778074296638838
-0.6227384200680692
-0.631291794659342
-0.6936696134400061
-0.5459264427379963
-0.5219319859738266
-0.6156307342343633
-0.6336776765178243
-0.6050861889735352
-0.6364562818229462
-0.6301751194569665
-0.5736611737147477
-0.5766987342408906
-0.629081098886985
-0.6292648373715445
-0.6006424063042304
-0.694854406276489
-0.615536413184102
-0.5295040692199194
-0.5109395739417952
-0.4763461424376574
-0.48065125383054197
-0.5526614683718547
-0.5229413023618944
-0.5129916458260154
-0.43537955568240505
-0.5013471066964607
-0.5084222417107843
-0.4937983112664044
-0.5230833140563973
-0.40303381785482173
-0.3808397888983032
-0.3755844886968403
-0.43084553360281724
-0.5120189899797514
-0.5748316547739534
-0.5394393623025041
-0.5218722955457167
-0.36684629056690515
-0.46569332913010514
-0.4228821352482793
-0.43394132067457986
-0.4424427905514318
-0.4095921755760305
-0.46068780635716067
-0.48099525506404217
-0.4468824414580988
-0.5471558506273949
-0.5146339367676599
-0.527378421242596
-0.655644341688043
-0.6674725469826616
-0.7482962826088925
-0.6332376900834631
-0.6812477863236223
-0.5607739986390742
-0.5675124681984992
-0.4336642326437386
-0.40799917634962535
-0.38271506410399353
-0.39546835566056676
-0.44852212152694404
-0.4968168501895031
-0.42604823241656503
-0.5911717171418177
-0.6743760259457563
-0.6282534443026248
-0.5336374934350889
-0.6144547376440488
-0.6391229910528089
-0.5332299885586465
-0.5449403699280485
-0.5515358507891821
-0.5594263661901907
-0.6268956838559208
-0.678095304495498
-0.770461544869442
-0.7454689592607455
-0.6930443601904381
-0.6172828668463903
-0.5684053205351209
-0.6831851441344949
-0.5880291327563826
-0.5868910973611943
-0.6319923964108393
-0.5965309660948477
-0.63176656919319
-0.5890818001899761
-0.5680092856765241
-0.5968852874280645
-0.633676087133941
-0.4844007766796522
-0.5447322811035228
-0.6307077675538982
-0.5939903946255788
-0.6722290594158352
-0.6897550589391821
-0.8077754931502849
-0.6837132525155173
-0.619151594947226
-0.5801810582630548
-0.555132336031388
-0.546829012613532
-0.5653262764425826
-0.48896545553323245
-0.5766930193607906
-0.5184834090816419
-0.4720916696473204
-0.48233460687157753
-0.5260251501358231
-0.6673451558742147
-0.6798988356840283
-0.6252333840413773
-0.5393644039507695
-0.6428287009853949
-0.6279840334236991
-0.6156995546949742
-0.6922676903552223
-0.671925801942717
-0.736626919226609
-0.6287791999487018
-0.6816125129657123
-0.7602960826625222
-0.6896159195678983
-0.6927528981300473
-0.7426948923689964
-0.6727655978160275
-0.6952304539895996
-0.6874136789332624
-0.620172638004257
-0.6455388739439105
-0.6602094025764096
-0.7068803076244714
-0.6006598275212276
-0.5287508613337031
-0.5790400827314874
-0.5993811415708674
-0.6457396173929297
-0.6554950419235547
-0.6309780086257497
-0.6726269004525808
-0.6181935610300775
-0.6198756169848207
-0.6253892719512546
-0.6215627038435987
-0.630725718881308
-0.5588955281768807
-0.5774186921197559
-0.569486532698088
-0.6140400066866171
-0.7507304075586703
-0.6371237246386623
-0.5265908708040706
-0.5956795326722796
-0.6576923707088982
-0.7056484832751676
-0.702414140156021
-0.6503288510484698
-0.6689733016133639
-0.648096023004074
-0.6966870880002003
-0.624856870599627
-0.7348416306534846
-0.6374485366504307
-0.6439420104179665
-0.4655935011640955
-0.47986497018348045
-0.48681346100864925
-0.6120816553734493
-0.7353006685534048
-0.621550160054487
-0.6052681177023524
-0.47365467079621537
-0.4891716325257617
-0.5089187180778744
-0.553714936440207
-0.6796285121238195
-0.8070582973685525
-0.5929948223261793
-0.5257578600863536
-0.5292889710322921
-0.5708893563880528
-0.5779867136792167
-0.6065106668370651
-0.6601847606281173
-0.7136590950367725
-0.6598641378163288
-0.5691984914099997
-0.5318075684482634
-0.6309050727465476
-0.6040920239299861
-0.5702028700254199
-0.5482606601138756
-0.5987337591451872
-0.6535102661999177
-0.6813503826454932
-0.7256852981740711
-0.6771399189748079
-0.5657033098083921
-0.7039995326449365
-0.5644410567374193
-0.5256085106093507
-0.6547179149098131
-0.6807107098645917
-0.7205234469456325
-0.6593021178314394
-0.6977782616596453
-0.7116085010863222
-0.5835138822723912
-0.7243458968811883
-0.6320144739946907
-0.732249346819643
-0.6993878044132666
-0.5685561701795028
-0.5065581783282613
-0.4964489228418556
-0.5403434628246058
-0.5691465195617996
-0.7390722068604059
-0.5412355728248385
-0.5679779313456206
-0.6322712678889741
-0.5804904863643922
-0.5435855948205692
-0.5942572347299808
-0.6179573291773544
-0.7265938590607477
-0.6635965645235908
-0.7159331188619742
-0.7471699714867965
-0.6370317619572581
-0.6830098778562019
-0.7485490037041986
-0.6496904176453713
-0.6874667038537936
-0.6773263916364591
-0.7226672736994578
-0.6876395461633777
-0.6625364266385587
-0.6652985046637613
-0.6852159729118539
-0.6593150169703331
-0.5274967349989029
-0.46550352962383923
-0.39425437728864365
-0.5550530369120948
-0.6158193798211051
-0.5439474232462106
-0.6094070678965976
-0.6330219993605302
-0.5785513602938287
-0.6607512902843303
-0.6188017888534538
-0.664136608385643
-0.687495904353949
-0.6096877410539365
-0.6490685321805085
-0.6500345485874355
-0.6330850311038021
-0.6977094461344259
-0.7859216065374909
-0.7501805160615465
-0.7428599236255293
-0.7793003536899326
-0.7384507204790999
-0.721906951213555
-0.6088171614979309
-0.5580335321184475
-0.5581320080389576
-0.6518466126372294
-0.552079121946989
-0.5732122794001322
-0.6686736868122028
-0.645998896390865
-0.6513147384628738
-0.6718365534930955
-0.5609009043599991
-0.596831812356816
-0.6067713049408374
-0.6003441531849115
-0.6185207795250377
-0.5439055787236233
-0.4317826701625943
-0.48196088151376604
-0.5847635776154442
-0.6208455296128045
-0.6986887475892798
-0.5019748915900614
-0.45043568563570263
-0.43865136351112644
-0.5323336542003122
-0.5888384871161293
-0.5209158976601224
-0.5448523274208518
-0.4931938108708158
-0.37668142768178076
-0.37028755760922455
-0.34172398259330555
-0.35463580327861666
-0.3536034692420307
-0.4148588204351491
-0.42204178452102553
-0.3900354258798234
-0.37432579668982585
-0.34303645598152177
-0.23881301952475403
-0.45454966868358904
-0.4837348706114475
-0.5591488525262346
-0.5470957229009402
-0.43519939586939455
-0.4533081830405847
-0.44640662210146864
-0.3856024851549175
-0.3467641028217298
-0.2902109042448403
-0.398638509578968
-0.4324215791169742
-0.40869255055894627
-0.4014483847001839
-0.5040933054154536
-0.4937954882617628
-0.48709035929291106
-0.42531350993409855
-0.48260057059450945
-0.4777484999473776
-0.4904400658086753
-0.4404398927656562
-0.4323648847398195
-0.42603727547531617
-0.6052513538324764
-0.6487867116882439
-0.7238017972223545
-0.648822285741902
-0.6075358911463083
-0.5521445030655803
-0.4834674499289697
-0.5580664308232576
-0.4852981408776377
-0.6117493174639769
-0.680987113048694
-0.7321395342494003
-0.671752630362854
-0.6976216849279273
-0.6238456310515811
-0.6046618278593189
-0.567509218686608
-0.5952828524397645
-0.6128858313379179
-0.49498038273595185
-0.5234543692532524
-0.5855065820841016
-0.5670057538137507
-0.6256597022831804
-0.7539086978717741
-0.7520986932988665
-0.7591934154939746
-0.6761990500773908
-0.6273139460531897
-0.5609503945526876
-0.5869857408063524
-0.6433603899928231
-0.6639031620700508
-0.6566054597966101
-0.7106933437780806
-0.627223548444661
-0.6409702373744751
-0.596724043471339
-0.6741852711698229
-0.5374305498823468
-0.5976325498316568
-0.5829483788926466
-0.6350707650316189
-0.6098928662629509
-0.6989931605960807
-0.7157056035978434
-0.6990854044759077
-0.7217100389242939
-0.7137527011845619
-0.6530397349230214
-0.7250427812230483
-0.667963576842333
-0.6779290697950079
-0.599914528299554
-0.5240138243551721
-0.5992580669134773
-0.6189233393341131
-0.5357907738042842
-0.6494069415369392
-0.5873472432193548
-0.586583842858814
-0.6807116953218544
-0.6894294703053337
-0.6867533390544946
-0.6651084524967877
-0.6782014097805982
-0.6604794476243183
-0.5651622805093786
-0.615993204783686
-0.6063313084023051
-0.659318728715023
-0.636379709394141
-0.6607318237289578
-0.6756690139366237
-0.6661019688067253
-0.7567361433344495
-0.6415297519255201
-0.6300937023921991
-0.5649541138369648
-0.6218342561667136
-0.5371059887017591
-0.515718491527919
-0.5637924618167933
-0.445909991845307
-0.3914681413184265
-0.38231055175099327
-0.477603277185284
-0.45706247170964587
-0.5270923462119369
-0.41172655780106776
-0.32315112057061973
-0.32950373832209895
-0.31429678910081915
-0.391361768325702
-0.4902057676327498
-0.48723593784353886
-0.49560683802781474
-0.539067715470565
-0.5087592860821384
-0.45370894598002975
-0.38216984503546986
-0.3842956310936389
-0.3902570233428618
-0.33916513061927156
-0.2732909324937219
-0.41220853147413306
-0.48494858076758246
-0.5449926917363492
-0.5761444463775665
-0.6586554034318247
-0.6588666096581639
-0.6349377721006377
-0.6034612795777593
-0.5516861730563077
-0.6170602368495961
-0.7239301777974598
-0.6974051144580414
-0.719987526276912
-0.7199617735658808
-0.6037733931494559
-0.6405106102249567
-0.6096853315676178
-0.46058191651295766
-0.650044512970859
-0.6283805177334133
-0.5897725170974303
-0.6519972079826769
-0.6627615906212566
-0.4971861023663051
-0.5326706374234791
-0.573288167955212
-0.4719933816468941
-0.4577232262761485
-0.40853341096561435
-0.4410359316079199
-0.3438858049208243
-0.3714336872000404
-0.4719539897515344
-0.47189596638718645
-0.4407108425250897
-0.48121864930517305
-0.5349004201315835
-0.6412828460408438
-0.6469864585624334
-0.622570824126811
-0.635340490025156
-0.6765616790009322
-0.7378816466396192
-0.7467071508603957
-0.70309519840507
-0.6472671900259315
-0.6442628625151666
-0.6006428304975986
-0.5070645660667833
-0.5097725174236518
-0.5508265168014645
-0.6571533249881402
-0.703643035858477
-0.6315799435848125
-0.6631906335690029
-0.6830697687399349
-0.628250310101851
-0.6978927061920971
-0.6519748907330055
-0.603651413799725
-0.4911784328427145
-0.5757986972539851
-0.494175396216303
-0.55353245653424
-0.4798542605572587
-0.5131808516469685
-0.569028221534624
-0.7040159912165401
-0.7762293873560862
-0.7088867101749792
-0.5729058468554814
-0.6765622015587939
-0.5129152740297985
-0.5393248633396797
-0.6162118699424072
-0.6212632046653144
-0.5769536445160426
-0.5376763596968347
-0.5255137740041411
-0.4949348481846104
-0.512071301759759
-0.4930461290846812
-0.4217674389339181
-0.5125153157901159
-0.5931541940819237
-0.5431126648079989
-0.6372910111700459
-0.5463872253265287
-0.512089216815016
-0.5008357695820638
-0.44991067891550957
-0.554117739116232
-0.5866736739109701
-0.4787273507008814
-0.4529180051203807
-0.4113530123711001
-0.42918368684615943
-0.38014458664941914
-0.4542469951572167
-0.448565633591837
-0.42250740305497025
-0.5881983991991073
-0.5184157644542552
-0.4961578494474488
-0.511626803931935
-0.4282710421634178
-0.6660595104759658
-0.7150730736679691
-0.6802657535307983
-0.6487967223128606
-0.6197804740335889
-0.5935076270949414
-0.6585329456113238
-0.7456200049991303
-0.6883586636888817
-0.6631788575894988
-0.6792418407453902
-0.6309640014990322
-0.6744228256770877
-0.5577009328495495
-0.6096630285817625
-0.5886814364123174
-0.6208305668752857
-0.5974534493893305
-0.6966090547235013
-0.6579249456567854
-0.6649131340631501
-0.6768694183918861
-0.6393564787753918
-0.7029503765514219
-0.7641581740630585
-0.5715641042041583
-0.6519935726772964
-0.4735763883972537
-0.48810312269397593
-0.663255677337095
-0.6926260285910634
-0.6935740240021195
-0.7586037244420099
-0.6927424543679015
-0.5241629060119855
-0.5410417368168529
-0.5764467477647554
-0.6113968832788879
-0.6783563505816269
-0.5746931721442151
-0.6416918732096979
-0.6459959715966982
-0.6588774019992479
-0.6171510610875747
-0.6112059629451666
-0.6444478774019268
-0.7022509127001154
-0.6990024315879557
-0.6447828299524707
-0.770709445238662
-0.7234506678568786
-0.7164103894309849
-0.7018115583909498
-0.62658695967214
-0.6768342768869665
-0.6508784239407899
-0.6217315557836337
-0.6522368262899949
-0.621028849198643
-0.4803441394507479
-0.5700122206760321
-0.6592505515823499
-0.5294179026262654
-0.5977980649272646
-0.7013412099112264
-0.6788120260296452
-0.6963031569203438
-0.6608050797653036
-0.5461479134267362
-0.5462398367686797
-0.6286932422269891
-0.6430321442285543
-0.6251888583595165
-0.6200565213288061
-0.6716547355539487
-0.6438501733199283
-0.7008633962903086
-0.563756376081411
-0.5540800939673688
-0.6035671739950044
-0.6183587928597332
-0.69761670571674
-0.6773327080284486
-0.7039655766300774
-0.6560587145183934
-0.6117726790944555
-0.5354136741082425
-0.5563825761639561
-0.6675867451091587
-0.56046366116911
-0.47861460390119326
-0.5873182212412427
-0.6603398715555685
-0.7192329879517132
-0.6837261137537611
-0.7133477527233176
-0.7065606575785317
-0.7268592896269348
-0.6030528190279675
-0.7141003892630898
-0.6816608682934092
-0.6417213948417655
-0.6310825899203641
-0.6868952801869425
-0.743087997232649
-0.6835751713038201
-0.5587648891618652
-0.6527725370320214
-0.628403845458565
-0.47461620137340865
-0.42246839169678396
-0.3719354894154191
-0.4931988060471846
-0.6300721365305157
-0.517794206051887
-0.580734974182941
-0.6430161523203204
-0.6686237011556612
-0.6326752888639009
-0.5608862404265004
-0.4978886631688282
-0.5245336689907096
-0.5628964771476119
-0.4511363251793852
-0.4784571355239957
-0.5392503889797455
-0.6063311684415902
-0.6769450888392895
-0.6558285496413246
-0.58716860565132
-0.6977359083054782
-0.6717435962717829
-0.7370907550205366
-0.6105195264284349
-0.6287804060723395
-0.6702608725112756
-0.60277347046137
-0.6459607342659887
-0.7056940553088454
-0.7032782106139541
-0.7379923328787871
-0.6423867803972931
-0.6713609311848852
-0.7268220899064582
-0.6709241982148961
-0.695889891381734
-0.6023245293845039
-0.506341998143966
-0.5594111331053169
-0.5646517545454365
-0.6321468065114397
-0.639448555856921
-0.6454102045492999
-0.6334494934799694
-0.6352089797873174
-0.5990723862273722
-0.5841035651355172
-0.6286469576847804
-0.6606802388595511
-0.6710508523102059
-0.6558039679919941
-0.6628871565939795
-0.6577142423630559
-0.6761250551514966
-0.6225079877541699
-0.6228079829089196
-0.5248511303437796
-0.5425776108872326
-0.5798447106415302
-0.6334848239621385
-0.584518885303302
-0.7096233027413156
-0.6956556167004458
-0.7096134693835909
-0.6776210337136872
-0.6816181773518364
-0.702282250234795
-0.649007526152078
-0.6247622921905768
-0.7264559793754353
-0.7321457734504146
-0.6885147051734302
-0.672339633724094
-0.6905709128657535
-0.6729417737961231
-0.6253780532396553
-0.6008624013724502
-0.5804019751998969
-0.6659422644503066
-0.6597467331717779
-0.5923622054108281
-0.6174755651156981
-0.6180778664112672
-0.6671606735985053
-0.5673664704754731
-0.5363336922035999
-0.5770889683168223
-0.5758566768357861
-0.5797943382382432
-0.6294297965012812
-0.5416334897118699
-0.6878518565689845
-0.6933026233520239
-0.6069162593810893
-0.6868492732505773
-0.6712624024329583
-0.536039109574532
-0.5501556632800736
-0.4976882812562712
-0.5513685450081652
-0.5869332665868292
-0.5370812495155758
-0.5177132673564229
-0.46416859486562023
-0.5794795240375297
-0.6125254115338654
-0.6481417812199695
-0.7310519686833046
-0.6941930864748221
-0.6997429224998262
-0.7935626478163181
-0.7608416112448839
-0.6464973153265249
-0.7026814253731885
-0.6585088583141918
-0.6714675602180907
-0.6332034567234252
-0.6389021108996823
-0.641593802327876
-0.6383640615727985
-0.5577991746404781
-0.5997146631946086
-0.6285499893782287
-0.6142205203183839
-0.617131673839404
-0.6880147516410299
-0.6069553174013987
-0.5573456774010536
-0.5112922601580956
-0.593056234169887
-0.6730181902921092
-0.5759216653347106
-0.6195269838572476
-0.5712483385778271
-0.6603112130954385
-0.7075829051786084
-0.6578364614592279
-0.6107780466974588
-0.6429156353757102
-0.6120509776464932
-0.7184533274678039
-0.7056138708323021
-0.6148046295846296
-0.5264475915448779
-0.5494252479919258
-0.5495298562829133
-0.63730682336912
-0.6329335508413627
-0.5874125285631394
-0.5763848177094796
-0.5462774363042526
-0.44088054535521165
-0.5027399648514865
-0.5212427801930458
-0.47366654880547304
-0.4701345373708434
-0.4135372271661433
-0.4504561830468844
-0.49574060821120597
-0.6265495434795398
-0.5632117445263195
-0.4444499645115879
-0.5299180058331775
-0.45246166742219696
-0.531962255278022
-0.6076770097491954
-0.5579036571261893
-0.4681198642668053
-0.4880146927777595
-0.5539384625196476
-0.6114913311153979
-0.6848709864149706
-0.640280466002642
-0.7228800490951894
-0.6458578014207298
-0.6457805300070193
-0.6655315855365712
-0.6393087702668591
-0.6951065634077909
-0.7189548574590829
-0.5159492873472309
-0.5918521120154832
-0.5535361994380313
-0.6260442044093479
-0.5540929948530526
-0.5759698779256711
-0.5771325687764344
-0.6160876130196469
-0.6676651543080075
-0.665541432051933
-0.6304638459012671
-0.7247926781524896
-0.7061066888811053
-0.7135396976485964
-0.628245064935396
-0.6024227609467276
-0.6147175293709987
-0.6735693605173563
-0.6522057334033582
-0.6531774403924406
-0.6624451222752956
-0.5989387201663395
-0.5897178558135517
-0.47372822110506857
-0.4988281016739047
-0.5241928667763277
-0.47822723870313955
-0.6020429685979668
-0.6866541080882496
-0.7003098873846608
-0.7091056074747457
-0.5879352463027533
-0.6248279286053159
-0.6979534495499528
-0.713324861304247
-0.7307600300452695
-0.6585870711601705
-0.6385455230205178
-0.6293166059161444
-0.634757122629941
-0.628040826413722
-0.6515610874855747
-0.580095184636438
-0.5967315055269736
-0.5627099202259408
-0.5146873689549317
-0.5875520730223287
-0.5608955847315639
-0.4155336629105225
-0.31523871454520563
-0.414115707480462
-0.41831340688219254
-0.4632838056004256
-0.45545467354709546
-0.47899145192660825
-0.4058249417613052
-0.442049694846645
-0.5051432026294842
-0.4406904581813795
-0.509342351186039
-0.49930940668105406
-0.4955148822937006
-0.5222018928765335
-0.4414388539510724
-0.4987031394580562
-0.5153490226050799
-0.5613284351440085
-0.5976802910034512
-0.5661755604832567
-0.7532195388340139
-0.7004786588864619
-0.671146204681382
-0.6267070146757077
-0.4968096382854569
-0.5051015265056344
-0.5117743431584388
-0.45478070396864356
-0.49680206740993677
-0.6673314919232579
-0.7107994462258141
-0.7367852465001888
-0.6399944286124093
-0.6580868586314049
-0.6952069528373439
-0.6207476709125267
-0.6834161164411517
-0.6955217907361515
-0.7113076184444754
-0.6347493390469383
-0.6966372998016274
-0.7672763190133987
-0.780328040942029
-0.7240435647060212
-0.6588289237656914
-0.6532423470048092
-0.5898997839782578
-0.5299288657462771
-0.5474999597071033
-0.5932438605971855
-0.508995481922951
-0.542395195978475
-0.5095178465234559
-0.5581754237297036
-0.6955914401044186
-0.678001968769163
-0.6890291623464054
-0.6414769263981643
-0.5323051788285156
-0.46542734052510754
-0.5940138109096307
-0.4569310667970713
-0.5287693484416367
-0.5114834535345867
-0.49123136392959443
-0.4677312315612017
-0.5525334501028102
-0.5703957956480467
-0.6575745741543474
-0.6497126571304668
-0.6073212819395242
-0.6635996974451033
-0.6726853491757352
-0.5599918037313086
-0.5582299640806679
-0.6789330562905899
-0.6114901515798318
-0.569019860272316
-0.5246550079922138
-0.6623112246493826
-0.6642206705502132
-0.6365080671797936
-0.6833939085592002
-0.6761489472006761
-0.5776934521836011
-0.5714568270890769
-0.6534166188483764
-0.6169683998009805
-0.6026953177354907
-0.6084782528659615
-0.5464518356540284
-0.6030696225982327
-0.5546327515754118
-0.5704286443688924
-0.47478845973475425
-0.4669804003355105
-0.3986346619416335
-0.6001823116166655
-0.6235223029551527
-0.6151037505739815
-0.6348310547866665
-0.6551351629194921
-0.6758510556992603
-0.7241260341868537
-0.6153523377664041
-0.6904507530971729
-0.6140272803922772
-0.643502263707687
-0.7072726827926424
-0.6941579118591807
-0.7036591123526552
-0.6657064496609106
-0.6937623824011367
-0.6992279404786776
-0.6054262326331117
-0.6104979951326036
-0.6103039894872497
-0.5738311589199435
-0.6308275510355364
-0.5347588074991205
-0.509384085816215
-0.3972239752969998
-0.41024371785617647
-0.5683023156328934
-0.6517740498799164
-0.6077497716643608
-0.5368537154872353
-0.5396841721019783
-0.5560905222254372
-0.5096117020764297
-0.5464517005313578
-0.5872544640231615
-0.5305760423377299
-0.627256318430537
-0.6325863843735561
-0.6477181208000942
-0.6786823502295105
-0.692705899647803
-0.5806967456547053
-0.547073464206159
-0.573576188168571
-0.5545488186102272
-0.4801945458458475
-0.49738343154072273
-0.48212791813931294
-0.4834626036299027
-0.48561099583975
-0.5532114077795823
-0.59708857911177
-0.6227782138029315
-0.6276244480317581
-0.5253571912497111
-0.6050976830545962
-0.6975754064767069
-0.5322536912590821
-0.5907458808557546
-0.6087469056688373
-0.6325129625075655
-0.6319335199903816
-0.7144528556048414
-0.665461971085145
-0.6818304271321214
-0.629755708365952
-0.6055122186022608
-0.5479546889649607
-0.6373437907375111
-0.5697518120898661
-0.5551332853857103
-0.6222429077160169
-0.5743461856815143
-0.5311442997609945
-0.4989529365870299
-0.4922265633074989
-0.5852847216571996
-0.5514346196351934
-0.6522691306215714
-0.6434928293275823
-0.707540630879405
-0.7328417872224363
-0.7138353349739559
-0.6000762346176237
-0.6196243516930016
-0.5365895282546163
-0.5350796887523863
-0.49462364477944143
-0.6239473656239991
-0.6609869886549057
-0.634529429815191
-0.494466451274632
-0.467964268305675
-0.5468076220824092
-0.5426176200058067
-0.5007992008383337
-0.5410158849081731
-0.553685577769855
-0.5964617650647704
-0.4284092998780231
-0.5352187165260194
-0.5679678898123273
-0.6164594708764368
-0.6759604072248789
-0.6113866179569266
-0.6133733347920252
-0.5814529181074889
-0.627910470249344
-0.7754584745394715
-0.669170209396814
-0.5931388889194884
-0.5708936833347641
-0.6049294009179749
-0.6647292850816002
-0.6538877607747573
-0.663666408299194
-0.6507322464907038
-0.6313052443644668
-0.628830959261427
-0.6850957231795758
-0.6986370223011753
-0.6840446820480927
-0.6924496112146179
-0.6421027128797124
-0.6301592888683998
-0.6074708520916736
-0.6074385499233359
-0.6728181199651118
-0.5405133525861933
-0.5744948787089371
-0.5911949220006644
-0.5837253900341051
-0.67690910783975
-0.6733551192180275
-0.6340005484146672
-0.6472543361171144
-0.675244034417325
-0.546354887283697
-0.6153240993845706
-0.6727569027999367
-0.5857520163537148
-0.6152073024840067
-0.5670167466463336
-0.6808904886025441
-0.7521697763809547
-0.704353742953866
-0.5818375702600136
-0.5728710868822543
-0.5455607255701448
-0.6527611322986434
-0.5752266307795559
-0.49981437494390324
-0.4127134867086032
-0.5447284821394566
-0.4506210853531895
-0.479046727835297
-0.5363161897804867
-0.5092348122093565
-0.47150293787156705
-0.4630289214370519
-0.5674576407962463
-0.4815580193840481
-0.5412361690677073
-0.4536905876291399
-0.5393032718033671
-0.4447210987169791
-0.4497392656414223
-0.5044315009796277
-0.36268993834816854
-0.38825347393843546
-0.48807016455563146
-0.41341624569017305
-0.4742664372556445
-0.5225141133504853
-0.5039117097312368
-0.5546813656039392
-0.5568705840385297
-0.5106783300245245
-0.4404234175039191
-0.4917308923098365
-0.41902790175347565
-0.441261462176801
-0.4048542080654794
-0.48913798918733525
-0.5451903358925976
-0.6069433813864266
-0.6653008306209237
-0.6311811998402116
-0.6262929437787867
-0.74537845815637
-0.5636619764769072
-0.6334992910623566
-0.6490138631251381
-0.705530595562724
-0.7377210339999606
-0.6719861407779579
-0.6187041523751771
-0.569999647696406
-0.5937874074446274
-0.4709585037859009
-0.4332767038823823
-0.5271161108816194
-0.6085766105375945
-0.717605444174894
-0.7191229394459351
-0.7521176152726673
-0.6750721488241055
-0.6371344830171921
-0.6852026992063817
-0.6117554029301426
-0.657715119277132
-0.5965694911072025
-0.6551355704770953
-0.601717054210499
-0.601436166424491
-0.6755940083000693
-0.6719592449300632
-0.5797965366218465
-0.6942535824825886
-0.6138623464217079
-0.6579639639044935
-0.6501683374602703
-0.5771172797730535
-0.7372376762890152
-0.6939222627815915
-0.6395272407225682
-0.617921262220815
-0.6634716355055703
-0.5347772761263794
-0.5514284030218829
-0.5390790393419117
-0.5232426569712574
-0.5140688587743785
-0.5345539287827735
-0.526449823434233
-0.49089323309753846
-0.6202746317698214
-0.6107817096478603
-0.6577316893889261
-0.7333773278111243
-0.7311529781084897
-0.6033619661450743
-0.5956831842303879
-0.46737406021720157
-0.4436192050387286
-0.4871298030926434
-0.599425828371533
-0.5032437995139164
-0.5271683743624733
-0.5932641972835637
-0.5977083356792382
-0.5629489693666324
-0.631183294115029
-0.6490216115234839
-0.7073876231917323
-0.5997074407465376
-0.658718574145338
-0.6668102624651456
-0.711414908445951
-0.7017120565347954
-0.7609316611321681
-0.6984230624912782
-0.673500522462601
-0.7234980856593791
-0.6571323125726949
-0.6333855475549086
-0.6423038444559481
-0.6159958001163216
-0.6096050539385288
-0.62237336346333
-0.5671851782628934
-0.5324151694895541
-0.5781548478978666
-0.6840666512228576
-0.7110189333224156
-0.5618648745661695
-0.6147154010769023
-0.6231598590104475
-0.6634602072474913
-0.6042909854548467
-0.6592165773560235
-0.6045891111545356
-0.7388375829548474
-0.7028349851093589
-0.659959929888831
-0.6465287468008782
-0.5903715818110616
-0.5188520190884728
-0.5539270040733377
-0.6098820100664355
-0.6190023163811942
-0.5355900605911943
-0.6260137092560524
-0.6352499116018738
-0.6942309033611923
-0.6847331958765758
-0.678927385368373
-0.6471017330433342
-0.5849643803047012
-0.6386507373218423
-0.6275563292056114
-0.6390690305391982
-0.5290000693719429
-0.5451231742141965
-0.6137715952356994
-0.613105290790725
-0.5953133182355413
-0.5551543867646698
-0.5493879004622985
-0.4645629602639581
-0.5177653631979122
-0.5509952936597755
-0.579773729616526
-0.6047990342563027
-0.6159517681756187
-0.6604750403247805
-0.63875936815737
-0.686937637331182
-0.6635442548382031
-0.5743993635829161
-0.6691373606612165
-0.5291819262393715
-0.5107880717307149
-0.4711046309118657
-0.44751117640728216
-0.5990987240352347
-0.5684017813131989
-0.4547642054585834
-0.4989482466078819
-0.5272345014833427
-0.5402809385956271
-0.5778267348226278
-0.6200541719753848
-0.6269814432214211
-0.6493623828571616
-0.5998383949037969
-0.5612896322199317
-0.6399250475105261
-0.6999758498029812
-0.5922370601076365
-0.6242807177515804
-0.4799945755567024
-0.4789770912557194
-0.5121197065034241
-0.4757865196048451
-0.5006003835752202
-0.7095036048528186
-0.6716786573481971
-0.6235555926243486
-0.6992862037815294
-0.6987053130289481
-0.644386473226819
-0.5518781454045674
-0.5864568685457026
-0.6093990632391724
-0.5541835770883627
-0.6389098984285133
-0.6110073270349231
-0.5862673395405283
-0.5597250915254973
-0.6424072991615248
-0.5793769086356649
-0.5180871162923351
-0.5930100032501433
-0.4817503156566046
-0.49306446087882566
-0.6380738680902966
-0.6048241110892306
-0.6164629874996601
-0.5994333132018295
-0.5852432259303385
-0.5880976166385034
-0.5607954415860228
-0.6158239840740258
-0.5575488269996691
-0.6370617646417311
-0.5854637557258501
-0.5993323298406532
-0.5755918231744697
-0.6436505115007496
-0.5339420869358962
-0.48515140269879425
-0.5843916624933907
-0.5605887911409873
-0.5988064380163916
-0.6024624534649862
-0.6906848626965053
-0.677754762058772
-0.6657294698620284
-0.713403383186315
-0.6856206214662727
-0.6424620611940186
-0.6565832294055501
-0.5531432933181266
-0.4882419963715436
-0.5423517818608591
-0.4694887169375056
-0.5677061756187081
-0.5739610934738303
-0.6477900119516217
-0.6725225855348873
-0.6885529948634319
-0.6551677456124096
-0.6813894703746152
-0.6294933047181622
-0.6932573862108978
-0.7600248717454557
-0.7509093908035507
-0.6687710075056358
-0.6487897977532242
-0.6089364409151871
-0.585248541207883
-0.4898736057237506
-0.6154388898846985
-0.6730432377236789
-0.6610072474145793
-0.6132668730894952
-0.674202139184996
-0.5697204827510886
-0.685655696112827
-0.5653317513855058
-0.6892276348921283
-0.7346330937656683
-0.7075129034865314
-0.7549265815253497
-0.6847956237890941
-0.6238007024303877
-0.5065398821412476
-0.5495459453519063
-0.7222633202642829
-0.6812652811174484
-0.7785829240223587
-0.6745783413569493
-0.7004530087275765
-0.7246968774227616
-0.5631804063262491
-0.4648266210223052
-0.5028397520186129
-0.5678146235967934
-0.5106197916170876
-0.625986279905541
-0.592428675157996
-0.581864176397764
-0.5605125676509679
-0.5610284474891366
-0.5721450293062181
-0.6745095755026622
-0.6554826393310266
-0.6519829172589752
-0.6241740338339528
-0.5658854341126726
-0.5716438825158293
-0.5950335441499085
-0.6068513649970926
-0.5647676282529679
-0.6023361375859544
-0.573147608577048
-0.5771106035579353
-0.5982985545514237
-0.6139691698015164
-0.566397266912088
-0.6577800446312008
-0.6518191845923978
-0.5956010140763062
-0.6536367224494948
-0.6540305391191303
-0.662020102499263
-0.6043668349173256
-0.583100271469611
-0.6126311438369674
-0.49544942219891885
-0.468189905170333
-0.577035994220682
-0.5470480625174678
-0.6084223458434188
-0.641743110282669
-0.6392153485140724
-0.6072886534967069
-0.5716698581700534
-0.6037304983231996
-0.61703396319253
-0.5666448387883051
-0.5394368771776141
-0.48431908659014433
-0.5852534388513548
-0.5794465937405772
-0.6878177228216975
-0.6155338212210711
-0.5943469680575603
-0.6299009552499478
-0.6841642504015183
-0.7529289055298162
-0.7075447905961593
-0.7000033256912145
-0.6788981051167572
-0.7280955309688161
-0.6115849080442888
-0.682663394262883
-0.6728892909591307
-0.7008657261192516
-0.6521923926654025
-0.726963108130566
-0.6933516954921741
-0.6984612687471203
-0.630689210095255
-0.6465707292567571
-0.5783594845757476
-0.5221049992657546
-0.44030500009025775
-0.642566592968966
-0.62463699541687
-0.5338549009289519
-0.6577812450878291
-0.6399723448607381
-0.5660698005834954
-0.7050111422978202
-0.5994615147441825
-0.48105799508530533
-0.5881792818017587
-0.6685106639307908
-0.5891263056272749
-0.562666929520049
-0.5884240589221106
-0.43384160596469545
-0.5769117596547549
-0.602595269081402
-0.6164107206613074
-0.5437826478131248
-0.6247401801553095
-0.6342985890263478
-0.6640406288195971
-0.6116088336676455
-0.5396800995855323
-0.5658595160020652
-0.5981152615628959
-0.6557056345804639
-0.5301479960191601
-0.5336425701890228
-0.5104936244259576
-0.42036988350556653
-0.38167210697732856
-0.5083019152196657
-0.5046462348426864
-0.5513875694749049
-0.53736412262514
-0.600986268667739
-0.679749072413944
-0.7532000809624186
-0.6672607699156913
-0.5525670895665469
-0.5906395722533411
-0.6250026274084864
-0.5272971503954211
-0.5849156482081872
-0.6480609368166612
-0.5963295576380366
-0.68739719872859
-0.5539841873995606
-0.6101336268648956
-0.6595658358835108
-0.6479700540939018
-0.6723813193764984
-0.6908217046092742
-0.6998030108909455
-0.5723112951877724
-0.6187537929706053
-0.7370402951491032
-0.7019118026709491
-0.7397489798571392
-0.6710634483249633
-0.6279378271835651
-0.6116614065136408
-0.6546600800958777
-0.7386899849855056
-0.667440364897129
-0.6914129013879865
-0.607102581306366
-0.6065260541673292
-0.5804746641110001
-0.5563002187469077
-0.6098885115570276
-0.6699477617976239
-0.6402149652278444
-0.6028221956234051
-0.6206453769833687
-0.5651170779688245
-0.607522087861817
-0.6928370521012608
-0.6806192872588186
-0.6766240361250037
-0.6379489475030026
-0.6011451488055789
-0.5176230831684614
-0.5727195520665215
-0.6230890495303565
-0.5436407702908129
-0.6249949079963704
-0.5972911469629218
-0.5559772487221344
-0.5428673142542004
-0.5886861770381866
