-0.7548119581373857
-0.6944656520586504
-0.6446755424952874
-0.6832742235681624
-0.7792454750930835
-0.7031487318974016
-0.5928193387087337
-0.6350661463541477
-0.6170482568106669
-0.6494695649639034
-0.6602617945966313
-0.49577605828525656
-0.5361843065999444
-0.5697328379609603
-0.6890535817220534
-0.7144395710253352
-0.7314044984181893
-0.6697083544928357
-0.6185206732187232
-0.6247048419025317
-0.7372114667760853
-0.6045920429807203
-0.5692032522755387
-0.5617299075080245
-0.4841348013526354
-0.6295163862632238
-0.6458454487811762
-0.6385305945641073
-0.5684485476701224
-0.6086177164831083
-0.7153125159616961
-0.7216527856032304
-0.5916917511911678
-0.6089486875231248
-0.6288851117849388
-0.5838623351791654
-0.5647912662023463
-0.6200849439704379
-0.6092508421339781
-0.7331384185855655
-0.6451189382676586
-0.6219182777605994
-0.5919210069570477
-0.6672447328361105
-0.716680513590225
-0.737321180942114
-0.6201666420634969
-0.6182279260961608
-0.6571707435852083
-0.660114141311463
-0.6342793514840626
-0.624431050447827
-0.6254594124682326
-0.6901531428398088
-0.668159775284981
-0.6893254827735943
-0.7237964861687947
-0.7283389164287097
-0.6483064638972974
-0.6707861312489287
-0.5535595453953495
-0.5068399354753386
-0.470035315483714
-0.6154919201294835
-0.6326097374073739
-0.5202630456513011
-0.5819082175806798
-0.6189879869047662
-0.6157890466354561
-0.5947463194575808
-0.5240964482440922
-0.4994814521239309
-0.4791021790290081
-0.566962321215316
-0.5917733392978821
-0.6348850411753173
-0.4989877094166687
-0.6301433261585228
-0.7131421419259476
-0.7223033747497892
-0.6098804517236363
-0.5797592278813443
-0.6294320601858702
-0.5089793402126858
-0.5336021704398841
-0.5398541634392447
-0.6192507589460943
-0.6332184057218148
-0.6631125281911646
-0.7746963806897654
-0.6870675320506122
-0.7754685066870641
-0.7563769730827385
-0.7122797008500178
-0.6129036577756792
-0.5541874017347527
-0.6267840165003735
-0.5587080352492243
-0.5446148052899511
-0.5369000141457313
-0.5796236744230532
-0.5939453638204562
-0.643021664346001
-0.6762947922391356
-0.694860572890382
-0.6634419665902243
-0.647405715888494
-0.6389105972465624
-0.5825894012531293
-0.602769311141239
-0.6029820394396251
-0.537792460489853
-0.48140717505466807
-0.5567356537458905
-0.5335350839891309
-0.5151308520955892
-0.6294639545779076
-0.6496250247091974
-0.6760269531243653
-0.7267808691909169
-0.7281673493317604
-0.6615392907474336
-0.6787915578105791
-0.6753628042105094
-0.6177731241004771
-0.7170663079419654
-0.682394584768468
-0.6750821471416423
-0.6892855420882013
-0.632849961615233
-0.5765312708737589
-0.5338978106832278
-0.566178855604199
-0.5818373386455538
-0.5121914296882321
-0.4005039535906978
-0.45344643034695575
-0.47270857129939386
-0.48632139036107375
-0.6025499084158348
-0.5883998884626159
-0.7231081218057634
-0.7340046030656816
-0.726838097257402
-0.6955272130921558
-0.6783206127792827
-0.6584251021556838
-0.7456226357544029
-0.6722804979196594
-0.7646335208151993
-0.6349590164524952
-0.7323251995649247
-0.7133377062213282
-0.6916636522481577
-0.6884530421365141
-0.741052203683523
-0.7174370982024347
-0.6835712171050644
-0.7950442157902791
-0.6808731574718524
-0.7087733049443319
-0.74592272520555
-0.7836133116556543
-0.7440226271471068
-0.764898234823237
-0.7290119158341775
-0.674517534781769
-0.6913465753418432
-0.7388266353524471
-0.8395507643522041
-0.7828400670727558
-0.726973063517848
-0.7058474234161162
-0.562167941280895
-0.6381327206009758
-0.6178657782801934
-0.6329414356368139
-0.6678903063815367
-0.7041931791167791
-0.6667720676960274
-0.7150827534587552
-0.7234529545983741
-0.6138953694893776
-0.5918722854682953
-0.5794861691916334
-0.5931089037032773
-0.5149414406571775
-0.5319671562221053
-0.5071469562207495
-0.48481635420953706
-0.4869320435692466
-0.4697194041777945
-0.3700572534346521
-0.598692553207123
-0.6473618916076067
-0.641667360173721
-0.668898451872114
-0.6035816688946664
-0.5929009841786305
-0.6532617105504986
-0.6564540943969053
-0.645008345494002
-0.6037295324276396
-0.7794192554120579
-0.6969333615655133
-0.6479991885005545
-0.5815453870447121
-0.6923518416276591
-0.6546306107058718
-0.780891546621362
-0.7819694614480794
-0.749216242520042
-0.5997814845560663
-0.7308327179591606
-0.6461944398690205
-0.6948928098911912
-0.6575643316535444
-0.6692324883018652
-0.6869273971033629
-0.7339031062090398
-0.7144397630751667
-0.6793668043900961
-0.7156966621330588
-0.6787238734281682
-0.7124493872505318
-0.6877011983228267
-0.6839393700285747
-0.6205705451688613
-0.5466655940748696
-0.5700595632040918
-0.625775559368381
-0.6851913078199902
-0.6708690859556146
-0.7867486497606563
-0.768038298546404
-0.7139656349595928
-0.7508538673551198
-0.7559213941356285
-0.6961365476126323
-0.5910620484098076
-0.6456788433904811
-0.5800124751345621
-0.5123683500478281
-0.678522646628855
-0.6769219918392652
-0.7359844856273606
-0.7865307505506364
-0.7514893157158129
-0.7208198195295726
-0.7188415452766365
-0.6040251359369059
-0.5569220642586848
-0.7042686151111764
-0.6978309904591241
-0.6654821576839769
-0.6076843735915987
-0.5296815477554851
-0.5388274333956109
-0.5127751989003411
-0.560202177123862
-0.5081703823359589
-0.6330151700670246
-0.7080423305432332
-0.5922664730130941
-0.675602511520424
-0.7307443266772048
-0.6430985878196118
-0.6409990807573078
-0.7014949541665293
-0.7630910990631694
-0.7698832384087044
-0.7083500028598705
-0.7170142346495344
-0.7922887312064657
-0.756763343740075
-0.7050783603815753
-0.7017417074683323
-0.6796631174981782
-0.6499496880701641
-0.5754586860104137
-0.7104473708039034
-0.6147419944768371
-0.6349639609515414
-0.7274725227386425
-0.6255980723869715
-0.6442565504609404
-0.5665059164967408
-0.5286717263583908
-0.5597958700765748
-0.5592441410585941
-0.5379836782102696
-0.4911860494653534
-0.6274308704295298
-0.6057756226601259
-0.566583478078749
-0.6890661033121508
-0.5021131636433567
-0.5078864361797978
-0.4702338730803756
-0.4795632908450602
-0.5355118328175208
-0.5595633365836543
-0.6947934042737874
-0.7223023006949183
-0.7258128384877366
-0.7309148656364888
-0.6998918425695554
-0.7965004737125082
-0.7463921763020139
-0.7193130499883348
-0.5698008365729595
-0.5129507747620831
-0.6125867645951771
-0.6617631375176134
-0.6598037228478377
-0.5676692629956192
-0.6396821909667383
-0.5572177183049243
-0.6873941886350409
-0.765828960700072
-0.6909559733687547
-0.7914459352095733
-0.6796670137238539
-0.6913278395954547
-0.6175098037128125
-0.6147857630655934
-0.7012277885135102
-0.6678308403457391
-0.6365285191958048
-0.666333272222322
-0.6714864481069381
-0.7603326916108738
-0.734470854937902
-0.670791068693005
-0.6012759153085582
-0.6349288141651506
-0.6684576772825886
-0.6454805349797785
-0.6205984407609054
-0.6943781682799908
-0.6693608724961931
-0.668581770842684
-0.7256471413735786
-0.7105088194326424
-0.7917048461481624
-0.7162268292274219
-0.6344006483757618
-0.6442837096696344
-0.6760944269950854
-0.6853426973481654
-0.6114514689582583
-0.6706693587668198
-0.6745387528143758
-0.753449157241958
-0.6842926670364152
-0.7276188982209458
-0.7521310965620427
-0.7337306359791526
-0.747953800621945
-0.7216085334110954
-0.7247298666667299
-0.6834672228002514
-0.6731693712144091
-0.5155611375039101
-0.6601603535989635
-0.6249534630176086
-0.6350752488323727
-0.5794767385058657
-0.5718414182115472
-0.634123293631312
-0.6026746639128221
-0.6789255173835482
-0.7052064852130696
-0.770205102247343
-0.679982346459206
-0.7248422785749363
-0.6757541596034229
-0.6680485005829501
-0.5451303073862028
-0.6383323167214568
-0.6302603432120498
-0.6215590935600647
-0.6554492390099231
-0.7208172915836221
-0.7149347457249992
-0.5845441521299486
-0.7120136683386397
-0.7860709344787669
-0.7125005359628851
-0.7314451729082744
-0.7793293076336808
-0.6489181668297737
-0.6801025329464029
-0.6613913255334316
-0.6575765064342143
-0.6307845373099601
-0.5482231562031935
-0.48486369401594687
-0.5229162848095247
-0.5166642033398091
-0.5700658460534586
-0.5236467361053507
-0.6214812090745704
-0.6988473636763383
-0.7031128331685307
-0.7371240245691913
-0.6672606683785991
-0.7597244585041888
-0.697947551243445
-0.7484714169205824
-0.7136720487266849
-0.7283253765588669
-0.7421946315850199
-0.7091231975686808
-0.7908418544956995
-0.7226255256157809
-0.7487195422539661
-0.7646302449033874
-0.6435962506118106
-0.7071558684364241
-0.63125635294685
-0.6114103185916622
-0.5500421225816708
-0.6043381327950592
-0.726351774676908
-0.7210587195814918
-0.6948934799129473
-0.6253971050469211
-0.6734872751629721
-0.6386321089006305
-0.623196175388547
-0.6371418483892192
-0.7179310516324348
-0.7106646660200389
-0.7038184470701857
-0.6209642122400285
-0.6147062969463766
-0.5819973687920372
-0.5122409950833918
-0.6618176601372654
-0.6737900307250914
-0.6939009577686102
-0.7763487935712082
-0.6544470506749689
-0.6985489061594873
-0.7378339189592914
-0.5984971661668792
-0.7520439956335039
-0.7310358430423973
-0.6414355790930863
-0.5914709950216572
-0.6221028283847213
-0.6309089753027867
-0.6773410064265473
-0.6621164972648097
-0.6754438661332611
-0.712179935536704
-0.7846160876524249
-0.7655056273789853
-0.7422593723695867
-0.5927378189815501
-0.5756518228306701
-0.6519366812345386
-0.5440374917605862
-0.5877473403029151
-0.6553419967775364
-0.7211945501200681
-0.6227040432868093
-0.6095317954613197
-0.6698440919641686
-0.6288287165483665
-0.7055673493224144
-0.6379625284925371
-0.6811768492695311
-0.7244162329109699
-0.7206438795769973
-0.7799314173434713
-0.6730319981903556
-0.6764345281183062
-0.6536841851321704
-0.6498891575054158
-0.6385797872067118
-0.7337779440126487
-0.747124136181516
-0.7173093150113552
-0.6856644462800366
-0.6926018456521822
-0.7420576593157051
-0.7268106094356451
-0.7422822802688522
-0.7723158523980632
-0.770491994809176
-0.7321038547456116
-0.6313734849817243
-0.6976806564443836
-0.718173144561434
-0.6095196937454381
-0.6289693127523622
-0.7742975741257483
-0.6968118925086724
-0.5872967694204146
-0.6552643678012928
-0.6356887247285775
-0.7172102480237665
-0.7235311854943298
-0.6309939597174332
-0.7017542874312149
-0.6278431966651984
-0.7207629864480364
-0.7274694738469081
-0.6700770250256003
-0.7264816501599611
-0.7115166245185409
-0.715492878674875
-0.7393241648779338
-0.699971847932239
-0.7284629796678925
-0.7924683495645467
-0.675086578629204
-0.6952652387390318
-0.6953274057172587
-0.6855126716104261
-0.6566945918189518
-0.7119337415117877
-0.7101273507196536
-0.5996523934085247
-0.5981546759512041
-0.7124355667909212
-0.6728001203546552
-0.655456686174694
-0.5639465705909777
-0.5860530380372256
-0.6382831369959677
-0.5434146161524578
-0.5413767426375159
-0.6445938083359557
-0.646296336095326
-0.5804426629332958
-0.6808851104015441
-0.5553905437743256
-0.6888683333694748
-0.6025347262275496
-0.6537193361225536
-0.5897836764557352
-0.5904893247336247
-0.5096766273031397
-0.506114000762606
-0.6693916326790962
-0.6020817498417825
-0.6157098086308382
-0.6733483345508096
-0.6991395739708004
-0.6172617775140931
-0.6722646352322905
-0.700695684511992
-0.5707992807811166
-0.6414066778200344
-0.741498085206315
-0.7063574359008984
-0.6509824463593681
-0.6829822701556877
-0.6886636022773903
-0.667060405201463
-0.7121435869549941
-0.651528092476867
-0.5732832282706447
-0.6299421239748326
-0.716152782327821
-0.7347451060794996
-0.7379919945764067
-0.6886542191161628
-0.6814318914040042
-0.6645289109189821
-0.7217353756382668
-0.717564920544704
-0.7326306553184229
-0.7276286839480843
-0.6908397421465277
-0.6525560964465855
-0.6557908663741353
-0.7268607107772054
-0.7399618224497382
-0.7474541214401506
-0.7559328547944367
-0.6630348317573118
-0.7431580883137743
-0.7069567196912736
-0.7122034692028855
-0.6523663887200336
-0.580658277037531
-0.633850602927813
-0.6259648787641704
-0.5426498887718716
-0.5990107239346153
-0.6374469140924268
-0.6505370061235565
-0.5781877508208935
-0.5546573263921313
-0.7418715034392656
-0.6422645926101894
-0.6231057779662269
-0.6771630074187408
-0.6051428602740148
-0.6394738127012575
-0.6250786110571698
-0.6949213912635164
-0.6175354631978277
-0.7157637223638303
-0.6517200477744501
-0.7893584050846474
-0.7794506207512314
-0.77994711267324
-0.7545203015699977
-0.7958249466221937
-0.7743976262784024
-0.7403654219389515
-0.8102741299702245
-0.8102266902453982
-0.7226867554618502
-0.8073423629704781
-0.7046635892698782
-0.6674345610496624
-0.6078723709066336
-0.704813514141636
-0.6749315496850209
-0.7424237710749172
-0.7428698623682628
-0.7263395980373428
-0.6880468270162828
-0.7447604591233022
-0.6982468554421685
-0.5754905967083742
-0.535866177496596
-0.547788548644652
-0.49818615768684144
-0.5423239685412236
-0.5719921169141194
-0.5631478413081973
-0.5710829131525818
-0.508336718043835
-0.5286154105789467
-0.576610936691746
-0.509155678627996
-0.6115420213908166
-0.5744187853167532
-0.5971376941903384
-0.5952200122908932
-0.6445761656453876
-0.6052568646410983
-0.4793495302530406
-0.5304491944774606
-0.5737002536812565
-0.7371175123884026
-0.8117545679617918
-0.6867278399157413
-0.6510670941177068
-0.6845165224067956
-0.6052046314977381
-0.6294121541779019
-0.5982319943405138
-0.6934232794585262
-0.7451818395656802
-0.6484648850845433
-0.647363368167316
-0.5853567496303461
-0.5425639312725886
-0.6761424030428463
-0.6471079016424481
-0.5972815959031426
-0.5642461746880468
-0.6477695601907848
-0.6583631357172943
-0.7154622930102729
-0.622736748119948
-0.5997104893451537
-0.5373561132736707
-0.5946025588963825
-0.5905207425894137
-0.5870138145268324
-0.5537669941058885
-0.5736322839730997
-0.5241555459485382
-0.6485598035917515
-0.5701636718863115
-0.6265775287234127
-0.6804214901715981
-0.6499865343544111
-0.5296583960529225
-0.3615895212916571
-0.5314609256726495
-0.6003499333159981
-0.6274996404824644
-0.6930985479093059
-0.7138610146941855
-0.7058315416541766
-0.64902563455071
-0.6683567683313237
-0.6547255467144287
-0.6273125740637948
-0.610159661975687
-0.5996335971833389
-0.6084999249372035
-0.5710257526005834
-0.5428907728562858
-0.62280986044476
-0.6765197079558897
-0.7103598200965267
-0.7296529129481159
-0.6899474231847574
-0.6672056266284794
-0.7321734347371397
-0.6533538815454372
-0.7001317792364248
-0.6943481285049481
-0.6291802242076681
-0.5715571151157879
-0.5685959372381771
-0.5333907592470579
-0.5997886311198394
-0.5588779541528093
-0.4676810347063079
-0.4551989487529107
-0.48769485716364425
-0.4193937627000572
-0.44471626389405305
-0.451360919910117
-0.4337496841559321
-0.4060256791893871
-0.42975890017484425
-0.606314301336608
-0.5522796990977009
-0.6922105068346043
-0.7377279475015509
-0.7355360697015175
-0.6577495966064818
-0.6520398817349791
-0.6091212681191223
-0.6672191913398071
-0.7997409122827345
-0.6310280153622995
-0.6588544386004859
-0.6229206883630527
-0.6744115016928224
-0.6668936806973225
-0.7710930206345668
-0.6653479852467346
-0.6869097219937447
-0.6566290200395326
-0.7210447255872254
-0.7395551805391388
-0.6682863606298306
-0.6824558497890926
-0.7750405254279782
-0.6637084492609986
-0.5690994800014295
-0.5496837998398441
-0.5449113647937212
-0.5822947260186373
-0.4596117531989814
-0.5185750433413476
-0.48937047405103123
-0.5079547654084287
-0.5941815188753123
-0.5222043601394991
-0.5487626207629682
-0.5374478389652902
-0.47103442494712655
-0.5103235047716727
-0.519728729095797
-0.4713049728075959
-0.4473558364461943
-0.5239805298321716
-0.48944572805730296
-0.5541682703665213
-0.5613635653482028
-0.5905108481683368
-0.5107084431601365
-0.5319769535613585
-0.523516846661598
-0.4672562198266181
-0.47658905968048454
-0.5111944679511768
-0.5033186554030736
-0.5981738488287293
-0.7024855513565796
-0.6933494633022546
-0.6543046034828269
-0.5970544817241377
-0.6765509868050723
-0.6361461397292638
-0.7599150030949355
-0.7354668551314046
-0.779423855270156
-0.7568465436104583
-0.6922660855128878
-0.6818245804757911
-0.7344316300604433
-0.6814909845669217
-0.5941337656385589
-0.6525444412825995
-0.5598416258828172
-0.5616702240213367
-0.552889062388093
-0.6201690803629618
-0.6486788142766874
-0.6081074342153948
-0.6727639679231506
-0.7700523709918996
-0.7280180166263734
-0.6799992843191832
-0.7203628766958997
-0.755050043171365
-0.8406802772420963
-0.7549935227641879
-0.6692640462139012
-0.6740732105323068
-0.5880914164388378
-0.5900013104248993
-0.565692430668114
-0.6817996090516539
-0.6431924832259479
-0.6471251187834803
-0.5616630743419797
-0.6662748905662998
-0.6316315727510555
-0.5887955737467879
-0.70698078047731
-0.7526733031009314
-0.7161645010842314
-0.6340466491432464
-0.6936912021710235
-0.6489301921318742
-0.7227134045631479
-0.6494273984676706
-0.6047550220614186
-0.5795859845634246
-0.617476537652613
-0.6877581954124796
-0.6513420673341974
-0.670563628195528
-0.6026918716765923
-0.6021744615587133
-0.6944415172105906
-0.7467016565679128
-0.7352161169326471
-0.6882227508899048
-0.6598939762226688
-0.6120831609192151
-0.7158183783845232
-0.8203040809324581
-0.7705391781536731
-0.560841372915785
-0.643183889168088
-0.7153398327464169
-0.7141051201546631
-0.7366410004426992
-0.7414831660090102
-0.7738694051381516
-0.6641678187718453
-0.5920765828264117
-0.5483845870600675
-0.5751104603767387
-0.6245466994249856
-0.6187748256649702
-0.670979235411872
-0.5924990479582576
-0.5654781898014768
-0.6382250317364362
-0.6273489927610333
-0.49211854844490716
-0.47970726272005537
-0.44123630378388073
-0.47582853843919876
-0.4601399060987634
-0.4504698888996051
-0.5323196918930536
-0.5599674969841884
-0.522254969277463
-0.5100980983099372
-0.649250387038983
-0.6784413074297058
-0.5992992973407884
-0.5259564506201944
-0.6300699167024465
-0.5683070782280919
-0.5419908692443535
-0.5818887772795581
-0.590189515173265
-0.5531741167308664
-0.669473750975497
-0.5242164245136078
-0.4690466032112231
-0.540500200689502
-0.6065590306168566
-0.6585596168880657
-0.6194368799402166
-0.6581852376118125
-0.8021568674131105
-0.7967801059203662
-0.7841184678513455
-0.7452132088636725
-0.7512642515981927
-0.6089337686213478
-0.5801517077648088
-0.49571094396772813
-0.5608633909050175
-0.62889310530898
-0.6388111858315336
-0.6992400135771404
-0.6019775207254534
-0.7508175601461123
-0.7030639950681944
-0.6602320390236539
-0.5732141903082255
-0.6905479753543278
-0.6361091777756969
-0.6686535420286004
-0.586235773977263
-0.6908017836566327
-0.634946160362724
-0.6721773480449014
-0.6985681979599552
-0.6063183760655005
-0.6541714814216502
-0.6510683149056433
-0.5791185723092679
-0.6142824712124422
-0.5789314350118993
-0.5290016183426445
-0.5654649577346164
-0.5885135618563253
-0.608724246163918
-0.6040615600819386
-0.7161243067580545
-0.6808939143264626
-0.6637849586920413
-0.5798846776366574
-0.492374209245077
-0.607716773217732
-0.6605398209264604
-0.5867411950689122
-0.6300200132787656
-0.684875360223226
-0.6229821948758474
-0.6049926687888405
-0.7997125076138624
-0.6916334515575283
-0.8008810659038825
-0.7565382621619084
-0.6913478194770245
-0.6904783364522145
-0.651448479989965
-0.7376968526605767
-0.699094009192407
-0.7037949696302407
-0.6167813399651727
-0.4578629736154752
-0.49969543087364066
-0.48592351056661
-0.5041141118878063
-0.4273422032727466
-0.5492510258718336
-0.47641484971913417
-0.48727305834605056
-0.37687604949658315
-0.5185622500306336
-0.5597679453597624
-0.5684153181745839
-0.5791397040862954
-0.5526682936289354
-0.5954269927491188
-0.5171888468118931
-0.51166185587602
-0.4509050365937199
-0.5727631065839502
-0.5303040054154117
-0.6116768973922501
-0.5651395851126183
-0.5972700661083572
-0.5465014910649793
-0.6097980479087489
-0.5726951488879761
-0.5764310410227694
-0.6356218183225448
-0.613632359798387
-0.6930961200694253
-0.7260017436748868
-0.7180179794057381
-0.6995160898207975
-0.6386948135652013
-0.7090307025547719
-0.7283721458981262
-0.6659653591218803
-0.7401775378416632
-0.737616266019663
-0.73924438521333
-0.7105746572753321
-0.6097446166118445
-0.6364988877168256
-0.710416721463284
-0.6668509343170517
-0.683392137915593
-0.6717808852235888
-0.6337879272345254
-0.6871941179985711
-0.6937282995866126
-0.6619212205968772
-0.6796224604017798
-0.6048129790964333
-0.6239805786484572
-0.6621975014687266
-0.6273657918170819
-0.514562249054472
-0.5043654934870679
-0.5640579718043268
-0.559387842674948
-0.6535886330249177
-0.5937686478965309
-0.5617475228564014
-0.5465742055921307
-0.538601387551687
-0.45786421501713975
-0.43473483237487937
-0.4241154463989803
-0.45172350020894175
-0.4434006551854238
-0.4843764367644002
-0.5300353988562633
-0.5185802767333824
-0.4791168039086681
-0.553383492247408
-0.5512618553160213
-0.5089543299083468
-0.5625239038017262
-0.5817387208846099
-0.5764346818716075
-0.481351206845372
-0.4682836457749482
-0.46703425727961406
-0.5136398297797287
-0.5801505686078856
-0.6077542491184742
-0.604878289366276
-0.6456227126321918
-0.5498789761298536
-0.5610940030368287
-0.5887743300557018
-0.5710951120870437
-0.4977940145848793
-0.6178109485198445
-0.6834862428557149
-0.7434690413671944
-0.6909603906180097
-0.6822262320073792
-0.7218486339133173
-0.755422469393652
-0.5857218142699196
-0.6589401765106093
-0.5785896072168564
-0.6956471338380511
-0.7053975119186383
-0.5399168432166265
-0.5618964407084829
-0.5101148615636283
-0.5533655415053205
-0.559834531160118
-0.6872232289707726
-0.6745267242105433
-0.7115686955508445
-0.76185181522341
-0.7594203967701482
-0.6982376970015297
-0.7044930610082502
-0.7883478954701785
-0.7431449719573469
-0.7043874903006977
-0.6858688173720535
-0.5798793387103137
-0.576067599813821
-0.6090070648720302
-0.8100417270787941
-0.7792788414909133
-0.7970463175650216
-0.6644520205043208
-0.720544918070914
-0.7337581248033039
-0.7920697541984345
-0.6709141025975967
-0.5804455721066432
-0.6177214196799788
-0.7010687777253135
-0.736984733939961
-0.6689532344556036
-0.6505907927555622
-0.705434069574596
-0.6929729582887069
-0.6903459536234097
-0.6928168272894626
-0.6375533039533378
-0.5697029064229064
-0.6691749490209701
-0.7354968385985586
-0.7608076415620992
-0.7505706094726639
-0.7491541814946077
-0.7480019107242049
-0.7529912296839347
-0.7724346564472596
-0.5909761338688372
-0.47831380189770023
-0.6377112381744503
-0.6429715944670741
-0.6744792615982644
-0.749336759586642
-0.7334530919376604
-0.8193160516738934
-0.7729801366474516
-0.7413209266443666
-0.6479340831960461
-0.5971110949517056
-0.7658022147849792
-0.6777652956366848
-0.6797485755120529
-0.6218877803751648
-0.6723425856001768
-0.6883283121235807
-0.6802238257423316
-0.6768931715061403
-0.8267382432968223
-0.78003431514653
-0.7472608899879967
-0.6251478651203167
-0.5495153377113975
-0.6691904130529638
-0.6477520941570254
-0.5643923727130753
-0.6454158311307898
-0.7646842926826442
-0.7441522586274634
-0.7044003196913804
-0.6037262666652062
-0.5986321664762252
-0.6199566593868894
-0.7092053336535494
-0.7198378795824335
-0.704343864900792
-0.7284906298750454
-0.6878711572645682
-0.782014048477368
-0.7897366977300961
-0.6631023646091031
-0.7165325063514558
-0.7196128371399095
-0.7039232423466129
-0.7309455109602442
-0.6908202206034697
-0.7271901599411057
-0.717477159150942
-0.765209974837123
-0.7251047646104686
-0.705297846366888
-0.7356419169944182
-0.799478169923243
-0.7212574300643483
-0.6984132962896326
-0.6017636364126239
-0.6070048286585812
-0.7125880111023187
-0.6864416804672127
-0.7063183031515327
-0.7721915533683166
-0.7652642004389363
-0.6495518216981968
-0.73654080517091
-0.73192587512313
-0.7480403573462914
-0.7319689409126952
-0.7935047038011265
-0.7707093772013737
-0.7435554575861393
-0.7824771644214717
-0.7603142662315034
-0.6716494304023367
-0.5286706722633842
-0.6651199756679771
-0.6618771408577676
-0.6294652855475755
-0.789359588653427
-0.7093813607136308
-0.6967304633318886
-0.7030495040497085
-0.8038449919777284
-0.7451122185322758
-0.7064060418104782
-0.6704278347744036
-0.7549567871197727
-0.7074348722075693
-0.6576935157222831
-0.6690384141213869
-0.7698933919734867
-0.6674368322251572
-0.6853260472093156
-0.5936887378137465
-0.4811219378723343
-0.6493660761506829
-0.7018271388494445
-0.6452176020488196
-0.7284231118320568
-0.6562020233160072
-0.6400421578563246
-0.6124404282178688
-0.6081689839530614
-0.5982091529520999
-0.5882245506816215
-0.603812152498487
-0.6944855516872301
-0.6971895936065166
-0.6913134694035309
-0.6031057402547673
-0.6602853916327437
-0.6739324487947745
-0.6939307703460189
-0.6172097564278889
-0.6133340247449629
-0.6970957158135728
-0.6691455894551216
-0.7314915047553627
-0.7746449508512022
-0.704281850316195
-0.661896825149975
-0.5927769176636158
-0.6109374441343332
-0.6000858648710123
-0.615745869179123
-0.6310220788935886
-0.7204499058372577
-0.7792278495804531
-0.7445033282198127
-0.8161667853016346
-0.6872436196377416
-0.6055931412967223
-0.6979161162541221
-0.7852807839106489
-0.7701584300715201
-0.7331425633258222
-0.7189586762671316
-0.6977953997842338
-0.7317264512268999
-0.6922256071757933
-0.7622679861744444
-0.7969555654711851
-0.7094799072676389
-0.7700036953464535
-0.7232158827253113
-0.7300469561059948
-0.6761823852777783
-0.6241305978234405
-0.7266307850623372
-0.7277609548552079
-0.7133628767225525
-0.7597597230018918
-0.7194150529340321
-0.6621365120181757
-0.7193097137091135
-0.5509915642307049
-0.6745770597144469
-0.6639765728355996
-0.7296281730648413
-0.7044760637487805
-0.6686062160542838
-0.5029797854463325
-0.5909952290379188
-0.566523465296064
-0.5848475941968796
-0.5545482996030437
-0.57904913909606
-0.5706313520562307
-0.6740855946044031
-0.5874877703812822
-0.5047319507710283
-0.5875575820857633
-0.5954067155843987
-0.6443968530524095
-0.717743129697982
-0.682887035191228
-0.6602520580386666
-0.6266978418679836
-0.6354601277641836
-0.6777328522737452
-0.6781488930251773
-0.6546393339625902
-0.7209215427141977
-0.6458546720725631
-0.6180544802919768
-0.6430935746564317
-0.6950283667319426
-0.6457805430428184
-0.640264143377407
-0.7374088807367506
-0.750372550694161
-0.6718883229534888
-0.6918990629952654
-0.8187083614868798
-0.7281660824583326
-0.778779001494555
-0.7237512232391589
-0.6450893414797155
-0.6774535150597242
-0.7345266023699126
-0.7010941911895944
-0.7931668085726464
-0.6602606572501964
-0.5780338181934452
-0.719520240927267
-0.7562118565996553
-0.6833964781969989
-0.6493391557999812
-0.7471152838510593
-0.6434637471791187
-0.6386886098238673
-0.5819054762741546
-0.5650594744806228
-0.6169130565749155
-0.5570408614948911
-0.5528807555297406
-0.6542149320217794
-0.6721169839650264
-0.7333618281760744
-0.7779223438551651
-0.6674025655056735
-0.721174229157115
-0.7338293876990758
-0.6783294096505713
-0.6383297878073164
-0.6157241182303781
-0.6420543167541412
-0.659307430225192
-0.6194978278808512
-0.63937394031702
-0.6757157047008656
-0.7412377381953108
-0.7574130529544344
-0.6680197582781952
-0.6633767841950713
-0.635281315360143
-0.7696376182882848
-0.7675291053580304
-0.7137358302402987
-0.7361188565717018
-0.6215699412865775
-0.4802943097401956
-0.5091987213971592
-0.5593208780720433
-0.5802982373556514
-0.5490083518955942
-0.58205868108189
-0.6693396064100063
-0.7156400919398068
-0.6890364925033098
-0.7095632116657488
-0.6942871920966328
-0.6171123423706795
-0.5936869541466694
-0.490543411482619
-0.47490775909832206
-0.45376141478906973
-0.4345682245504028
-0.4497529449031733
-0.42949520166426525
-0.47569594355684514
-0.5578224499091549
-0.6191753366034124
-0.6619958353930354
-0.6073558690051195
-0.6544560727248682
-0.6207802991919024
-0.5413554871665307
-0.5015909041711368
-0.5999423710129517
-0.5299419997181785
-0.5478505645856557
-0.577600702083477
-0.6981517247619923
-0.6980580395827606
-0.5670396540202213
-0.6149004195375641
-0.6607465010892967
-0.6659870867762862
-0.7011116680580501
-0.6396384908910917
-0.7045065503522431
-0.7261231039540423
-0.6847044397390049
-0.6965418552008116
-0.703494218819856
-0.669361917794555
-0.6187726178273206
-0.6298461088218003
-0.49717690767817263
-0.586712901512193
-0.6094241536295095
-0.5495951531244453
-0.3832535796905435
-0.4358286015387773
-0.410387977229614
-0.43962643569320164
-0.5320017763065144
-0.46414097424622214
-0.5455069647654698
-0.5338477471704215
-0.5813369376799816
-0.4729235524714016
-0.4561824810858574
-0.4790217682467754
-0.48060409182337815
-0.5284590127474377
-0.53971057538951
-0.5835994091165672
-0.5651244633873125
-0.424031042252667
-0.5904758112443902
-0.5235864144070295
-0.48710971470361525
-0.4702826100027186
-0.4719820132994742
-0.6130504829252811
-0.6063658855519445
-0.5270946616653188
-0.6581663036617355
-0.7495352844385961
-0.6667375664603349
-0.6509687070155077
-0.7239444788175796
-0.7015456113908815
-0.6915929686177106
-0.6585487816871733
-0.6784364094258009
-0.6998222990363164
-0.6658841250131224
-0.6414274538108791
-0.6285771005690687
-0.7333314277488769
-0.7129345014851769
-0.6426492941855377
-0.6954926587923131
-0.6854785774613251
-0.6273321880437646
-0.6228874205944747
-0.6474072658892456
-0.6140634611927236
-0.6738117097498149
-0.6507946775189116
-0.668826686083239
-0.6531965616762809
-0.6626455095023464
-0.6899171807833243
-0.6271498173859632
-0.6241486360736113
-0.5252372115562718
-0.555320085540494
-0.6508686501358792
-0.6926470087631486
-0.7928342920259799
-0.7286681609991619
-0.6374621912767077
-0.7120929460936914
-0.7117538959941823
-0.7004228662340916
-0.6707505572329346
-0.6494255118101995
-0.5834895925043911
-0.644300622285043
-0.6696611014844015
-0.7103358060517863
-0.6810014442703094
-0.629196532788751
-0.7246827175782714
-0.6753394126167427
-0.8248103387087614
-0.7596815822167932
-0.643174910715314
-0.5899626834158038
-0.6475726974367848
-0.6278431545101953
-0.6595170564263717
-0.6076173913796944
-0.6933468789978829
-0.6440779756635194
-0.6011790517402799
-0.580746549806807
-0.49459637105056803
-0.5933683365363565
-0.6186229132841812
-0.5422463922519557
-0.6936735524679947
-0.6784559896658937
-0.7042201570147479
-0.6407478744110755
-0.5802153157227339
-0.5416514492496295
-0.6741771823643138
-0.6314604932178056
-0.624970704586834
-0.6818502036755566
-0.7274356048577143
-0.7157042121915698
-0.70110566182078
-0.8225411848019066
-0.7241580208188768
-0.7176342149582625
-0.7552951382576725
-0.7657157302679123
-0.6526274252845505
-0.5998198920891802
-0.5903123306682363
-0.5115902401122181
-0.5299244886346102
-0.6158031543203137
-0.6406033196836578
-0.6254564974560108
-0.7018063742426798
-0.6486098923277012
-0.7055074512497406
-0.7325657054125712
-0.705439670113617
-0.7534443138582765
-0.7289909956788219
-0.6606727863603985
-0.5855140158918382
-0.6054224769811557
-0.4986276832777604
-0.5946447094548727
-0.5854848051411218
-0.6103112079137486
-0.5701930812067336
-0.4054692462751724
-0.45592424530911024
-0.5528850204373721
-0.5729012778291172
-0.6206675881787502
-0.6465038211954746
-0.6045284230803859
-0.7332299174267379
-0.7602864219085743
-0.6911496821583908
-0.6696420279166122
-0.7681891676276886
-0.6325178848397072
-0.6384753775585116
-0.7245388075356851
-0.69672244931255
-0.7777864331475499
-0.7361369070842612
-0.6715951659586685
-0.5310655583938867
-0.5916466470504249
-0.6145189397776303
-0.5884967459348808
-0.5059255574619312
-0.5813463665569616
-0.5774639667515927
-0.6119757112264796
-0.6073067216373286
-0.6230144536485259
-0.5648770229594569
-0.4725204516630564
-0.4727355896880394
-0.4846075321447276
-0.528237613456626
-0.44962120296870134
-0.5740648136084434
-0.5762641432245387
-0.5620209567107864
-0.6456294499151239
-0.5664617503916295
-0.6301308083813671
-0.6601979632916143
-0.6535090017945724
-0.6289133519603857
-0.6760677395398066
-0.7487535482841572
-0.7602423914294074
-0.7105847882702591
-0.716817065738863
-0.5890857378554881
-0.5448898180656101
-0.558810592926216
-0.6267124128167014
-0.65377390723358
-0.679951142196685
-0.7132835143554608
-0.6389977592892453
-0.7046012812558414
-0.6180786141640049
-0.6097275599664931
-0.6565255017943972
-0.6651190037717654
-0.6753018670719244
-0.6880247413391068
-0.6008735942270123
-0.4819180234066839
-0.5726396816158587
-0.6377436478354004
-0.5715602295816153
-0.6527619922408349
-0.7075954162671838
-0.704836593776787
-0.7699234771573781
-0.7774511115849365
-0.7473346864462879
-0.6717830860638305
-0.7713802583976573
-0.623732660219514
-0.5474648252765552
-0.596167433947217
-0.6788341337544435
-0.6028271229329863
-0.6414174619814507
-0.6848470970052865
-0.6482246316761949
-0.6768238885023389
-0.6522956359878727
-0.7220643221472042
-0.6512719914098735
-0.6274600142770083
-0.7332500202691017
-0.7993266155808397
-0.7674478819191163
-0.6880592415872133
-0.7463220987346836
-0.65861333219321
-0.7463975689530399
-0.6702967658209682
-0.6934186890894907
-0.6618089713113607
-0.7561291010413085
-0.7460069158783504
-0.8097102562945823
-0.6818613675410408
-0.7086305200551842
-0.6753925618315915
-0.6411887654224208
-0.6577390440333317
-0.6968734250574933
-0.7115738803451854
-0.6980907068871843
-0.7259613566404157
-0.6765822888530366
-0.6912312568863858
-0.6095004424212693
-0.6730746364211477
-0.5888092782367629
-0.4523772035142062
-0.5128107841284987
-0.6060544042029835
-0.5834215086176683
-0.7070555791807372
-0.7184472976022936
-0.5787596414186851
-0.6318314098989821
-0.6846506164105598
-0.6477239928998446
-0.6058729531892767
-0.47202608133333623
-0.4955885039056651
-0.6974821719138767
-0.704576562906535
-0.7904510946856204
-0.6935773231858936
-0.6163440632211601
-0.6242729641588864
-0.5785636210267634
-0.6761449357066314
-0.5761043432274748
-0.5572890827424757
-0.5676781415770447
-0.5936985209704172
-0.6084935362184077
-0.748482749882929
-0.5528319189019859
-0.6515847679330742
-0.7119421863487981
-0.623636856943235
-0.4894817294664667
-0.5550022232966005
-0.6300582517870825
-0.6169253466752915
-0.5588573515912814
-0.5464404716416266
-0.5341647348906566
-0.5412315650773383
-0.5193552188797316
-0.5038020194146472
-0.5351077863242416
-0.5853176027857933
-0.5641430968415109
-0.6483438061227832
-0.5614739500677848
-0.4686724168919013
-0.5392527943072132
-0.5535458459866441
-0.4764446485977321
-0.5212303699679005
-0.5145022373497381
-0.631214160090393
-0.6404168387729423
-0.7204229162445566
-0.5411527210998428
-0.6338285499742011
-0.574181612801955
-0.5707727829374678
-0.602564501620828
-0.7199297510230257
-0.6416229142792699
-0.5957695207215844
-0.6430123907280796
-0.4578379538973723
-0.5243062890545171
-0.565638513410986
-0.7262894825571806
-0.7641195594017526
-0.7421979054042287
-0.7526470287246776
-0.7924691040053027
-0.7796954526916704
-0.6557744645142448
-0.638499626445265
-0.6683922041171038
-0.6883918036813685
-0.6417710926785867
-0.640387271469733
-0.5547916877705061
-0.6037477105771123
-0.7055538989183409
-0.6620051457557442
-0.7187360865115455
-0.7402413051170628
-0.6505315149502718
-0.6394385015685244
-0.6369687516232416
-0.542897052108492
-0.6153662396614323
-0.5761075018362725
-0.47338725480519306
-0.4826231018047088
-0.5863396139934338
-0.5744786651691869
-0.535543941655762
-0.4208191030736011
-0.43795587743913067
-0.5100143918834426
-0.5500975706447233
-0.4872440785743525
-0.49740714656422663
-0.5555481924705927
-0.5970445007158037
-0.5780932868611977
-0.5696347969366925
-0.7048154979345856
-0.7514559755749689
-0.6985014306412413
-0.5786388587649919
-0.6040796194338006
-0.6404669851534777
-0.6047713040208652
-0.6586881439398875
-0.6294759106212993
-0.653540959581251
-0.6799168276928698
-0.5898112886910044
-0.6049781865554875
-0.6634000084874767
-0.5858251926516989
-0.6292053211607154
-0.5157515416875815
-0.5641519474081216
-0.7126888443852291
-0.7305094170576418
-0.738416131922974
-0.5698303944513785
-0.6788684006362408
-0.727623545435925
-0.7665733765486161
-0.6927009950642548
-0.5842056890275379
-0.537771493292257
-0.6008391015141422
-0.6198623480935146
-0.663871404867599
-0.5809547496130036
-0.5583672774682287
-0.601939583119696
-0.5752418336081856
-0.5706753461574272
-0.6288213036866972
-0.5743599252040096
-0.49811386580574085
-0.5463870275225348
-0.47938034946296826
-0.5524922243034737
-0.6238297553172277
-0.5391759628023949
-0.5730650880257715
-0.5800679955807913
-0.578615472268077
-0.6208356031977599
-0.5887918862121644
-0.7345471297374352
-0.78646404203894
-0.8071281563416148
-0.6913551639200137
-0.7402437748013676
-0.737249298940724
-0.8293964294375256
-0.7926303786308594
-0.7926107234078995
-0.6365962971712031
-0.772537681763648
-0.6919489354306969
-0.6066532161631135
-0.48692388764805344
-0.5594905329398908
-0.5318402528064767
-0.6406021245238727
-0.6248155324896829
-0.6013336467162567
-0.6099253079702973
-0.5957589929451456
-0.6531494885569549
-0.532362307881863
-0.49366810905142333
-0.5599876693851291
-0.6159250016387336
-0.6967747283134194
-0.6851354118142546
-0.7189225182545622
-0.7287488667321311
-0.6839875658536442
-0.7000764395459069
-0.6787644173507035
-0.6952888713173427
-0.5955410086949667
-0.6121830325863932
-0.6061839751010675
-0.6551500545747933
-0.6043137605502895
-0.7073930411425428
-0.715158450806618
-0.7216250850257989
-0.6390752711602365
-0.5706034014480522
-0.5295737318320407
-0.5196880785626329
-0.5901162815169095
-0.5876022464973052
-0.5895476290666135
-0.5189352126192381
-0.5390498204845628
-0.5781480302267284
-0.6810798400775068
-0.6574418297345814
-0.7720160043887646
-0.7024855822920365
-0.7824098406140345
-0.8051992910330591
-0.7237270397358204
-0.7548245876770159
-0.715261651048157
-0.7399077239058247
-0.6529891532526947
-0.8216799372775575
-0.7632372090292269
-0.6979560604352351
-0.6558262958770839
-0.6351786020516116
-0.7296244882919125
-0.7293810641252628
-0.6075783369709018
-0.5930938191413573
-0.5871183413922629
-0.7342490066366534
-0.7036663397318286
-0.7265062113641626
-0.7210580220300722
-0.7188614916952372
-0.8154845893606222
-0.6499527235361413
-0.635742617819412
-0.6140615518877337
-0.7358059745587047
-0.7479624710326165
-0.7319321723563545
-0.6919271020932178
-0.7434179325092672
-0.779387090236982
-0.6994854546396784
-0.7136076733187463
-0.7163167974953415
-0.7029153244384285
-0.6902104475705184
-0.6334418275707653
-0.5809149992380563
-0.6114779664809847
-0.6252843842222462
-0.6995982484237079
-0.6178443378944095
-0.6293001467843936
-0.6065923698775754
-0.6686880276960143
-0.6034436968130525
-0.6300301768217336
-0.599793109211858
-0.7445821136999643
-0.6020324956997346
-0.6526076956350568
-0.7248904194713278
-0.6734513060063081
-0.6721232150478649
-0.6324120893259926
-0.6574080208602446
-0.6259271187362911
-0.5542753983210819
-0.5645668300051512
-0.6028047440053641
-0.5854596627755958
-0.7032692522790591
-0.6931084273849706
-0.7464503262515167
-0.7077178274944165
-0.6828845988601325
-0.752969411233406
-0.7513967370212484
-0.7238016224208657
-0.6920745086101353
-0.6698182855037964
-0.6645611814366029
-0.5893110658609428
-0.5951147172280962
-0.5067230534055622
-0.5668400593926338
-0.5460833000102207
-0.5431673746331362
-0.5240131250477361
-0.4721079273580798
-0.4619729513150016
-0.6585283485079786
-0.6544158858837719
-0.6403687693933539
-0.5542167113896952
-0.6877825986831284
-0.6560805070940146
-0.7983538637735521
-0.698200148118594
-0.5359678779307782
-0.5029858043953557
-0.6038702733613364
-0.6552684261064057
-0.7090553865528274
-0.6684363844940437
-0.7422310277353654
-0.722079156463265
-0.7393090550998258
-0.746048109273832
-0.7401635073524238
-0.5819127786461336
-0.5989673954431796
-0.6262345071672594
-0.5795730176508841
-0.47626335485883814
-0.5411723785783907
-0.6348844583508428
-0.6706496915618089
-0.7127295507927996
-0.7681581108728558
-0.6599575287822677
-0.537992418099552
-0.5563422386224608
-0.5835922507306994
-0.5663618663616099
-0.4968659377914977
-0.5386948790814499
-0.39907246659351203
-0.4094363904699111
-0.42832836647157674
-0.5440873914494689
-0.5535971012980964
-0.704525962301097
-0.5294683034679609
-0.4753585131928941
-0.6134252270546876
-0.6120677295272297
-0.5899054183058822
-0.5712176823770647
-0.51908303201442
-0.5183297762779956
-0.5618351772594179
-0.515168934660756
-0.476643463448344
-0.5943279228535003
-0.5187221202349273
