-0.8528774930390941
-0.8837511582748363
-0.8609582464135913
-0.8151147023185275
-0.8397712193391106
-0.7740901829193159
-0.8165296881153283
-0.8909216258881949
-0.9366946981078442
-0.8260733656489239
-0.9872732408585303
-1.0040298780708974
-0.9030400665905377
-0.7757143821407196
-0.961169041751008
-0.949790731415643
-1.0279690671088
-0.8535209586239408
-0.8426009591752643
-0.7932005872675653
-0.8585641969142606
-0.8483962809974397
-0.932578448107616
-0.9816779656731052
-0.9260017578890618
-0.9393044133349127
-0.9102583375222877
-0.8805476215281147
-0.8905332446302896
-0.8631239534310838
-0.9132629231239798
-0.8815861901888772
-0.9874089742505677
-0.8891749762488312
-0.949226764043033
-0.9073080857342446
-0.952500588899489
-0.9907519863370116
-0.9314531621001471
-0.8370143614858703
-0.8114661686539087
-0.7493769251619748
-0.8410171786980347
-0.7809318207231044
-0.8308112206481144
-0.9249684284051317
-0.8006325305009572
-0.9636467959663103
-0.9696932669264118
-0.911894506361028
-0.8911271274954173
-0.9194274031983759
-0.8012385590202467
-0.8592780046523575
-0.8215070926382336
-0.7753310873941275
-0.7679550803121096
-0.8536136537312773
-0.9328738363673698
-0.9366117311309531
-0.8447217980374292
-0.8029016851049824
-0.8196515331019291
-0.914718154833614
-0.8570383004012332
-0.867818383261262
-0.9372218563030206
-0.8908483408878236
-0.9386017925101239
-0.8163043131223944
-1.0244786055382016
-0.9102266188460645
-0.9288575387317302
-0.9614822294266799
-0.9354918545786005
-0.783064944308409
-0.8967237920565516
-0.9113787182751407
-0.8156994005665467
-0.8345631778621994
-0.8684789424547518
-0.808455216224767
-0.6802825730960482
-0.822613869314065
-0.79680559115955
-0.7596741240154288
-0.8750112457506354
-0.9762133045075937
-0.8862175496660907
-0.8789894492121052
-0.8814070588154084
-0.7954128751016515
-0.9078574377631012
-0.9799994327948977
-0.8631700874270671
-0.9514738463032213
-0.915688213015101
-0.8972651654620848
-0.9276533260288244
-0.9556259765039656
-0.9586340050592809
-0.9540848177738297
-0.9644610494661225
-0.9081191497957695
-0.9038945897752575
-0.8563247229597691
-0.7765340832188486
-0.7821917821605711
-0.890027826772217
-0.9015715321751541
-0.8528820067909499
-1.0100183149432986
-0.8187551445648489
-0.7766075791742023
-0.8140654742532358
-0.8576348222935134
-0.9969710246174945
-0.9285750823661738
-0.924656667874418
-0.876312391124737
-0.9568588497169326
-0.8693041369634766
-0.9010252798283028
-0.7729718457310116
-0.9410942291381759
-0.9077756461757933
-0.8625973684262034
-0.8801737789452512
-0.796700895247806
-0.8053051776981359
-0.8712465758502205
-0.8075997943544942
-0.9042890497589271
-0.9591003914363214
-1.0555321006233118
-1.0154477604777299
-0.9180583651613347
-0.9426217065193633
-0.8826473832520296
-0.8702270735978133
-0.9754231503750108
-0.8959503251503461
-0.8856396911514862
-0.8247497317212835
-0.9477246367321167
-0.9547188246065592
-0.8382617897867982
-1.0604324934301375
-0.9167699571569236
-0.9154067199534355
-0.7923594658897284
-0.691454481679255
-0.6694001389561979
-0.6623787766497455
-0.7280761522590329
-0.7028773307949799
-0.7875844863971646
-0.8460951559517207
-0.9260804758903428
-0.9319891670439214
-0.8469292881038321
-0.7393889206843318
-0.7992368656767871
-0.9264258500898787
-0.9324834947795018
-0.9609802130277915
-0.9917360680910043
-0.8941521754715487
-0.890405303451183
-0.8963801173910948
-0.9010918858795207
-0.9347486746456396
-0.9817558418432286
-0.9080917696089782
-0.9665216391785911
-0.9647964853722999
-0.7906495036744516
-0.8273665468507683
-0.8662332669410623
-0.7757301814053401
-0.7556842823621152
-0.7671568526233785
-0.7923674539876918
-0.6943466377359309
-0.7636839901897179
-0.8416609866741187
-0.8272334376024029
-0.8466904922384981
-0.8636377749895301
-0.8012123084836027
-0.8125871589620687
-0.7709988180753155
-0.7678917854914187
-0.7771777218439362
-0.834666133598308
-0.8088522929010029
-0.6728369567401791
-0.733556961141055
-0.7815767237404556
-0.7737038913569876
-0.8841490331850484
-0.9526682760909965
-0.9078966491953834
-0.9130502373690116
-0.8405003660885356
-0.858984537697007
-0.8036502431037617
-0.6631544867857455
-0.7538371918056528
-0.851757464875491
-0.8686985611073899
-0.903484281511743
-0.8482516312190632
-0.8118209871384751
-0.9024463331789773
-0.8820210150980874
-0.8593394741526516
-0.7835016672021209
-0.7674285461058059
-0.8579375770612976
-0.8706521919945562
-0.906633683024609
-0.9174477411362387
-0.9001405016636376
-0.7567651114201989
-0.8507891763946462
-0.756769579467245
-0.8949101635520613
-0.8580385367313494
-0.8439818573728564
-0.7902490066600476
-0.8094785274077828
-0.775133983514389
-0.756428080272942
-0.8988869232553476
-0.9604810633516927
-0.9361410157482655
-0.8927457719160566
-0.9572563426839547
-0.914021945636931
-0.9950098549285729
-0.8388442295205625
-0.7917554021762852
-0.7094261732726871
-0.745146555028797
-0.7149209038772992
-0.7828486500689458
-0.9147410315018696
-0.9207318705704468
-0.854232090183438
-0.8550625420377118
-0.8825995216680383
-0.8996281642877755
-0.9564648228520427
-0.9222273387284943
-0.9150337308722791
-0.8428517560706614
-0.8950186118423417
-0.8416079106586931
-0.8751255343715011
-0.784728109453547
-0.87640975804794
-0.8374395425541891
-0.8077685040283065
-0.73792117898028
-0.698823684971062
-0.7507583953388959
-0.7412486760461259
-0.7590248721947699
-0.9312697586385768
-0.8743309293936792
-0.9970063246343073
-0.9382183285738475
-0.9110409993389975
-0.8530839591374414
-0.9599836351204982
-0.9772755546138661
-0.9839691826392194
-0.9454450671746362
-0.9546045314253884
-0.8747055568520976
-0.8599516703733563
-0.8976430823452985
-0.9177469666245093
-0.8972235169332446
-0.8125968348811428
-0.8956301588255959
-0.8450880506351899
-0.8563370005002314
-0.9524514116437527
-0.8349497771653325
-0.8229282519561478
-0.8345778647193095
-0.8945845589618325
-0.7202514385955784
-0.754785083980912
-0.7961339930526327
-0.9347342662924967
-0.8582636003557298
-0.8851523423982869
-0.8208569059634484
-0.8049076551895222
-0.8925841044800938
-0.9156397732006127
-0.9651640117072507
-0.9785644980052736
-0.8853955118440022
-0.7910831416151257
-0.8587216006150409
-0.7965882748757306
-0.8873936257894166
-0.9053064628034173
-0.8965498713387887
-0.9086062475192866
-0.9549842492609545
-0.8063706400106778
-0.7371511637234607
-0.7978481043863186
-0.7396018741155543
-0.8190263021671969
-0.6537796429167355
-0.9069239088724705
-0.8309976623431383
-0.874782774223195
-0.7947962505746775
-0.7759085113095467
-0.9044268589200745
-0.9117531174240232
-0.9498322229575397
-0.835382725678564
-0.8627791025793065
-0.7536661451774908
-0.9307544191366319
-0.8703397486979634
-0.9556596662498876
-0.8359642000600109
-0.8810441317549997
-0.9765632437394186
-0.9195758164704138
-0.865133992986271
-0.8486193571679519
-0.9007273229211565
-0.86292049056957
-0.9601183150745892
-0.9439934054767767
-0.8374297837634342
-0.841313178495696
-0.6656663089187718
-0.7405622070161026
-0.7663405865412962
-0.7815754896775884
-0.7245057660702382
-0.8291101194196222
-0.8440465447522527
-0.8738825589919746
-0.9573834253176513
-0.8310302852477582
-0.7286263591075725
-0.9030193162038822
-0.8926785683596556
-0.8338521565379962
-0.9149184077070406
-0.9486945371762043
-0.9604939952974564
-0.7529521866830438
-0.9215082074737125
-0.9704349108556821
-0.9785340320162582
-0.9277659483644194
-0.8727622151495383
-0.8937729357283938
-0.9266284951325596
-0.912139160138951
-0.8084703171801281
-0.8317556197300628
-0.9100735832707139
-0.8550932687864996
-0.8736905572508207
-0.8332882282834121
-0.8211269299006422
-0.8725393009077009
-0.9856095116476185
-0.9270491930550575
-1.0252616357577857
-0.8448676682432767
-0.7142610923591843
-0.77717400747584
-0.7897191444072875
-0.8847382172401894
-0.8097565024613909
-0.7901345353770062
-0.7757401833953418
-0.8100549919205641
-0.7098255736767007
-0.7647840746935667
-0.8094529482582501
-0.8586418999017378
-0.8725198881112934
-0.8937544773616405
-0.9137467134874245
-0.890563423054803
-0.908870432225256
-0.92018945783331
-1.0195327748125635
-0.9989887082677034
-0.8882478508427487
-1.032723223771917
-0.9161667009737384
-0.8468849018317373
-0.7134491961587192
-0.8460214434588534
-0.8629088681610837
-0.8508001535566547
-0.8857018731991152
-0.8358770417019689
-0.8482204398002491
-0.9044438493792047
-0.8570732865007806
-0.7882411006851301
-0.9492549276527062
-0.8641247325892681
-0.8430015643889555
-0.8148266911727855
-0.8104452554848134
-0.8665225882387129
-0.7401703697633014
-0.772780715069769
-0.9630772620997394
-1.0062124099920915
-0.9663901916426019
-0.7891478622973963
-0.879317865229045
-0.9581872758829693
-0.786427472772497
-0.9018843466024832
-0.8841632628228443
-0.865335104752128
-0.9232565924545908
-0.9346071061968704
-0.7944971494683156
-0.9177275659928422
-0.8945053277403685
-0.973277286683089
-1.0128645296921852
-1.0239469420086473
-0.9202004771604565
-0.9870457650979418
-0.8919877067624158
-0.7219389058154093
-0.7454294710494715
-0.712314335413327
-0.7541846436011628
-0.9479980235197694
-0.8997148785665843
-0.7937751192272736
-0.8158875296176219
-0.9465218906696945
-0.9099382918949781
-0.7428063421253028
-0.7878045149308786
-0.8165073931866774
-0.8732878600473741
-0.8593514119313723
-0.7780286133193772
-0.8119885450482438
-0.7553438570845813
-0.8717671777526854
-0.7884774654958767
-0.7253235432231467
-0.681933942472099
-0.7158955140093453
-0.7530342211957931
-0.8647534341591642
-0.8236992748607472
-0.8685321180963071
-0.8222388750801688
-0.9052505083088345
-0.9160107327031444
-0.9641839877504387
-0.9297834905721842
-0.9097593362924347
-0.8830385194818287
-0.71507613792296
-0.7420794918828575
-0.6994657639972159
-0.7886513680415761
-0.8306243193509184
-1.0056950064871775
-0.8937579536588791
-1.0127820609925395
-0.9018209497208931
-0.8991485655492994
-0.9045111158599826
-0.8476764794578958
-0.9418168280319196
-0.889683581565773
-0.9796696479369302
-0.9372421402809515
-0.9194529907150928
-0.9273167018803109
-0.9382200521534645
-0.865450458311859
-0.8331448436311416
-0.7980234503697751
-0.8454815245313048
-0.7784512729627415
-0.7685328946083904
-0.7721068327204428
-0.8637761253845687
-0.8322998426384776
-0.8427884229757268
-0.851305505068366
-0.8298491686784326
-0.9744261606098326
-0.8494971304493032
-0.8944194746070143
-0.9382685105156577
-1.006345472237716
-0.9879902745214253
-0.9418616080802129
-0.9127465715025723
-0.8767009740831658
-0.8498584623556465
-0.7676886522643516
-0.7215567875577777
-0.7466644833870743
-0.7744460492893138
-0.7742993627219338
-0.6531333502483119
-0.7264125802778424
-0.883427152139278
-0.892108953217879
-0.8711007829185488
-0.8037804993715597
-0.7922422894870733
-0.8866555792631183
-0.8257813390320711
-0.7982071761536434
-0.8159591167720557
-0.7628343379873044
-0.8616398336009551
-0.7936341858304524
-0.8838393274758698
-0.7876316756724994
-0.7111024947403654
-0.7920063596752276
-0.8004068399028723
-0.8662367537608056
-0.9097650188271781
-0.9012045037964448
-0.6893421883863233
-0.7292345807966553
-0.8311694120385186
-0.8560112993652178
-0.8738183647269142
-0.7547640992877273
-0.7489004856250632
-0.711941555063897
-0.7325854272504956
-0.8774070524436595
-0.856647545197276
-0.8973451257079573
-0.9329611251596521
-0.9372309396790025
-0.9495941562997452
-0.9012531358181911
-0.8788413469974188
-0.7892242291962458
-0.8850251798613551
-0.9454484626815796
-0.8859117098796142
-0.9786529329677619
-0.7722064965363882
-0.9013165266658798
-0.7808167222451728
-0.8417066588170812
-0.9215289656040021
-0.9033525385527483
-0.9172373166378486
-0.9425060579136281
-0.8061921114601707
-0.9183416251977677
-0.9012417271875263
-0.7961597831257786
-0.7995143253239625
-0.824931592628815
-0.856547914686785
-0.8386592722687574
-0.834196734207862
-0.7926012786056978
-0.8565164033370438
-0.9001639941400826
-0.7513263229415665
-0.8243402151588043
-0.8132788396879738
-0.8523241755029136
-0.9381289658649867
-0.7781973146249054
-0.8880838850394271
-0.8886468636237317
-0.8580640627480867
-0.9902277888407375
-0.8576706505797161
-0.8393350694505621
-0.9154126694049624
-0.9000809906687413
-0.8974526767820112
-0.8692034912107727
-0.7543881189622288
-0.8179004129857509
-0.9726797436849937
-1.0028220871529399
-0.8431362237018188
-0.951974314015636
-0.8653683265503589
-0.9430678387600445
-0.915826561254238
-0.8558559763469643
-0.8981696832596601
-0.8294198223322548
-0.8866586422821686
-0.7879135896986538
-0.7514451673543392
-0.9106084141404254
-0.8349995337662782
-0.8862589610125364
-0.8944591124374771
-1.0025237415137942
-0.9428111250267641
-0.9975479230812091
-0.9294338104106964
-0.8858486775779553
-0.907837508880367
-0.8961653616056635
-1.017131647445932
-0.9156634107161556
-0.8415840425857346
-0.9429010722901634
-0.9242398615745044
-0.8790694440171798
-0.985135534432808
-0.8861559435513958
-0.9610539519647799
-0.8513970939626668
-0.9263898976177598
-0.8447794508058944
-0.9360470433236364
-0.8167206578919346
-0.9098208426631436
-0.904617726079759
-0.9964619449122015
-0.916124518488665
-0.8589943845903081
-0.7637157171242738
-0.7374099293878875
-0.641188726455093
-0.7639585904630735
-0.8232671304972872
-0.8868399700934675
-0.9075710348000637
-0.9705697496723995
-0.8950914237803828
-0.9780948370715248
-0.874222307037975
-0.8458048200944079
-0.924221698364329
-0.8444234309746803
-0.7601310668695027
-0.6249750665407782
-0.7715674591546366
-0.7040475501236897
-0.8930237490745248
-0.8057847973246508
-0.8363603355860965
-0.8358665942245416
-0.7356100033779488
-0.5142488276713442
-0.7646563154583541
-0.6318641541058762
-0.7670004892172266
-0.9294107413906724
-0.8909426476197532
-0.9203801409644122
-0.7950698216994705
-0.8366726195587205
-0.7953874519398932
-0.8497234923939745
-0.8066461083104481
-0.7829678830308823
-0.863621288440906
-0.8385754585343163
-0.8970637966369699
-1.0279423264376164
-1.0346852893589216
-1.0199904618239337
-0.8953476745988903
-0.9440235818225258
-0.9778938507978642
-0.8428767564303875
-0.8167894050264499
-0.7218737492484129
-0.8259338372911778
-0.7976416877603549
-0.7483035901461139
-0.8591779792264856
-0.747713591329379
-0.6132629617672494
-0.6755443602614155
-0.6744490909731835
-0.6577431251769167
-0.7811104712436383
-0.768457261109873
-0.6317162540051974
-0.8424651822209213
-0.7322441255990975
-0.7977511464488293
-0.7882937627483669
-0.7481980598846365
-0.7726736989103768
-0.8227539678873947
-0.7212621329687616
-0.5910425088218592
-0.5961804812127083
-0.700587815798285
-0.8729372341597615
-0.9422762784773017
-0.9255145493885766
-0.9565497776182524
-0.8589285005914717
-0.814859106096422
-0.8458056614903453
-0.7918798028155747
-0.8579015280315966
-0.8613228861373612
-0.9486819760328157
-0.8388196165323624
-0.8055476577754676
-0.8081131716222122
-0.9786134270718596
-0.9268280017291236
-0.9059059583221574
-0.8892094291232624
-0.8631835823058996
-0.9156308755722723
-0.9363070831154333
-1.0053467266002127
-0.9523494458408636
-0.8302754378082342
-0.8669145445507478
-0.7983070247951913
-0.8957337291888701
-0.8804731355713881
-0.8960431864633014
-0.949410307447794
-0.9448345625897416
-0.9297002919906197
-0.9381927560004918
-0.9179300753656456
-0.9084036519949901
-0.9417602486747564
-0.8572922564995124
-0.9784430352145318
-0.8947386117363837
-0.9646004847728119
-0.8407327908322819
-0.8670282039106197
-0.8662733743349542
-0.9536279203317702
-0.8301974371330119
-0.9081198974139865
-0.8668783120411464
-0.9045043017094836
-0.8221776866657289
-0.916360702062281
-0.8921242862259516
-0.9503333611623976
-0.779600026365174
-0.7710960000537537
-0.8277683487818923
-0.9333072815960487
-0.8916743861165629
-1.004040522541529
-0.8238370838568068
-0.8160241531535504
-0.910855317464885
-0.9167683825496127
-0.9722812017584141
-1.0407678403976113
-0.991186863258288
-0.9154844512389657
-0.9891346048049909
-1.0301136942420912
-0.9464751938040621
-0.8552323639465607
-0.8889251885068296
-0.9371483904663175
-0.8756535953612173
-0.9133495629165885
-0.814798842449594
-0.7569353754631036
-0.836437071665781
-0.9525425892382443
-0.9296793206129033
-0.877715252926839
-0.84431960958569
-0.8901684609603953
-0.8258004579274731
-0.8291347376701225
-0.7350548921368381
-0.8231676219340991
-0.723333083432455
-0.8956940060883809
-0.865893228521878
-0.8036734028236967
-0.9199448038636828
-0.9424287322651131
-0.9382718832169209
-0.9178402844382747
-0.9272344844064881
-0.9753605027541381
-0.9336563561957109
-0.9077571438585678
-0.9345152600807992
-0.8976025800121974
-0.9274229537197292
-0.8040971050571569
-0.7714256595756912
-0.7282260680396025
-0.6184268190614561
-0.5123947198959935
-0.7575764313537474
-0.8329813644553378
-0.9098979372988366
-0.9753326384793178
-0.9237598437065779
-0.919937355304168
-0.7895484161603401
-0.7999582707543458
-0.888124427375678
-0.9170406502586333
-0.8890773232398501
-0.7645376417013122
-0.8714736471217559
-0.8702806650501649
-0.8993613803816044
-0.9549648518994741
-0.9618776925834082
-1.0186541230778756
-1.022805121442782
-1.022552486131618
-0.9133531401081639
-0.9382894082189079
-0.9604364171477406
-0.8329722245368514
-0.9397669385513615
-0.8715452289901358
-0.8303119051690528
-0.8886154892977423
-0.803452549832182
-0.8046898865199001
-0.8346754836329205
-0.9023418995642515
-0.8840473608378938
-0.9148915224315844
-0.8701903408983878
-0.9967264742666142
-0.9600097946798378
-1.0272429660527096
-0.9541137417857292
-0.9266623000970766
-0.8675203867943904
-0.7852691296532898
-0.8092085867232749
-0.8524657296880701
-0.8981265550315505
-0.8805221390200645
-0.8442228650406662
-0.915201882885646
-0.9359900209747005
-0.9139962469239596
-0.9439196752754329
-0.9303998897217322
-0.9664951133304414
-0.8847575906494101
-0.871133212274044
-0.9409808812220846
-0.8005072131045592
-0.8334612306969409
-0.7907308064158275
-0.7582369905864855
-0.7509485185937008
-0.8256249557080054
-0.8623587669977618
-0.87115029000643
-0.8534371735448476
-0.9451448295057256
-0.8940895557643508
-0.973086832827273
-0.990229098376962
-0.9032163958501022
-1.0350313599224477
-0.9581998155058773
-0.8130910280633851
-0.7553144012327604
-0.7154015203261492
-0.8066675792665812
-0.8974142820428573
-0.8957806797465359
-0.8591017611439165
-0.8152423486696943
-0.70356305943659
-0.6293823864826728
-0.8122397586481598
-0.8954336604842379
-0.9607110966316754
-0.8879078819271149
-0.7871814098825994
-0.8532431170776869
-0.8742259492472758
-0.8690989559003164
-0.9143668703272211
-0.8913183697782323
-0.9054027936150337
-0.9732449863705387
-0.9436270899400679
-0.9546113950203106
-1.0229248873559063
-0.9290733113124489
-0.9803498531894795
-0.9701087290614188
-0.9350607250523516
-0.9901122738768154
-1.009050239086524
-0.9551642770458866
-0.8659392301034478
-0.8718155772708771
-0.9412095541472097
-0.9490834177425739
-0.8521704124283852
-0.8106545325297649
-0.8400406178629123
-0.9498994167048338
-0.8447421035201589
-0.8812855458889022
-0.86326920894287
-0.8598922718797388
-0.9736496839797153
-0.9641578046570171
-0.8555112351970482
-0.8502400281072274
-0.9584059446800444
-0.9033661075048662
-0.922324017200154
-0.955373922430883
-1.008643221461427
-0.9547436692752436
-0.9377912534350359
-0.8593274953841846
-0.9604938494752662
-0.9363853907340496
-0.9414998828164937
-0.9887189724455467
-0.837838608164356
-0.7127139734125286
-0.9088634442339916
-0.9839378431686513
-0.9225543027840919
-0.864078214507935
-0.9093863095382486
-0.8577492137961468
-0.7682760078452372
-0.8581416012651373
-0.9078586268307293
-0.8327816251499177
-0.8098132800810893
-0.7237233271138095
-0.8779534551628161
-0.9083556848142206
-0.9074812505250462
-0.8755234566230119
-0.9104139025039588
-0.8847168733147304
-0.8228753789285365
-0.8567100776426337
-0.7719619903677882
-0.8358533894394758
-0.8526617090365406
-0.917458616025876
-1.0153007550995574
-0.8725727462594252
-0.9442307113417686
-0.9239031518259854
-0.8878182379252566
-0.8631012275934471
-0.889366710157316
-0.8740470308617525
-0.7950994638605136
-0.8060516156010697
-0.8849542501798872
-0.8929579316244747
-0.9279787577605918
-1.0219241835918216
-0.9548406007952718
-0.8665315154962426
-0.838203857404972
-0.893075654537082
-0.8995605935132169
-0.8753002166900801
-0.9271738079541397
-0.9044448763547356
-0.7330903723939176
-0.8142890252382087
-0.7162267730883295
-0.7037133441072332
-0.7337967602091433
-0.7437694056785169
-0.7529555769550422
-0.71140208241093
-0.633142309279723
-0.6027916869807981
-0.5694421205066785
-0.45611171694989144
-0.4939756565104055
-0.5514178778762062
-0.7137112012650695
-0.7458791736416762
-0.7774101286573505
-0.8629363787249018
-0.7720202179491236
-0.8470143805737687
-0.9145381020946576
-0.9442197811805325
-0.912107038270525
-0.9166584552790704
-0.8842140756477094
-0.8694767157934018
-0.9363321534340652
-0.8074481725515582
-0.9479089246829481
-0.9158541963073501
-0.8349605677750481
-0.8409766779697568
-0.9185551357036168
-0.9034250691049636
-0.9331102167601703
-0.9533754517435868
-0.8845241321608573
-0.821756229484709
-0.7804888846608982
-0.9428448305714348
-0.850061964097949
-0.8359982578924853
-0.7499648637867256
-0.7742323613647315
-0.8596886518877974
-0.949091819537337
-0.8904340800466053
-0.7831371198520158
-0.6937535470371188
-0.6955795123725287
-0.7858005199426938
-0.6640260295267684
-0.8382721058123117
-0.7371397612430256
-0.9029398141084268
-0.9848533531274596
-0.7805966799903129
-0.9187664605901736
-0.8879546942360204
-0.8765194520320542
-0.8981129368454761
-0.8691277185776086
-0.9367548137841243
-0.9301906297194565
-0.9347708380827878
-0.9996397705294748
-0.890561334492164
-0.880368854666327
-0.8448729330483579
-0.7465099046887438
-0.8162849007660212
-0.671852942570386
-0.8426316689283648
-0.9682653391316745
-0.9503838287022288
-0.9360064672322262
-0.9164827035705747
-0.8390653048224285
-0.913419909095695
-0.7981952706305718
-0.86194222954279
-0.9322073353970586
-0.8856033784708844
-0.9422210683485059
-0.913445967809321
-0.893273470820572
-0.8298903393107174
-0.8669645492164
-0.9644592275829809
-0.8756722451386004
-0.9608356557821951
-0.9461524062088732
-0.916332077442056
-1.0738835143657433
-0.9419483916341391
-0.8934860638125806
-0.9178042835388432
-0.9545866666048106
-0.8708405481372051
-0.8910996794536641
-0.9095669655325607
-0.875281403606801
-0.9963221304173854
-0.9923630429566371
-0.9106361322015323
-0.9858737940159835
-0.8751577923528538
-1.041509321344387
-1.0552455068037103
-1.0285798276021825
-1.0116806257653512
-0.9490976674839653
-0.9207186608897183
-0.8977156816212397
-0.8527950934423798
-0.7869359470533983
-0.8971646427324995
-0.8738366064231216
-0.8619810450591424
-0.8483223571514319
-0.9234453070239803
-0.9027729349980893
-0.9231554084386396
-0.8455494305144189
-0.8408028896780223
-0.8749636430179116
-0.9521891997472737
-0.9095197931214037
-0.9490725352499731
-0.990671017085894
-0.9062476337408853
-0.9228658447882903
-0.8580659033063862
-0.7587872398142029
-0.8213919931411879
-0.8594714353671811
-0.9272738864430825
-0.9228387033919502
-0.9212005961253079
-0.9423272559309723
-0.9139512953833646
-0.9160447089485049
-0.9038567115396565
-0.7897431707343348
-0.857166698826395
-0.9468903323276291
-0.942947877423891
-0.9736908336007298
-0.8782539394568412
-0.9991334269355524
-0.9345787640625592
-0.9389408445401566
-0.8490794479596513
-0.9652273102827866
-0.938022985166174
-0.9612864131896374
-1.0074409189329079
-1.0311220448006932
-0.8561847317029372
-0.9500681841607321
-0.9198421835845073
-0.9728847835875774
-0.7876062870354654
-0.7550796628950949
-0.8240937161533579
-0.7522393437749956
-0.6836012188577381
-0.6689508476509765
-0.7638115265677887
-0.8082771242240414
-0.837996857308875
-0.6983357906492562
-0.7284013501860096
-0.8355231767233445
-0.8384346523950539
-0.8318498994457786
-0.8930809512379551
-0.9523396028170212
-0.8708094635660638
-0.7433904548783491
-0.7365334037387393
-0.8963201247062862
-0.7802088689021095
-0.7966194379311433
-0.8915885190202686
-0.7513615500436348
-0.8358478246607262
-0.9013480270825083
-0.8808324095573749
-0.8420453783517691
-0.8921130494784039
-0.9650067686907717
-0.8536191877829207
-0.97615675777457
-0.8827358695819876
-0.8564067392668131
-0.9362628530450817
-0.8870634427407272
-0.9532805373937211
-0.9841512487870402
-0.6947421543190228
-0.8350222403317751
-0.8772779058469665
-0.8765973463383214
-0.8998940551516804
-1.0062116792235063
-0.8837765668912553
-0.9736870914680779
-1.0232447558552753
-0.8713924756771549
-0.867341830463546
-0.9873971243437598
-0.896524570385903
-0.8404107868303662
-0.7430510675644865
-0.7803371788482002
-0.8841862380350534
-0.8797506990263301
-0.8408317411905362
-0.8379039850934675
-0.7175570895692519
-0.7492515969078359
-0.7220567040223059
-0.7949737032871352
-0.7876865747209336
-0.8570325618825465
-0.9601753265077236
-0.9260568035035696
-0.9230926534474143
-0.9112371416909363
-0.9221798123562812
-0.9026745871107635
-0.8252300273386801
-0.7077449624456943
-0.9047667100503122
-0.9672201566220457
-0.9488278703254598
-0.8302437807867815
-0.7901216323939304
-0.8897283761394152
-0.94257408620141
-0.8916617839346854
-0.9645896669930778
-0.933473649137945
-0.8731993932598541
-0.9220864007584083
-0.8431794879345796
-0.8638665042424991
-0.8545887099804943
-0.9231386633557769
-0.9414308528262044
-0.9127005562606905
-0.8214321156320646
-0.9159245458732923
-0.9022053821828175
-0.9191960499267569
-0.8056014935346679
-0.8516023932167022
-0.8953853086942396
-1.0278149837543724
-0.9194679204981392
-0.7850693014747914
-0.8416165861836665
-0.8847950191333219
-0.8268243080229261
-0.9223803733369927
-0.9516321649452907
-0.9277733690374678
-0.9425391719975744
-0.8987583985677775
-0.9845915858024871
-0.8867121589096018
-0.8149134572839575
-0.7106971619561228
-0.6014808811309316
-0.6843814305372711
-0.7409187934002394
-0.8618906307723376
-0.8750282874731057
-0.9250851816874354
-0.9066290869709259
-0.898360473893658
-0.913263878860999
-0.9202639216511748
-0.9234347560506061
-0.9722040936292
-0.961421595127257
-0.9837308382396991
-0.9581095794959604
-0.8251994743120908
-0.8752698319395381
-0.9353240602339983
-0.9045989837351512
-0.9054668098669704
-0.9821396242878548
-0.9179723229578093
-0.8638424708339107
-0.9106252229598217
-0.9471049103710666
-0.8769452392747681
-0.8837691990040496
-0.8325519479573239
-0.8497991620942177
-0.9440482101545482
-0.9784262791625353
-0.9599170713216247
-0.9129966842052663
-0.9534583866355184
-0.9426064862113497
-0.9005460539778377
-0.7743113099405026
-0.8578210078771482
-0.9047838795263133
-0.9073405295361581
-0.9568430076237507
-0.8092248146898305
-0.9017144596007518
-0.9715944981078544
-0.9035814125191177
-0.9062196887798165
-0.7847397960289539
-0.8775459396292101
-0.9250362880052777
-0.934484463265284
-0.9935032638569371
-0.9730546423746519
-0.8556284214015659
-0.8895365048697681
-0.903383742113913
-0.9623083458889402
-0.9546686372432941
-0.8457006008719752
-0.9208513424762995
-0.873764803894723
-0.9448626962157671
-0.8976747803373508
-0.884725451937256
-0.9146938719353145
-0.858037531611152
-0.883785845933996
-0.9048471627015975
-0.9514466995341965
-0.8771326987998862
-0.8884773209305197
-0.8669754284928486
-0.8220537237708998
-0.8752450078652443
-0.8341075546869242
-0.9530147797111697
-0.9573792858035811
-0.8925871079025709
-0.8680571609259455
-0.8991206671372781
-0.7734944628133771
-0.9278964726245365
-1.006011239717808
-0.993623752000751
-0.9415835912446764
-0.904390752683365
-0.7770234501424174
-0.8049585391175547
-0.8203505056015017
-0.8585087533391684
-0.8197240885283874
-0.799504028022265
-0.7036080701261277
-0.6907613533244674
-0.8184846757447142
-0.9338643173091399
-0.9187437306908148
-0.9070331870103782
-0.8435054663949701
-0.7349902884944921
-0.741062458058176
-0.5828794739374268
-0.6939009684919286
-0.6727887062705646
-0.7599728820813818
-0.9074632029919352
-0.9153428325548885
-0.9740868800461597
-0.8894402180448938
-0.8472813943791948
-0.9022983580443495
-0.7671597340741629
-0.6363611504502995
-0.592255736430354
-0.6172445612890738
-0.6882815253840474
-0.8031653905510528
-0.7994529806497416
-0.8982710608223888
-0.9588547967754902
-0.9473316113517504
-0.8535186888911821
-0.7897661952150904
-0.8762404248744879
-0.9428065158332368
-0.9285672159423541
-1.0423284085103905
-1.0200916051607105
-1.0238470744432786
-0.9183141173633098
-0.9189990162374065
-0.8389753183531233
-0.9623974558434029
-0.9189792683468928
-0.8973038396291351
-0.9384608712700903
-0.9820545382585059
-0.8969027278175128
-0.9002576258081213
-0.8950789167857556
-0.8585736209678908
-0.8775569332118821
-0.8190225887904528
-0.7851820203615123
-0.7397742943332929
-0.8169200920235871
-0.7141558135538218
-0.7025633682679086
-0.679345378127754
-0.8171111839624294
-0.7939863753090054
-0.9433160665862288
-0.8856909498225787
-0.9096787447200045
-0.8927353211669518
-0.8113752861089442
-0.7981400506623317
-0.8191181949178465
-0.9210309657924326
-1.0220464414986317
-0.975383244956802
-1.0789157253147241
-0.968361571446541
-0.9254214796170719
-0.9422307681245381
-0.7461475607234517
-0.8223828218697873
-0.9522967631109939
-0.8640117337749516
-0.780853596950624
-0.8603241481782551
-0.9980874806922372
-0.9355386548198206
-0.8723417926432455
-0.8434125048011833
-0.8047592527230316
-0.7637671610378057
-0.8200797018041075
-0.8506994947799154
-0.8889563906703566
-1.0021829857675266
-0.9639252651957312
-0.8868185205987668
-0.9124247156363924
-0.8694144254368597
-0.8432471109740431
-0.8891377890565813
-0.9342948044661493
-0.9600110332141827
-0.9494889738906562
-0.9844915223030649
-0.8571718431302322
-0.8509225808577947
-0.8403432962150568
-0.8559533049853113
-0.7880257224755199
-0.8782495786123401
-0.9019437309273222
-0.8060529351297905
-0.8542894612006232
-0.8511989632876875
-0.7096779489990779
-0.7789014201188649
-0.8620907568194383
-1.0210333489569463
-0.9882171651955995
-0.9104300194580547
-0.9911954585308336
-0.999942216432659
-0.943555481680384
-0.8944071447848073
-0.8537288240768047
-0.8633119067293978
-0.8885513198718401
-0.8571904896646382
-0.9531800073543465
-0.7724867569030558
-0.8784852301270147
-0.8882126193309374
-0.8992155268659948
-0.926990163664285
-0.7973725983672393
-0.8329686913575903
-0.8873657236292865
-0.8712793850833742
-0.8403486302858821
-0.800648244558737
-0.8900837011573041
-0.9611204588793858
-0.9771279910526078
-0.8982265361882302
-0.9967745045748081
-0.8686431762783744
-0.9322458879369949
-0.902669161080579
-0.9025597887652527
-0.8782316448409461
-0.7905195268559667
-0.6902782063793524
-0.8180564238524686
-0.7515029792551373
-0.8244284812902878
-0.7498669187049837
-0.927968939950855
-0.91512578790344
-0.7799206214503914
-0.7762208235586368
-0.7786917630802405
-0.6028403048025504
-0.5976258395815651
-0.6315518143894532
-0.6467908484552531
-0.6936668634229908
-0.6781235310694731
-0.8043252720599958
-0.8932347866368805
-0.8836199411689016
-0.9798741688243908
-1.0374906155243355
-0.885715863624709
-0.9199540716335486
-0.8768608317115538
-0.7337294799811047
-0.9297550245530191
-0.9890285738414557
-0.9544059555703772
-1.0279458908790933
-0.9932234984300031
-0.9570887303388185
-0.8958427161832971
-0.8844329150036547
-1.0229041878800578
-0.8464293727236605
-0.8727362970291842
-0.9298329808054424
-0.9019235664003137
-0.8784445100514016
-1.0152711177739522
-0.9965389278593575
-0.8157717402903433
-0.890744649106892
-0.7868547982428844
-0.7375701642937964
-0.7803652369474595
-0.8837969277312475
-0.9085473143594841
-0.9001980322032106
-0.8528206260762717
-0.8534805106602018
-0.7983941181064047
-0.8426520710352704
-0.8200918630486443
-0.8123945562487045
-0.8181974076590238
-0.8271092549044785
-0.8382172322921615
-0.8902720032126431
-0.8567166152369828
-0.829541341380169
-0.8788601781368723
-0.9338993850367844
-0.7864500751520147
-0.9105882387875863
-0.8845817436903908
-0.9996428595728656
-1.0067460972493572
-0.9884966683918691
-0.8475296962422069
-0.9668158043530345
-0.8779174771210552
-0.9421096809607069
-0.9282441076272465
-1.0050027609505812
-0.8735158138256397
-1.0536223372700488
-0.8640353410917522
-0.8441133314552789
-0.8858887437215386
-0.802094855399212
-0.8119238540482725
-0.8691962688381054
-0.8410129290454738
-0.8812582145435838
-0.9396897725852373
-0.9970855369153244
-0.9720529263702996
-0.8877357049792157
-0.9048287311457469
-0.8443202320694632
-0.9420782045906096
-0.8648436333840935
-1.0378191028964008
-0.9209855365723728
-0.9211015623788966
-0.9299152209053752
-0.8519652110836323
-0.8891512549659804
-0.8901355376391489
-0.922917977101414
-0.9500495455942258
-0.9246679201528534
-0.9790784400298936
-1.0413598549130045
-1.0691588166740835
-1.0171850120025936
-0.9242296692927084
-0.9106120995507901
-0.9476308225671001
-0.8734942598410005
-0.8879190880263998
-0.9403568513375613
-0.9731651030656988
-0.8695566935109192
-0.9109740310510088
-0.8940289712313145
-0.8982655043669081
-0.7915068437110538
-0.8079220734258491
-0.8665025856520645
-0.931106099001719
-0.8079896031897267
-0.9519862300153435
-0.9582012767426007
-0.9488896719607797
-0.8050372756707957
-0.8995207188981075
-0.8545137685872061
-0.7694290041608302
-0.7937929488685628
-0.7724593930931891
-0.7691796734525955
-0.8513327390280823
-0.9156400850855071
-0.9638135423450784
-0.8519717542765849
-0.9897275218090311
-1.0130471058168682
-0.9339204943162627
-0.8511164283476066
-0.8416755935911091
-0.838434272205343
-0.9321411354708403
-0.9334103952667427
-1.0012027180612755
-0.8717666097585747
-0.969095127453494
-0.9811028171316095
-0.9060124461611335
-0.8716763015651915
-0.9439773519567314
-0.8620139637024353
-0.9282069548348355
-0.7885665764182659
-0.9558730467918322
-0.8807771088976136
-0.9677787975323567
-0.9900848842976607
-1.0272819106716535
-0.9527476941028841
-0.9550434688647129
-0.9531809457873719
-0.9032362565103143
-0.8353460166579922
-0.8079567584737231
-0.9533143471302599
-0.9019855987239392
-0.8457973957340945
-0.8536151764935456
-0.8498126667334198
-0.8695659958300678
-0.7794038112855737
-0.9030224549719994
-1.0362185305888814
-0.9154991489254853
-0.8234328170047215
-0.8522928097417339
-0.878082655562101
-0.9579724588811372
-0.8720104954607947
-0.9244296274399069
-0.9606295871213835
-0.9494421322389821
-0.8925332847359762
-0.8540748865464101
-0.9223199931375737
-0.9348878613100874
-0.8316611114133081
-0.7769435239876256
-0.7608058524173017
-0.8650759120796386
-0.898419244072463
-0.9139686404900128
-0.7952004389349613
-0.8541304921728812
-0.800788242319986
-0.7843866595774266
-0.8352382405969729
-0.8042110078922802
-0.7675175176177593
-0.8038172622522451
-0.8628605436334538
-0.8459365002099584
-0.8735054109352238
-0.7548745640935454
-0.7628340325478928
-0.8048000670739133
-0.9288990301267798
-0.9590200243712173
-0.8897466763895016
-1.0057881511757165
-0.9542478569266087
-0.8759406199534894
-0.8254832056570024
-0.829417845879832
-0.8611593737632128
-0.7712962965855852
-0.9001790330420614
-0.8326400476384574
-0.8525048022773348
-0.9347376559360833
-0.7861774179924715
-0.8545768893564202
-0.8120902255564478
-0.9277815901923774
-0.8847458482292622
-0.8524068059155984
-0.7450892045980541
-0.8551937049757973
-0.8549580310342804
-0.883075389561909
-0.8293023107766541
-0.9155144295907852
-0.9878288173011995
-0.8976547775286575
-0.8046456675902375
-0.850166713446989
-0.992869604143484
-0.8947596216905308
-0.8931686529896431
-0.9430695873869964
-0.8678596633108435
-0.8991714649575095
-0.8951160463975724
-0.8567264118633182
-0.8543845604555343
-0.8886611760669828
-0.9265461653075874
-0.9469656900047436
-0.8636523681500864
-0.710139792535771
-0.7004214214975437
-0.6640114946185633
-0.7443733078126055
-0.6251565266157715
-0.7462208893804397
-0.8848403627975913
-0.9823322266330436
-0.9207911025071924
-0.8754313970260911
-0.8031207551337857
-0.9439209221309756
-1.0064673418716945
-0.9328464507332963
-0.8422337307987918
-0.9983230189794353
-0.8307670662883414
-0.8880275553787753
-0.7897797982796242
-0.8578354211244383
-0.7669263709810121
-0.7658245531554211
-0.6718411301681432
-0.7079795178924548
-0.8092366131650548
-0.9130056268659738
-0.8971239084235954
-0.8975359633336036
-0.8472336260312338
-0.8328272329625442
-0.8754344787973245
-0.760426393791616
-0.8204000466806942
-0.8208093564279002
-0.9320128904041529
-0.8943280884258765
-0.9042637936342479
-0.9327269311501387
-0.9048775411025836
-0.942754413629634
-0.9104504227981342
-0.8281915766751008
-0.811535974338546
-0.7757198685256467
-0.7770128776339543
-0.7674734854031501
-0.9142177966987474
-0.9270199766427473
-0.924070440534283
-0.8450787161586356
-0.8929687123961582
-0.846468759879396
-0.8899041792101159
-0.8249991174578762
-0.8177866455668494
-0.8178038294066904
-0.9428829376352039
-0.8550826595862946
-0.870626695883963
-0.9248919260478169
-0.8792639551989038
-0.9367025066685126
-0.8765680710388998
-0.7801619650298846
-0.7806005032789904
-0.8564403933081501
-0.8664661072005458
-0.8749935391076228
-0.8582043501980735
-0.9536519347458648
-0.6678006740492008
-0.8232160314031722
-0.7931673508916399
-0.8868192114812836
-0.7779238078579687
-0.8392449352850432
-0.7937475207881118
-0.8248566060474379
-0.9600022995398755
-0.9701443137692812
-0.9865409131652474
-0.8974737393242728
-0.7708284206436473
-0.7670427604397636
-0.8192696506286791
-0.8730101731028508
-0.9924688348234965
-0.970676270832461
-0.9383240330357528
-0.8852931032069469
-0.7932502889294603
-0.7793936658964883
-0.7194467128160078
-0.7687255246824778
-0.8211682358689707
-0.8396608785815245
-0.7836108446611463
-0.9081971233224566
-0.845971814713758
-0.7798325467512971
-0.7513895715337137
-0.9372836900548444
-0.8398612616413724
-0.8128387465828224
-0.9048066384045386
-0.9173907969910327
-0.8072674602731809
-0.8555413798667814
-0.9934538117523052
-0.902870477637784
-0.9102646193875843
-0.8157280059383865
-0.9115956318756264
-0.9533077813396434
-0.9658299623478597
-0.9502368140179861
-0.8833389261859299
-0.9840861297034432
-0.9881625841800942
-0.9449786798060872
-0.826435383171837
-0.9261681695038972
-0.9109136864738749
-0.9703451406793596
-0.8581011658100608
-0.821170138367594
-0.7934198671622046
-0.8509947639547444
-0.884809341096051
-0.9188782643526755
-0.7753212642553058
-0.8268939750611186
-0.8621112044003398
-0.8962616621267038
-0.8562286927870877
-0.835034170132928
-0.824136788480128
-0.8783952192420067
-0.9331466393413951
-0.9232644720866001
-0.9323680829951885
-0.9628952177642706
-1.0236528838701786
-0.8592611416233821
-0.8866603185346486
-0.8598452262356032
-0.8490003170210038
-0.8923873604740457
-0.8047737861965265
-0.9785505756597868
-0.9783241953477916
-0.9137027526232382
-0.8514146096102151
-0.8744602749997136
-0.9314197389571394
-0.9211803776987557
-1.0217175385207922
-0.9385928164487177
-0.9542354468131187
-0.9682659790322594
-0.9462892945501249
-0.8607825941306051
-0.9174645196181085
-0.8767170356795413
-0.8096915453439693
-0.8826143857875204
-0.8796670531513535
-0.9084380906952444
-0.9033817562683186
-0.9469778193059628
-0.9201374406158978
-0.9260234698079106
-0.9671746981607435
-0.9764987323936687
-0.962282109867525
-0.9338160615549593
-0.9582101629541543
-0.9384501341560787
-0.9558924984986507
-0.9106415813334702
-0.9363084508012778
-0.9054725623999234
-0.9019873899571338
-0.8545224728296325
-0.8016557789966899
-0.8223442794591297
-0.7448600661156679
-0.7408900607005802
-0.8193253931460636
-0.7561498279989632
-0.817163151361849
-0.8849042731953861
-0.9145167831749158
-0.8719262304031954
-0.8205760839627189
-0.9047877055406892
-0.8962274738675383
-0.8807473358281123
-0.7999851768934743
-0.7360264739460355
-0.92854355832832
-0.8953170265267688
-0.916544402821057
-0.8238716000867304
-0.8133038583018131
-0.7302462483414982
-0.8321252634595737
-0.7782146025148046
-0.7894398266552278
-0.7554849106588941
-0.5624294326381277
-0.6027940356829901
-0.5938684335507227
-0.6554993921419112
-0.5627493568220352
-0.6419424607075388
-0.6723845357535899
-0.7119671747144094
-0.7366640706826064
-0.7202504286358686
-0.6771245723925318
-0.8080861592744092
-0.7584763731410721
-0.8081895087922285
-0.8666189942878909
-0.8459232408293553
-0.9670106031413476
-0.9805220502592225
