-0.5644548948504716
-0.4906655991513443
-0.5010421144244238
-0.5715700607815112
-0.5820477452039112
-0.661984720355469
-0.7531731666184295
-0.7417163323884458
-0.7324966687552247
-0.8303484505698318
-0.6646776440963463
-0.7150982186940942
-0.7826904333822915
-0.8212175170263812
-0.8823686771282628
-0.8500563979587668
-0.766156783147737
-0.7368628777843513
-0.7814175808879141
-0.7634376196578084
-0.826901120101326
-0.8020924904133682
-0.7251672754034602
-0.6998636621056531
-0.7738913808210364
-0.6933828630878894
-0.6794127764216442
-0.665316274162356
-0.6274952611271086
-0.7941388821385289
-0.7515703256983688
-0.6935621745590498
-0.6700392525733397
-0.5030042898714163
-0.44787643321136394
-0.5574008289524384
-0.7203094676264777
-0.7825294466374891
-0.7484367961497032
-0.6829689155408267
-0.805731250985337
-0.8075435954223882
-0.764949403565659
-0.7725845789935436
-0.7936989025689071
-0.7036604481473794
-0.6929921977702812
-0.8219593305267661
-0.7863257493291951
-0.8206075137954221
-0.7675904512256648
-0.7018177507298013
-0.6678008665022106
-0.727578153276997
-0.7229424413696144
-0.7403550419511058
-0.7100494664332258
-0.6302786915901146
-0.6867988691550984
-0.6227433017225863
-0.8310261642223127
-0.8315502818229085
-0.7855641305316546
-0.7626771237354848
-0.8354075892626972
-0.8311566400479755
-0.7724695290920454
-0.801296923248977
-0.7721096746856236
-0.7157331639518557
-0.7716235332918965
-0.8789614415261409
-0.8718417104712382
-0.7608572623517523
-0.7855407129327162
-0.7723858513314018
-0.7453155110619818
-0.6927284799535993
-0.693689275715849
-0.6640210932213355
-0.6548096486514947
-0.702449782455432
-0.746492200462707
-0.8187055784192168
-0.8222636701767388
-0.8052740982268671
-0.8059207162878961
-0.7721473194521346
-0.775406973759034
-0.7276928390692247
-0.7364584950144097
-0.6508386663322228
-0.6944309555418672
-0.7979090143821679
-0.8941692864371329
-0.8339998260925661
-0.7615071403446023
-0.8577808435003862
-0.7651058764558683
-0.7433798906308368
-0.7425759240038805
-0.801861486360593
-0.7728517929210709
-0.7200865737769871
-0.7135048126260513
-0.6529198441327905
-0.6000149205227377
-0.6980111097642187
-0.7805668153085585
-0.7264761629034858
-0.784755125294157
-0.8407296567931838
-0.6257271768274966
-0.5477100678411937
-0.6180618355601821
-0.5775297540241484
-0.5799552135325312
-0.6569277398914883
-0.6182660550081424
-0.6414758136184265
-0.7032296007671165
-0.7014329509331119
-0.6588823046394013
-0.7122377118205705
-0.8076800692225644
-0.8346589734613199
-0.6672882203951749
-0.4480962615636501
-0.5888409775607184
-0.6708211703755906
-0.6261851679046576
-0.6464401427157841
-0.7272375746674993
-0.6534243157217571
-0.751414628100868
-0.7982124567250174
-0.7651312442419101
-0.7183181196432686
-0.6780145727389603
-0.6678474875404135
-0.857772956363056
-0.7660095435300646
-0.6672033006834566
-0.7236960539417795
-0.6861374345839855
-0.7419657299751841
-0.5895744641433417
-0.6317902377915756
-0.6540493780818389
-0.613206966343275
-0.7004701080235378
-0.5874985928631256
-0.6666390602533382
-0.7790008479838402
-0.7976080077191875
-0.7231460303035898
-0.5871138492818619
-0.5661556864176968
-0.550530686506269
-0.6632100550651324
-0.6907937230991714
-0.8001971715542532
-0.8148734162804311
-0.637281667574365
-0.7414010773397736
-0.7181659737358658
-0.7197411654376854
-0.6899727697790821
-0.6481090236381222
-0.5640461740727839
-0.6429081335372413
-0.8017495316376392
-0.7705188562749901
-0.780385382989294
-0.882834500396436
-0.7981883497151843
-0.7212660182949698
-0.754838523424245
-0.7241407705863624
-0.7738462963860963
-0.8502745735309839
-0.7454885510580024
-0.8397114305329455
-0.8736901323005357
-0.8056185219950444
-0.8067279060570851
-0.8245478276951111
-0.7000591507268035
-0.7611347277023539
-0.6994690174222269
-0.7700693923803694
-0.7482322509824119
-0.7190055391062476
-0.6576005143575077
-0.6417023904113401
-0.6681384350883061
-0.5902420773854498
-0.49907643349289854
-0.5676840835379626
-0.5751048168311178
-0.49515188603176413
-0.4613700819106072
-0.5444557797415029
-0.567624855286905
-0.6218155960140653
-0.5573929474918514
-0.6250429601014826
-0.6422359905894549
-0.7458876745938299
-0.8062899582533205
-0.8176411887084338
-0.7954267130585344
-0.8253791370010689
-0.7098395497300805
-0.7716407610045878
-0.6710253414277306
-0.7553528683216176
-0.6843963191969697
-0.7512930939638065
-0.7195428849580735
-0.7976576189376656
-0.7228476563504752
-0.7290470188384965
-0.8316350950117776
-0.7426721510892621
-0.8566190433760086
-0.8454736538903582
-0.8135614933623272
-0.671837389532372
-0.7476517957831164
-0.7748549652190297
-0.7264164134724974
-0.5737806744785057
-0.6962894698882269
-0.7293694919818837
-0.7633309670114657
-0.7993458788894683
-0.7607862789419574
-0.7494981248498351
-0.8065185097405636
-0.8012417387842832
-0.753030950777672
-0.6866161590184758
-0.6689100826931235
-0.5999677743774109
-0.7466831533428225
-0.7053368913149788
-0.6625665536683336
-0.6002666179202693
-0.5984298798587292
-0.6682633318949766
-0.6077758095520746
-0.6166450584932953
-0.6155131493298002
-0.5973230392550327
-0.48559943395173205
-0.4180384491304183
-0.5058257711043075
-0.6493532814418671
-0.5843254091107999
-0.5961110909920296
-0.6195587585967409
-0.6075813200437863
-0.7791063494168232
-0.6716919109868166
-0.7390419840540856
-0.7826321234801762
-0.8159979893274996
-0.7876930730735918
-0.81277862467604
-0.7803645350475985
-0.798654232077264
-0.7962494024109048
-0.7777576267009987
-0.7390141195150717
-0.6930811212292862
-0.6496654512130813
-0.7481356723419981
-0.6858468848579213
-0.7196932571372773
-0.6943616019916531
-0.6232470308348219
-0.7286379334520259
-0.710512479091032
-0.7601818910402032
-0.8483336211399085
-0.8681688355889001
-0.7511478693023932
-0.7998811039168756
-0.8937415288455586
-0.8289976968733817
-0.7877018586743223
-0.7642574165693503
-0.7127366382897501
-0.759985295282313
-0.6973730056537427
-0.635724318787314
-0.6534007835676683
-0.6011069500664679
-0.6490770983610723
-0.5519341064335935
-0.5078899618274868
-0.5651293773357058
-0.5987916642770795
-0.5893353844163453
-0.5852626741845326
-0.5945779028906711
-0.5134777601524502
-0.4678746260087082
-0.588303905431628
-0.5909438190850737
-0.5094465966015264
-0.49681476492582816
-0.4564030138066134
-0.5099454917756879
-0.5590886442298644
-0.6899519418426233
-0.7221892158873423
-0.6767608342230048
-0.5566946759282261
-0.54628123515725
-0.5476647972096885
-0.4775776240238607
-0.46387407336775216
-0.4993374380067166
-0.5149785998267173
-0.6021632260975355
-0.7483585353591959
-0.6576255275182701
-0.6273617170578644
-0.6935236968445679
-0.6613140395393965
-0.7434039512169721
-0.7575781308020426
-0.7706903668681383
-0.7433421356473546
-0.7481933733488969
-0.8592223040636924
-0.8566194396303248
-0.8438564714299877
-0.7575343719444486
-0.7480046813267828
-0.7273944320104854
-0.7213267344029343
-0.7385416503802087
-0.6031000991725489
-0.5471407363010138
-0.5901841034960378
-0.7149595083920817
-0.7150558450362976
-0.5951957025985793
-0.767705529967269
-0.816338903864334
-0.6009686467120089
-0.7269545973453275
-0.7625839140405828
-0.7917582027847093
-0.7080671828412674
-0.6908098365425726
-0.6135440788736438
-0.6914645228615911
-0.7915120438731299
-0.8792644344404902
-0.8847359282366082
-0.8486858257046356
-0.8027044498704619
-0.7819218236031635
-0.7806890740954278
-0.6787729422469264
-0.7499469825378811
-0.7850135935087014
-0.7635229403051765
-0.6312751816264999
-0.6719905871058139
-0.7238073012645297
-0.7082417809991922
-0.7195719428517704
-0.8441069926842446
-0.7939191720161656
-0.8362291381074671
-0.7759273556172231
-0.73736770802067
-0.7571932431617958
-0.7311718134726123
-0.672679460592612
-0.7211599350523694
-0.6709020088611286
-0.5765345674484383
-0.5750767166864437
-0.6358850786612528
-0.679030589229117
-0.7384190684583116
-0.7366665989855745
-0.7846276370560011
-0.8208098154337522
-0.6323475956129486
-0.6555637719567489
-0.6767732901018532
-0.6074379949211555
-0.7354302828025739
-0.6304134243480766
-0.5856742447947421
-0.7369338410449217
-0.8819868439436034
-0.8240873438139292
-0.8446156738722456
-0.870363699612741
-0.8422779579393429
-0.7715506513989928
-0.6982266089619821
-0.6980385768714099
-0.6916073842226859
-0.8216353377199627
-0.7443890197387707
-0.727150781477294
-0.6942640327075633
-0.6399289210998025
-0.7046840962222126
-0.7308137808470697
-0.8255465608549082
-0.877222443752951
-0.9050880110837682
-0.8527710607945684
-0.8235465035390954
-0.8179160799622689
-0.8262232138975385
-0.8433400715529911
-0.776501035709166
-0.7741755642355506
-0.7047639829124074
-0.7619443419516738
-0.8607460306432971
-0.90647377145629
-0.7608825484841902
-0.776513879454945
-0.7065845944784214
-0.8377797636586193
-0.7628115282131278
-0.7057730003284524
-0.6934728948856197
-0.6190712116903396
-0.771872415037087
-0.8918879794959049
-0.8011836871489502
-0.8149345786100606
-0.6783087414861565
-0.7210909096206491
-0.6690691446575219
-0.663046317251168
-0.6505974152150299
-0.6880801289805002
-0.7273344505541389
-0.7746166888272419
-0.7083518828087472
-0.7172997579615427
-0.7101796536809349
-0.7336869170897639
-0.782783302599489
-0.6074112746411552
-0.6892615232553166
-0.7337775173694004
-0.7498808264517479
-0.6497148473383104
-0.642008349495371
-0.7085161739639224
-0.7958767564925868
-0.788749837428328
-0.7355922541447709
-0.8954679406374768
-0.7260226608107888
-0.7183041272749325
-0.8292411691212785
-0.8688804148228788
-0.7310163684317623
-0.7330569464871016
-0.73846229385024
-0.7503992777687162
-0.7438251384113624
-0.7439192395583392
-0.8034192695386111
-0.7815720154750915
-0.7665888971237921
-0.8119344055173876
-0.804414530123561
-0.8281952865565557
-0.807784720485413
-0.8330878506398215
-0.6309479229088742
-0.7748132017351177
-0.7612043474064372
-0.7124581049638877
-0.7161257940708764
-0.7375937597474731
-0.7883113240297285
-0.7740743520009867
-0.7573114941448866
-0.8345079668448346
-0.8562537324121485
-0.8803152482370178
-0.8545211142213245
-0.798926820282624
-0.7549442203825136
-0.6990602189137577
-0.7711311304739314
-0.8466985723369306
-0.8267131634530922
-0.7494331153239727
-0.779682381743662
-0.7076853531108763
-0.7194020613247329
-0.7326197051138716
-0.7004917788558064
-0.6920709214969385
-0.673194534083639
-0.6337469721800931
-0.6790858826443813
-0.7104650996654138
-0.6954963077078512
-0.7502065038509733
-0.8572427563186761
-0.7664333196926345
-0.8861540946697509
-0.8243031924160895
-0.8067484868035752
-0.6892224556013972
-0.679760231642551
-0.6473905940011333
-0.7259405440484539
-0.7740566898140109
-0.764052041303579
-0.7766311457851212
-0.7458109310377835
-0.749338182315572
-0.6511616443425473
-0.7065208780541135
-0.6609047633330879
-0.5907190084787011
-0.6430037835449034
-0.6980833956288465
-0.7609943604438978
-0.7050359356777808
-0.5794069769450475
-0.5758725903621259
-0.6465514759003325
-0.5079559367846148
-0.4335456769179013
-0.5267970321432073
-0.4873343979913416
-0.6398043627999358
-0.7971866601980007
-0.6691137207710086
-0.7004838253163934
-0.7211698148412452
-0.8594747213059912
-0.6879675091501267
-0.6634978815616842
-0.5470988912665875
-0.6087494106573366
-0.6126771580552373
-0.5536477947557225
-0.5280023895478811
-0.5451651333108446
-0.6538301699386946
-0.7109778269228393
-0.7941360136820678
-0.8089363429826558
-0.7904236082748277
-0.7244595812037645
-0.6109787867017211
-0.7292830461030514
-0.6957276038942287
-0.7081031193424346
-0.7757397825089133
-0.7972885206205932
-0.8953056885979869
-0.8502844439002715
-0.7306090974281643
-0.8408758656867706
-0.795641488879081
-0.6523123125869214
-0.6867373729734323
-0.7154493164487679
-0.8589800798981879
-0.802304307966811
-0.7632059019487116
-0.8299022274625457
-0.893206210212617
-0.82272944687433
-0.7561327671691702
-0.6980496800617476
-0.7544375248649704
-0.8074921044119664
-0.5583194447517538
-0.6283888278696319
-0.5905286087274658
-0.6875324518326746
-0.773014089331338
-0.7939132520849994
-0.7497612337486025
-0.720908297372863
-0.7667338143454032
-0.6576484273899543
-0.7137210546055
-0.7288974418784723
-0.7975680547968607
-0.7882966249592789
-0.7872753448352472
-0.7765381667080291
-0.6876081372377765
-0.5829941772133337
-0.6558339696517994
-0.7011157599012356
-0.6487058976217095
-0.6452872153649458
-0.49264160595858075
-0.5796500079178726
-0.5708510199103873
-0.8363789200226113
-0.8886627480090686
-0.8400958866386984
-0.8987789465175869
-0.8387555895267713
-0.8063789187397532
-0.7819861971280082
-0.8115005835013295
-0.8829228037401694
-0.9032484176437143
-0.7201640457207507
-0.8162769353372566
-0.7693488126216386
-0.8593190187936395
-0.8391130356597309
-0.7666843888339149
-0.7688721421085805
-0.7475295479356376
-0.7516879022008753
-0.6671387635563892
-0.7861075384212456
-0.7293066933508073
-0.5999827326221787
-0.5940171291712197
-0.7480534924507057
-0.6472721481466905
-0.7180442767253397
-0.7087829041946087
-0.725557209158241
-0.6474965628955339
-0.5784039182979211
-0.5462489795876914
-0.689730281248248
-0.7977928699707306
-0.8244475804632921
-0.7931240180968442
-0.8004021713696656
-0.8765765575515297
-0.7594542712169905
-0.7148540229673627
-0.6282309703486404
-0.6505388762311028
-0.6797050487122807
-0.6235626662319684
-0.6087596743155452
-0.6369353114385824
-0.7044773421052462
-0.5174113858247532
-0.5756455427902614
-0.4650979136881875
-0.6459442155707721
-0.6259364129019189
-0.7482939042716927
-0.8325655300974055
-0.8547720053360239
-0.8185481615186805
-0.7912680075983276
-0.8309706430312088
-0.7350575701915897
-0.7717048358927149
-0.7307869888909058
-0.6621567374639005
-0.7512450894476319
-0.7297329988795803
-0.5971299335209664
-0.6946380301566056
-0.7373980717179054
-0.7781788590289748
-0.7038262895635617
-0.7620292048395784
-0.7469213901830799
-0.7798143895369213
-0.7377484337439445
-0.7884973919942264
-0.7929799432389076
-0.8033498696878412
-0.7833986598433123
-0.7359630145932378
-0.8335409795948933
-0.8758717396128457
-0.9094952498722589
-0.9131468907421554
-0.8658789353745182
-0.8346939922563834
-0.7585320650409724
-0.8348409482416148
-0.6692950976673786
-0.7709403459527948
-0.7531116434620556
-0.7655547279964883
-0.8073211834930798
-0.7805840971584186
-0.6624809197852476
-0.8246097313562187
-0.845789920308113
-0.8014922883588169
-0.720849258828642
-0.6436800788164516
-0.6137760014714413
-0.5890576611136084
-0.49217911036332285
-0.6021823776028716
-0.5373414629278473
-0.6669971537817334
-0.6946898719806407
-0.6692534021607234
-0.6772807046555036
-0.6711810879239831
-0.7504252395801637
-0.8614176750434311
-0.8472014616837409
-0.7251462302723441
-0.7747498751709614
-0.8129175862444683
-0.8215157360682823
-0.8146397228240764
-0.7909191908425507
-0.8073249701612888
-0.7637349808142917
-0.6636729697536018
-0.6607295713691886
-0.6633234412307468
-0.7787750607481989
-0.8043933242307157
-0.829581129816528
-0.7474908702144355
-0.7323071619302991
-0.6324876224633531
-0.6618290150447951
-0.6169369235670499
-0.6286863256789427
-0.7395906164021988
-0.648678792710644
-0.7020190633328179
-0.6603086185309429
-0.6351542189342341
-0.609407117818933
-0.46618963882824044
-0.7022018193832923
-0.5721930186518115
-0.6563755876321629
-0.7593291027003954
-0.778074272402034
-0.7342627943080594
-0.7458291280539232
-0.7798284985799693
-0.7135842855831577
-0.7386263815180095
-0.8169399875454203
-0.8074532689088452
-0.7673017821733298
-0.752220327297
-0.8172795830873238
-0.7052506181125647
-0.7251405047571082
-0.6449769485877888
-0.6761406139947443
-0.8286737472371087
-0.8031799389223728
-0.7881305525376785
-0.8007336637714755
-0.7507378737526139
-0.6817852351135656
-0.5875283039112315
-0.6413083856189232
-0.7891883966216376
-0.849304833258342
-0.7871299781360819
-0.8522994607645766
-0.7802122138298893
-0.7241444039989855
-0.789749256588606
-0.6908041877369335
-0.7783710438450715
-0.8248235063325878
-0.7688988340791296
-0.7673479218148702
-0.7423064579803258
-0.6916063544230749
-0.6968800188660522
-0.5869339574886843
-0.6023245149847919
-0.7409592457467397
-0.7810510677105292
-0.80157778071518
-0.8789138302498319
-0.8474698836779218
-0.7211481541316496
-0.8057593687479554
-0.8045742514099347
-0.8073490621822439
-0.7332355885663304
-0.7768530055591153
-0.6576783015424003
-0.7367275650200998
-0.6784884683070834
-0.6067004685347106
-0.7137986307972921
-0.7022789857676861
-0.8062700989802946
-0.9228573621034144
-0.866803554235217
-0.8268769053894705
-0.748238204084372
-0.7167910575569894
-0.7173876494646059
-0.7965096501826161
-0.7970047692704713
-0.8632740585383523
-0.7892009664799882
-0.7449393717641998
-0.6582886673613488
-0.5758921370384126
-0.6329565737673026
-0.7128951879752384
-0.6730615048050435
-0.720975566492021
-0.754986976257026
-0.6993516395258762
-0.6664512622612362
-0.7049408174572642
-0.7755313327494845
-0.7386963996218477
-0.6122656786082123
-0.7183980598568116
-0.7473369065782866
-0.7474493587637089
-0.6874057610907377
-0.6851085518208764
-0.7292847315870916
-0.828252288951296
-0.7477953352182737
-0.7754621496259613
-0.7941954494610982
-0.7890906499381363
-0.8129943293772987
-0.7131310128197819
-0.7438197044841057
-0.7242733972597047
-0.8708128193662585
-0.9092635739746416
-0.7450021775469384
-0.8077073788238167
-0.8640647216044828
-0.8626424912930758
-0.8434915198202948
-0.7947306087093114
-0.8295772926782341
-0.8701208390596703
-0.7498556038512222
-0.7893686322258455
-0.759211316642048
-0.6603625611301577
-0.7393281231561105
-0.7549576888583756
-0.8439508820246658
-0.8248056176562193
-0.7610477410957166
-0.771585640955301
-0.7038487579785357
-0.6331775972934762
-0.6545315712900721
-0.7642164259710243
-0.715584747459093
-0.6746362701090133
-0.7146359723266795
-0.7195196695077221
-0.7739333730684125
-0.769377074619801
-0.8491742316144826
-0.8434254694436208
-0.7550208088400521
-0.6855710053250216
-0.7454849660817657
-0.758470006740313
-0.6079913969442827
-0.6754967924623978
-0.7833066333500232
-0.7647364111415647
-0.8059618544148318
-0.9062648475717469
-0.791110064870421
-0.7435776113777579
-0.6309612448872762
-0.6896239921250304
-0.6742931848995094
-0.6512127752752717
-0.7281430638803774
-0.7801382475984703
-0.8075978387463735
-0.7581342145008629
-0.7458997444138562
-0.8235922976809225
-0.8772317124342495
-0.7689928062286131
-0.7441374418480358
-0.7568469279735328
-0.6807095767383599
-0.7103204509538478
-0.6829573673083843
-0.7939582873310278
-0.8109797819760302
-0.8506719005331254
-0.8098116398016947
-0.8133728081443343
-0.7476327921626028
-0.7897479708945616
-0.8667852572001209
-0.8211824944076928
-0.763376267341604
-0.7430819028309597
-0.7863396000745897
-0.8293786178127838
-0.7562306276936438
-0.7793303809832698
-0.7623538982715402
-0.7256376848522608
-0.7097572111897305
-0.6836591366234415
-0.7992867340982256
-0.7863740255092192
-0.8734071481993548
-0.8099071278947494
-0.7561649058332013
-0.7117386895072786
-0.8157675698365024
-0.8837330293828962
-0.7071077274113019
-0.8091093563042802
-0.8436748900684915
-0.7301537336768449
-0.7557171910797182
-0.7750075230450955
-0.7307148954129654
-0.8148705193857523
-0.7674519147321819
-0.7111862193068235
-0.7205782749043901
-0.6221924270564089
-0.7097219718777616
-0.6400383188509069
-0.6540898471360643
-0.6975204466727974
-0.7130496943981177
-0.6657766398124563
-0.843227900563929
-0.8114260007727093
-0.7375981015323327
-0.7926624454166215
-0.7463480902925984
-0.7851006690880961
-0.7972417490468873
-0.8912436455577601
-0.8092524830423231
-0.8768724935305743
-0.749422013836497
-0.8861663145053728
-0.772896168941314
-0.775794532104387
-0.7391442519629104
-0.6709996234208928
-0.7631658885806546
-0.6788496098836337
-0.7949159961452941
-0.6998316370371356
-0.6558690153655995
-0.6600444421840587
-0.6942332360915312
-0.7753574694499848
-0.7740922929663525
-0.7644657318192835
-0.7761622663316085
-0.7891179534780949
-0.7903647701728314
-0.769269622514295
-0.7098572291070894
-0.701201233431615
-0.7281898636737416
-0.7621528290280706
-0.6634707254846953
-0.664292702232979
-0.682522188634645
-0.7008060490403902
-0.6664742429651528
-0.7156564122541333
-0.6855200273965033
-0.7218392104864348
-0.791475994536984
-0.7423462568145075
-0.7997208555158926
-0.715708209302111
-0.7336741806643989
-0.7425071504662965
-0.7239369573720049
-0.6878969583310564
-0.8208386809365159
-0.8348762883276628
-0.7417247198776081
-0.7058613299874879
-0.7359146778669752
-0.6037207611320565
-0.6872965621071958
-0.7943444770551259
-0.77823399315346
-0.798949659019145
-0.8083035483598731
-0.8283819261418254
-0.8698398534417114
-0.7522440587870078
-0.7848638420132394
-0.8257683580535523
-0.7574956864551099
-0.6328435867705389
-0.6970025429348369
-0.6560559381650892
-0.7101301283472703
-0.5946474893206533
-0.5963638758342779
-0.6104802491390308
-0.6209906855057284
-0.7348967084244865
-0.8178226960996469
-0.7579482691405884
-0.7668536180888136
-0.6094035497281697
-0.5686853816598614
-0.5309399370925357
-0.6039383636273966
-0.5715528379731207
-0.7001552080698589
-0.7643598728748525
-0.8471164048949154
-0.8832141272337365
-0.7435001221461391
-0.7951294190352273
-0.6997713794421602
-0.7347370243722058
-0.7064132499161425
-0.7098539325912261
-0.7626942185052163
-0.7655978501444505
-0.7730799494848032
-0.7147613262991633
-0.6419887381630193
-0.6823709958486894
-0.643893261240814
-0.6779445104577101
-0.8062557309213316
-0.7650656159292754
-0.7961236617434599
-0.6973644565399408
-0.7596130093870929
-0.6341241403631608
-0.762551461688851
-0.6952932248897292
-0.7002119373156326
-0.7150647563659073
-0.7542663159344712
-0.6101553969177157
-0.5955946017115616
-0.5626161429265273
-0.6258603198326815
-0.5580892435545267
-0.6805337897224845
-0.700475114453843
-0.6708553621811677
-0.643597436542592
-0.6879704499176577
-0.6571507309308071
-0.6679816197925741
-0.6265269525965734
-0.6626260482857032
-0.5900050946053756
-0.6605457694769261
-0.5799221393696838
-0.5408933462039011
-0.4884236370284109
-0.5708431614330637
-0.6732497521969223
-0.7323118052292152
-0.7578444138764391
-0.708428995015627
-0.7905384014293061
-0.8214349643270351
-0.812057414947389
-0.7568479988560174
-0.6890832843260847
-0.7155377381802503
-0.7838706678914389
-0.7623886612373512
-0.8110847144880258
-0.7618917896715321
-0.6879219767862466
-0.764832495113093
-0.7509603250855458
-0.7393186243540437
-0.7689738112853212
-0.7878626687796771
-0.7885687880934076
-0.7831409323605535
-0.7917103257925661
-0.7183563564547251
-0.6038942436467889
-0.6073425778410243
-0.6648088282489214
-0.6647845299977551
-0.6754560749687706
-0.7972390871782561
-0.7422110203589687
-0.6109371496889534
-0.6965798626666496
-0.6604512807832807
-0.7284295511210019
-0.7038350375544536
-0.7764688984011999
-0.6664511374940917
-0.8530102452299875
-0.7335868650122476
-0.7367125887929384
-0.7768553495992715
-0.7555346154124959
-0.7283774497529625
-0.6542430826177116
-0.7159600894886704
-0.7731155025116621
-0.8043874023933075
-0.867724700852956
-0.8712113833262372
-0.8677194409419687
-0.7345484727758347
-0.8004269594797339
-0.7211604421212562
-0.7607019719991883
-0.6824962116714596
-0.813701409787383
-0.8558813849735704
-0.8129910407372813
-0.8578491559245673
-0.8060229383685749
-0.8239503143785505
-0.8536526766792407
-0.7255373725467152
-0.7484641905908431
-0.6695652191084921
-0.7859543012469263
-0.7261543763019637
-0.8049676759524532
-0.7245846533877012
-0.7627197687254691
-0.6859055680616153
-0.7527157176801977
-0.692812478272012
-0.8294536793108247
-0.758368367942538
-0.8239798019100988
-0.6978051918439447
-0.7676453403477018
-0.7917081406119554
-0.8894532003391877
-0.7846818464535414
-0.6785770419368843
-0.5910457844806992
-0.6379390520917031
-0.6070411689243498
-0.6219338244272901
-0.7223826246915215
-0.6896380431383913
-0.7767650263154847
-0.8069884657807926
-0.7815688012140397
-0.7512364600444726
-0.7611513639806631
-0.7600386746826965
-0.7349612817325122
-0.8434163876479777
-0.8334655640774271
-0.8184426472827159
-0.8670005634782704
-0.8283488129138777
-0.7528700672750092
-0.6035273540864314
-0.5286601437722269
-0.6150451620913668
-0.5867061165206513
-0.6449659033640421
-0.5745809648066694
-0.705410853585743
-0.8018770569749339
-0.7836443833497087
-0.6609523294397159
-0.6946839208051587
-0.7900006031278138
-0.6740603751563774
-0.7122964719781122
-0.7956815030048637
-0.7074760621776744
-0.6305594130716446
-0.6579433044705223
-0.673947496704687
-0.7291617959769454
-0.7121994661805336
-0.7121306358719602
-0.7626423429632483
-0.7945431651218041
-0.8122507769198815
-0.825354587607336
-0.6965867078333006
-0.6968703907246324
-0.7215080005752414
-0.699565213120587
-0.701166369153964
-0.7398361124475438
-0.8048737795732143
-0.779084714922567
-0.7176598388850914
-0.7390330842412306
-0.7584645708699038
-0.7616240681103918
-0.8169071724432061
-0.8541703779318585
-0.7779485763063068
-0.8096475968371905
-0.7981953924504334
-0.858146513876991
-0.6962064594075464
-0.7039035138622552
-0.6536044055256635
-0.6599919532192786
-0.7513702186806288
-0.8416111274312605
-0.7738313241350214
-0.7001859187298664
-0.6840164256048662
-0.7411543091205933
-0.5905553585193115
-0.6800369940368949
-0.7690241483891808
-0.7028417071924115
-0.6807474788920362
-0.7200647345210738
-0.7246770162904577
-0.7779522917355215
-0.7810441549185423
-0.7615033547058816
-0.7736266915059089
-0.7951304301968275
-0.8565273381714577
-0.73058054867489
-0.6922865532090202
-0.6243195287700879
-0.62746903624441
-0.6860493775258555
-0.7597093527351045
-0.7469851093001959
-0.807444575770351
-0.8482002355197034
-0.7470084250190399
-0.806589907958637
-0.835614702272012
-0.753620778767924
-0.7971576937301798
-0.6862643252465439
-0.7225166137193435
-0.660821564932163
-0.6761466814309465
-0.7099901250319112
-0.58454354846726
-0.6061628692556368
-0.5644647685117055
-0.6067864525189006
-0.6450918922741395
-0.7037126082583098
-0.717677962726602
-0.69571070727517
-0.7136085993477048
-0.5938251830086243
-0.682721658107786
-0.7386787437039999
-0.8047557698334448
-0.7691568203617126
-0.7708341991844614
-0.7206039435739106
-0.7583565644397199
-0.7769142990765723
-0.7759616158964717
-0.7536005189909638
-0.615584387802014
-0.7224404042209233
-0.7517364177687746
-0.7700359671365818
-0.7518739423256189
-0.8011326725438791
-0.8317849665443864
-0.8644588846009967
-0.7268930401527953
-0.6401545882178074
-0.5941408188078067
-0.5955474068494043
-0.6754593505960774
-0.6900580744396038
-0.6550124949295935
-0.49652596714015873
-0.6437971486020653
-0.7100803476695444
-0.6599240799716483
-0.6456661075820757
-0.5429011571665803
-0.6465258465107198
-0.5379292555965088
-0.5320016034289975
-0.4917323172987309
-0.5937158618404812
-0.711037302688848
-0.8241002659845064
-0.8173727955971588
-0.7897850731613343
-0.7650910069108866
-0.6898615115355797
-0.7706435176608162
-0.7925836529178688
-0.6943194849926444
-0.7611110761833925
-0.7231282347282049
-0.8309774722486933
-0.8924847333044408
-0.873622283775447
-0.7211898383933447
-0.7521933620623766
-0.7706423119288338
-0.884124139549701
-0.8090105357663302
-0.7686400656112876
-0.8135109598401465
-0.8059705105108916
-0.754549606962563
-0.8464447044169336
-0.8756847549839492
-0.7743775437959791
-0.7917770433208874
-0.7483868762778974
-0.6976913785231861
-0.7018268841032778
-0.7670099234282398
-0.7790547074936586
-0.6876736087120146
-0.696348187195927
-0.6959951284972531
-0.5856414358698285
-0.7577066284815638
-0.8199245517488665
-0.8091645089252992
-0.8341542446194152
-0.7990501142389727
-0.6916679876281007
-0.7231876226179882
-0.7595772059287798
-0.7595697238369843
-0.7765518613770106
-0.8641666019707364
-0.881162579527654
-0.8288775521935983
-0.7767205338961345
-0.715622783198301
-0.7831342648818429
-0.6893248936958885
-0.7547134731463814
-0.7797194344616349
-0.48424143667280883
-0.5817124799110706
-0.629771079669376
-0.6327224839738345
-0.6069874980787116
-0.6983168677950219
-0.6366153315951615
-0.7465239068472473
-0.8196380181777748
-0.6427456886572211
-0.6848029772973921
-0.8118021685347654
-0.7134800225082152
-0.768404415608815
-0.7206788762463036
-0.7444753460423084
-0.6241810670515373
-0.5234320809148495
-0.4104263142045087
-0.4666776955830414
-0.5354181074674831
-0.5239371029435065
-0.6372125854438181
-0.7449194319194261
-0.7417178026773619
-0.8111152591317966
-0.6907320474446802
-0.7779879713303093
-0.7971049198241046
-0.7571746880861884
-0.7105749778449008
-0.7063662224146438
-0.7822476116339719
-0.751782610898749
-0.670203787958053
-0.8515724573379952
-0.8290613749876534
-0.6477352324351714
-0.7837912969624611
-0.7202827367902371
-0.6443757195755131
-0.6869119315960968
-0.7900765864721687
-0.6315508866878197
-0.6609015068378328
-0.7064140992890049
-0.6370634195912976
-0.8572818008587096
-0.8014129359781199
-0.7385817175434225
-0.7540242692785143
-0.7508665898393447
-0.7961685884272874
-0.7527694465941054
-0.7042199134968435
-0.6550126392689142
-0.595090292006885
-0.583634186039998
-0.5273122580417119
-0.7875324083198093
-0.8474610042196481
-0.6626301179773343
-0.7183392658587969
-0.7773394640172099
-0.8241998852901525
-0.7705914062735428
-0.760502546914206
-0.808764527002914
-0.8330115784226825
-0.7934596484351595
-0.856809088358887
-0.7691079190643734
-0.8586083043722217
-0.7491851596185807
-0.7029746636072084
-0.7149766360131079
-0.6254231476889835
-0.6513072267097122
-0.5999439484085977
-0.5845877735976771
-0.6106863831246186
-0.685571222289277
-0.7315674155021388
-0.7247211616049144
-0.8293577856575998
-0.805663255653764
-0.8260559218027804
-0.7167202565793082
-0.7258944625940068
-0.7153749993591553
-0.7500384766291422
-0.7500728595085562
-0.7052547977835271
-0.7268458459500854
-0.6415532461349733
-0.6754523553362449
-0.7248112588301597
-0.6444181256599609
-0.6216723648472964
-0.6620805773684849
-0.7035697987208092
-0.7960846511522621
-0.7915393442952371
-0.6617632983252792
-0.7449540355922474
-0.7702378133452885
-0.7672396741784092
-0.8317638566214729
-0.853484021659275
-0.755422838226717
-0.7996316053247197
-0.8144137383478677
-0.8670647897300847
-0.9273323114278262
-0.8410202956144368
-0.6674821330866664
-0.7669978701771288
-0.8332192210549979
-0.823089937720782
-0.7458724333115383
-0.6399942224582583
-0.5913590442193214
-0.6188609149814622
-0.5439678418553034
-0.7002063406802492
-0.6398706122354494
-0.7478394126691473
-0.7832612759837839
-0.8096073053468079
-0.8387563651553883
-0.8076988275614918
-0.8043258708673617
-0.6801211690435985
-0.6479827633674501
-0.6113882578785279
-0.7221163869281969
-0.889927602207851
-0.8184281714034611
-0.7112708133449783
-0.6746505552414517
-0.6827400253774834
-0.5535209104012885
-0.6245911703084264
-0.6654961710361899
-0.7392974082459751
-0.8643194906175022
-0.8652422686237456
-0.7918981241085274
-0.8377364221541704
-0.8060226458861599
-0.7964857110132997
-0.759083631583368
-0.7113947585146283
-0.6470957510102828
-0.7552332752564708
-0.7974934104639481
-0.7595192115743106
-0.6211250321623186
-0.6590274851565411
-0.6395645807997167
-0.7328165602510202
-0.7216928091200369
-0.9146951775238801
-0.8254977568605194
-0.769303988641217
-0.8490510201976608
-0.7722734236929495
-0.7961391654107898
-0.7586142603664396
-0.6959695329603242
-0.7347837413465843
-0.7081622931075889
-0.6950186566056216
-0.8443783226550509
-0.8409301304252876
-0.7487786297206525
-0.7595954150147431
-0.8801530744650654
-0.8886719433188414
-0.8171723952382663
-0.8492991951859659
-0.7667314328930614
-0.831200783915871
-0.816014123524713
-0.757084848719054
-0.8297839004622826
-0.7858124831108891
-0.7810933213244403
-0.7780079190676658
-0.7523151033618491
-0.7117003637015692
-0.7106591128570281
-0.8485499123282729
-0.7992185829745132
-0.7539070037820871
-0.8408530901778805
-0.8036550866341423
-0.82157528763107
-0.7883090211644314
-0.8720378592286115
-0.7924128758021525
-0.7856752319244522
-0.7638100150463175
-0.8153656655289033
-0.7029126426784139
-0.6117887073884573
-0.5917623467662123
-0.49878008229111476
-0.5751691022337868
-0.6623616306066782
-0.7490735777910131
-0.8548057887860733
-0.8364112521652525
-0.7470854992869544
-0.6595591715183089
-0.6303152810061767
-0.670120066461705
-0.648549373948085
-0.6154122544747836
-0.5390104421317747
-0.5672338806274886
-0.5563503467183833
-0.5381147812922148
-0.6035313163525363
-0.5766277343616886
-0.5762153825777694
-0.4338799456679472
-0.4811879506019623
-0.5325761615794947
-0.7507092380451161
-0.7198499147031128
-0.6487897406020542
-0.7385033106391654
-0.6942524868071189
-0.6072884751064391
-0.6166510075990242
-0.6781204161806539
-0.6129876065739946
-0.6506192690956386
-0.6470413670982482
-0.7049661032151425
-0.6544962394749531
-0.6903570452240194
-0.8155362548805531
-0.8183755402230175
-0.7819537026020101
-0.7595381879752797
-0.6556458445688093
-0.7598839845713535
-0.8567181621492649
-0.7521125756966454
-0.6757480800072361
-0.6573554836493225
-0.6681550224003385
-0.7912243266182016
-0.7725184794559646
-0.7639188235066358
-0.7683692590335929
-0.6646577776111278
-0.6871493768763527
-0.6080964667386384
-0.6661065733085472
-0.6512937848155211
-0.6937064064363054
-0.7226999706140624
-0.7648782077662323
-0.6177451475642989
-0.5727867709850291
-0.6127967291782505
-0.58652472662251
-0.5291470569842275
-0.7277659368147452
-0.6888907751619553
-0.6986695183563231
-0.6240502980529122
-0.7636595002158932
-0.6428971048723919
-0.6242413209990879
-0.5771606081583923
-0.5987173146130027
-0.6578515655745525
-0.7882670253609347
-0.6351993693197776
-0.7518734679090554
-0.7385585129398007
-0.7368715456238184
-0.7365383938692456
-0.7045569075091652
-0.7847931013301845
-0.8040385346084893
-0.8300233003653747
-0.7344626260286792
-0.8415694625501471
-0.8003814291126066
-0.7507787533750203
-0.6497880093720897
-0.7295972836786223
-0.7229257133754434
-0.7323224887542158
-0.7745995648678754
-0.6981325972233141
-0.6124629142650474
-0.6562484403078871
-0.6222487059492163
-0.6392525110013147
-0.5834758273533375
-0.5122559408850086
-0.571513305254929
-0.5498796399761878
-0.6170056792552641
-0.6862710187679455
-0.807662167275919
-0.7145284282620212
-0.7800166401876533
-0.7201668004172783
-0.6575672538112857
-0.6315810391900095
-0.6158747509257452
-0.7506704561636044
-0.7584128093340331
-0.7832162213630588
-0.8285194513378328
-0.7411602290766802
-0.666592283603929
-0.7058616521822021
-0.6896091673530182
-0.6644138493857372
-0.55938809839966
-0.5436994048522565
-0.5249520264485782
-0.5501217353476509
-0.5069300280278591
-0.6614303946325978
-0.6601601914987844
-0.7276806704540396
-0.6455422895820901
-0.7303632699982592
-0.6271321087712703
-0.8152895253147957
-0.8202071256787891
-0.7349591260496656
-0.7373228916021602
-0.8488829466545081
-0.743952744503124
-0.7649710702196633
-0.6724826159530235
-0.6270905561290073
-0.7942607607295605
-0.7691665843815785
-0.6894825395369524
-0.765801621131274
-0.7696891696961243
-0.7973135817304233
-0.7792062272499577
-0.6921209114654389
-0.7550802679465363
-0.6672941373488712
-0.5663405294128526
-0.6807605865844338
-0.6297245018474509
-0.6863159531386185
-0.7138825569029092
-0.6749445189138532
-0.6862751957398849
-0.76331889114998
-0.762327243394943
-0.6529679459215695
-0.6192303733709904
-0.7438153367334842
-0.774286889551404
-0.6678820485411981
-0.7265611099222986
-0.6425280142751174
-0.7174000062360631
-0.7098656304479181
-0.7663541547673608
-0.73634460255234
-0.7757237447339612
-0.7071815366231792
-0.7335243899073622
-0.7315162145670793
-0.7464606813134462
-0.7750844288463222
-0.8447366032155883
-0.8241373768458266
-0.7311759041528586
-0.6318854068551407
-0.6466282205278414
-0.6141529959655136
-0.6953362630234734
-0.6692143973182991
-0.7247369450892733
-0.7637827045986155
-0.6881696574586051
-0.7664654472266855
-0.72753347502623
-0.7430882955836869
-0.8484960544787953
-0.6952295575232319
-0.7150495961017249
-0.7127424986274536
-0.6540903589611826
-0.6956071712656366
-0.7670882343072232
-0.8149119624677903
-0.8107846353864451
-0.8708695809313747
-0.7463783097846017
-0.7455203805992273
-0.8097985722111308
-0.7857245252010139
-0.8170637466481456
-0.8108650171086581
-0.7490900138629412
-0.7841855194229724
-0.710533460346377
-0.7233189716289156
-0.6499192924264965
-0.733227077222752
-0.7342741897255143
-0.6670548293807638
-0.6430899470864659
-0.636467719993492
-0.7737442817384406
-0.711600223609147
-0.7617734587409459
-0.8161115063391454
-0.8011202576901246
-0.7804225425797338
-0.7888824762987098
-0.7314620249219134
-0.7613280769059496
-0.6532770520260897
-0.8114595019416198
-0.6998698964832397
-0.7773928337796748
-0.8983890673287422
-0.7447966931906644
-0.7538016687231933
-0.632442079215633
-0.721569073106383
-0.6949506454280417
-0.7346530634984696
-0.8107446511300173
-0.7986678487861884
-0.8888815735915748
-0.7509892641134361
-0.7689847075177666
-0.7812838106355886
-0.7981451006926761
-0.7616143729872492
-0.8655528158053301
-0.9050262704967429
-0.7803640232603427
-0.7526325794192701
-0.691713336922169
-0.7389924897413963
-0.6932031026422061
-0.6747916983521856
-0.6778633069831987
-0.6607287896786599
-0.7089697291765948
-0.7528220174093352
-0.7549271196742469
-0.8025715599723429
-0.5696844185322384
-0.7031207108410955
-0.5998582783591556
-0.6532649948342499
-0.6836772461592744
-0.6545170014642768
-0.7220230422881824
-0.7970568395686982
-0.8682848691659365
-0.7889225352839904
-0.7258727973011984
-0.7563764449668755
-0.8140100860999893
-0.7610250712717268
-0.8118752905017687
-0.7757913604994946
-0.7436748266895985
-0.8019799159241103
-0.7691402916533938
-0.8968961870488226
-0.8649013725750454
-0.8469935642234306
-0.8748715549584581
-0.6997366926858702
-0.689589247730661
-0.6945450482922153
-0.7873942982487319
-0.6866299213820095
-0.6817539047959407
-0.6282325849224967
-0.8244645503458973
-0.7633884278356567
-0.619070499073075
-0.5338062835676591
-0.5648308738270731
-0.5450508005510304
-0.5484336640432412
-0.4758574250354748
-0.4801392098011685
-0.5053623887140473
-0.5515071353792933
-0.5729598350298178
-0.6260304363770745
-0.6783627531312949
-0.7508544538341941
-0.7888610248849353
-0.7123028321075775
-0.8021722657366976
-0.7738552981144171
-0.7005866449708389
-0.721352867865145
-0.6986768846227911
-0.8383362345358089
-0.9087844158081835
-0.7742074106577739
-0.7990270386762257
-0.7174581444479243
-0.6612487590218684
-0.6728015174487805
-0.7301555165385516
-0.8897347710769141
-0.7898014917079949
-0.8533769874606912
-0.7849977915759014
-0.6711940222793914
-0.6547724057413795
-0.7220712159284893
-0.6611170427330118
-0.7162143765645268
-0.7618704995024073
-0.7726081853998621
-0.8370837219324325
-0.730620157614247
-0.7574121287016542
-0.7962981549361097
-0.6911735089141252
-0.7096110035713996
-0.7949354775821733
-0.7542275052378904
-0.8139933230255987
-0.7799851715496705
-0.7637083796898748
-0.7998258818762418
-0.8299404912881714
-0.9067661272279763
-0.7635479555289549
-0.8886926449588531
-0.6948631864800172
-0.6703754126872581
-0.6324096794571114
-0.6828848970404563
-0.5935462962055428
-0.606094768055205
-0.504153294081169
-0.4798928755084895
-0.5041968453371511
-0.5300007637194688
-0.5233122863665562
-0.4777927243223082
-0.5895038835060861
-0.6380441788146144
-0.5813272324216281
-0.7954148211139939
-0.5678066274580436
-0.6408614451100257
-0.6156976310266054
-0.7003276816652569
-0.7032376447282104
-0.7438388207551593
-0.781592604160631
-0.7336531664948275
-0.755228320749998
-0.6477677107389269
-0.6454566531649522
-0.5582584675360079
-0.6237075196741549
-0.7536451370060733
-0.690997715986252
-0.6201882103102038
-0.610162768069327
-0.6004669133113782
-0.539969632010569
-0.5856265066132139
-0.47376883975297945
-0.3920826920771471
-0.38197492327455485
-0.5338937370076822
-0.6435777306011887
-0.653577371896275
-0.5989873046407682
-0.6324360839410295
-0.6094476491983842
-0.6458078078310585
-0.6533863923280352
-0.6235346830221561
-0.7339319472449432
-0.7239159927555832
-0.6885410448293328
-0.7660087711683115
-0.7944028207415599
-0.6563306953149898
-0.7357560528757421
-0.7133706745223474
-0.7047515621492034
-0.6628457614466302
-0.622286246628808
-0.5605084498172017
-0.7520665090427555
-0.7808752112053069
-0.7493827193693885
-0.7476099277830061
