1.472268748891602
1.4621082173865236
1.4226216378025065
1.4244965462198111
1.4631841693457235
1.4870061722991998
1.4755620170408987
1.5762290907442702
1.5777148406358463
1.530251737331414
1.5324535681668185
1.5213993301223676
1.4933147149577304
1.5558344234375534
1.4903619023347423
1.4671975490331854
1.3928540355356462
1.498203200305126
1.5085555001888242
1.5897773016974424
1.487184830198002
1.468927952804678
1.5182001680802844
1.4945181542624506
1.5490273929351623
1.4804802264639807
1.6146097248178402
1.6174333282374251
1.5871139734080348
1.469555174739234
1.4395685788458734
1.262413810068746
1.3510531128276373
1.5044856435846539
1.443448078670595
1.4143972826798383
1.5118502227972155
1.4589658781853188
1.4915575661018226
1.458991404849145
1.4096031751950973
1.4477247596219356
1.5364761350437224
1.4785093069882935
1.5861602835421342
1.4483894765793213
1.4088295966531978
1.378145736815426
1.3417651350115694
1.4747964983698418
1.4099109962511442
1.440557403043896
1.411932467388802
1.3997208937304488
1.424100946694652
1.4738582897314272
1.561246166938642
1.3517004273062774
1.3801554892864663
1.4673021356062839
1.3903724167128981
1.5060712048438676
1.4105687349246994
1.435785223940201
1.4552017539091244
1.531497587726512
1.4465929166798004
1.3231853322118383
1.4453626893520977
1.3505788269250942
1.396148790008652
1.3319498760200665
1.36742879203268
1.4633457978356614
1.4348290684118843
1.3893243450668442
1.4760673323619986
1.6365496265673438
1.579855524253071
1.53672805592963
1.4075503158806804
1.4174435781324946
1.3743154211791493
1.3585772998624632
1.3020345772233353
1.3138466565116533
1.3894351503792237
1.4870559024921017
1.5148571407076799
1.60263396047811
1.5404058493773196
1.4659401593597265
1.4633861983614826
1.4590913849080562
1.4036786808046082
1.4109811528459537
1.3856774760482118
1.3206172150767521
1.423186879389503
1.4506245843035517
1.5006152879565335
1.3678647080416626
1.3965568675008622
1.4227703590270417
1.451826129168273
1.5857095228708038
1.432637476618892
1.3974442639663252
1.4872052923127206
1.543032099833269
1.5477502049125171
1.4951526926619239
1.4590990252028424
1.4137050239148312
1.509811892209922
1.4129168252825677
1.3825028357245974
1.286613764347432
1.3495045549452636
1.4692959544751312
1.388965145181854
1.5438164234287552
1.5611813137671746
1.5205285601898457
1.4975959378960955
1.444644751973655
1.596094756385572
1.3829155206134087
1.359253710298952
1.4198564422805617
1.407211032853988
1.436580719148722
1.4915306710459095
1.4638349632924492
1.4753187615098262
1.3855795354384375
1.3729357395395885
1.3787908870264063
1.5310966300652766
1.4422481034814156
1.5370438785774194
1.5301390621111348
1.4893651785022322
1.451992673923111
1.4007445112474302
1.4367253054035078
1.3435663744356532
1.3780844011526279
1.5373528326622783
1.5095619835635643
1.5108171670257893
1.555287437650293
1.5611074998050052
1.4696586084476204
1.4242628158571802
1.3838045455708397
1.3585764139140806
1.3816234278067139
1.3308007831613171
1.414756068879586
1.4213956291821737
1.385423830720755
1.4662916387133578
1.4954114942828816
1.5703373341234221
1.611738048247445
1.5164048969949382
1.4948458812372039
1.4533019981332007
1.3728157054214152
1.5578555898645239
1.5264095741336712
1.438604002934166
1.4098520879712737
1.3913428632351224
1.3895668534235137
1.4241140747292016
1.3921762163241884
1.4343815751144013
1.3563032790611975
1.4207745306794977
1.4739071031688504
1.3273740674190422
1.3672126915246334
1.4260329904267464
1.4061210694893407
1.4711176149661351
1.5304239825662311
1.441554092855969
1.3612317092295072
1.4050809373703188
1.4369848143883663
1.4940706950847957
1.543631764784984
1.490093465208814
1.382467078851438
1.435058068996892
1.5119607769111778
1.43544139068205
1.4573010126253496
1.4979227834348092
1.4921378572789104
1.3494591478147795
1.410681199480372
1.357182611751275
1.389018981054802
1.410449409874461
1.4344053139466788
1.4797223294443078
1.4389312455006589
1.4962771055912956
1.4929330639549108
1.3881716598115101
1.4229630598162017
1.422138572674398
1.4807043867943115
1.4810910361664704
1.4358495572460483
1.3862410467332216
1.4832494667272682
1.4424909475125463
1.3994026426594355
1.4920238230786693
1.3235825903677298
1.397559716554206
1.4992221333254951
1.4684521979982963
1.5093960441335197
1.4056928104178652
1.359391480829374
1.441838054650872
1.4300317045161801
1.5100530879150096
1.4944923651741384
1.4122167206413978
1.3509130914623886
1.3910349936812496
1.3630492924929056
1.3580921215131168
1.3981688164387898
1.405216318566791
1.452576407326452
1.5711127925705637
1.4724723928986716
1.488063111893634
1.4977745852510673
1.4878921242643992
1.4249346570199113
1.5021316750776867
1.3817411243023796
1.3346768738446726
1.3586238266633148
1.3507479923846664
1.4303261580004998
1.3339874885038565
1.387271941682332
1.4248516881109343
1.4534037937504398
1.455034467808706
1.3862942874887088
1.335285551412071
1.4567197622491674
1.5442360225792924
1.4991466348380227
1.4589416788764442
1.6450010913242468
1.6938069010538757
1.5882229795502225
1.6276414179597107
1.5243149115874521
1.4011277751176796
1.4875320481353245
1.4032407780610534
1.4499855265799526
1.402349262440886
1.5706473120113682
1.610119996400797
1.5549273718774927
1.4765236239224204
1.465167024902166
1.3103649608197585
1.3416068044389955
1.3262720519919777
1.431711023591833
1.384963111028862
1.3447007495821313
1.3355614630022778
1.3696679450160367
1.3557334960721699
1.281865426119158
1.3738255625052918
1.479608164219482
1.3494540271031412
1.420864070906444
1.3651474627232978
1.3959412485374054
1.439393800152044
1.4821885303737492
1.5405773595080576
1.3200655165341553
1.332236151283309
1.3260263061277981
1.3293469572931895
1.3301001382463635
1.4712048148758892
1.3838174052601084
1.4085252213050445
1.359565197429762
1.3800497582091265
1.3896608757134836
1.4253030708307297
1.462993865981392
1.383964815028681
1.5014768464964456
1.5038509657160393
1.447866562606626
1.5264094992721562
1.5110483623622286
1.4653703048004274
1.4644103450525277
1.4521914656857928
1.4838064449960002
1.3925535023242628
1.437203436707929
1.4578562461218378
1.389743186416761
1.4086207679320681
1.3867129854256437
1.3736753357754954
1.4464043291355102
1.4650607505201307
1.4501478324355102
1.4405624770687926
1.4864527809526609
1.572987567581566
1.578432347882905
1.605665804376666
1.5235714014252508
1.5878729076048743
1.4820632829117961
1.4632387155736513
1.478174849332499
1.3756312416688594
1.4815401043487
1.4608150940235818
1.47418983618913
1.5220722460344616
1.570264800055184
1.4070248135408674
1.4365594122920435
1.4912596947804375
1.4045058553983114
1.3653817151217564
1.409056258357822
1.3800766545024734
1.4565041396710772
1.425031768171564
1.34875767552609
1.3596675477338434
1.3524014448613337
1.4672952335886278
1.4823145026916102
1.61541828506032
1.502695132264031
1.4124782438279275
1.4526830027169817
1.5258121897744001
1.4798765786977368
1.351633564591516
1.4474238171021805
1.3687031145735256
1.3499814193038753
1.3927457326527741
1.4532305118480473
1.4262524306412045
1.5098515300007742
1.522669614862059
1.354142641909041
1.4526711818704723
1.5290419798555213
1.5353330881564882
1.505111163354695
1.5234415971098982
1.570239832479278
1.443479997711498
1.4410765016248088
1.476926028738337
1.375392483244148
1.360875450950856
1.4376159391235852
1.5044926020998375
1.50565472095178
1.5233089430640356
1.4566683139501793
1.40115468041227
1.3800998260827713
1.4507384730827027
1.5052596752421863
1.4258956942691925
1.312289680205983
1.298847441395678
1.4917864227339162
1.4335461350582124
1.51606190591307
1.4906899923312094
1.457419983559179
1.4070550161848063
1.4839324204253925
1.6476270725769064
1.6198411226518135
1.63480483506603
1.6985497803018597
1.6909248711578035
1.6612998796100729
1.4536380185979711
1.3730681772086768
1.4944442876002242
1.4836163011733223
1.485238070425498
1.4048468178354168
1.4352107709519049
1.4939785062401427
1.4918342762924715
1.4743021019526128
1.381869458088699
1.3850001999899568
1.4151665838784373
1.450560991625187
1.5279975901317981
1.5489671373941931
1.6081177293517768
1.6328359473796052
1.5051297860591966
1.3417353449133795
1.4145694619612557
1.5592505350301586
1.329620486194127
1.4571540318576854
1.533259134856523
1.5556633869739778
1.4023284258842614
1.3647900491139826
1.3484308552670212
1.3697338338656693
1.4974397738799423
1.5262405803477883
1.496143449852468
1.3950863866794658
1.441135735244283
1.3463362731359279
1.315509491377841
1.2764542006901833
1.347478782302951
1.495068569695222
1.4597005493940942
1.4873969635379551
1.504477202900652
1.5230881078319825
1.4843829111257616
1.5555305680474392
1.5043017580341858
1.3885097954206906
1.3591325486412866
1.4472487597683528
1.5803466075297266
1.5693061314665133
1.4695479548636319
1.4288320802686696
1.5474549455092166
1.4668377449799153
1.5048472436933338
1.4529141461075472
1.564995561663866
1.3555082655134183
1.5351928462546673
1.5208560791181673
1.589282589948284
1.4496261936672106
1.4563077305335679
1.4450453699916492
1.4509555843571242
1.4911224608690137
1.4525910815913883
1.4203784739494032
1.3369225841661037
1.3682244890008137
1.455565174911778
1.4053841121562172
1.3780295265978697
1.4113822418281277
1.322098923402604
1.3627629787111157
1.3776526779319405
1.32371066312297
1.3722723029999038
1.3687502915534755
1.3749191501336726
1.3856154110721468
1.4610569431358496
1.4094613788199442
1.5853406283105569
1.5007203273234393
1.5218452000579785
1.5240433133650515
1.3589586085164322
1.3904474572877925
1.3858857871613373
1.4131525857989073
1.3848850979573357
1.3024278320337819
1.3943502130094745
1.419478639799213
1.5786460115860814
1.503070409820774
1.4771334527052815
1.440929583465902
1.4867639097359362
1.4720813742885541
1.4149782546332053
1.5192009442039496
1.5348911154679485
1.4027259954482882
1.3735899314753193
1.3571838474315203
1.4722233238692886
1.444184606422413
1.4297764664050785
1.3558963353572135
1.3239074939523445
1.4686975984886526
1.428269383264391
1.4425412688062638
1.4228134290383765
1.421554044566432
1.4295042634147923
1.4048965173602959
1.3484295048236292
1.332070038137155
1.3667149706487416
1.4496858815711264
1.441376971748784
1.449646377564289
1.4387453399302912
1.5483836070937174
1.5160385028788301
1.494011213228154
1.423164219732148
1.4289530615633739
1.3504608986624564
1.4061405079853744
1.5197902916607202
1.4442016773277873
1.4778028637513545
1.401968911223075
1.4270740146450258
1.4164712010498413
1.3420140358470038
1.4538262918841867
1.572456504710719
1.5267042535047814
1.428934616567252
1.524862986192736
1.4085675229189372
1.4788276861803942
1.6055050089230911
1.4960789906729348
1.479034895127111
1.4651582981403626
1.6001369538375958
1.557654165236349
1.551127961103387
1.4359121804465065
1.4490774071805954
1.4471045653533545
1.3982618974474856
1.3925550388267502
1.40118180794894
1.5555826982225702
1.6203393258581258
1.528583633515045
1.3077831146961598
1.3375007984796639
1.379663190489588
1.3243870509654077
1.3816138116669703
1.4310778429652757
1.4113189323795283
1.4807234633724669
1.5195800896771678
1.6109400050116225
1.4619804861793602
1.4460493675125208
1.3964818804354429
1.3811193636827113
1.4876915105612518
1.3150705557119147
1.4349349533752664
1.456489098319031
1.4098354959794084
1.6227770581885388
1.4998566295942364
1.549902835545053
1.5170538780796348
1.4452681135649523
1.4810355762052776
1.4972336376398414
1.4880357470110637
1.4754879192833616
1.4566448422342877
1.468319095693622
1.496742736631133
1.537322538201818
1.481603985575556
1.432745578041166
1.4595035178109483
1.4724728808324663
1.2987007467833815
1.3808062838109243
1.3867042402485115
1.376766279390149
1.4627905097686758
1.519878105253679
1.426153847501868
1.359447197736903
1.4445547117420774
1.5024665777907338
1.4714992493587014
1.423592500221474
1.468924822868465
1.4683624938785325
1.484417342014611
1.5600361958043747
1.5755168572468523
1.5483412860621204
1.5569007752957602
1.4633530160780133
1.4461658823874333
1.4370725861882485
1.5685248330107158
1.5508017846182667
1.6478250007959765
1.5247767121703204
1.5600751694776416
1.4864342096985477
1.3723523982529167
1.4381859843314264
1.4627524270235657
1.4632498342720341
1.4762914547188972
1.4110826847331395
1.4760890421514137
1.4761460826059831
1.4841673022222426
1.5162397281428508
1.4150589750137703
1.4561320388000836
1.368327512218792
1.3604686986873729
1.3924381271125335
1.478724423320845
1.4589871194708697
1.5434118684539535
1.4602300881124608
1.525863980697485
1.5114755809007796
1.3835845444044754
1.3898783693873356
1.5190460403236317
1.488713589156236
1.2916867093043018
1.366470077449879
1.4538280288609908
1.4409966942753736
1.4018599431774623
1.4050899738253018
1.4881813789355076
1.424852753489756
1.4766549001251414
1.6387700022853589
1.5524162042273761
1.512694053719888
1.528950346644409
1.3954265420613223
1.3801208708151265
1.4695136754689875
1.5197898229121631
1.4843268963282616
1.4535878819142358
1.5947298978457114
1.5608753937646291
1.5091351044107069
1.5309088544849865
1.6534674563247067
1.504445016341856
1.5191141851420829
1.5892058664470636
1.480997574467441
1.4191160070275408
1.5093319539651515
1.5384573811443083
1.6249608815778003
1.4876191636115912
1.3642680591647083
1.3537325860621832
1.339426690958215
1.3826291850895545
1.4151974836084877
1.4191224999092282
1.4057280394450742
1.4319698532798202
1.3554561655988722
1.2904726160524804
1.326448536771075
1.3814513568111517
1.4705555730619477
1.4760099082617415
1.3957926635782958
1.3933412400111471
1.3476644768630295
1.3465349432286458
1.422770586363595
1.4000412137433857
1.3251539070856977
1.408004360457131
1.41094614306029
1.52397679007337
1.5041255879950404
1.4769939298402859
1.4871460283640283
1.4424318766581246
1.4072024480927137
1.4087096578473408
1.4440124576101079
1.4734738203103057
1.3634942022357224
1.3617437658206661
1.5437002788487524
1.3912018159518014
1.4731895210307395
1.4500598487149479
1.5286046313533725
1.475495168352692
1.4169794288537605
1.4048029684589187
1.4032605945738068
1.4991513226035502
1.499555562976919
1.6184593542966617
1.481494442841854
1.4548119439535292
1.395614703520625
1.4777141038177024
1.4827761019586876
1.5855797327773218
1.5902322504497568
1.5135492339855932
1.4959144172418044
1.4419025717208709
1.3840632212691608
1.3355494216028019
1.3635073077801634
1.4137021980375781
1.5062792280639912
1.4324262171127675
1.3663236701654446
1.3841124744901085
1.351600832929508
1.2575291209721013
1.4288447194922544
1.447907007902979
1.4433065346344256
1.525279781121415
1.5846475876610724
1.5807024941817938
1.6734516307551621
1.6062733499379527
1.6268960009485285
1.6028910955648308
1.5154207886956614
1.569565346967838
1.5305764779098818
1.4985138067274106
1.4303708307234262
1.373855510067501
1.384485145025296
1.4838609327122145
1.413827597080897
1.586350470492842
1.6411150884368795
1.5992648906179798
1.476262692124991
1.4199517168797682
1.4390265983121235
1.3956146441944115
1.3260318988569297
1.3466103376507783
1.5195477018961991
1.5870878477428068
1.3264273798996773
1.2677503385066784
1.3635728729293723
1.4756818692444675
1.3821246424689029
1.521933389121071
1.450400198274268
1.4281139423716245
1.3832955200623305
1.3215144962671816
1.2916561567164808
1.426675199873877
1.440971840221544
1.5008936837637616
1.5224513968241413
1.427875828741306
1.4556239151298804
1.4731471674706913
1.3768291324422217
1.3632940335756523
1.4068163768035864
1.4663248933898831
1.442043649344419
1.3844901323545034
1.3738096620287932
1.253450759652328
1.4548177364231552
1.3869299634675485
1.5373653177736095
1.5899205395468203
1.3892760087148521
1.3115377492274913
1.3614519549105562
1.4394650807427762
1.4839274710965416
1.2553692937633807
1.236474128779988
1.3001902319946936
1.4120290692857265
1.4430010258637715
1.5054301744427567
1.4955075311565091
1.68596652573386
1.4931903863165252
1.5545402529840875
1.5330875368957033
1.4332455163936972
1.5730015476527883
1.4096359134817242
1.3662265500003616
1.3287800405321748
1.4518319188211866
1.4231071648183273
1.460419106039197
1.444377389467851
1.3606366874605142
1.3940795586103543
1.492467061525639
1.4169376654570658
1.4478465401819438
1.4631385407416513
1.4565549734089223
1.3728905749446052
1.422504676304959
1.3472548216773825
1.400702522770454
1.3831055138779802
1.5063933087267016
1.4151992801874997
1.5082212110132698
1.4414033825209658
1.377873335584006
1.3799862021283045
1.3639034550755695
1.435995769398416
1.4001003871012951
1.3709319870839674
1.417065222652658
1.4010780018694828
1.33320137955422
1.4149400033022421
1.5196870160979676
1.5320901325808618
1.5174184450492616
1.410329070754537
1.399146141899498
1.4085652018774688
1.390475288058486
1.4247189448914517
1.5239719495775073
1.4587225419486385
1.4036175140026896
1.3997872616868703
1.4174875113307759
1.4573281234184596
1.5991368956546286
1.5835421087964698
1.4811950997229122
1.3688851320585136
1.391282087933261
1.3690492195043726
1.3839946582891673
1.3627993048783391
1.4289550510728302
1.4134545065868305
1.4024783447275475
1.5139562905243196
1.5140331854837403
1.3692431826030356
1.4993632533483459
1.4890920992319443
1.4667344421595432
1.4747784632911154
1.5108652105173588
1.6235170532867762
1.5642808681840241
1.5337241474664132
1.5868993436884378
1.6293490421011645
1.7073325670184225
1.5673105005985881
1.5407829935434936
1.4318582006442044
1.518136576825654
1.4486079128487725
1.4764025082724792
1.4061965698377987
1.468224952068643
1.4407784411367646
1.388221250380734
1.466992124056305
1.354136819010768
1.3112332402638847
1.3868530022139298
1.4466971987430726
1.5267853808832106
1.497464620492794
1.5483880361513909
1.5365966979960635
1.5250549652225305
1.5063606072343454
1.472232907935708
1.4490697990302122
1.5004106956370686
1.3695040165049244
1.4210762698417951
1.3412786223143431
1.4619347190124914
1.4514996847278645
1.4310621646602522
1.4218176735296184
1.3517614008221757
1.354369399120987
1.406339305250893
1.4131406144158318
1.5064196914246757
1.5579921794972105
1.486875326615431
1.4869849912324857
1.338865502356707
1.2899200852093826
1.3621532085047052
1.5045326460959711
1.4398175254987382
1.3818486218106625
1.5394334990581555
1.5178412276298558
1.523303073457142
1.4594857709282247
1.4783755795847358
1.4718785780875991
1.4076145355276244
1.5517404113857793
1.537678244151575
1.4461501274788666
1.5315314863441747
1.448878428447047
1.4078937967661151
1.4665409889440857
1.4829180321742743
1.6608780282802638
1.665183939213355
1.5960308841410105
1.5845220334057597
1.4934981190731573
1.493215695949052
1.5364461012593902
1.5142059036346351
1.5292968054679235
1.515820415452598
1.472171675699358
1.4163540161989951
1.6920917614505393
1.4677487221490484
1.46459973423653
1.460345404888786
1.4434426546411019
1.5285661524024714
1.6091324531039957
1.5826292798874109
1.496356841703831
1.4066745295155498
1.4294229600002142
1.3811041433387345
1.4588828955297888
1.526240792531975
1.6085316822537992
1.3848117292333963
1.4736002254233376
1.4790421653052672
1.4732907705823135
1.6027831918190962
1.5781131682940266
1.587715138810644
1.5512637675502066
1.496807047570409
1.5053109631707529
1.4558292068430065
1.4901811827220892
1.4396221833563463
1.4152489345296546
1.4225711462554613
1.4795487637388518
1.395687623266536
1.4333439402458394
1.5180073125652258
1.43691680995525
1.4415082958955652
1.4056315008191962
1.399444287930787
1.3536901882937566
1.3741654856086587
1.3632899903533873
1.5349976444242157
1.4981511962305658
1.3871017409590067
1.4518657117841987
1.4950927997855883
1.4816879766502093
1.5523759913613187
1.6067361779466456
1.5914663327886862
1.5952232163087492
1.5412995576705812
1.4204961194005365
1.373783181861258
1.408270502218268
1.3751844579763948
1.3393895726398701
1.4562140833796775
1.3876645657657751
1.4235284695245074
1.4496090906441812
1.457882100942428
1.4908323913227144
1.533037022435814
1.3846899259105891
1.3265579117705184
1.394574418420796
1.4476239964445758
1.5129099448702135
1.4997611052490023
1.4707313608448822
1.3655751254259396
1.4585740834218976
1.4309264895709763
1.3044797144712186
1.3416698486829846
1.3019152459287355
1.4647234442108914
1.431461094494936
1.494477107300081
1.3537918357685557
1.4180242784737531
1.45388240398325
1.4540177793155202
1.4589700685609532
1.4491163574240895
1.4706858380341177
1.435077398176624
1.4258592984587855
1.6115826312582704
1.4875818686396576
1.5324741145102323
1.4022181829168971
1.4945252850178294
1.3868065729386805
1.3757314894864172
1.3719667574031922
1.486136488756991
1.509680869905952
1.377203727589598
1.5021667624981714
1.4408638317674143
1.462526339984746
1.4303492109888987
1.3598759908827676
1.3984299956671244
1.4440527327497108
1.3666886165023164
1.4081186602164
1.4376340523136042
1.3311445896885745
1.3795349927614733
1.3737589236087977
1.387563670829882
1.5154413927109807
1.5038625868351523
1.5512022407934414
1.4793562425565152
1.3994578561066309
1.4053541615351788
1.3896138762953552
1.3115516248240562
1.4285715340838163
1.3178180261957153
1.3564030194529964
1.5082624028370468
1.3442082064725531
1.3958255292863893
1.3009810765686758
1.4141459561932768
1.418625897494364
1.5714612777578363
1.4039834613215312
1.4815584333192189
1.5136410645794722
1.5608847244387298
1.4223290854966961
1.4422248105014637
1.3956752556813703
1.3677210332796155
1.3718243210266996
1.467304278242683
1.431996255193391
1.4190686812065243
1.4471397452438242
1.4482096344243036
1.4601627175016245
1.3397442098765837
1.407929842346252
1.3524874137989948
1.4686810728096285
1.4785015450500756
1.5388314325709747
1.5650036902618631
1.4737405743092322
1.4937162817021647
1.397024583690509
1.467770698518439
1.4032589523577097
1.4410535861648788
1.505845701408688
1.4030146271952832
1.3938448982895781
1.4276963138245182
1.4437131870630486
1.421268750686676
1.31326061535806
1.3229425604703704
1.266322674630794
1.353411593138997
1.4428506490763422
1.4363952598280534
1.4429493165604559
1.3432388257141077
1.3871336145415645
1.3289508528942493
1.4313524343003876
1.3977252960080582
1.3854208851888434
1.3888382301042304
1.4180614228884545
1.4267944048448835
1.459160524523521
1.391581485168464
1.4213879302467376
1.5026142364451474
1.497918809022081
1.5634354226884888
1.5840095024210867
1.6174051408371675
1.5515038252932756
1.4117857797026612
1.4894086231369081
1.388602924195593
1.3013105608423523
1.3414142753650462
1.3695945797670355
1.3156978094234812
1.318478578698278
1.395846512198597
1.4266676472424593
1.5159423541786923
1.3947818219974157
1.3662624796318352
1.3938940758521192
1.457113610589711
1.3807098896898578
1.4524050597242313
1.4948912366246654
1.621131690816064
1.496660305048364
1.504654043671152
1.4711779353827166
1.5351676897406248
1.489576905918013
1.5279803470881104
1.4767087024720824
1.4970535496636694
1.522111480817844
1.5128367352899539
1.6312176008814272
1.5720258944195635
1.5278765991759575
1.5286998206808644
1.3622402817284878
1.486816312778656
1.595814974358609
1.4775745364202817
1.4793353179282982
1.4364829486442723
1.49181915150419
1.526051309114324
1.4957034465528785
1.4013651426828844
1.5739996255144069
1.5036537568391033
1.5925104075417094
1.4998153561481047
1.5926674165002859
1.5230050119735612
1.4523674826110113
1.3342029419256132
1.4769577989821498
1.4892831859385467
1.4487953342132331
1.372025216265833
1.3725597168476111
1.4640083750520134
1.4934449289438214
1.4131726390242634
1.3997714392495335
1.371526925631099
1.3893414671918363
1.376516119373718
1.4431358037441766
1.4659155981217409
1.435788733895461
1.4850911523363794
1.458040146399267
1.5262561817113052
1.4224027103761505
1.3787578932562001
1.4877163798802453
1.395421132060265
1.5637308294094445
1.320581830506824
1.323879778551128
1.3679765254446865
1.33406293945766
1.438890542897617
1.3800250994321224
1.3611634846657292
1.347988101845087
1.3882677117029756
1.4744494233136647
1.4697325857540822
1.3614305184267217
1.3657892274960988
1.357201847650126
1.4792426751399943
1.4533191222696635
1.614358583783388
1.5274774312294699
1.600232102749041
1.5398416329574807
1.4684922583288045
1.4913949657068213
1.4205190368159686
1.4291738970115795
1.475449450814364
1.568691962229626
1.5088730685101923
1.5506238729763637
1.565501492710597
1.5448899432347203
1.4059269816690898
1.4771596280906016
1.5823655890077126
1.4701272194220292
1.4350936149699316
1.4307321222743052
1.3495526010165946
1.3261478835416542
1.43004952973813
1.5099011871874488
1.6340085711813126
1.5243815274389914
1.4482213307839475
1.453760488714049
1.6793067740609418
1.5447345973853692
1.451989448529299
1.422331361414936
1.3273936070449257
1.365823768761775
1.4706373675381237
1.3852041460622102
1.3305197117077927
1.387307695858913
1.4797307209131731
1.4939539447480579
1.4251860392012992
1.4777865396909737
1.5927431282923834
1.379346122025223
1.4802048676372723
1.4826807936275583
1.4608014310173163
1.3100679124860446
1.3274202989008899
1.3540575567061919
1.366250657798438
1.3362650223882602
1.4565798875940423
1.3941489067510833
1.4288567480240681
1.4319277757895497
1.3684010054029712
1.388176550076127
1.4776238102754273
1.464927155492081
1.404701482545045
1.477769946102186
1.5655644331694574
1.4766836227088431
1.534704230166965
1.6448733902954704
1.61245958448006
1.5932788831977613
1.4183738171130313
1.4914749549355573
1.4009000134590475
1.3955949446500577
1.396374963477019
1.4393195530033607
1.2710372668417231
1.323745401544773
1.3484687469304537
1.481606111686351
1.363091136026276
1.3531295079458112
1.414510588244221
1.423701985289157
1.4086518925391964
1.415989613921894
1.4887697160177789
1.4947471596109174
1.3607521087981966
1.4114426929532056
1.4067983420183932
1.4836958845974322
1.4677526283381959
1.5125349546630342
1.4327921661854441
1.4075307744162013
1.3990698821595224
1.491417931812202
1.4585653306912991
1.441462369208872
1.4902686144243118
1.4741611355438198
1.4738748042948424
1.5514991187828167
1.6116207123520467
1.5490615873163964
1.4742737302467097
1.4410964078758481
1.4165807245340363
1.3914519031887282
1.2773021757343126
1.3831288517671756
1.448176399714949
1.5594791504709935
1.5289519261362934
1.4550615189477125
1.5523550350731325
1.4166084448136795
1.2930060926402902
1.326502010957996
1.4158543681249665
1.4289063616113684
1.5383871565016953
1.5103095430202433
1.4737328643112817
1.3364863803973628
1.3263528582164024
1.4366428466355254
1.4398278695973314
1.5947819114248691
1.4976975361910174
1.4569622345129065
1.4443157329167977
1.3605222423973584
1.4425911875882123
1.4264063304517007
1.5159664586030932
1.4123000470081026
1.3247315212943735
1.4267348238162032
1.4888791077444814
1.53949799483431
1.523525286890883
1.4737825980091677
1.5049291848387232
1.463677125450106
1.4933320877265994
1.4837731995314234
1.6285522248785291
1.5640023741189308
1.577030596574145
1.564525387962136
1.5277359677801239
1.546283370244194
1.5223187404786591
1.3580536427148522
1.3955783607009082
1.3627911774068069
1.3894794358402038
1.3933564979390074
1.4292403253173644
1.3970410159124114
1.5141163454341635
1.4573032258784249
1.509222406297221
1.4959027961436966
1.467243705094072
1.4940672465710163
1.3659606220770262
1.2934912573088366
1.339384229957
1.4811069693904126
1.4957300081016323
1.3715414847439733
1.44490648550509
1.3582982070375358
1.453644891425727
1.4928012165950255
1.5926024425470977
1.4864331234071677
1.4631725190447777
1.3986492899601088
1.3561622257498367
1.405823255134314
1.3883448346878142
1.3956508686919995
1.472640228805719
1.3749302798160914
1.4334973791165992
1.4231436172166172
1.4398926382429698
1.4268372908830584
1.4335281755015947
1.3436118515201692
1.4148434310923252
1.5171494125643532
1.451142432257731
1.5907931700382059
1.6252577488369442
1.5917900229686481
1.4966807808548777
1.5382478795543983
1.6307750816917248
1.5312062997934122
1.3446221151918811
1.3923929781267153
1.4705526471789059
1.327276555094341
1.3708420448290966
1.3319308603045696
1.3561594190132042
1.3189761073846267
1.4032116005940436
1.4282001075336028
1.4914484339349985
1.4361223609597777
1.3826898301301653
1.4078801087148427
1.4296136351510205
1.5119925595346517
1.4102465788934198
1.3965884075681412
1.4454058179619245
1.349334909767824
1.358876634581655
1.3604360655072927
1.3999926399356364
1.509927768986986
1.419499542604377
1.4201354521964176
1.4163211427637343
1.3838133011175546
1.3777104033537784
1.4341064036124198
1.4206417108880882
1.3823302854158086
1.4265021783742466
1.357126698294106
1.3964379661390232
1.438853352677673
1.4605976413321957
1.382878937018719
1.4678851471035408
1.4465925139157478
1.5613004533356052
1.5859873907868487
1.5348122548904284
1.5044807246675624
1.4556163266356181
1.5496472658457319
1.40639407173025
1.4626489378338436
1.5228744583195661
1.441036313750368
1.45261606008091
1.3682233040095804
1.4166285604785602
1.393212830643648
1.3079973602734356
1.3442946295959255
1.3981843334968167
1.3123589071507917
1.32752565073812
1.3354428741044773
1.402446740099672
1.5659892786839047
1.6345858538836644
1.4442688669357435
1.3451242153304261
1.4370861286276415
1.4516176515615073
1.417816034927863
1.3766073565786796
1.4733829150245774
1.4747997222945237
1.5013240306341076
1.494318117440081
1.5806332710515403
1.6259777176103336
1.5385261331239934
1.5067997662284767
1.5088930415604302
1.4208662256514775
1.4816575916062074
1.449749084989492
1.3276478686165234
1.435704835306254
1.4430407366823226
1.5648237809156158
1.4994968680136516
1.3575338865058093
1.4901635702457183
1.5498209602946307
1.543022598481617
1.5379210122234768
1.4662374462548737
1.5526831478655996
1.4019000481852262
1.4807086732615873
1.4092657141884892
1.2422311658964935
1.3877316855857762
1.4359481041297535
1.448160189409978
1.548112510842446
1.5314048569393355
1.6034498953395144
1.594759934589206
1.464826543177743
1.4529029657523918
1.3413832975755098
1.3594844854303116
1.4083829962047691
1.4213051642901335
1.500083850161935
1.4213741188115456
1.3538599360006702
1.3834799815855356
1.3684273388985229
1.4082698312874926
1.4887466890572423
1.477095602144477
1.4879896594703095
1.3377902509943285
1.38821169967113
1.426189619118042
1.5097698372796013
1.4097753071854973
1.3861433252504205
1.4214437374866227
1.4597809326493776
1.5574141177313674
1.4976077718553529
1.5348156433927969
1.371144408695454
1.3993018578554435
1.6544546140389156
1.4057165441377375
1.350393496989713
1.434697925842293
1.4652385105453638
1.4095935763425955
1.3941077735620944
1.4418091936594124
1.5175128381568868
1.5009761898765042
1.4466098578503883
1.4963298001105878
1.5360274779213472
1.5286159524603293
1.4657826014997022
1.3883676622689003
1.348789158841601
1.453724042325769
1.3219750226590012
1.3974227131618848
1.3687249205587506
1.5448288425839916
1.4498041440387437
1.3541292478359717
1.523202465082868
1.574789513873196
1.5450054234727941
1.6634381296510787
1.6247586110392789
1.6508497689986923
1.6438743792496577
1.6228186909243019
1.64891882154851
1.462280793082415
1.494504441292934
1.4592560848864742
1.5635250150099802
1.5083034370551134
1.4615193660032828
1.4248429978979729
1.5423496984898755
1.5200752069897803
1.3760057558866743
1.3807054204700446
1.4366772464803497
1.5039898479784786
1.3999925254252488
1.4521359001934433
1.4379340122714386
1.4176694470132307
1.4164717819401922
1.3587690141705442
1.4283494866495794
1.44728953590761
1.4646743637124378
1.345419422822175
1.424155488439824
1.4452954343075841
1.4156658889480271
1.3512804628110708
1.293281060684403
1.3220785073324528
1.4331876488483972
1.383301356857095
1.37983734530691
1.5362869322256036
1.4888118440213995
1.397879097884674
1.3418012725380837
1.4679970718709332
1.4398699639333588
1.490517133245936
1.4717687285576346
1.5370778550535118
1.586771237648295
1.4004806440088873
1.468581607821797
1.5192739970883122
1.32130630857237
1.404142121357334
1.3492611578200857
1.4041073605989751
1.424022352153663
1.517675033944327
1.4739312016551267
1.4687602613673088
1.5400578954098267
1.383921757168606
1.4482190242623376
1.456676767600932
1.5668219611453051
1.5881785020959525
1.631226814289725
1.692472305642804
1.6307172395058183
1.6447278985241935
1.5692506064692895
1.5433959778239474
1.506870774102592
1.3668669927275983
1.4646581706025854
1.5355373714264349
1.4215260004202246
1.3746963060080863
1.301156216583851
1.4153874220141394
1.4525431191659681
1.3961094564879741
1.529593724684872
1.6143866932408137
1.5829094298443103
1.4495732299889699
1.4390708216498014
1.4828640105922275
1.4732210192261037
1.2925121324553377
1.3411560808224239
1.4439469580115285
1.4591913630008873
1.3775845514819436
1.3997827435069543
1.4145766513886622
1.4989197874384763
1.427244601136681
1.4558026837375841
1.4756189615122708
1.3679558259306728
1.4250415946503188
1.3732821989769262
1.423086956447043
1.3834728119129762
1.363394071999255
1.3798373120943417
1.3957624721744166
1.2557783613988474
1.4617784865209873
1.4271543504587358
1.4668965609960054
1.4425638728479118
1.5179140149491637
1.586820162940021
1.3855645463021942
1.3992948903846687
1.4553994758047515
1.522304239091554
1.5772500196558077
1.5384671457830337
1.4686799568555475
1.4100034056399156
1.4049951170907269
1.393978256084164
1.4234816525041445
1.4450015457183005
1.361559496122384
1.3985686291056885
1.3790956519018382
1.3901589233557807
1.4909245801102298
1.3883754616229305
1.355711790251704
1.2757941116603213
1.4400209192457276
1.4000819951467376
1.4386325478879003
1.445924178644739
1.3620909179272327
1.3635543265108685
1.3836350386824878
1.4794386798664758
1.4931184191926483
1.4492928432737764
1.4178017758244146
1.3516014220438608
1.3746643117399433
1.38503538176431
1.4784577134940404
1.5191625346146516
1.4462412628965007
1.5174412355925717
1.4755268075888148
1.4804683384601858
1.366458583021896
1.4693918851406376
1.471178252477487
1.4671156265042062
1.5403579790029087
1.4350971715879746
1.442289876757076
1.4189200942894111
1.4330011167285854
1.3421160581389269
1.4699917188805989
1.3762279088326042
1.536999504115243
1.468929588296976
1.4651346568574506
1.4231821470173105
1.352998400191946
1.33688963535523
1.3390994782722152
1.495758369103365
1.4818544509862854
1.5513624206874765
1.4790352687271895
1.4816477409413595
1.4902847739242966
1.6075934517209944
1.5178969258834405
1.4493746210736236
1.4806398396485194
1.4537243605749768
1.5093131432604614
1.4005083982352269
1.4789055649574578
1.4903367091894193
1.3826157656332414
1.4536367897042808
1.4932879049402816
1.5368997197989085
1.665762789092399
1.5467799117486372
1.446935437277926
1.5773999676198467
1.4869032859883924
1.4498853964055725
1.4603208083676023
1.3632053190363125
1.2923533734440835
1.4413812222032465
1.357957814911614
1.394384681542393
1.4062282381121165
1.422037976515666
1.397255362233728
1.3854507632209816
1.411759488871145
1.4642908240765542
1.5533987215279674
1.6098685317157593
1.6492670255239563
1.585913370625173
1.4482597569764242
1.4564303208429155
1.4902231559108505
1.5744326078551847
1.3764894711298572
1.3894588022456045
1.3954244043217718
1.3755203569836163
1.3968198663765843
1.4279612980071739
1.4436074244685029
1.430611826342643
1.4351757077615337
1.401662353607798
1.4702670908860376
1.4254209428158446
1.35728121941856
1.4765783566894175
1.5783599310593224
1.5484467451241697
1.6166263703630737
1.545467487748846
1.4289122020560245
1.5718645006322913
1.5311591150625137
1.524583409660135
1.5923040849187016
1.524934688036238
1.4714093960860257
1.4599918801615426
1.3672141373489586
1.3330615898511409
1.4099287816765542
1.374938259670887
1.433192929636779
1.4150961642666524
1.3453551574517741
1.408623895334489
1.439032664325838
1.435096549235135
1.4381931860222907
1.4085245328698626
1.651772150495891
1.546075704272628
1.4897831503365446
1.3963024175700605
1.413889244032533
1.4554039915007233
1.3752919892009061
1.4329782551156065
1.334300177955654
1.439063571057096
1.4231967278047222
1.3668757866154024
1.4524513444995386
1.5310305520154142
1.4234254256593886
1.4896614019685088
1.5827173205436789
1.5082494132007238
1.5240291004217146
1.4434332497427989
1.4555602715661302
1.2805696606629744
1.3579021616213538
1.4224663058367255
1.3143488465920194
1.3264086391532377
1.418602492225919
1.4716639129618243
1.5452412502160338
1.422294065856704
1.3713388011473358
1.444097151006928
1.5057954603077983
1.4731204419737995
1.368831058627972
1.430774958933961
1.3312142441791908
1.3373543243718105
1.366429454319419
1.456988948579079
1.46799165427893
1.4291431945830815
1.298318704945983
1.420501116152041
1.4736487452337756
1.4134063476206924
1.370848571156234
1.2745153167021166
1.3266765046344284
1.4436447750397807
1.540910541793891
1.4775157068192861
1.3607599260768053
1.4236318001308395
1.5868935781011728
1.5392439394473838
1.5025953731473285
1.459201588926121
1.60185537996378
1.5420072683372181
1.4861274859480857
1.4487093906238329
1.5245668412584878
1.4931723262518026
1.4010274405220358
1.47269282446055
1.3537805076121332
1.3975190166203268
1.4420176352906406
1.5399310951294554
1.4722055562648262
1.5198884982367709
1.3871078249756579
1.4103155085497567
1.463936253057453
1.415620960446674
1.4934519905357548
1.4352161994276131
1.4668647635750314
1.525968951664842
1.4613320406796673
1.6633060168573486
1.612347186164309
1.5387529205419974
1.4528258646511587
1.3461442906505352
1.387821965589901
1.3954401290042995
1.4690953526769595
1.4205605023227517
1.5092411281759288
1.448403173498287
1.4117478646633697
1.5020529298153253
1.456582593950737
1.516773166112217
1.4425505273240666
1.5338437998522814
1.4846002652432537
1.523386696516183
1.478402195714889
1.448426045935367
1.4773264781822677
1.4511560523359808
1.4367717656630767
1.4135325376313599
1.4843665524854885
1.4260741134367878
1.4029872373402952
1.488938861342325
1.5575686436990712
1.59549212708394
