1.8468122169035057
1.7446414330480802
1.8736818145021545
1.910315231439429
1.918333268969716
1.9132644540311086
1.8640556416574015
1.7423822363323673
1.693945903065419
1.780745618612345
1.8657612618246195
1.9088736718411097
1.7704280191668698
1.739992535627965
1.7684798325874935
1.806414290021368
1.7343624545063345
1.7121587109579741
1.7187665369519645
1.7371348681980703
1.6761140934332595
1.6845705657090912
1.758304075549915
1.8186367253595828
1.9040749220181226
1.9167895747669133
1.9589527712234815
1.9925095482706865
1.872122045138803
1.8555678323543805
1.9030149023831993
1.8995786440313474
1.9263271825847095
1.9954207400901955
1.8838425311596156
1.8690439079701564
1.8235157773280175
1.8473379021874812
1.779253737518
1.6507681025339338
1.7375922951353062
1.759914064708814
1.7914429782124732
1.7172074277575824
1.739261856684813
1.8139997660358493
1.7540160028584177
1.7656811651323996
1.8037115211054606
1.8945501490585
1.895385964467651
1.9902791891784706
1.8702134760943094
1.925060349539355
1.9092867077790623
1.9130906959244949
1.932623436804853
1.9252977517313823
1.8613380278759468
1.9037334015392804
1.7833701534622926
1.8681339800334755
1.8871935623457963
1.7969789970745498
1.8169800841198427
1.8137363560931357
1.917961448145544
1.875225414327681
1.9323496153076332
1.9284944143088143
1.9468439782798057
1.947927558707737
1.910905764861132
1.8990012884026375
1.9803816902920337
1.9489558384536836
1.9416063959302716
2.0257016041289164
1.9548535646849372
1.926110824456279
1.940615095854589
1.9111478154287915
1.818597016212731
1.8157330937388148
1.8457534034097185
1.9222793256149615
1.727300165216011
1.831846122631231
1.727570913075293
1.684999171305957
1.6830583858502417
1.727827125621892
1.8040478966951041
1.861983622428371
1.9070245675388453
1.7566968618756624
1.755303079464862
1.7268256527953252
1.7846667680669523
1.6539477089357006
1.6729207119215381
1.7608346048058183
1.8697880885546159
1.8697071891160095
1.8273890092945106
1.7973047334598227
1.8267343639334412
1.8748361635509998
1.8548724223753719
1.8761937327841012
1.7517579197333153
1.8192920814530682
1.8869941170180553
1.874474778289244
1.7464790775018995
1.6925466548398436
1.697030435147314
1.7262361999935782
1.79069602656335
1.7546183043966965
1.7892333313331832
1.7043709768203872
1.7290630967178415
1.6812788102562086
1.6977529292428215
1.736461474896362
1.7921031254420283
1.9618566201806842
1.918246565039359
1.9066545519993332
1.9684149530341255
1.9173637735999085
1.858572315147173
1.78924788064401
1.7524904759421882
1.6355839596204662
1.6972120276287166
1.799294093797793
1.7614010532649251
1.6650193939912323
1.811419300184226
1.7738635469817208
1.881610617811762
1.8537661839088415
1.7490686669878681
1.8392141991523627
1.9579028493695243
1.9246883293633763
1.8493378045753697
1.85521546220093
1.8729995152229808
1.8665512026728173
1.860253269374921
1.829661424377089
1.7467482890504804
1.7228550544423324
1.700838892840517
1.923975346944038
1.8519802566110244
1.8535605218429958
1.7006749980653044
1.6841831470267528
1.8536717077251272
1.7399217042615032
1.796072340294972
1.741625444282289
1.7902575757443944
1.7166069802709838
1.843031325941678
1.7751039253525882
1.9216461778431253
2.024313977233508
1.869248631744533
1.9584542705916193
1.9901050578678678
1.9137286194825662
1.8489529932536177
1.8739102978136963
1.904731780117465
1.9445301669261215
1.9347150037195227
1.8145749796509065
1.8615588435858073
1.7557118070182645
1.7920632206984055
1.909710273563984
1.9152603001796171
1.7788078155587463
1.8716818470256
1.8427580272247557
1.9216502473333097
1.8843350140240753
1.9058036304780281
1.9256350403409481
1.9800079533737471
1.8457055928634654
1.7676971869102318
1.8100063787430696
1.8375788366587105
1.853163311013679
1.788198198085088
1.8468103251850772
1.8428706133061903
1.751591763149435
1.7249577360266923
1.8083927558534083
1.7766292150698675
1.8273837852852282
1.7512555327991453
1.8195048999650074
1.78801618860216
1.7417234985469123
1.6782281748469239
1.7703556775328002
1.7191913092315447
1.7877295236896742
1.8989225289698775
1.820766485340377
1.7988449179366166
1.786074250744332
1.8939419651874947
1.8864635573642108
1.702016635407528
1.7354998188181832
1.747013948306377
1.8490889755730915
1.8126367611466117
1.8206850187803647
1.8544703415322925
1.7340365091334078
1.7708677805626871
1.7404641427724368
1.7485992830582344
1.9195411626012335
1.8031212182684175
1.959100165359525
1.8970752948581318
1.7554504019422077
1.7563021912692138
1.796340434395445
1.8436537856494988
1.8378931899418764
1.7735909638502017
1.7510991720131173
1.7602890820298196
1.7760316824620035
1.8060150909825414
1.853110895304812
1.8957272011851172
1.7311850649127745
1.7211552410668172
1.8547942504164125
1.7891987072739006
1.757426362125065
1.8749403976145393
1.9069260861089856
1.889562216041904
1.9492116642495825
1.9789271135084523
1.9747779777972412
2.0203803465876122
1.9688754279719296
1.9621200081989287
1.9163437457805592
1.9268729301494127
1.8749035195839454
1.8223371162229216
1.7524679687184381
1.7387174479543934
1.7303372977900942
1.7985109858282577
1.7689786139143286
1.7744279683784308
1.8389859196494465
1.763411519641671
1.8717428736729091
1.8133742596701767
1.734954442609585
1.7664809173314608
1.814199248718601
1.768779108891441
1.8469528055673718
1.7557537496273747
1.8054722405990586
1.8524167258888475
1.9103857218890532
1.9017859772402725
1.9490561717544064
1.9013511504520972
1.8525289154221232
1.7342866074594114
1.7498992849828388
1.8711896328921904
1.7714610542441966
1.7836124336659598
1.9226817059475627
1.9359250496222447
1.9478072310418544
1.7692315895049355
1.7778729867494845
1.727324737264679
1.7741507285243343
1.8442769816085485
1.8904204736699206
1.909565950709447
1.9088058068615357
1.9029868132891636
1.8233905307056406
1.8612802549025873
1.8934920554843497
1.8189494296215538
1.7351381984443803
1.7714078544520462
1.8637192648908023
1.8615480832413425
1.9402194221695919
1.9665402290026084
1.8798421107535233
1.928916687116994
1.9178013010633101
1.8894962612097796
1.9052292631641743
1.8768763604273584
1.8509255000976024
1.6487893190748573
1.717910738781579
1.6995442731976569
1.7688463932197407
1.8327854058220063
1.8334589757628346
1.816494539632629
1.8128773336704271
1.7921538835151778
1.816522670819199
1.8861534248534877
1.8117786372203777
1.791077716092548
1.7841853813176347
1.70873759097812
1.7846711780706765
1.8101271982105764
1.7423599771858278
1.7510382919051288
1.7270586217347046
1.8536652212885172
1.8714659331143515
1.8363063643402306
1.6794069744954614
1.8590487106546492
1.8946189066186017
1.7170440131871312
1.7690193434162547
1.7606892567661614
1.799645963142902
1.825519863375487
1.7979443619022473
1.8678512008326997
1.8015042522398172
1.7556255937493936
1.674276402760807
1.8328894486900285
1.750353775004176
1.700980466292342
1.7261386646869696
1.741214694159408
1.736490577857281
1.8619808150637887
1.8802531981843937
1.8176660107499367
1.8251909939654731
1.736431453539956
1.7400231191916502
1.7097559191991167
1.7418894049007039
1.7201979877284463
1.8045187435685892
1.706728534936696
1.6791115771125675
1.8171441716108576
1.9023193649020642
1.9262206432642723
1.8766915493837195
1.7404166603113371
1.7801497095931467
1.8043510021878695
1.6964915858958594
1.8018826685559783
1.7162594814519592
1.6094127590362093
1.7791855804007222
1.734053035590246
1.7029802867541588
1.794690949372092
1.723983701346244
1.8437910069383434
1.835577866501798
1.6990834407318711
1.7716334615319411
1.7791462128212383
1.8165330051218103
1.7523101715401697
1.8302044234288986
1.727907388059909
1.6630885884615478
1.823775735742994
1.841490214709405
1.7979913907509726
1.7250757830481989
1.7843689603491704
1.7692544050660002
1.8073026550205382
1.9183300196685014
1.8882428754380154
1.8563984284345099
1.7268974226872014
1.7151771243045804
1.8078214145924603
1.8403470747669628
1.9563103047622752
1.8478172329088383
1.8149652748167167
1.7179315989029236
1.8867489061708955
1.886624640403002
1.7894632786202178
1.7702253637401686
1.8449984945889666
1.8780469222474283
1.8106593667125919
1.9162857344848139
1.8195986391932946
1.881944779688759
1.7463812377172065
1.7489203568388632
1.7860587062335087
1.7649835785632142
1.80132304245857
1.75645969844366
1.7197253131150103
1.7430276777022837
1.8463877887929743
1.916042970405183
1.836712106943502
1.9661524517547997
1.9878022515142164
1.958886396920721
1.80724111894012
1.7932511878410893
1.7494866680538754
1.7650683827979061
1.7172014518202547
1.7524536693830939
1.8231673456603992
1.7928979401131095
1.7571815505460944
1.6803611083411445
1.8283220464426408
1.8427965266660093
1.8565149717139764
1.763611336683359
1.7086676853882572
1.7842655627967523
1.7602797621438802
1.7295652994104556
1.6876333913328199
1.722937537489702
1.714469746688885
1.7982089408388582
1.7482009070618418
1.7077795441673416
1.7974268378945675
1.7595316076595424
1.7628669851446992
1.6911264155579546
1.732743833362443
1.7325121742918723
1.8367619058887565
1.803437382621733
1.7139111413846289
1.7422142077388794
1.7379425869602816
1.7258962807867388
1.6561372072750316
1.6615521182109552
1.700895122893907
1.761590133857276
1.8194763092564499
1.7991034039841673
1.7149216043618454
1.7468821518238065
1.8315805425529887
1.7939842269902124
1.8609551306861607
1.8952717264806156
1.8039347917166781
1.8619457763046143
1.7830375365926194
1.7477046890706656
1.7364506212982511
1.753785718136628
1.7379950978959307
1.7909719962275388
1.80400406317534
1.7568155089873572
1.7850669577615172
1.7569981076686505
1.7522811403923864
1.796657391647868
1.8075393299158649
1.8140444152440476
1.703644576657415
1.6970720212349317
1.7440941551892892
1.7653471750954328
1.8660514558360393
1.6986005454302222
1.650552556892972
1.7149546013690076
1.6899178199988798
1.7293026721246583
1.8320110374924423
1.7754162873232926
1.7684994375611427
1.8162167251824988
1.8277869584554995
1.7840615169830365
1.9418647237010256
1.941869977450171
1.978395290588739
1.9017940439390513
1.776462835083575
1.8195630154592684
1.814513199807768
1.7765684802434345
1.7188436259498292
1.6755642896828122
1.7478974080500176
1.8173604464144877
1.8070872440510712
1.8577112382861862
1.8686225312429654
1.8049571734710677
1.856241896626111
1.7526175177733576
1.6454245947514268
1.7922366153091358
1.6460571779251258
1.7035797603512834
1.6853526765113487
1.7217979289975993
1.6910004283986355
1.7556556604992082
1.7919366009626758
1.821334434188757
1.7612452519925108
1.7748133547632194
1.781000260343696
1.6530710050789101
1.744764898846715
1.7500512687578855
1.860395615928956
1.817128667403168
1.9185422719692762
1.8508304376100622
1.8086302503576057
1.8213053996512731
1.8339853624645208
1.820450202833573
1.8928920106926523
1.906750012851149
1.7932045379815489
1.8201072605601616
1.8054693170313798
1.8107699596335673
1.915511950479813
1.8696171098072507
1.772758427324926
1.7087618887542617
1.7579737797211186
1.787138649674028
1.7824620228633639
1.682551518679467
1.7546304995834816
1.780849002501504
1.8401756225956216
1.8109538461489487
1.8954108173306203
1.9436562661279153
1.9928337492669297
1.9304848823243108
1.8600498827111256
1.9118031577145542
1.811362587772837
1.7956112442066217
1.8582586807340185
1.9101353681233342
1.8474384426650368
1.8290481125598923
1.9675087762460342
1.9656879494027923
1.871136085574297
1.7549006457355176
1.7566985558952384
1.790304509345728
1.8307238302932394
1.8028319007927402
1.7925913347765605
1.7389174035626547
1.8180455874186972
1.8624708630214606
1.871243202492505
1.7450984277325325
1.8700938256267172
1.7978721512617577
1.8610585902221
1.8661982074025834
1.947117363687176
1.803442303842121
1.715923530180898
1.8444414518876975
1.8541443988893915
1.9270802134194425
1.8628593101142779
1.7639067044033139
1.7805309547622932
1.8674227273187762
1.821639503755221
1.7806330316870822
1.7901813993382067
1.742636354841645
1.8271277977617504
1.7205186726008743
1.7484164712272614
1.8824954714348117
1.8643265858880547
1.8465561761226748
1.9244795316652323
1.8557928460128015
1.7267045661555507
1.7271905292582732
1.8041845262289282
1.799645854759949
1.8126286176672877
1.8184967887279306
1.8800876138107605
1.7649828181705502
1.7176719123012398
1.6600600970739543
1.6369407227406987
1.7268873361829522
1.7791043328944225
1.871805934109524
1.8033124104425537
1.7690158841712444
1.7804715192528866
1.6454459057883273
1.753065901920981
1.7423705415081505
1.8136883458811262
1.7963464486695304
1.7860461794522375
1.8406872360275124
1.7643858450413283
1.7505733929543241
1.8288329397087
1.7528462431332419
1.790274800961944
1.812743634797641
1.8228630944343653
1.8366982074469278
1.9321892497981512
1.8691159184444588
1.8993251162385072
1.835159479433464
1.8154168698667648
1.7995781929619874
1.7227550117052204
1.8196102371858125
1.791483855790046
1.8716261852760172
1.8289094086724142
1.725631097406147
1.864583978508378
1.9255721588264925
2.0531835003962455
2.0327863298505653
2.106893770358519
1.9662041847320415
1.9958401225251368
1.9741827420264713
2.029183864257901
1.9896162135091107
1.9123085238057749
1.988096008521397
1.9175664771440755
1.941048475882417
1.7931267525412755
1.8862337316446651
1.923793551018228
1.8167800945687902
1.8088142039490467
1.7028943489038617
1.7236624906743852
1.7063090274915182
1.8702897830453091
1.723339662607125
1.7071797754254554
1.8673711423455839
1.898424883121701
1.895711596430182
1.8966609692698264
1.7205549072623536
1.7418829543187497
1.7709630007856938
1.7853177057580405
1.7496523385704572
1.88192915618302
1.696860799541273
1.6557381032737586
1.8036106962938552
1.9089414817276267
1.8781962207157004
1.9603255192249534
1.819387341336651
1.7854661858672018
1.8429862934027748
1.868308806900373
1.9512683068183725
1.978871673014393
1.9275323421158597
1.894904756569237
1.8810423572294879
1.8783368802790963
2.020834000425775
2.009171788727027
1.97033354003365
1.9533612360902466
1.8951791547079428
1.841980009708785
1.7489001667779727
1.783554338208045
1.6916967126923126
1.6645474477206854
1.7460143494654394
1.8033868934804804
1.7610704787144933
1.761199836796577
1.7244041007308815
1.7323928568228564
1.7367103848776981
1.8604284015176584
1.9064043636563146
2.004152119219332
1.9240682578048944
1.7730382803322504
1.804959305047252
1.7620445776513867
1.7444442623046736
1.8075648548798426
1.716762367456036
1.806355776119696
1.7679079384363423
1.7833549275439073
1.8834581260104515
1.9655474948664082
1.908138588827416
1.9310294284391332
1.9783641829201626
1.902425390712117
1.9758664077323533
1.9035343925696093
1.9263067047480242
1.9153250606839227
1.8982121791219184
1.8829032328572384
1.8526884093133353
1.9028720358325668
1.9007234993031932
1.8028394702230306
1.8316160588154193
1.6866221797735759
1.7581029737280904
1.8323612856396372
1.713834342477386
1.8016584082193199
1.685810090121037
1.8040803990669316
1.7543008551716068
1.7285038561460417
1.9070006931689514
1.7363729697532717
1.8304766907343832
1.7772466641922142
1.7906968347471233
1.7820900060613816
1.8225791544239593
1.7659473504647147
1.921702041773726
1.9139907206517455
1.9960975443823221
1.9657972751181787
1.9777977766666188
2.043592491247943
1.8972296391981487
1.9513915683484715
1.9877661154017554
1.8656844962242336
1.8651072844698684
1.947155838372161
2.0300742845965813
1.904150932838722
1.8142267452399423
1.8244270591702694
1.8977040472312503
1.8650645892984947
1.8325806791450026
1.86756530803379
1.8612003582352719
1.8371627325408708
1.8593708934273465
1.8255126303812501
1.7560156915353353
1.846159120746649
1.8137811423504553
1.8377789739024546
1.8416732178287378
1.8814155763644056
1.7793028938462725
1.7517979848141334
1.8120129380096932
1.8540445011088742
1.8655644622639573
1.77654952737471
1.7795743093275018
1.8879162050031495
1.7633424961336444
1.7536349626666312
1.7243425017169838
1.7462630304449154
1.8032705363695616
1.8880517777688048
1.709361607258857
1.7440893103680126
1.8049005110490979
1.8034439843935364
1.66428366060899
1.8278972339243071
1.9334142233603635
2.005189498686123
1.9899785004812993
2.002307438560439
1.925785587661465
1.7964540040125723
1.7403612393423133
1.6744958821411717
1.7011201301457552
1.8355946349089691
1.7683503317568
1.8249739237418452
1.787210273887746
1.8564932098376423
1.9603322814051318
1.865204269956691
1.8437314791971127
1.8714834040267962
1.8912137698063018
1.8541605123387175
1.8060883047545038
1.818077829913006
1.9424930397735456
1.845363258946426
1.8654386895624773
1.7641988361939516
1.7492617627694866
1.7806259518239589
1.8021636347208831
1.8207104987332114
1.7502177380434296
1.7689729172090303
1.7999218878771157
1.7673279789241647
1.8147133678800387
1.930498946399757
1.8778173078507463
1.8237293339552112
1.7321368080070885
1.721676084724995
1.7806619390909264
1.7358404879324778
1.7565805774375762
1.6824595199565695
1.771138573541461
1.6863294603052648
1.7813756597896158
1.798759010832928
1.8079307015667865
1.742622752808228
1.749862229883837
1.7667402580433207
1.8087652183613712
1.7935026025367045
1.8165132610841674
1.8153319736413354
1.7939304802849976
1.7401987770066358
1.675635744764217
1.7469541058257663
1.7986234578033398
1.8405692136194858
1.857954547611577
1.7977379380566436
1.788737582688164
1.7021708098099968
1.845842645693637
1.7857241647873705
1.8106954887247997
1.7352425556616975
1.7544857623691934
1.8296744090102823
1.863064312086072
1.9039649912044705
1.8586243175826584
1.8496507460024
1.8503238830463757
1.8076265460656373
1.7414777370434917
1.7018923353185111
1.7711522563042732
1.768501647907833
1.7803302374974153
1.938737884960253
1.7806593051894373
1.8110052526774458
1.9082704924751572
1.9929071337552007
1.9286631177686966
1.8865995092687498
1.8934928848224237
1.844871853229557
1.7838437702611365
1.7527783487925437
1.7995936401051127
1.8793397842288113
1.7440000612613684
1.7914251947744968
1.6714479590301212
1.7688573692048601
1.7658829251371397
1.8047485803370107
1.7942088411012436
1.8582775691631053
1.8558407972611755
1.7538330363402141
1.8186853980133324
1.8750159788620118
1.9416121434327427
1.785848972472479
1.7731016832096103
1.8307647926058297
1.841503646706032
1.7680527128502448
1.71912823091021
1.689241141737464
1.6869103784008577
1.7088500747932567
1.7496625640043018
1.8132210415458145
1.8829070387415032
1.9103131017732906
1.8296685112727127
1.8571252493411003
1.8358220883486198
1.865843302169658
1.939224813334427
1.769059637992278
1.8477405339978752
1.9027244800214067
1.8703290837800537
1.7855637180868777
1.9091326409679972
1.9432706471886587
1.7962535309521583
1.7236546071369598
1.7107152460926247
1.7864090120141327
1.797252921174982
1.8250072889055833
1.9748637912268665
1.986235232494569
1.9308222209336574
1.9064368250041663
1.8290409413090845
1.7962257947251148
1.7705025413377093
1.800259557967882
1.8400770934704962
1.8157753644077783
1.7314652017129055
1.836077189423196
1.864383787899958
1.815107956686303
1.7255637587298491
1.725065834012654
1.7637259931989042
1.7226356870944206
1.7923779016859274
1.738193251119268
1.7404763305863586
1.780167889908972
1.739136771705878
1.7853153245285491
1.8135857627340297
1.8152363306714603
1.7569303859513616
1.7735965771301896
1.6820149432947
1.73652645954102
1.7091063269890228
1.7994104738928138
1.7882326320842288
1.8090843601660112
1.8260932719906764
1.8956869869586623
1.79009747476844
1.8291234274936763
1.7303120993471266
1.740466854203868
1.7679082370116994
1.8550722964077553
2.0215167622069794
1.839614390143257
1.8007655656048267
1.8228438692869822
1.85064431048007
1.758524326177611
1.8453405792288442
1.8541695135757843
1.868263384432162
1.7871809799013931
1.868671294962343
1.8150882294325983
1.9342942608878333
1.8906550266141828
1.7354294155321819
1.8557386175069541
1.7167278307931115
1.8324558154740465
1.9234352639811274
1.8626591965725936
1.813131003080464
1.8993920128186215
1.759735947721572
1.8556816731458836
1.7488970207831376
1.8423492803115624
1.8348292328677522
1.7998846528438939
1.8309384393988752
1.7585409403255168
1.7474009069890766
1.8518304341774645
1.9635148633600876
1.877928980803694
1.7147022156348968
1.7545809107103318
1.7913856638582686
1.8257522681356428
1.790720788470971
1.7704049138555922
1.7883837048558449
1.7562763658806215
1.819859550217175
1.8804044018816053
1.96213356234457
1.8839387805456131
1.8825646953347723
1.8409243169911
1.8844616283456894
1.7218775700165938
1.7480671712454017
1.7733474197504877
1.7936756230025879
1.8783038392225364
1.8636840525599068
1.8870784309660558
1.7316980203322478
1.7635211159170499
1.7088368846782152
1.7321387039248144
1.8800938326399894
1.8776256558725912
1.7938103336070976
2.008646656205843
1.8168959966030898
1.7933220333996287
1.8528546258335405
1.873635388428267
1.9461784754341973
1.8452972023647263
1.785493409683578
1.8067941987334883
1.7392608213349168
1.8928035461104822
1.8343774962903792
1.8047224880101649
1.8127237336317081
1.8313933824600626
1.8279035679309246
1.8444744739840653
1.9354407905307378
1.890575942032635
1.8522697199805949
1.8923405161043758
1.8686634251913965
1.8561742669482413
1.9524983849750372
1.8335301746357766
1.7402608358523142
1.754075760841442
1.738975671583048
1.7466573068199809
1.7801541830262761
1.7798794045381587
1.7571695047322944
1.6914561108105999
1.8668981987777382
1.7993374375528657
1.7829975103950753
1.7240629811661734
1.7285155627863669
1.7027913348012722
1.8285938380946942
1.7578729795802586
1.743780781177179
1.816457081220294
1.6997045779454942
1.8215421159347096
1.8517577891856103
1.7884881414180158
1.7398101949477882
1.7395104042232008
1.6917858876479395
1.752255419727724
1.7913135558270563
1.7928465017638364
1.74490810691287
1.6769661324787135
1.9080363016699247
1.8699458166195757
2.0003437933456087
1.8994139006595725
1.8874989697555777
1.8956183676730312
1.839521859551798
1.8022210110420258
1.829479634704974
1.8098222987877495
1.936599149625362
1.9735606002527075
1.9371666958859641
1.809414251005445
1.7365530731848602
1.7888135915456629
1.92444360797242
1.8752117957851944
1.7816273145347223
1.6921664911383245
1.6514988804626798
1.6423906812887403
1.7994955598214621
1.7023833115931883
1.6948928762980244
1.829127280691828
1.7816040787419924
1.8442468603661557
1.7562637880276784
1.8617437610860157
1.7593578043429818
1.8228324745150517
1.8019046375009524
1.897915064293661
1.883868078289777
1.9422476695124187
1.8280601996447272
1.8535988377405983
1.9420203490006227
1.9132348033321414
1.9147816755992855
1.932077469901951
1.8839647196706388
1.9677018667967499
1.8438412220061986
1.781332061254504
1.747626802562849
1.828656689176631
1.7782737858797846
1.746551061445149
1.740188755858157
1.718051861122748
1.6988275313895114
1.7811184262972226
1.752718485129669
1.8008541266128137
1.8146065809001815
1.7593950872815978
1.8453125897441727
1.7750308351428996
1.9223550463991788
1.8658831217493839
1.933086941938144
1.8282649891535638
1.8313408630677195
1.9786676920052844
1.829116014644939
1.963088203959383
1.8122766762317657
1.8650634800626045
1.8233936617704796
1.882476473000464
1.8116762476101176
1.7704636354787906
1.7885095476653938
1.853951181871763
1.8462702958505899
1.9920076497745303
1.9095348845907893
1.766704598146879
1.6967520635860291
1.7505100574053356
1.8041669677542829
1.7784388926713834
1.7219278675937217
1.8042113429867879
1.8012079946069104
1.836537045098488
1.8720190332449385
1.8056154248679772
1.8086691241801711
1.9768469514763753
1.9941910033231884
1.9528394719817996
1.9837013152052883
1.7657966447892552
1.708603991812007
1.8313090504578824
1.864066171030833
1.9073768144131034
1.9155196600830013
1.8913698727620267
1.844994871404891
1.8509396758442547
1.8172650458676771
1.8127533499556376
1.931473308677671
1.8272374573568981
1.9494748741282462
1.8810723288269786
1.767153989957282
1.7123788309992696
1.752629599331736
1.781966957466353
1.6934361766170336
1.7648758326487994
1.8623082772336887
1.706743767422712
1.800923733692606
1.8102658398657065
1.8368126963656244
1.7917365783577055
1.838983559085751
1.9092038720998268
1.8222960503569725
1.872415317003523
1.8919082374500131
1.7548713341249982
1.7303215067765858
1.7248011179087017
1.8875711429063748
1.8136914194344618
1.7561003946106981
1.8081109291594035
1.8577469015991233
1.8432630789034734
1.8702268983704295
1.9462627586336292
1.9498768434310996
1.810292849249629
1.6671244596533374
1.7566572297529308
1.7575570783674308
1.7926300910347133
1.7052935239493798
1.7878667484223452
1.8324228751717873
1.8703708580071436
1.905060968565586
1.9457260301500072
1.9157279710555581
1.817900210974013
1.7306658200846563
1.790144320617638
1.8384423949373554
1.7378338715214137
1.7802704777608584
1.864523187312435
1.6634194924625567
1.7658368078040878
1.8083686225201843
1.8134012381513582
1.7966968868676807
1.8244058734011799
1.8098441785526507
1.8036571391220102
1.779217408021494
1.810372742020446
1.8157430280424962
1.7959452165144172
1.880110002830952
1.75010724721404
1.8042823550292089
1.774040532591254
1.835029892427221
1.686489428575901
1.6708057295908807
1.767579400581023
1.7528332362349586
1.7733550810169507
1.920211806471857
1.8834680549655523
1.885082517729465
1.789123451024035
1.7950363620321572
1.8360572903500079
1.8343631998061507
1.762088147640203
1.7555003014254524
1.899228444828557
1.9489319607448818
1.9697535561923196
1.9515222812766613
1.890361912594464
1.9367572135193936
1.9464159324826844
1.84622326790894
1.7004940582227894
1.7375414994510314
1.780588988851059
1.805416810345146
1.806500364409778
1.7549627326111321
1.790272307453404
1.8451584589656431
1.8568038763709394
1.8565113294195592
1.8808929010429298
1.8926399123188484
1.9635650861996399
1.9281259111706859
1.7535953550476486
1.7748943930078933
1.7053713602814256
1.7841248592281909
1.8898933137164102
1.8624569539864138
1.776600765707607
1.7993414412296838
1.7586452351461666
1.8466324563956351
1.8794018330898865
1.7812000152468388
1.7949480869088807
1.7575206400376477
1.7629069907117247
1.7957642867874868
1.8007592798275602
1.7901527870166578
1.715631350632627
1.7753976207473388
1.8328824677838351
1.7558992149103045
1.739756287053094
1.7589289015685252
1.9150690247748867
1.9052798368097172
1.7370237900461785
1.7288085617011697
1.8046930367837732
1.7801361023598994
1.8117257210431446
1.8160586353789987
1.741840982140329
1.7150463855145008
1.7206712917140257
1.6804047721507651
1.774797635751957
1.785277231551613
1.6696833133482556
1.6853461882259695
1.7992298522400918
1.8836543847110838
1.9236529335970745
1.93354763046641
2.0468371931357288
1.9389206346741752
1.857358389040672
1.7135465267312042
1.873007530544942
1.8065019835823506
1.8571318802662198
1.7188618447146902
1.7624035419081772
1.7416239721795521
1.7982637870574087
1.7927845738318215
1.7952622115894425
1.7523591774429625
1.6993672273112588
1.7467015829526433
1.7396848095379052
1.76863260090051
1.7598708314617442
1.7936058414330616
1.7799549838629318
1.8020533498229863
1.8142943616913367
1.8618616389705558
1.8650764927478751
1.8427595589414065
1.7048403938165901
1.6727296999690215
1.7550270412642415
1.854818089287971
1.8340213634539924
1.6837511679001451
1.6706520607654174
1.7578948904541967
1.8022534496010236
1.8035140167016235
1.7751333418056237
1.8490732459272987
1.8082874479896096
1.7401928182607114
1.710094613438332
1.7524853130694151
1.8780215826049653
1.7991979833642135
1.7667201641770525
1.7673431400434205
1.6820397464714922
1.7015799035524912
1.7675652082005961
1.7818207385376583
1.7243206514653429
1.7499168131586007
1.7783171761853969
1.9297300062989262
1.8760587919750613
1.935865517624953
1.9235386326495132
1.907200637344924
1.8624384204238296
1.8867906288862397
1.784220691353058
1.82685171734882
1.8557111002173592
1.9110730803682558
1.8155236909044081
1.7566677332833631
1.858803669217096
1.871836042644912
1.8402017520620395
1.8858904168401422
1.7758628750371994
1.7535335791886961
1.731128514716233
1.7434533502685976
1.8218942189893157
1.81289200812699
1.8624421815308663
1.8333263730203415
1.7268523210416946
1.7052555798814266
1.8151395565700872
1.8666988474874484
1.7456960981487772
1.7560190418832407
1.839483446252081
1.7915984703676149
1.8527940760087855
1.9654132682042753
1.8975921890031466
1.8991992263453799
1.8701604650149517
1.8378898809077828
1.810145711056629
1.8453701068606856
1.8505418306633417
1.8022384842730457
1.7895464952121813
1.6806658954287186
1.7199164806512681
1.7564944691351807
1.787809668119829
1.791419612578054
1.7347758920282927
1.7033944091565227
1.812424085252212
1.7682171303374632
1.7989980515537112
1.8168155006214446
1.780092746157816
1.7446895305252932
1.8113793537171636
1.7685679725858412
1.8510560408352394
1.8457780193081175
1.8318369502527017
1.8674862755215553
1.8469122616966716
1.788048330918444
1.8120763709273195
1.865468484509083
1.856612978588533
1.9112357882202926
1.8584534062970193
1.8388120023051253
1.8539198221911186
1.8224157143664517
1.7749418564285522
1.822536871547964
1.9004365100009668
1.8807499117782087
1.8892945960105456
1.8321623244613687
1.7848886479214798
1.7222502516576108
1.926661538599829
1.8753168124615773
1.7747936629804104
1.7668187859495523
1.760042388927144
1.7445827589921337
1.7550271705223701
1.7819555673056164
1.7225802053922818
1.699902872037255
1.7416370369515701
1.8450126104689832
1.7302870508913477
1.8269877327676913
1.7579202137118015
1.6920483230517906
1.713885329037527
1.7788390337853375
1.6515014330245472
1.7155376212550266
1.7151854106519282
1.782154727772161
1.8657250435040789
1.848180134139386
1.8693530558026172
1.8978905283504535
1.741807326532943
1.7321779860399271
1.7356887046388711
1.8193907777620202
1.889698740107513
1.7952444796110432
1.9300546713776632
1.8748192585810246
1.827448921087025
1.7779806620273773
1.8304693495208388
1.8296410272408343
1.8823263673630706
1.8514316754735691
1.7103796379541092
1.73368621763187
1.7819577930618318
1.7764470605195244
1.8956702127229703
1.8506730490661063
1.762694121846414
1.7418317518081008
1.7811267712657024
1.8942851846097875
1.903054244681358
2.013815963720087
2.1038893255847464
1.9648127852293382
1.843236279121152
1.8302997608688918
1.9239653534904084
1.8297604976284014
1.8299652103770443
1.8225996158720978
1.7486573178851088
1.7835353070830615
1.8396932217611892
1.897712539209804
1.999324823730831
1.895831313077397
2.003966125611377
2.049925299540709
1.9823054635953392
1.8838767896636546
1.8373189561585719
1.8179673607490003
1.7557364204802193
1.725770704629692
1.8099381296589798
1.859763702809352
1.7851578193666333
1.859711961573168
1.8128475580526668
1.9401645350694658
1.9298185571523787
1.926028867413384
2.0693643757020443
1.933877643660532
1.9204741728072445
1.9621542060237387
1.8509832666427246
1.6877861043027549
1.713410549024848
1.7222141885082685
1.6917143295625579
1.823383675037612
1.758630415800957
1.8909772154371134
1.8795672762999305
1.8600798099702052
1.7950116774992624
1.6611682625694608
1.7475573493179724
1.759386198093749
1.9057624159728983
1.8588334737196834
1.7761876395563914
1.776642397180949
1.6456228502264794
1.6440310047881268
1.6812624062571027
1.758233483699501
1.7382156888825036
1.7043521230987349
1.7826084961694875
1.683285984129999
1.8205585358663086
1.7301467718517183
1.7702447417594274
1.7575025660606927
1.907662426257052
1.868763261189267
1.878543892284409
1.8736855793866392
1.860617609806922
1.7990137335143388
1.881881070684635
1.927210880967533
1.8388307500319003
1.835418973112742
1.8784881735598504
1.8137146952101781
1.9193865677846198
1.9271310304337717
1.7856735063448606
1.841080158178903
1.8609208907470167
1.732647418929459
1.6911137692089437
1.7602001434630095
1.7407598355361076
1.698980485855095
1.650206952378062
1.7498252464352
1.793059965743213
1.9111619650662526
1.8116315204555424
1.737463004518787
1.7741725310430136
1.8356162544569725
1.891233213434773
1.8377484447588808
1.839544424469659
1.9126618663947694
1.931114397560126
1.8485396786356327
1.821960079886934
1.746400534125215
1.7801727364038251
1.738661246855989
1.6857147623830424
1.8484298838163051
1.7267380693033583
1.7702135499073857
1.7631880535691233
1.8185442348370457
1.8086961586434902
1.920669975768141
1.815243116213692
1.8833090151505034
1.7448595343261388
1.9193208903249301
1.8994102287297046
1.8516816286841487
1.75116877804711
1.642366513416551
1.6872390628849743
1.660917600967621
1.8097982419130123
1.8610717195142057
1.9490114467219115
1.8777256053565434
1.7941760276190328
1.846807993325201
1.932555269397968
1.9277729034423943
1.8537922540481238
1.8060508775388602
1.8509914149406135
1.8983098428513148
1.8865454312502996
1.9292545509597205
1.6793750993236733
1.7472706501982067
1.8457218298089866
1.7937281460337844
1.7037957737885514
1.67444010108024
1.698875324466653
1.6578251777103383
1.6804222306176828
1.8510923935436827
1.8610157653896178
1.836392652845041
1.7766961951539797
1.7563649843407414
1.8898841077812616
1.8345897989135158
1.853958633141586
1.82146529490152
1.848106091259448
1.9067164648925257
1.955569095591515
1.9317977047084118
1.9028544328922743
1.8505111596268138
1.7922589820548471
1.8189931336003806
1.882736493443164
1.866054787870746
1.7612902682889993
1.7619450909603462
1.8154208404687577
1.8511166956697815
1.7341199742034563
1.7952631431611499
1.9115000168102003
1.9086545774180153
2.0155774147444983
2.0183205330064613
1.9702202656533236
1.8901015024797205
1.9546256895809726
1.9366751751569442
2.0136150434006708
1.8629830905447422
1.8414960477526712
1.919939472505448
1.7997198579258242
1.911331380370108
1.7494287448809982
1.7162317604401118
1.7263488054153189
1.812163727772715
1.6894796664041631
1.805046759551778
1.784885698843837
1.740294179066588
1.8202826277966695
1.7818643936638032
1.7705288518333235
1.8829664627757032
1.886640045171878
1.824906586205189
1.8079372422753877
1.7748512965948773
1.6404640874045544
1.798941862231148
1.8516016845111718
1.9330238018821522
1.8516618180925866
2.0264952019053935
2.0673644091506898
1.8995434489855552
1.8020782780712599
1.7811437552776679
1.7973199694863276
1.8833458811035997
1.7787108123059385
1.7840485413374796
1.747626075626391
1.8497044985362385
1.903909807737854
1.8727790671766187
1.9066648262207795
1.7961700951000161
1.8084454430265533
1.8049694473005886
1.8402898344564753
1.847309883530852
1.8241534548469958
1.8721144145893225
1.7864762571610784
1.7496186828042937
1.723885830973154
1.7647568130433258
1.731152523451458
1.7064859531942298
1.8554998208696114
1.7630597816401026
1.7691059901992714
1.670725593187482
1.7206660297972032
1.8279526093934568
1.8302957666634057
1.7800522847577547
1.764799276941469
1.7478615484116606
1.7997394500703823
1.878886157887471
1.887162572103951
1.8326522181242442
1.8245704920573638
1.884664238568718
1.9319671547016646
1.8565530476518943
1.9140293503565915
1.8814665811016587
2.0105555474869137
2.0476429170567974
1.8930059373130708
1.9240892862309262
1.9494043836503063
1.926407043956575
1.8505370714897096
1.9938532129648752
1.9486206607645389
1.8937744472922788
1.6750953357587381
1.704163290323067
1.7320751839234825
1.8519049302912252
1.8866104007998832
1.782226545452583
1.9056148368216657
1.8659964965525249
1.8496767167830206
1.860201687219986
1.953278777313033
1.8549950491800307
1.9754291294603743
1.8474424375734917
1.8186551848405264
1.8242303328248168
1.8580622840249976
1.7096412196809074
1.7367001090909597
1.805247993226224
1.8850266628670507
1.9376065227123533
1.9183616592587842
1.9053544842269348
1.824806735136619
1.7741157507646361
1.8400602988048351
1.8408417106226487
1.8216722334048563
1.8054727515974298
1.7816529586256782
1.7254667357239415
1.6664738107416062
1.798661447728096
1.8967670247038535
1.7630135969069982
1.8263864649782324
1.9033253643825945
1.9048905852810822
1.837539722105245
1.7020235475554129
1.70014187833995
1.7777151888652631
1.681554854491743
1.7978785880311425
1.7299862393383025
1.8527534788233941
1.758558003632239
1.8617217864949052
1.8106599050608199
1.798894669604612
1.8034232723606343
1.8408397878483866
1.7137106681523726
1.8167991355037938
1.8536939589875034
1.8465757044888322
1.8914056932705356
1.8937957624103225
1.8540938731727792
1.757640450134141
1.7726534807551229
1.854116833730038
1.717758976914744
1.7114560205041909
1.7907773637437634
1.681548878284457
1.7253198568910224
1.8064952001723564
1.857711562143486
1.9795329378457325
1.9207770372892796
1.9295003150545198
1.8406463708930891
1.8359040869883698
1.8787360052190287
1.9159648921478192
1.8127549861964949
1.7198086131660246
1.6956034191847293
1.7311872021279533
1.8028684196066793
1.9116200299217807
1.9089519409948972
1.9427179669345758
1.9996681078495209
1.9186406304118793
1.8365714244714078
1.784260843356473
1.8643968311524124
1.9754422029957102
1.9620072311044248
1.9338701762125816
1.9609051658621548
1.854333574834136
1.844160963022068
1.766514941030088
1.8889443549779372
1.8370637682963635
1.8589955822827657
1.8777062035522785
1.9407430162533634
1.8647806315804387
1.7891683361360535
1.8472225089224499
1.8093288618495869
1.6935118754533822
1.6513971134865881
1.7130935807360073
1.6833574578661965
1.8025340980724467
1.7380046085219008
1.7652798710671336
1.77791445400526
1.841611125972505
1.823707867752443
1.8235732460083711
1.7475967311546796
1.8825447509763582
1.8925323725978151
1.829014358550441
1.8980030605336213
1.820107753574251
1.8800250632372295
1.9055271705644339
1.9014026910718416
1.7818909925250945
1.8497920172400701
1.8281001388095848
1.8099986785829647
1.7875042492956958
1.792231192158812
1.789713153206351
1.7413716292123858
1.804380367247721
1.7306358033846232
1.7244700112936024
1.6477870557739953
1.7273121302617476
1.8033089402443212
1.7374694221622753
1.916415256859312
1.8873788375537621
1.8473845376798017
1.8639540383010313
1.8426070785106647
1.8182732608160037
1.818677106587136
1.860240487812074
1.8396670968753919
