-0.5692655684348708
-0.5339614913204419
-0.4825116193046189
-0.532054634491581
-0.6263348234139088
-0.5413927339403255
-0.6518342738502872
-0.6539105024165145
-0.6666282636323446
-0.5681937070799914
-0.46740805757686105
-0.588233305926475
-0.6522744247598146
-0.6273460279233816
-0.5915634246037341
-0.6664474771332017
-0.5328539077461243
-0.5313948623299027
-0.5980749956119009
-0.6784841624719382
-0.6113938827212606
-0.6189862469972546
-0.6736690410076727
-0.6629205994539442
-0.6621674003086455
-0.6599255178938628
-0.6516386109153484
-0.6591972562724505
-0.688924043548348
-0.6195101520308658
-0.6116865944768222
-0.6351817190396265
-0.6180348529866007
-0.5848796809179235
-0.6821168631013576
-0.6735009338907989
-0.5720023488604348
-0.5933060869947052
-0.5028089718879406
-0.6068137918613838
-0.49092985721863797
-0.5192307112054747
-0.5066124177686614
-0.5749678665475373
-0.5061601645278478
-0.4209980430283599
-0.48137289274558726
-0.47255970373058676
-0.40565761876518186
-0.438595102013443
-0.3975019347607117
-0.4659255650352625
-0.46659600862936185
-0.48753713785483804
-0.6093432143999311
-0.6199960502868224
-0.6233060999227542
-0.5971254642496898
-0.646477492805647
-0.5742754296547485
-0.6604813188854094
-0.5769462614401266
-0.6243908051766766
-0.6480727342710494
-0.6007362844267514
-0.6404764311492767
-0.5812860592887574
-0.5490179832749741
-0.3770217082221258
-0.43573088522188863
-0.5173531806606423
-0.6044346866938842
-0.5129253693289226
-0.49984869913222
-0.5186354753947844
-0.521068168056624
-0.46462897562912786
-0.4379313853248352
-0.4572937620586863
-0.39503780681156875
-0.5046800967384593
-0.479243495423329
-0.5197353773402559
-0.5068854007286844
-0.49442214138576396
-0.521916596147714
-0.423436782841953
-0.48063887620226087
-0.4996281524752147
-0.541970398746296
-0.43385112538946446
-0.38280599924859304
-0.39175464859476067
-0.47929181541695476
-0.4444046206523254
-0.40859164666464876
-0.38034085298569137
-0.46118743931198525
-0.46023482300249197
-0.5232714257648794
-0.4190912350455694
-0.5300278714044855
-0.6040793409895515
-0.5896469754032945
-0.6542191535796613
-0.5167538690366458
-0.5901386093526501
-0.5524517400760492
-0.5976449472331106
-0.5476670605055642
-0.5263534710886494
-0.4717551134148662
-0.41762617196836044
-0.4416887575600481
-0.5504648790158561
-0.5060987965861435
-0.4290423896295127
-0.3787767920865203
-0.46762519056588986
-0.5617744362385184
-0.5340670934629802
-0.6183901973352227
-0.5036928374273616
-0.5072795747129398
-0.49973875452766864
-0.49955258241584566
-0.5142775292248503
-0.4375863532745642
-0.5029131747322084
-0.5660592502713322
-0.4868007104236084
-0.4171620984330306
-0.44284149834029046
-0.627930271897035
-0.651519506918794
-0.6280428471281876
-0.5962258203652259
-0.6154855559204084
-0.5928725460310176
-0.5238085265019364
-0.5921904749609059
-0.5209241215062163
-0.5783430768396549
-0.4798662186759336
-0.48569444357338226
-0.547768212849911
-0.625034408176234
-0.5751049139174018
-0.5597336742027826
-0.5910730691309422
-0.6047987552878888
-0.5880145031907558
-0.6192431123739729
-0.6139373258937085
-0.5427623291385827
-0.609742506768877
-0.7204786584936511
-0.7362878344307473
-0.6120454203609615
-0.6722842406156497
-0.6276338243600939
-0.6014012445279773
-0.580258488046878
-0.5806898128834387
-0.6456507829137064
-0.5886794134619857
-0.5261555094622901
-0.4939878644789323
-0.5150693727662977
-0.5170774016595362
-0.49447440481394944
-0.5496298501882944
-0.5581188230686973
-0.555032665060137
-0.6092672834619315
-0.568971152519582
-0.5498140440516517
-0.49744613614725974
-0.5334872863353317
-0.5446404616345277
-0.5627758802470288
-0.5465361371592902
-0.5929531429714099
-0.6446964114716328
-0.5835757358531616
-0.585820747528621
-0.599765614348211
-0.6189786217184231
-0.6354115657551322
-0.4991868287176376
-0.39506865711462763
-0.3821018924163021
-0.43516686756563233
-0.4638826135295134
-0.45763294316488023
-0.4943390619939456
-0.5122085456154967
-0.6057255539552359
-0.6464377811814553
-0.6719805003243772
-0.6214385687177292
-0.5397329665889354
-0.5931821102873605
-0.5594828041086997
-0.5648295375721647
-0.6311340794683904
-0.6285755855978599
-0.7048580547254496
-0.7430310619048915
-0.7199048032107787
-0.7084768052170178
-0.621542094328691
-0.5257447999293231
-0.5608978741465935
-0.4776131501737842
-0.4901753378788786
-0.5270028361634695
-0.5587297105404092
-0.5062676898263156
-0.5733845065791824
-0.5439793936871208
-0.5252175328016102
-0.47429631647994624
-0.5179985987649902
-0.5610545992081635
-0.606809405529504
-0.5953594335024925
-0.574037868921926
-0.656505155409058
-0.610003700917094
-0.5872262681609813
-0.5439156129090139
-0.48118725055340694
-0.4491925942679364
-0.5421722208987505
-0.5958206781016647
-0.5423827125868745
-0.5946110235856168
-0.6864662094978029
-0.6207721437792103
-0.5313618663070302
-0.5356562550499075
-0.5324757413956296
-0.5296119333021393
-0.5900625387555428
-0.5755655488688852
-0.598839894632506
-0.7048070808292395
-0.5753368148145369
-0.5956659634632866
-0.6411187104803101
-0.6219980785210011
-0.5834912430520701
-0.6050762008648095
-0.5947268583312267
-0.4628628712109807
-0.4692456832359845
-0.4552654720355821
-0.5289866059781783
-0.5664062113345485
-0.5505067702011741
-0.5427195217304076
-0.5714749651185527
-0.6311098787997215
-0.580987469013535
-0.45121166345877667
-0.5868759212352532
-0.5360040935149357
-0.40681302838778555
-0.4175565726172064
-0.45062115711109585
-0.4558334182691243
-0.4732803938780398
-0.3525484195031561
-0.4341472714455617
-0.42697570770780147
-0.4262075647751449
-0.4581015432669996
-0.5003496617526809
-0.4609723785250299
-0.4666614697806961
-0.4114823835369677
-0.5077633598690867
-0.5665972963998674
-0.5673560609980239
-0.6152794873706314
-0.570300952334537
-0.6322357812857013
-0.6354582231520187
-0.6376031244943217
-0.6225121833790964
-0.6598676595469488
-0.6957195987888374
-0.5554298187618295
-0.6604494827060396
-0.6454659377826868
-0.5482176279986034
-0.5889835916979166
-0.5243295595936781
-0.5695719223950507
-0.5979561681095873
-0.6581810590097761
-0.6030207823257697
-0.6284143745324486
-0.6221576456944343
-0.7079236484335752
-0.6923202797936343
-0.6746554903425668
-0.671211026211472
-0.554712825044239
-0.6223588430538409
-0.6753522029229372
-0.7008896797176037
-0.6032872411053667
-0.6636358434739629
-0.6935142187548426
-0.6562737818936925
-0.7009642043645666
-0.5555370180779368
-0.5886338104337502
-0.5274528001318892
-0.5873158675056537
-0.6325316830192891
-0.6573967326815906
-0.6467243131639622
-0.5740207976849425
-0.6813300558566028
-0.6914559300571665
-0.5354426291816607
-0.49045907006105016
-0.5380440185084897
-0.574274397343293
-0.5159169017524768
-0.46917576645391496
-0.4928390591021762
-0.5136645025955139
-0.5433221898727897
-0.5253985570835372
-0.5101754293234293
-0.47054446616031614
-0.5775292305449583
-0.6860970690332017
-0.6294492787293596
-0.5424745561866262
-0.46228151321636596
-0.6662014595503398
-0.5145869767356979
-0.5989573749459955
-0.5486702295170183
-0.6211546285253698
-0.5705971750147981
-0.6584342010194032
-0.6862798993815533
-0.6468677793238298
-0.657345373146244
-0.640935099281489
-0.5619803551566045
-0.5722466591197569
-0.515887024847854
-0.45567756086817607
-0.4786883472933179
-0.4286785799832829
-0.409249377396772
-0.49710146620730333
-0.5494491638665631
-0.6313669826886869
-0.5432938447754131
-0.5444088184245425
-0.44256796881442406
-0.4843203266557062
-0.4671546282547942
-0.5990578240261948
-0.6561022119520011
-0.5418506781206751
-0.5578155182428692
-0.5283996106985334
-0.5879478711931622
-0.6443544709756145
-0.6783723889353134
-0.6032748701465396
-0.6219803399326875
-0.6620047728547688
-0.6470213715695419
-0.5588559258776523
-0.6389767934066628
-0.5745656177201164
-0.6354124285867792
-0.6317199343497565
-0.5398481764809395
-0.4969546150720029
-0.5632589956958639
-0.4827501854310761
-0.44601347614184245
-0.4701471270157328
-0.4780275892246665
-0.521491615014672
-0.5154445844393337
-0.46691663956061236
-0.5456054515942248
-0.48766104909163116
-0.47526796636423757
-0.5903651682093077
-0.5507957418015322
-0.5619938778676712
-0.603919923909673
-0.5754582422198429
-0.5606979905139202
-0.5452125920575155
-0.5366348780201905
-0.5168550895753284
-0.5606577433365816
-0.5687108242420548
-0.6453998419492657
-0.6410265283262071
-0.6405812510658692
-0.654827456716238
-0.6983239952730903
-0.6232246159613565
-0.6622508847147867
-0.6358698851759348
-0.5187181772568821
-0.5908362957909553
-0.5370382566744626
-0.56176879999229
-0.5629955977545859
-0.5899183958559021
-0.5480649387842114
-0.5801191567615733
-0.571784170395655
-0.6215757780774247
-0.6505963662154242
-0.6011230271743979
-0.5814263443919879
-0.5434357000049063
-0.5599832135503056
-0.5901260075048603
-0.6031167638576241
-0.6077528675625068
-0.5799751481349961
-0.4219465169390185
-0.4673459345102193
-0.56376922617272
-0.5737209691035229
-0.6303772375826241
-0.5201987477387171
-0.5294901453807553
-0.5848475561501861
-0.5670385933973793
-0.5714707460295159
-0.5885219472639909
-0.5215264263969253
-0.5374400301393498
-0.6206545312858158
-0.6702510571403829
-0.6722178508291947
-0.677958011495986
-0.6824549148059377
-0.6109274251326249
-0.5570817829990752
-0.54216352630326
-0.6344520245634724
-0.6623360328859981
-0.6712267168232138
-0.6251395771488107
-0.5712374582091091
-0.6655932334406712
-0.6193621005604669
-0.6071396925867141
-0.5666587898688678
-0.5964202218272321
-0.6250117867693917
-0.5834558277325302
-0.6007614649821444
-0.5696849642616697
-0.5451328453061799
-0.46550098355378966
-0.4268906818416221
-0.48945221134562944
-0.5100418005573135
-0.3750279640993751
-0.501027769584654
-0.6055479563246342
-0.5772015816725453
-0.584534590220413
-0.5860512647844554
-0.5794784585615654
-0.5623621500835438
-0.635705110283575
-0.5222500229721859
-0.6391254339237556
-0.6781186990858761
-0.6595864194166561
-0.6463958885610569
-0.5892136530343912
-0.6041527913694166
-0.5632883863643257
-0.5701996735102607
-0.534882324735905
-0.5777849609542806
-0.5404061137140971
-0.4198563948760758
-0.4470909513614084
-0.5408052315259921
-0.4688210845334205
-0.4667944380280167
-0.5297119026903077
-0.6530429548572514
-0.6484721482471238
-0.6701706598974669
-0.6694454215909992
-0.6023599451826972
-0.5753550020886831
-0.5452759407099327
-0.4915264536414699
-0.4622851776803164
-0.537819782205904
-0.5245994644533135
-0.5361504559308307
-0.5021691487705431
-0.5977063747210313
-0.629481177961298
-0.6116063300211756
-0.5318437168217126
-0.6122469206805276
-0.592749323774981
-0.6638559288909065
-0.5133206992203485
-0.5357371293345868
-0.5673386094883239
-0.6243717625237057
-0.6215356595506442
-0.5593296585159596
-0.5882707685987073
-0.5739850484514737
-0.45586547298769325
-0.5566551895818
-0.45347542977206645
-0.3559634629093772
-0.48768149879039885
-0.47706195303940424
-0.5052140602222487
-0.549948945456809
-0.6510759093011933
-0.5956088304125344
-0.6353519713921227
-0.5783499990535675
-0.6376947225790744
-0.5390481575494075
-0.6059456493470378
-0.5972955337913719
-0.6310319458003834
-0.5837210201823422
-0.5633409829440934
-0.513493811123745
-0.5037936096416361
-0.4463587329246626
-0.4183817247262623
-0.4336291984554071
-0.4629949521772359
-0.5345220395314995
-0.48228326770428903
-0.4913531162428936
-0.4778236824920103
-0.3795139782263795
-0.5072565960761944
-0.6014228105861381
-0.480761776681598
-0.47011844800370767
-0.48713509727670085
-0.6329168676193838
-0.5856014958268256
-0.584055992562378
-0.561792568960798
-0.6770885248614685
-0.530142180571494
-0.5583186041610794
-0.5156938097221028
-0.4863877468513002
-0.557625097673532
-0.5387544005233703
-0.547720185919287
-0.48271024891321984
-0.5292159941748757
-0.5957695230818192
-0.623373678550761
-0.5695713336754553
-0.5172575128446573
-0.5384323176518158
-0.4912939686471324
-0.5037594531693594
-0.6045522865710075
-0.6146453159936811
-0.6576219575017231
-0.5808582288030905
-0.6703717542179827
-0.6582676513019576
-0.6715836231412969
-0.6150019954069017
-0.6602174716957363
-0.5978510955615854
-0.6407401165076041
-0.4989008284746139
-0.48815408819928097
-0.5894221382473044
-0.5776263295139281
-0.6293095200528718
-0.5676961275755184
-0.5743343673645369
-0.5546957807735434
-0.5349906160428882
-0.5682440261175303
-0.675289742749572
-0.6418023617776671
-0.6095934016338698
-0.5162976507074889
-0.5969974884227708
-0.5809803194301575
-0.5871966213125608
-0.6651498234267342
-0.5075689586498887
-0.6170272423971678
-0.5402164577659603
-0.5307307930290456
-0.5940440227552198
-0.689254848139745
-0.6289162216383352
-0.5844053330743082
-0.506489392057671
-0.541539511902061
-0.4387849684180385
-0.360319196116048
-0.3908045809493663
-0.4117371909002864
-0.5398655694296624
-0.6490667116086745
-0.7164004270271465
-0.6597738225167749
-0.5900686858318773
-0.5403268008856766
-0.5380219891848725
-0.5242421725077347
-0.6070446528454142
-0.5905363267797529
-0.673381693211371
-0.6883854448086005
-0.6681318147785134
-0.6949027011156008
-0.6024114670591746
-0.6160682892123157
-0.5133459109603123
-0.5682301583709862
-0.5447180263871042
-0.5400244238278201
-0.6340176525107172
-0.6880428929439996
-0.6084827984288763
-0.518989236583572
-0.4980873769881983
-0.5670037038150487
-0.6767465461408758
-0.651628406364396
-0.6635407494848587
-0.5579056440390023
-0.521933795876315
-0.5789110549050259
-0.5875111252021701
-0.6265987946300673
-0.5761293714157736
-0.5053254516796585
-0.6457528085986263
-0.47858801958281905
-0.4529373906164412
-0.5455086903311062
-0.6186416321958385
-0.5997221936465399
-0.6498973082127684
-0.5849833062677599
-0.5619893544594114
-0.48566198536723376
-0.6136153968648865
-0.6231113497237062
-0.677059414608505
-0.5871209879923213
-0.5247061621031911
-0.5483516761931879
-0.6551952627607771
-0.5809966741604844
-0.4976395894029554
-0.5164372420434326
-0.41706351492728794
-0.4799682123754656
-0.5505636834264842
-0.4656990402648706
-0.6293961785431024
-0.5761304423118976
-0.6299078965624026
-0.6104705311678199
-0.6224180524415264
-0.6259014149230261
-0.6048012445122544
-0.589589488035037
-0.5982715250999658
-0.5687377724195711
-0.43292803126731333
-0.48063173067941
-0.4287589182610491
-0.40267967162141427
-0.3941790974775601
-0.40325574059284025
-0.36570717210663717
-0.406801645797509
-0.35186408382417594
-0.3841567101866488
-0.39981192907237517
-0.38350041449307004
-0.4279356957714401
-0.408992468015701
-0.3779647470064317
-0.475757319974899
-0.5626777948580336
-0.47147673202476637
-0.5210676031494094
-0.5973011981080227
-0.5158752639682092
-0.49845474882720103
-0.5556060504231191
-0.6016390908916092
-0.6283505271003683
-0.6621142342504478
-0.6619353786410567
-0.6565939042965304
-0.5871430941182623
-0.6148882975915584
-0.6682795581975687
-0.6141737755329122
-0.5702991068177096
-0.5489937457359192
-0.4937364524556812
-0.5474405076843093
-0.6550690884139612
-0.5977259686081322
-0.522779495666399
-0.41719501303929657
-0.3337300017574263
-0.42895728717829196
-0.4616961057391953
-0.6058790573625854
-0.5852103149117135
-0.6228502083004264
-0.6553050353048322
-0.5916627911616623
-0.5759213633593055
-0.6047462061262721
-0.5244456804322618
-0.6170432536836368
-0.6189171922229817
-0.641731868459172
-0.6808475557163852
-0.6034289463157022
-0.5939164277339715
-0.6079928536398089
-0.6077902939647272
-0.603609930190818
-0.6144555913212053
-0.6100159977826423
-0.7019997570719178
-0.6196240054510893
-0.5391343631821444
-0.6276951807265527
-0.5495694715661351
-0.5762419375147336
-0.6469688679925718
-0.6455568638653908
-0.6582590942475501
-0.5412367252666037
-0.5387822768125718
-0.5351252466102808
-0.5040447879398483
-0.4646443383898895
-0.6377355679946548
-0.5994999365274247
-0.5575812845055502
-0.5802057393942665
-0.6084758151634071
-0.5786017210287825
-0.6487748894825978
-0.5647592355477448
-0.5736419644801456
-0.5622636123561766
-0.6492034329480377
-0.6307199695116776
-0.5965824865479327
-0.6294314896535055
-0.6570513336753441
-0.5643351692781207
-0.5822535141211819
-0.5740787087247261
-0.5543694926216531
-0.5266553266876414
-0.5092262946440758
-0.6009202456665114
-0.6318117161466549
-0.627834041157811
-0.5758015301282382
-0.6217889438117152
-0.668976213557916
-0.6114414502436694
-0.5705374316807694
-0.6297059053608456
-0.5522085918824816
-0.5295761482609107
-0.6169228374416222
-0.6291409790335274
-0.5876996902907801
-0.5398894901156466
-0.4925551565943282
-0.5121411321087919
-0.42634779482621743
-0.4834031009114994
-0.45925323809202995
-0.4653920501082971
-0.44079384161905466
-0.5442960185868708
-0.5462239828013579
-0.5500309403225522
-0.575318134607323
-0.5938398274151243
-0.5926107162679795
-0.5372316268523636
-0.6169793399048319
-0.6398238453996931
-0.6466448197550287
-0.6375566946428946
-0.604788953781665
-0.506479365261526
-0.48625997578978813
-0.5971975799725002
-0.5651435994482873
-0.6048517736254926
-0.5984252294805406
-0.5927443116387313
-0.6228374023535421
-0.6197033494641645
-0.588723085037687
-0.5641844349694409
-0.5929081995711868
-0.5407950040944478
-0.4628103129492016
-0.5810690360947817
-0.5306808351273947
-0.5721340597038619
-0.5427828644149368
-0.5262405464982712
-0.5947282447662975
-0.5643909074585676
-0.5657200463680873
-0.6384284998519496
-0.6855528252193807
-0.5919520433067894
-0.6634194098332288
-0.5792255789768159
-0.5907444147711292
-0.6470251661719788
-0.676175608366765
-0.6478047409435475
-0.6457847097488518
-0.5627133105538722
-0.5338350767928931
-0.6059716085707714
-0.6445548258228058
-0.6642098007954048
-0.6570732879952031
-0.6365993922562183
-0.5007346761150602
-0.5325033090154299
-0.6097624925013915
-0.5159813186546811
-0.5550737929728842
-0.5459918865161345
-0.5691026132494564
-0.5574916585131818
-0.6027695580836028
-0.556195003932726
-0.5946601516240978
-0.6430330142663001
-0.6257747066426105
-0.6329208204932717
-0.5859501430323812
-0.6413201466908718
-0.6451869141984756
-0.6069138945078704
-0.6771574304856005
-0.6858010668875214
-0.6436619252917941
-0.5593674793817023
-0.6441478295543789
-0.6106565525403163
-0.5355854090600659
-0.5890532172107342
-0.5703967886311606
-0.5982030807584782
-0.6954520709668421
-0.6297527946997724
-0.673589377871913
-0.5569852740035013
-0.6722851603332634
-0.6392521679553722
-0.6181466487044384
-0.6089856903008074
-0.6295322347300369
-0.5497235981443078
-0.6726867766351892
-0.6619462127340696
-0.6252243229134169
-0.5322827774634045
-0.6347860372771559
-0.6250201123684518
-0.6712086212367419
-0.5635775425682165
-0.53251907862336
-0.6377973342173787
-0.6314749705042968
-0.6994952302910656
-0.5426688128465091
-0.44471728319352327
-0.4938374866400909
-0.4050465189647125
-0.4860673299797623
-0.47641856430692275
-0.48127665287617094
-0.40540783245772605
-0.4261175572507889
-0.46008913887909364
-0.5089176010182772
-0.5124364843267454
-0.5508533770552039
-0.6039883892922132
-0.508557805986472
-0.4174127740983427
-0.4840292938701528
-0.47128632817198934
-0.4917108220781614
-0.4591229696191213
-0.4491491198423324
-0.5265568877786655
-0.48575314583572965
-0.4930576498753304
-0.49382747629668555
-0.4247241597016979
-0.5467194027927573
-0.5345791736917023
-0.5767820189979287
-0.6233194050580335
-0.705540089981761
-0.5979789866919601
-0.4633355121583399
-0.5236049238911487
-0.48500987032339604
-0.4765804044098443
-0.4747343274191524
-0.479131347696897
-0.38958334217075635
-0.3015863548006049
-0.396289532102914
-0.46508564742433417
-0.4313086720412741
-0.4178337031047516
-0.4794384588944852
-0.5731156634179255
-0.5999704901158155
-0.5332028263591814
-0.426965378790366
-0.3716124809394695
-0.2962209350331337
-0.39126222512589537
-0.37402053185061074
-0.408112201086633
-0.39789265279292607
-0.4569270070348583
-0.5082608329251277
-0.4937757414507772
-0.48357936234226145
-0.6233089508653656
-0.5404209346451809
-0.4754182170034925
-0.5756847265275365
-0.6853585580934132
-0.6416671658392805
-0.6256097091714571
-0.5852052335588352
-0.6655021714092967
-0.6132173148765709
-0.5930614072291577
-0.6474737495594541
-0.6022792924264501
-0.5017083241854854
-0.48617688629217953
-0.5101803206197386
-0.4977244980338993
-0.5217697943018476
-0.5920019936344874
-0.6164255366157145
-0.5812198478006523
-0.5288198775871218
-0.5997051773645625
-0.5990077229803434
-0.5218972399451524
-0.4444675227790887
-0.5463039201271517
-0.5532285495848235
-0.4987481913216387
-0.5620046463976569
-0.635586111576842
-0.5871031195462175
-0.5541192988403453
-0.6193008568697596
-0.4827746004308236
-0.5335792945469897
-0.536895985997153
-0.5500407277995004
-0.6524214422834669
-0.6819775469071198
-0.6174466682352384
-0.6418001692206925
-0.5970489681941415
-0.6152634011205456
-0.5716098415898522
-0.5421156589881724
-0.564883530354422
-0.6081257415963447
-0.6326966522841232
-0.591873676370299
-0.5521645766640643
-0.535792653148641
-0.6600139844812398
-0.6820472697611393
-0.6236297327737576
-0.5530117463610494
-0.5714965852555576
-0.5504134528381867
-0.49192907768316496
-0.46796617906211185
-0.563361279536985
-0.5024043870293726
-0.5299010926620483
-0.5443447630072623
-0.5995779526995679
-0.48687425737392886
-0.493368305248186
-0.5005421814964054
-0.4254563865607453
-0.5020722946414511
-0.4479790424489627
-0.47935327973268094
-0.5813225205577104
-0.4973465926227478
-0.44733311294582245
-0.38732956453625317
-0.41029541050358076
-0.4398767415016814
-0.4754464364110683
-0.5306311572616946
-0.5765685279360806
-0.5380133071934237
-0.526789211877541
-0.47677908473277586
-0.4901041870576272
-0.4645568859787428
-0.44167224989503845
-0.4128780326945588
-0.5246079003100423
-0.533222777154061
-0.5075135156404539
-0.38628591098041987
-0.4419780403119238
-0.35060642542025056
-0.3856952706328379
-0.3574924008357905
-0.44759764762959325
-0.5020454277979071
-0.48985364957378236
-0.5700892587162093
-0.5886409018316413
-0.5575884018410409
-0.4741139563330362
-0.5407757424461119
-0.4496912833615301
-0.503603537031939
-0.6050024513824467
-0.5466421245235538
-0.5040536288780274
-0.41597290090379396
-0.4390054355964657
-0.48746297314190107
-0.5269077451551342
-0.5127421348434876
-0.6016427568427273
-0.4984525462971189
-0.5226137537172153
-0.43632789971957314
-0.6381057355207184
-0.6230131619781373
-0.6541610875311754
-0.6745530475678164
-0.6618316552786669
-0.5808463498897554
-0.6073155036163347
-0.6642720714668247
-0.65455567471234
-0.5969744051657995
-0.5224480860438412
-0.5913513771131504
-0.6190500114154907
-0.5982737744405112
-0.5713856622543296
-0.6189261472629461
-0.6485769867464026
-0.6886757763887862
-0.7313393781257133
-0.6333154636034822
-0.5247756488139481
-0.46429476823865534
-0.4145019982269768
-0.416970089220584
-0.40422067820769586
-0.4128069067692988
-0.38115753783965933
-0.39117441670752595
-0.32588688316664643
-0.3394095329929352
-0.35525191772312725
-0.35729912315020146
-0.4137018614218785
-0.4709557511983485
-0.4845893744779626
-0.48820261231141154
-0.5021375868836814
-0.5621167846705584
-0.4476431387209073
-0.530944478858801
-0.503840104316252
-0.535781018798036
-0.487231525274792
-0.4697849709312526
-0.5395909466480069
-0.6551215493449694
-0.5821087843979189
-0.50938933571764
-0.6634252770073715
-0.5748205444875781
-0.6072994489584042
-0.561204090518984
-0.4994859656833968
-0.49856570035994247
-0.4226421520142266
-0.5914107917888207
-0.5153048127348757
-0.5199744975460944
-0.5823186134201388
-0.5473322774461941
-0.5447083755146562
-0.5015851064800918
-0.506853976783157
-0.5869032042164478
-0.5818103797601915
-0.6217205923959462
-0.6179159794330096
-0.6265270420922517
-0.6312144910138543
-0.5228709417193339
-0.5229502242120415
-0.6225281753550587
-0.7119784632577617
-0.6464523342260274
-0.5644867595135017
-0.5954919071685412
-0.5240850380538216
-0.5554209977239023
-0.6232109985357287
-0.5066084812069303
-0.6506370864479182
-0.6849677165128828
-0.521310505984479
-0.4652544912562935
-0.4575418114604801
-0.5195359542103709
-0.48665431088798833
-0.5355590083660055
-0.5304618896109051
-0.6102195657241312
-0.6122323155433778
-0.6060926507984854
-0.674606514716797
-0.6294820221917158
-0.7009567349164799
-0.6481226583845487
-0.5778303576633451
-0.6134899718355149
-0.5696377813556808
-0.5678594777797001
-0.5976863768342298
-0.6048363713405297
-0.5421293173463525
-0.5168890598325002
-0.4652190713406113
-0.5056078822093109
-0.5836851319724294
-0.5716596023812583
-0.5555277048452752
-0.5466052301983417
-0.5824160768933352
-0.47446151497147354
-0.4468387574542638
-0.4835501010478838
-0.3881075281331978
-0.4243360837730538
-0.5273041706096966
-0.5109955734858713
-0.5340715684767877
-0.5564011287684413
-0.6482189583836883
-0.6477042935356915
-0.5823248283591383
-0.618806280048301
-0.73663697880463
-0.6663822605928766
-0.6719275154355263
-0.534010569151732
-0.5933528676572846
-0.5139739879956333
-0.4446898968055969
-0.4849155963045507
-0.4767207625919071
-0.5813439070096907
-0.6013014581832866
-0.6576351761760781
-0.5182275059638533
-0.4597953278299103
-0.589730089023504
-0.5113991532419604
-0.5096234287972675
-0.3904571075667229
-0.42781971879827513
-0.44697550139589093
-0.5476039176898525
-0.5381604020886991
-0.6244987634616143
-0.5999625642708932
-0.6540813619623346
-0.7194080998616321
-0.6226980948300955
-0.614674620438041
-0.6598605115964695
-0.6714924615824972
-0.6645536430245221
-0.6525841971150981
-0.6091520802389612
-0.6861600105729116
-0.5646497712594383
-0.6603091033068419
-0.6790188649224013
-0.6395097335659876
-0.567317998343522
-0.5456564182942548
-0.6745762280611972
-0.5810786592127111
-0.6298122257239809
-0.632624590372816
-0.5811398911500046
-0.6033285099104788
-0.5461674101787926
-0.5571773831816798
-0.6394271192415475
-0.6287210059667807
-0.6953936344820107
-0.689421559708494
-0.5528375828585372
-0.5223715578935355
-0.5529072424566968
-0.5498363003365144
-0.6084821662642659
-0.5707961298383422
-0.5542553022283147
-0.6092952336467554
-0.4887131391953114
-0.4760464110659893
-0.4487661112482079
-0.3902401926375574
-0.41367648743691027
-0.4829697430629957
-0.4663717257396234
-0.5581493509571024
-0.5705196586647648
-0.5600745587800349
-0.5411587721158321
-0.6078599426474128
-0.7173059497833969
-0.6415241299875916
-0.645427772618735
-0.6042163831528254
-0.6151912778173946
-0.5049843735835362
-0.6102941292650436
-0.5064803534902745
-0.5825787522035047
-0.5325405991357023
-0.5181766236005811
-0.5753860031276032
-0.6043486558667723
-0.6642853130774005
-0.6620616280968992
-0.5697574615769331
-0.5588797570757268
-0.6009046671367142
-0.6186509772675729
-0.487067304414653
-0.60753244205492
-0.6093221871575184
-0.6404838020000162
-0.5696402131166663
-0.5868618001433834
-0.5334101100565941
-0.4921866461553126
-0.558785487538427
-0.5390466547743704
-0.6109956652513568
-0.6041263135269619
-0.6188190993307546
-0.5092240967515049
-0.412062878482327
-0.5051046380470601
-0.5071099346182855
-0.5426197281349379
-0.5053113607287305
-0.5633122629220817
-0.5327647032652295
-0.5365833055897589
-0.582873374045898
-0.611077913899952
-0.4774538490584
-0.5217438898953004
-0.5054087210446415
-0.6664541797791893
-0.6103893122623367
-0.6217965925649152
-0.510185637763431
-0.5773036824453162
-0.648197642722659
-0.6569659442514459
-0.6400025003939719
-0.6359138784745377
-0.6421419596821722
-0.6195154578295691
-0.6420658961073257
-0.5437112441655821
-0.5681696467699677
-0.7082957285936423
-0.6024027803561781
-0.5781092361199575
-0.5595125169662918
-0.528064655233986
-0.5359595368298792
-0.44592954900888254
-0.5446266393048205
-0.6339295720550581
-0.6978414735578637
-0.6507647143619024
-0.6908656352906027
-0.6762493880222868
-0.5879526479492154
-0.6110429980473838
-0.6525262546803126
-0.6032615216215903
-0.6323464765365339
-0.5554377471851756
-0.6113383578032963
-0.6054422791842726
-0.6122052417965769
-0.6227304565940758
-0.6274996613844616
-0.6310340093407878
-0.6181772722784674
-0.5842753316059414
-0.6370740407631488
-0.5721073069869665
-0.6008042716899059
-0.5456096400339319
-0.5272826652318504
-0.41130294711596493
-0.4314598113034574
-0.47683142887157004
-0.566527783338918
-0.5775118421405792
-0.48309596945117106
-0.5055920517321493
-0.45305779298207716
-0.493155884988613
-0.5031612043574509
-0.612838142939919
-0.6597609246444108
-0.6368577252186233
-0.6822484748185338
-0.615648582253715
-0.7387396569035579
-0.6957433981226098
-0.6500649147744408
-0.5089138799505919
-0.5821109501190065
-0.5506111565204918
-0.5829293075584154
-0.6330505349210968
-0.6583762649130805
-0.5605479438328607
-0.5825198120311765
-0.638048165733752
-0.5732977122697246
-0.5683086452471128
-0.5682574900346782
-0.5352173491423018
-0.5463848267458147
-0.5539896463864091
-0.5354034012344552
-0.5889612095771548
-0.620067402794403
-0.6085001173708029
-0.6410078448327459
-0.5414938398534725
-0.640598920798827
-0.6350188685614135
-0.657959239906306
-0.6091693050957112
-0.6976220292686696
-0.6705720569606127
-0.6038812538305639
-0.6290888427327928
-0.6548654415914683
-0.6569188703820792
-0.6147716215975348
-0.6773358012872358
-0.5185884846541704
-0.5453635912636754
-0.5449141410859669
-0.5388500594385074
-0.4028337535249658
-0.5340964227147085
-0.5461781044641413
-0.5728284945877574
-0.5042270796410955
-0.5676199016439287
-0.6422427853775585
-0.6992507398659762
-0.697066453425892
-0.6145839218840307
-0.6819266867260774
-0.5947076732119099
-0.5835341489299933
-0.48726619993622833
-0.4743597575222128
-0.4684328487314356
-0.46655147134771546
-0.5007447120977104
-0.4921287896365081
-0.5581758640040471
-0.5397194786920878
-0.41730474342597834
-0.47452528652248444
-0.5338406004306535
-0.5067597252428497
-0.4955362641460168
-0.5595508669224181
-0.5837825850059633
-0.516502986781579
-0.592175565966972
-0.556333772819314
-0.5103259575076848
-0.4176694374188733
-0.42184331382805196
-0.4786432234244094
-0.5122100445129195
-0.5354247757347356
-0.495967795670478
-0.3934411403851335
-0.49896929927853484
-0.4644704686982974
-0.5086699703079258
-0.46833988967936435
-0.4439709444815922
-0.40828119881004277
-0.35287280134317367
-0.3823891055835785
-0.4082080028070472
-0.44088261991833977
-0.4730496658040575
-0.5617564141515781
-0.6189999060509017
-0.5718153460716837
-0.6554326479350184
-0.6595821382313138
-0.5869721335712635
-0.5171719039170114
-0.5582887139243269
-0.482981185265547
-0.5849759580785016
-0.5394903328570335
-0.597246885497177
-0.5776254920973163
-0.5277422018802269
-0.559547990803666
-0.5070670163812288
-0.6452280576292171
-0.673565066022279
-0.6218943032481501
-0.6851340119833215
-0.6065896819576384
-0.6704650883662264
-0.6720295282179756
-0.641320614371885
-0.5535871289608536
-0.5851651343637468
-0.5650072110230908
-0.5251616746976224
-0.4284069498867682
-0.461416468602383
-0.4128184874545343
-0.4473087838665895
-0.5228196040680401
-0.48074145723589345
-0.48804926032159784
-0.5099699974936835
-0.5002706833073478
-0.45323621593150254
-0.44501086267247075
-0.459078825365652
-0.48443235456618633
-0.510017187327428
-0.5654016526333188
-0.49949858451803086
-0.5197293664064656
-0.5106864820928575
-0.5149909856076491
-0.49125191585552697
-0.6023844766189944
-0.5953744352640742
-0.6404079244097794
-0.6145350505450883
-0.4347573789515469
-0.5329619540650696
-0.5198914619415157
-0.6476975582747424
-0.6766410131915623
-0.6268589151445908
-0.6476430867540878
-0.6107999015911083
-0.6222529404442028
-0.588863891119707
-0.6360291866527775
-0.5981398446079221
-0.5774773211246627
-0.5446634278051212
-0.6316593258609131
-0.5883736803913016
-0.55608176527313
-0.5027128896412544
-0.5144299654470021
-0.5901729416863685
-0.47812287039288554
-0.6278869114676909
-0.6142308463812509
-0.6247003476200965
-0.5257692366052003
-0.6148776850990081
-0.5959868472456282
-0.6279739618681232
-0.6075992693569243
-0.638804707439689
-0.622402486035997
-0.7020737005012575
-0.7023369259502319
-0.6168061789400179
-0.6103865576119816
-0.5201726547241949
-0.538232813690514
-0.4867514059272284
-0.5416089967186961
-0.4996957561858417
-0.5453215537221026
-0.5709202523034747
-0.5836697704668117
-0.563327000920746
-0.5294506523233868
-0.5648289204962352
-0.5042949972658285
-0.5763409616010532
-0.5798818008686751
-0.581005380907834
-0.5996191940549648
-0.5970874298748003
-0.5929722531067644
-0.5935104764501256
-0.6811863260640796
-0.5833031122173504
-0.6471216987644028
-0.6488699599100404
-0.5836924828766226
-0.500557226933963
-0.5041871761535446
-0.5515528351350243
-0.43359556227675083
-0.3424592408103347
-0.30947773769733306
-0.3701358335239116
-0.3848778455839126
-0.35677109128870516
-0.32493032376571857
-0.37319398080693916
-0.39119307294539596
-0.3916001592388934
-0.44784980321694945
-0.4835477573180159
-0.4358336451748246
-0.4495501184320982
-0.3621428403793613
-0.4340984300371816
-0.3724553569282196
-0.4398431400441079
-0.43508522345679335
-0.4562119553736833
-0.45678425552425284
-0.42699479501658094
-0.4276394334826409
-0.4264423242966583
-0.34107159692947525
-0.40061965546781775
-0.46999479381406906
-0.5362251160406458
-0.530634865193049
-0.5878056365199583
-0.5560370690576203
-0.5042552609610931
-0.6036806007129412
-0.6536063329198484
-0.6529685662908489
-0.701514908255154
-0.692535830491922
-0.5713890998655298
-0.6306234735392138
-0.6633874578538659
-0.6426687356779385
-0.6177235784290014
-0.6076531965434165
-0.6481682406536072
-0.652081516807421
-0.6704065391744362
-0.6310068646752388
-0.5372453107868005
-0.5161236490119581
-0.5494678884105796
-0.5342555655744594
-0.5509795915944142
-0.4796937705267242
-0.614948684571816
-0.5534500541573042
-0.5265133119929507
-0.5103492022666125
-0.5180574532604564
-0.5571259351637681
-0.4906230848791464
-0.5899098756235321
-0.6012028527453097
-0.5212413027373729
-0.5053140090370032
-0.6420357880382933
-0.5403120239835113
-0.6819935036076777
-0.6117361783579764
-0.6305560579460178
-0.6066695846759423
-0.5829839724168863
-0.6502657746582441
-0.56896218354777
-0.5685662157562458
-0.6842346406669265
-0.6470182425728654
-0.6099067944323069
-0.6443985154468312
-0.6493848839796508
-0.5903544450362223
-0.6275809271830926
-0.6189168586490928
-0.6969966378830835
-0.655001078099715
-0.5375939388220201
-0.6258417531093257
-0.5241107914920765
-0.6008022065963486
-0.6340060355242623
-0.6474610248941383
-0.6447253005900163
-0.6216499649400375
-0.5561065014570761
-0.45486511140118707
-0.5745867867914227
-0.6259606244186823
-0.6405227082727586
-0.6383521873503347
-0.634152066752986
-0.4689646983374601
-0.45057989530508535
-0.5533900990308334
-0.5545236072965127
-0.5449704130033002
-0.5092092043790604
-0.4942052004504216
-0.4384711733709213
-0.5221942016938683
-0.5244659433252212
-0.5448279785314006
-0.47988181671061125
-0.5488471999386509
-0.5343554333348505
-0.6505372020850593
-0.5437670790669453
-0.6024421265509358
-0.5411529618389403
-0.5337387038037955
-0.6715040255540125
-0.5165742429882929
-0.5562273379601549
-0.4663904449682056
-0.5572293643558767
-0.5120950102703744
-0.510827706199715
-0.47495971712441365
-0.4666416601149906
-0.46124882630044084
-0.43981887820500015
-0.5550521870182747
-0.5792602298876159
-0.5723687175544354
-0.623242167884944
-0.6516124153221611
-0.5919769406043717
-0.7002886374973741
-0.6549911874226649
-0.654732779732757
-0.5509322647486921
-0.504431167381573
-0.4268461283728449
-0.3858814621969307
-0.5220910871455587
-0.4518810155009084
-0.5127683831714911
-0.38845228234064594
-0.4913467474105112
-0.5688906176441515
-0.5336240754945957
-0.47248687605957335
-0.49577157535567806
-0.4924389039476763
-0.4530426920421718
-0.4854670964787784
-0.4924616304913546
-0.4532904252515496
-0.4607684338963957
-0.4224074410432735
-0.3940246364252452
-0.376429974935161
-0.364630422372301
-0.4576376764968939
-0.5140856875301753
-0.5406012425494657
-0.4886496918228018
-0.5786999213967648
-0.48886220965687777
-0.4232911948448306
-0.49626900779260774
-0.4884457115645253
-0.561736111996247
-0.5729269859883064
-0.6394290376089822
-0.5695831615080434
-0.5709358939319288
-0.5729732560782725
-0.5411418275431323
-0.5955158759201788
-0.5785353998042475
-0.6455990423309725
-0.6725559359357497
-0.6437363443437352
-0.6254557470451942
-0.701045040434232
-0.5952206561707952
-0.6528798245401213
-0.7072159369298137
-0.7257696578261541
-0.6542025177935987
-0.5671924899785554
-0.5506201336369275
-0.5222524249367657
-0.4558863533637906
-0.4610257903785615
-0.5646913245054956
-0.6321702843909509
-0.5669612266301107
-0.6205780868446782
-0.6212639680913102
-0.5838174429974361
-0.6337497145016445
-0.6215010078625213
-0.6304765751424725
-0.6523882705243196
-0.6575167601811154
-0.6210842290511147
-0.6686389998438367
-0.732472153244161
-0.675880372370109
-0.6374556263042688
-0.5284402059447841
-0.5810852436602418
-0.5792194508560529
-0.5287113826903856
-0.545898200066809
-0.5664660399341561
-0.7330094740919544
-0.6983940952586752
-0.6637351271534118
-0.6058521366971168
-0.4289797115516134
-0.42204552122557376
-0.5853176909530584
-0.5598853537296459
-0.5668611234737407
-0.5088953283954836
-0.5552674280168639
-0.46432722912073293
-0.48542620475369735
-0.5730500813369802
-0.5727850379786399
-0.5983718236844189
-0.494482013215373
-0.5680391335413214
-0.4200412208861475
-0.4258878901063715
-0.5396178771482654
-0.585805692170113
-0.5844786991916807
-0.549652480523445
-0.5499195453586442
-0.5300248810740551
-0.5623417634902697
-0.3992496200965444
-0.3787881486906775
-0.4099341692715251
-0.3794491945176043
-0.4015014009178536
-0.43038177619974644
-0.4560236421694897
-0.5034341589232997
-0.503718477571176
-0.5076251397034013
-0.5046796751288634
-0.5109450333934746
-0.4403255734137316
-0.5197237769236138
-0.5751491687814537
-0.6069289072739825
-0.536587782877748
-0.5554048058581609
-0.6908079291461643
-0.6894436626768847
-0.7015957964079422
-0.5755941359786712
-0.5770438314030348
-0.5420953536377615
-0.5530026197998339
-0.5959144344446788
-0.5841886303828202
-0.6182404453002802
-0.7035124039046144
-0.7002570363579443
-0.6615442638728778
-0.6221622972241112
-0.5155406815804925
-0.5171301439949365
-0.5316014363618625
-0.5075497681701202
-0.4750322189760638
-0.5240191190725502
-0.5257229973315664
-0.42636074496506626
-0.4111012272807997
-0.5053765776607523
-0.4724948868021647
-0.42892059197602345
-0.4853027172154375
-0.5309504691938344
-0.4758674528243736
-0.5718203413080744
-0.5656740881707897
-0.6106075133478693
-0.6654084362567719
-0.6609949591384144
-0.5973383733352906
-0.6660148994974278
-0.6457060053845907
-0.6448089652426564
-0.6155484933688714
-0.6859102146440538
-0.6390960829649571
-0.6188138572492372
-0.56318675455777
-0.5888295085650193
-0.6128280899749267
-0.6231398657111867
-0.4880714447032416
-0.49903167732357584
-0.6076393876901608
-0.6358754263180227
-0.614817601415939
-0.6080579373916134
-0.571620478750992
-0.5960458245620441
-0.6868190511057793
-0.5629090437448412
-0.6066671135378687
-0.5488951479196862
-0.6081202813206182
-0.606821147574545
-0.6598522645655721
-0.5171107751305616
-0.6238231338696205
-0.6528535477836533
-0.6396637635881397
-0.5672221670431392
-0.5166720498473546
-0.5611415047622291
-0.6412531486471775
-0.6273388649953402
-0.588040672866062
-0.6524228271140053
-0.6648270737346244
-0.6481910145434596
-0.6484120473735973
-0.7084627488032631
-0.6223956644478885
-0.5846155248269196
-0.5451995492334845
-0.6031180379546707
-0.5807483132208812
-0.5957414883603218
-0.5195292915616038
-0.5631361763036467
-0.538315448250197
-0.4814771825698546
-0.4769137261830467
-0.4593799662376477
-0.40130912936054275
-0.4323915494525722
-0.43960276045854424
-0.4182468061094502
-0.44496784460125643
-0.505305876706867
-0.45890290730095934
-0.4534570559946969
-0.43631578630593915
-0.4645575797833916
-0.43274407623353955
-0.33462232691008026
-0.4495763379563603
-0.44727720968472495
-0.42894933817707015
-0.4663597949738916
-0.49054524597444565
-0.4894316582103043
-0.4580538363828839
-0.5391266854579742
-0.5637637241775129
-0.5438856558838608
-0.5924938324248306
-0.5586780322871728
-0.4789055811905791
-0.5157985841396271
-0.5884232821136368
-0.6700311652861058
-0.6442619981615094
-0.6999853057904307
-0.6830409471123083
-0.5815510825000751
-0.4855772451894578
-0.5972016395126442
-0.5748037797212884
-0.6057604350574398
-0.6054326755281056
-0.6037696694032564
-0.5845926604108269
-0.5598166770370362
-0.510938543431324
-0.48962368543533147
-0.4966262155580959
-0.585980600755793
