-0.6099404537403984
-0.6262333377687761
-0.5995755143916454
-0.5217000970160869
-0.5216452887886982
-0.5460122389894219
-0.5825252657425066
-0.4935272429760829
-0.487937775944528
-0.4133949520829692
-0.43372653566928276
-0.4506952168506325
-0.420772489393719
-0.4119703870192286
-0.4822480401190895
-0.4842034047839494
-0.5315229657494139
-0.4898521970536225
-0.5453694269627037
-0.5897944511676517
-0.5300426696982924
-0.5251483628907831
-0.5288466381328648
-0.5310184407709341
-0.48300254615680843
-0.4112675073419858
-0.36569058252034203
-0.5277084325599974
-0.5349405603861206
-0.568538272000852
-0.5015523974789002
-0.5627023296498835
-0.5428708081256958
-0.4151788227376598
-0.40661272972120033
-0.4784399981632954
-0.5934320427589962
-0.5758558549079689
-0.5455463538861134
-0.4725730843045391
-0.5025289647000999
-0.5126907804527964
-0.46387634570501685
-0.3929274736264891
-0.34318736814096423
-0.3884305912139956
-0.3988377037993778
-0.48177754953428287
-0.5013212090898436
-0.48623730634441503
-0.4897415106389666
-0.5269385796098052
-0.5900389138206316
-0.5961824456416952
-0.5372977036313674
-0.4233027143267596
-0.484438440898022
-0.5119191696821814
-0.5071582263812603
-0.6045070383967548
-0.6545693465376623
-0.5961748715868952
-0.6086972988656264
-0.5614040395467459
-0.4962370651694317
-0.5322994869109648
-0.5482503317217331
-0.4155781713436285
-0.46296588749581125
-0.48050732972012516
-0.5371894953031341
-0.5477692754067406
-0.4940974596779722
-0.49806109451914166
-0.45378818688020695
-0.43384564238770135
-0.4604628047276539
-0.47430730268766996
-0.5146752081684383
-0.5128451057976968
-0.5602802957372062
-0.5465058012017534
-0.4983463447233605
-0.49818745959142097
-0.4607360506289609
-0.41659230365924865
-0.4746184796000216
-0.534712981061097
-0.49517579096927167
-0.5031272118854097
-0.46591749105937075
-0.5321502926977364
-0.48309962193946193
-0.553484415889661
-0.5437214988629233
-0.5303177871756224
-0.4637710227270866
-0.5933679070809393
-0.5090064527225909
-0.5459817206859374
-0.48173948193787963
-0.43536232155780313
-0.3545349977200083
-0.4319106931146787
-0.46332020194598694
-0.48374455411478834
-0.40050784044184184
-0.4098093963753822
-0.4768876878611304
-0.5134029014998
-0.576201591089299
-0.5507071159359789
-0.4720960216874808
-0.42739911007056725
-0.454889385709303
-0.5194840190872099
-0.5213772809977548
-0.43714134896208445
-0.5004776738582858
-0.3683753473142991
-0.35501720096459644
-0.3887387794026263
-0.342279595508706
-0.26160130981198443
-0.23745402346211136
-0.2915632740103173
-0.37373081702850935
-0.3213006302472836
-0.34733871274365336
-0.2946720117081402
-0.36529214087306794
-0.2971241156932932
-0.3800696190583352
-0.39518102169021985
-0.49023337430738656
-0.5257345354964265
-0.5234579598296807
-0.40550086665157814
-0.4936737426226199
-0.49233785737343805
-0.48028870217098907
-0.5031555359567257
-0.4974970489980226
-0.5110085561860896
-0.47023596471219725
-0.44923248746217376
-0.4870266808585669
-0.4881236696551455
-0.5184754868954903
-0.4277996813664923
-0.42796642721638484
-0.41020923078824106
-0.3450122097257522
-0.4028427573540201
-0.4623066858986034
-0.4747754603605244
-0.3129540903727983
-0.35644235194844365
-0.3432486893221028
-0.3556232616990625
-0.22378181496803976
-0.26566186662887364
-0.3430967948894394
-0.36888511078600583
-0.3501727334236464
-0.38214135294743046
-0.41453798012271975
-0.46935701011238545
-0.4820547865843765
-0.3504530754176086
-0.3844873551162538
-0.48740187998746953
-0.45133659597856335
-0.41219126342719925
-0.39823342232374137
-0.5197076513043254
-0.6312877514462218
-0.6224600410805609
-0.5564329119408933
-0.5026613928119684
-0.4946958581486195
-0.509844811786455
-0.5814018911450713
-0.5712373086922259
-0.535240361954127
-0.5475124368171477
-0.5275967240143227
-0.5497794995614926
-0.6228540691223081
-0.6103957095887665
-0.6195136165638222
-0.6634355987300584
-0.663409344903977
-0.6918600490092992
-0.5964635272120672
-0.5629611559694501
-0.5990143604154232
-0.5824464388760404
-0.5750281404101371
-0.506827489959201
-0.42285810037677357
-0.41962410748798784
-0.4709309247052078
-0.5619265860757635
-0.5440763137618965
-0.5221063029638667
-0.57036172348125
-0.5368626698032372
-0.3884387358799636
-0.3868381716025161
-0.34407405288416787
-0.42094989508418984
-0.4195555314679852
-0.4424711038550563
-0.4632641750930777
-0.5861080253002817
-0.6307134562402412
-0.6727046067507285
-0.6627712268842989
-0.5924646056859191
-0.6802006606343188
-0.5862132755434447
-0.5556447436342703
-0.49826479392741513
-0.46921668099925173
-0.4420478271437177
-0.48935351755119116
-0.5438728310214027
-0.572291950380655
-0.5015831848255209
-0.46869087786739194
-0.5001584091759446
-0.5078329862704761
-0.5561192128036323
-0.5357637723095813
-0.5382885573914559
-0.5884582399759528
-0.5622353464542402
-0.5784621379131062
-0.49975505234700773
-0.5382892940587781
-0.4909108609711704
-0.45620394820909016
-0.344794524093955
-0.4609241120913033
-0.37669839038917224
-0.4838982005917951
-0.5220035365243122
-0.4200842651497167
-0.5818383175522827
-0.6114319535422952
-0.7244288838927873
-0.5450494351652713
-0.5611269190435904
-0.5787834141685286
-0.5771807882508277
-0.523838816443001
-0.5387125370108309
-0.5205106611526228
-0.6077492302662622
-0.6254494275202012
-0.5417600285954381
-0.6080984775320959
-0.5590760431494136
-0.5233119723822616
-0.5139437043779561
-0.542361985187169
-0.5584375719839706
-0.5092778590119134
-0.5166892094964393
-0.5601385923827245
-0.4811993812311471
-0.5730985107107516
-0.5375533461123982
-0.47516620043015045
-0.5415306399051897
-0.5401025386160786
-0.5039614237272925
-0.5535926089934918
-0.4911682431497462
-0.4129352580147928
-0.4420752466722242
-0.40767348148855903
-0.4690278672241225
-0.5849338877485986
-0.5661670544140034
-0.44497419864866455
-0.4678403479661203
-0.5666158504597484
-0.5675478986806515
-0.5620825282980788
-0.6506568585795588
-0.5812325020838472
-0.5430115010794501
-0.4998687178505838
-0.4552366445929648
-0.42146245047170483
-0.4925749305843304
-0.5394915485717033
-0.516676170157606
-0.4883512959697623
-0.5211537324138003
-0.43813483665779857
-0.4510485766732145
-0.47681448622404676
-0.49103942514970633
-0.4849492469135095
-0.31205210818655615
-0.2580022753889774
-0.39291452537933313
-0.3624924702076897
-0.273129737195845
-0.34454306758923997
-0.2679049756983615
-0.2826869143296488
-0.23356942789985838
-0.28468372428935595
-0.32686526990902454
-0.3491848883896714
-0.33871959077960867
-0.3448563070391241
-0.31797699656303063
-0.3907877266954154
-0.3579288397207886
-0.360242910813723
-0.4249127292819841
-0.4530982754708607
-0.5569245124439933
-0.5615215215202495
-0.5297573505621642
-0.44380735287247935
-0.4217767148378624
-0.3987057397731587
-0.4086699741525604
-0.4835657618419978
-0.4626261367446087
-0.5297221308797148
-0.38368046643707376
-0.39167433994596984
-0.4791924668912017
-0.5117948467283512
-0.5317226469916586
-0.5491856322358286
-0.5556340129454039
-0.6026218623373939
-0.6289233551158854
-0.6692065904519976
-0.6178455957560847
-0.670929326373749
-0.5698563613223779
-0.5988394395782881
-0.5630173632737523
-0.4649958743942908
-0.5188518182397012
-0.3760479018699191
-0.39476357471290546
-0.4438623741532455
-0.542663375305681
-0.6139453046645722
-0.6454307569853149
-0.5973044569890507
-0.5204181240812196
-0.4647407188765192
-0.4764891977934763
-0.5179902741704784
-0.45106902737732785
-0.5433102487525368
-0.4943687617392705
-0.43574191526551503
-0.37422864506845077
-0.3159906219173334
-0.41874839025445804
-0.3676942222704576
-0.3744948613922198
-0.4009229404393792
-0.41606273196197563
-0.46922237489667074
-0.43505493373350385
-0.40779536829315177
-0.4860955323661451
-0.4678511659519591
-0.5166222135721414
-0.5283037845501405
-0.509665482844864
-0.4451233200699233
-0.44046712708446223
-0.33243865338591955
-0.36347915979076684
-0.3591248255362351
-0.4539367056971076
-0.4946126106107616
-0.37780202020535947
-0.33863017488579195
-0.30664121694554775
-0.39651199926028846
-0.363246080890606
-0.37691748953704135
-0.36217616396398583
-0.43529302274113757
-0.4801387459840258
-0.47415493777096085
-0.3822368822076739
-0.3854766876095176
-0.4985312079836839
-0.5162877012798266
-0.5050700887068393
-0.5241460267080986
-0.618553488600097
-0.5823860183914116
-0.5385899852084294
-0.48132894248760033
-0.48430329798927435
-0.5202320486174399
-0.5145253072921862
-0.5927373250307229
-0.43586371208449953
-0.46770918106349424
-0.5531323719016893
-0.6533413021576187
-0.5900234864711189
-0.5772321259026384
-0.6088234326492983
-0.6119297521625912
-0.5792934663095238
-0.5683257105443235
-0.503547980502036
-0.5615096207236955
-0.5796648186081431
-0.5486189140393065
-0.5864524021355633
-0.5704287253614083
-0.4976728769262159
-0.4841324711884015
-0.46127664481381164
-0.39250943214169914
-0.45964764505428896
-0.47559570638241805
-0.47157588908967124
-0.5498888556825623
-0.5556552912486391
-0.5639801034819455
-0.6178512133561133
-0.5921713059658209
-0.5206273385174005
-0.527246515857251
-0.5783669185832264
-0.5006760658548699
-0.5452361552960716
-0.5053092568566334
-0.6047677553878378
-0.5489146232893818
-0.577233104897203
-0.5146951460760758
-0.5633055024234587
-0.5421628262816823
-0.5250567486787575
-0.4687916967088253
-0.5771146929521836
-0.4906556339974677
-0.5333955880362328
-0.4674303628133992
-0.4786536662212255
-0.4530619801400301
-0.4982939299878852
-0.5054879963307697
-0.5430264961802854
-0.5158833514437704
-0.5107169728885559
-0.6032155624486242
-0.6017896667759316
-0.4910055940641088
-0.4345028819882489
-0.49969118345982344
-0.5147584248558947
-0.45713161560327015
-0.5147957462883797
-0.4477386322870577
-0.44538928844005676
-0.5075010257143392
-0.479403744552113
-0.44666421094661446
-0.5356858017596896
-0.5529650488580417
-0.5896014636148083
-0.5299378120119171
-0.470758776524284
-0.49482770913140633
-0.5240369502313708
-0.5571126714447736
-0.5242577659896324
-0.46566950516533584
-0.4901793504068172
-0.4857744397490772
-0.5433845281528995
-0.4613077218871137
-0.481213956914194
-0.5498374367379331
-0.586034584754146
-0.4829843838416408
-0.5059565797815192
-0.4316786431012675
-0.4997350057781158
-0.5887830788701105
-0.6361423564997392
-0.6231504903370978
-0.5720672000668103
-0.5949493532886829
-0.592443283495779
-0.5063978474989772
-0.5935130536031349
-0.6718917580376877
-0.6149369624122156
-0.5240316606923029
-0.40955791578934475
-0.4839074309719122
-0.5491332335425447
-0.5375729550002406
-0.5133288185030116
-0.5428220698339351
-0.4710791084272219
-0.3335541517479119
-0.38270055173370676
-0.3701821724446161
-0.38635109450450955
-0.4561513051173649
-0.43725750512651007
-0.3962581862065427
-0.41305941842151533
-0.45526030722097344
-0.43337314307639474
-0.3364171601328477
-0.37774187134767284
-0.47705042348677446
-0.5118821172016712
-0.5319045031784911
-0.5484617098005397
-0.5698742347948802
-0.5688345714274776
-0.5670634177222484
-0.5898843088946938
-0.543950184600547
-0.5576802917387873
-0.5463255442031405
-0.5442982835089987
-0.46108843834247926
-0.48164335567781025
-0.6135658313645396
-0.5895495644216868
-0.538471137597569
-0.4510159261107649
-0.4243308971665856
-0.44405715985425437
-0.40367519590591255
-0.4799315519963018
-0.5834432580378965
-0.5664469175110537
-0.5970335560262746
-0.5133011675905331
-0.5184014167744968
-0.5640138094869204
-0.5191910350437091
-0.5554487835605088
-0.5601027938311284
-0.4907776756734875
-0.616676933501528
-0.5928945463866917
-0.5745969828959194
-0.5679870145538277
-0.5909992384045433
-0.5426473607053278
-0.4654027775360152
-0.3888105654072608
-0.39466451515155776
-0.3856021433801531
-0.48205833396715164
-0.4843841759238837
-0.4687892529347664
-0.43047802020984594
-0.46751765783238186
-0.4002980370886277
-0.37375302370470564
-0.42369269083220307
-0.3972321041266287
-0.37989377988820766
-0.3459304899289204
-0.4115755837416719
-0.4003556254333726
-0.4000825948826945
-0.409006006283241
-0.44867466014905727
-0.4591892621588072
-0.3541369793541388
-0.3511649041113117
-0.3513037988125026
-0.3827217358354976
-0.34911445201960667
-0.30539276047173025
-0.36859460647685416
-0.3795271231771617
-0.412646980876232
-0.5561563251994921
-0.5006688033822873
-0.4787143764663744
-0.478172596556095
-0.4563524153579692
-0.3483245309512484
-0.373204757755612
-0.4036131181619067
-0.37512023942678313
-0.3278489744230308
-0.3428841703401753
-0.35546258306622247
-0.3446352352447272
-0.39890839611059337
-0.42215790892791993
-0.3885949177613982
-0.3156405528772271
-0.3353880795927816
-0.3482417363443682
-0.342415151998834
-0.405258309224667
-0.41754493445398155
-0.31227217139449537
-0.47450125430776907
-0.3996138134610901
-0.370702082561995
-0.3947752807539474
-0.42932585458212
-0.46387712379723695
-0.42950692811068175
-0.3564074536439202
-0.37228707083109186
-0.48048745766532175
-0.4692318477177957
-0.46411155333709697
-0.4627940366411364
-0.6342470587257298
-0.5750955121531081
-0.508436751608297
-0.49272370260916903
-0.5148126125292396
-0.523089329763486
-0.558627694710779
-0.540085754611495
-0.584270368799277
-0.5010098241482878
-0.5618641529859747
-0.4936403708928988
-0.47965787174677565
-0.4828713126583084
-0.5014503252673381
-0.5280940080502388
-0.4856715483531744
-0.5700186005614186
-0.502939958264964
-0.5509315936101167
-0.5191023026618503
-0.5743547136172124
-0.5087371506864601
-0.5913722094782188
-0.507635974676555
-0.5311938349905182
-0.5213928506606456
-0.4402361845350041
-0.47082422059536744
-0.4445961692297103
-0.47335877612355376
-0.512088252156089
-0.5022104610085276
-0.40257360090977967
-0.3642300576305534
-0.4016947804656829
-0.4991639855121624
-0.5588665107342363
-0.5541170652780909
-0.5063872788369291
-0.4997055873987385
-0.5589494329319517
-0.5146106526482415
-0.5084681999363024
-0.53542976545929
-0.5102454591235288
-0.4860752272152739
-0.4799536797396562
-0.5415043046830149
-0.5250819945867866
-0.5221033132287255
-0.4124157198110133
-0.48098261726844266
-0.4667441629387855
-0.5406526597428363
-0.5452813349684553
-0.5038410535200534
-0.5435629678355881
-0.5226122636639393
-0.5816792932342668
-0.5066220279926923
-0.5133546002856867
-0.48280714285709164
-0.5101659139093463
-0.5886688638790186
-0.5688634955172273
-0.6701277747700606
-0.6759306929742642
-0.6051835882757147
-0.6366931014416775
-0.5250139780228622
-0.5403178942788284
-0.5587334998717199
-0.5235359846670298
-0.5733506770741458
-0.6355451886718256
-0.5378863060228155
-0.543863994563767
-0.5458882086685141
-0.5403399784747105
-0.47710017068054567
-0.45884491732160726
-0.5903767467580716
-0.5808504960485245
-0.5104116470631502
-0.5017815785575338
-0.5440246335095134
-0.492701521739628
-0.43182976484534064
-0.4660715433155712
-0.5002788776555731
-0.5371558041751583
-0.4704014811423831
-0.4168775782760226
-0.49341763425894236
-0.45535507285761023
-0.5639266395786344
-0.5379975355627934
-0.5425749135346541
-0.5952853434605603
-0.48062907375341113
-0.5685087856751982
-0.6213133133962774
-0.5731410474584119
-0.5787259798190282
-0.5899654041812603
-0.612000369555584
-0.6382930539314762
-0.5187480702159032
-0.6126335996929226
-0.5245197866043311
-0.5209513259887902
-0.48036214871200955
-0.40231108796588566
-0.5085990304781106
-0.5554863168008844
-0.6169300084648459
-0.5230244849953889
-0.4633954682135399
-0.4237975053952702
-0.47034310671931023
-0.4294525237212012
-0.425832130281742
-0.3211623162432443
-0.36704117729595076
-0.3411060413341058
-0.2911910551476996
-0.34816412662452756
-0.2817949179941378
-0.37929562017366614
-0.40666430882674476
-0.38519711113454286
-0.4576038548311817
-0.3556809995518248
-0.3695183648894019
-0.25779560465653784
-0.2971625949729965
-0.38993224548224864
-0.3926045655303051
-0.3129571039424718
-0.3108844976366919
-0.26184261687506627
-0.27073535987726366
-0.3092172955432877
-0.2955943741735625
-0.40747242597011674
-0.49361107811814764
-0.5203964781278025
-0.5554219301635536
-0.5611325085050605
-0.5667739093498904
-0.5690872916975754
-0.5761119496973616
-0.44604510691699234
-0.49406865584832776
-0.4645876382687737
-0.5542745884039868
-0.494961011131949
-0.4754829514484416
-0.5180315483330431
-0.47907376233867005
-0.5171691150275946
-0.5339198586258275
-0.5800969334132923
-0.5326485939160651
-0.6117447769900859
-0.5649655685735435
-0.5370159548978958
-0.47242805454283227
-0.4267256214528508
-0.4993459774033881
-0.46592178250332605
-0.5402674053742
-0.57500282954439
-0.6237483792834789
-0.5933951939970428
-0.5223434716572191
-0.5213043859743498
-0.6004710207404964
-0.5693978705618725
-0.48817391145680894
-0.5355870027744601
-0.5130839465735981
-0.5467074696651362
-0.467325500325895
-0.45215463977787546
-0.3903268535744368
-0.4594110727043321
-0.46520607169458916
-0.46942380939907985
-0.46484154375704084
-0.4804170200558067
-0.5427769301931942
-0.573495483421806
-0.5791226987467374
-0.569367935070042
-0.544742573710514
-0.47118754206665386
-0.5719633457782416
-0.4873752156716784
-0.5291915221555287
-0.43975241812707516
-0.4399164032269752
-0.3658111504956852
-0.34115714940935327
-0.4040182720700586
-0.40306730660749834
-0.45879125647705127
-0.43589417943796227
-0.4387985240466871
-0.4336269558151209
-0.4407773419198908
-0.5204111644638864
-0.5251845234964797
-0.5637377182498965
-0.5907047571069839
-0.6485140026491398
-0.6177346546440007
-0.6318378701017314
-0.5742886143712421
-0.5726061403609606
-0.5307830928095354
-0.5692869414303156
-0.5552709126994221
-0.6055648244161475
-0.536095018421646
-0.5863573564836468
-0.5057708123148038
-0.4347716549317391
-0.44811513766136635
-0.4075497309210058
-0.41007860344190494
-0.4296219092727534
-0.4891575436718234
-0.5610966492771482
-0.5400746997161374
-0.5659649390790844
-0.5206887793918106
-0.49567032672144773
-0.47388269324036625
-0.41877574967150694
-0.4465663153842555
-0.5551738284477125
-0.5128526888701812
-0.55849511538507
-0.557976932132914
-0.5275800815937755
-0.5162226485355615
-0.5291677304881507
-0.6308995917672545
-0.6042908007872968
-0.5831604062137341
-0.4811157117466601
-0.5432456454806449
-0.5076937668429304
-0.4560084891059795
-0.5051258232203879
-0.5278199168369473
-0.5155870745448126
-0.462808740219645
-0.516563026245222
-0.5425547491053774
-0.5806484312092762
-0.5325099554528215
-0.5336535820441282
-0.44313014560034
-0.4945073063446974
-0.45343891517068025
-0.4021540378139295
-0.397641244115211
-0.5216353465844724
-0.5446627387390036
-0.666068011252806
-0.6792216471545977
-0.5730373563101798
-0.6351815690169353
-0.6013185506927939
-0.5706650867621961
-0.5579657972399624
-0.48634964914187157
-0.4502964205694019
-0.46439464659817536
-0.5039073395003216
-0.4093574541501754
-0.3941204037327702
-0.555299403735689
-0.5688007690120336
-0.6212665015379123
-0.6269010081467629
-0.6064123648427091
-0.6298435347024328
-0.5777185490942953
-0.5637503167527481
-0.47541785185174035
-0.5263632785554495
-0.5218184719494696
-0.5064052130838452
-0.46319896187191656
-0.426785846978729
-0.5255975979764205
-0.4181356838098908
-0.4921087719995255
-0.485896372938538
-0.5166675186070803
-0.5206609167409917
-0.46669304054110594
-0.4574455702016846
-0.49115881294344765
-0.3999417503580296
-0.42233730454388224
-0.6256785756285211
-0.5596039494537784
-0.5470819374069208
-0.6295323756506083
-0.5889572926212827
-0.5245007421726872
-0.5037969506032322
-0.44042987471435846
-0.5092986113571133
-0.48126572211100094
-0.521068907407119
-0.4895813240879001
-0.4631647570330883
-0.4662416836601399
-0.495824746887924
-0.4800550602437394
-0.5514286314815406
-0.522125538401164
-0.5325298352550264
-0.48652871635325085
-0.48585713803304065
-0.5085760921453266
-0.4650514046249324
-0.5023533829855165
-0.4279967071280505
-0.5147171320128839
-0.5313955472505777
-0.5598539740780116
-0.5036587006371038
-0.4051855166148755
-0.3598398217277493
-0.4697762065234819
-0.4833697790730713
-0.5400911300924733
-0.46731230967140097
-0.48137314864913694
-0.4393691515333651
-0.4509885573207893
-0.44226579837864693
-0.4687980516620337
-0.4122485945982029
-0.40856908617973997
-0.4702103579654408
-0.4803687338240525
-0.4143612754616295
-0.503214496492925
-0.5200709675221705
-0.5430628913266595
-0.47190605593959967
-0.4616516237737144
-0.5047772188061362
-0.4426256094539618
-0.4142373655278938
-0.4633422496749371
-0.4453335271854489
-0.4198489278211327
-0.4335326667425968
-0.4131541282470654
-0.37139119418850197
-0.4110903664534058
-0.3914353685742457
-0.4381604880267343
-0.41708685243029403
-0.4643057398198366
-0.42323450423435627
-0.4645823877737771
-0.5050590955444227
-0.5453889706048273
-0.5976183217173787
-0.5019763647414703
-0.5095488674331186
-0.5051932315165988
-0.43269285250023654
-0.543375406836254
-0.5490771038272915
-0.555508304610349
-0.6011244642182846
-0.5434040964508797
-0.48187890835693825
-0.5465167416629295
-0.48657014194867776
-0.553382420270236
-0.5899991592062814
-0.5245888810340175
-0.5576947714833488
-0.55368710443534
-0.5825221529873985
-0.49969000619640525
-0.5256896105709508
-0.6438457900944871
-0.5114767482036603
-0.5357901318064838
-0.6027030854587728
-0.6339557557496283
-0.5761396077700802
-0.6145327166760558
-0.5597064555948577
-0.5630992389967419
-0.5881591861540066
-0.5710674801176078
-0.499102800697595
-0.4862762903127091
-0.4956451624051979
-0.5147895901310793
-0.5324154322866811
-0.49651913608739623
-0.5786885538308189
-0.5316698419578229
-0.42984449628491206
-0.4593348019601026
-0.44893219703566584
-0.4245583096495112
-0.46630436330557296
-0.5048000742794071
-0.4512649286870963
-0.37737241836663227
-0.38441696532776076
-0.3787657065718104
-0.2987189235227443
-0.34559289124319004
-0.36149149745366493
-0.45241334947578754
-0.461037818681913
-0.588817173623457
-0.5875810319931248
-0.5859524613219051
-0.5850391357929421
-0.6649663571775517
-0.581526807411633
-0.5826822271584126
-0.5220703590352883
-0.4552843603625267
-0.5401916000657767
-0.5820453347870571
-0.5051331981947473
-0.5826088633441023
-0.5937789562124225
-0.5777611060293135
-0.5511729495722517
-0.5500776287889574
-0.49570152196028494
-0.4419878934860936
-0.5060649793157848
-0.4653114920790906
-0.4749862346554897
-0.5771432800844667
-0.6124866313004386
-0.6327445466459467
-0.5221658554195332
-0.5412492607793516
-0.5004650476957447
-0.4757532679539971
-0.5397069094697596
-0.5622672294272323
-0.5993278042831481
-0.5641244186022827
-0.5262366072063408
-0.5586785143445234
-0.5466894042754917
-0.5936510284798431
-0.5329215656000413
-0.6218874262531678
-0.619317107994888
-0.49170435594895
-0.5433619858973089
-0.5979443459199015
-0.5412041200331571
-0.48542219938621656
-0.4307497866946676
-0.3756945621046989
-0.4009231205922357
-0.4800438080757872
-0.5127211973091365
-0.48835661139440456
-0.47212147133651033
-0.5381847078219294
-0.4667351869359574
-0.5025462039197189
-0.41079662422794416
-0.514716776584119
-0.5328965048546342
-0.5255841060727666
-0.5581592242862136
-0.6140076927280593
-0.6104492422636953
-0.6351863293101988
-0.6001966929791234
-0.5742552550447727
-0.524243127581826
-0.5826584846974232
-0.6373987135430373
-0.6459856111267519
-0.5712039589634753
-0.45626094122392197
-0.41168262219114266
-0.4207231249559328
-0.44098831638263786
-0.5545315956151053
-0.5311483226004435
-0.5125226280818422
-0.5809992788662631
-0.668374640267018
-0.6202563679253565
-0.6290760276814054
-0.6203749722376148
-0.5727175393618837
-0.6183142761435373
-0.6659767237322555
-0.5568037875105644
-0.47827029691414974
-0.49237735121146
-0.5020729218763631
-0.5785320768919504
-0.602796938789578
-0.553633350579756
-0.427051180872567
-0.3976300126462065
-0.330688506746403
-0.38123789376651424
-0.39274051701227897
-0.37287198015700074
-0.4129991185844032
-0.4101853501392384
-0.44277019610354085
-0.3573075071135768
-0.35078276998296354
-0.38859560432568974
-0.3353729876662613
-0.3472557600829995
-0.42806493709964655
-0.45734189142801807
-0.4849042698302132
-0.38670323040728766
-0.4383683145811272
-0.47587681996210185
-0.4871913055419068
-0.46867680556878294
-0.37548478024083465
-0.4135220740702041
-0.46581948430383746
-0.4100363215898146
-0.4562700471758966
-0.3925005065874167
-0.439689098111703
-0.599669791495705
-0.6121958189132208
-0.5379739239711635
-0.6148166507856684
-0.6829524031238257
-0.6393700773208597
-0.6421496567807162
-0.5381394126381697
-0.4908439372716685
-0.42293995096460846
-0.5344950533198565
-0.6015479851138841
-0.525814510602706
-0.455425304026953
-0.47187792655449007
-0.4351524460206835
-0.3911593845058116
-0.43635784826598684
-0.43297957707142043
-0.566988046281793
-0.5926383888153022
-0.5511138319436664
-0.5180597533590219
-0.5270138549425872
-0.5093938467386532
-0.5437479292096855
-0.5274343371003454
-0.4514924023056722
-0.41526575062152504
-0.49152367863400925
-0.4173998872913069
-0.47953438271560894
-0.46177562011535506
-0.49823933283393623
-0.51330854100094
-0.45971537451465067
-0.44944100298186906
-0.5521034684972618
-0.5224717663658732
-0.5205622295010739
-0.54567519770978
-0.5319536293185169
-0.5221739236308487
-0.5224791838293439
-0.49850050377383015
-0.48008659088446815
-0.5555173925049781
-0.5657143547551498
-0.621965744278084
-0.5526171984584142
-0.49411526118931864
-0.40372555631989665
-0.40244640842397533
-0.4057172015969751
-0.4038767336695765
-0.47325411511696097
-0.4481037155237178
-0.40374916868222027
-0.37216434647481084
-0.4016249179810513
-0.31638464307513764
-0.30958539686709835
-0.21387503509480912
-0.2935843747447758
-0.29270665880049374
-0.3636831128360595
-0.4186296548541158
-0.2183544359428789
-0.3312173775393146
-0.326064647416207
-0.28795518313760715
-0.323115710217112
-0.3017624747724469
-0.34531482477305797
-0.276654040757965
-0.28314419728106277
-0.19583876772707634
-0.2947849682914901
-0.32588473724523365
-0.3334657896889978
-0.3688347907241143
-0.3353669348387543
-0.4120762503022093
-0.42022210763858325
-0.4546122706499726
-0.3733948687375578
-0.4325597685078075
-0.4086812325675427
-0.553113954602242
-0.4848446162148407
-0.47948412799347107
-0.5685333484732745
-0.5351660139974626
-0.47698429497654704
-0.5399164272237486
-0.5123832441877396
-0.5457288949091833
-0.432441719762804
-0.4507835271056487
-0.5061865326115775
-0.603462625196532
-0.6599179510441197
-0.5981935552351091
-0.5284263649571297
-0.47208340300912177
-0.45362017097744617
-0.5058653551339911
-0.5339342137417619
-0.5282620749965755
-0.5730092601867909
-0.5705756317410793
-0.5629809497767749
-0.5454738084994754
-0.5030050427303674
-0.4213088037216443
-0.5041982188545417
-0.5071435236329496
-0.4631504646853527
-0.4248152043419674
-0.3519045739500746
-0.4407172362618253
-0.4740084665874199
-0.5183471531681855
-0.44687175183214695
-0.5222214479033326
-0.4547556885820536
-0.3888733301546297
-0.3823673789780609
-0.4608569152322214
-0.40636946014541486
-0.4227002881156862
-0.41674980368158615
-0.3839445034885179
-0.4678056699773062
-0.39546336738489457
-0.4395779668911366
-0.4238636272575814
-0.37473992811521994
-0.40735998407803803
-0.5114827964802914
-0.4469240731963032
-0.45058865822416094
-0.5478839659301025
-0.4680056833426794
-0.416506102112783
-0.4253203639510917
-0.37913177166154227
-0.37120892506832304
-0.3754099653815966
-0.3931045211881718
-0.533092602358575
-0.5925704258221774
-0.6663142462378789
-0.6337666249809081
-0.6597426576198834
-0.5928172520487713
-0.6854495111724863
-0.6368276851846496
-0.6274803235390316
-0.5456112640940607
-0.5761264471533764
-0.5192254101630736
-0.49602643663348883
-0.5213936361299224
-0.5790401055172288
-0.5556175720247366
-0.5717914618298695
-0.48534019926345046
-0.4514970046922064
-0.4337772710907913
-0.4999423810171401
-0.522402233138191
-0.5011395122824225
-0.4941524675949268
-0.5621737965268443
-0.6457359402228242
-0.5769719363474244
-0.5896534628400929
-0.5252083114383841
-0.5468359840491458
-0.5311777011037427
-0.4942486184946665
-0.4331343557604663
-0.44912025998517835
-0.5613069596315093
-0.5324959507551073
-0.4500100752452325
-0.48217491015872804
-0.35632105196537406
-0.524510447392116
-0.5940826881102067
-0.5517019252604077
-0.5641355158237197
-0.5509835261849699
-0.4495969523365609
-0.5382852910321323
-0.5682800322092938
-0.618108836783892
-0.6170862701709146
-0.5588594501439116
-0.4639172914989581
-0.5036467241364841
-0.4451779015633897
-0.45209579979052744
-0.5813998770711217
-0.49156892718672124
-0.42608319713720466
-0.37031577542798366
-0.32876287255262315
-0.30019439326590636
-0.34181807736376624
-0.35315696982736267
-0.24619288763571032
-0.2897908558325202
-0.27918921846545397
-0.30722867240524
-0.27541993608093407
-0.18485227214514632
-0.3351435685113646
-0.43577125587367843
-0.41854827237612857
-0.37196491569874474
-0.5147886545439841
-0.452785804058652
-0.5578764877353368
-0.43040786188425556
-0.48919909139317297
-0.4702633440202115
-0.4886447700552911
-0.5553723228727898
-0.47134760130580133
-0.4249372823981999
-0.4320888598833281
-0.4892986423447199
-0.6072110785100618
-0.544138530648916
-0.6023867158174052
-0.4670368089893671
-0.5650171786880999
-0.5174375009568415
-0.4928945142539936
-0.5808449711205128
-0.5182088108447636
-0.5385322956853295
-0.5175445393411573
-0.567126277718222
-0.479059315749778
-0.5522721265800294
-0.6183229937975437
-0.6177634315642853
-0.6927660077634388
-0.584527977147353
-0.4960812737307223
-0.44734486189242684
-0.5115083882983131
-0.4679474733570972
-0.3545346875495673
-0.47410210271456993
-0.4448886941632425
-0.4498922809257125
-0.37251056092067725
-0.33102415219515663
-0.23537576340801356
-0.2127832471905572
-0.2666339552781672
-0.24474715425182564
-0.262365973730726
-0.3155250069574973
-0.19095131378223767
-0.1955569813382044
-0.25227340661819203
-0.27936894796709494
-0.2882348186450463
-0.3025160958075493
-0.3417715235976279
-0.3989691248474494
-0.3724584981537219
-0.4656562063195212
-0.4389072977801802
-0.48244742229297144
-0.3626114276366011
-0.3708042448494908
-0.39925607333541313
-0.4275877329972027
-0.48129254180093045
-0.535601921818387
-0.41206886332418396
-0.495701071518622
-0.4621117485468117
-0.44991327782795326
-0.43893447221968784
-0.4974297459847835
-0.5281296504555476
-0.5584919783310004
-0.47616619615999356
-0.4816798548876236
-0.5519059839596427
-0.5989992060330063
-0.5300668702936979
-0.4740413221152604
-0.49426342386275385
-0.5101355831973435
-0.542383980149449
-0.48447285733832746
-0.5903866585017021
-0.515080098380137
-0.5578587327034863
-0.4063426124828232
-0.3767227677559585
-0.560076664636415
-0.5651928529558057
-0.607831672867729
-0.5675451656810439
-0.5114370104709214
-0.4678278411537019
-0.46917834047711604
-0.41057650797254897
-0.4318358841156385
-0.38929574135309447
-0.4549954356868848
-0.41216130561429665
-0.396895931910084
-0.40684250777188125
-0.45485871951372936
-0.4711374427666588
-0.60778608543734
-0.49584184130527764
-0.5292048006990797
-0.505777975368198
-0.47863937899402254
-0.49232681513654963
-0.5776204043609862
-0.5332045257257885
-0.4821488447511429
-0.5187329407392306
-0.5942155989715028
-0.6610960294919865
-0.606856570312898
-0.5491379673727127
-0.6132416552849386
-0.5721548247561637
-0.5536160697618688
-0.5045774215202302
-0.6151385404859124
-0.5186825776771585
-0.49759484374974705
-0.5206933908474958
-0.48067893474853574
-0.433862756578358
-0.4225925710607465
-0.3726357611396125
-0.3852720835460214
-0.4626822663087641
-0.4724191670444386
-0.38087945068090123
-0.5315562206436327
-0.46011494092581356
-0.5158572023748504
-0.5848565183013483
-0.5662120388787005
-0.5743108152582015
-0.5759466085325736
-0.5339758478436519
-0.504354641108122
-0.5977701664061763
-0.5651123271655992
-0.6273879488636093
-0.5673886272737607
-0.6005427018997137
-0.4879490535662939
-0.5597291264158578
-0.5707285741955845
-0.5127088130843
-0.582257550964231
-0.5943918069612573
-0.5530877674884709
-0.5511085746496253
-0.6420124724759543
-0.5968156077761322
-0.5404958036156692
-0.5264529037007595
-0.44044026834410727
-0.3333210968356163
-0.4172697909743687
-0.37771318869660314
-0.5470931813749629
-0.5879483012160465
-0.5699023777692979
-0.44464690929734063
-0.44890979729023667
-0.49606598349631326
-0.5179055762223221
-0.5668235539615681
-0.5965837852415499
-0.55766456650168
-0.5456864754876477
-0.5765250366032785
-0.6112054323279761
-0.5773967360398162
-0.43752977810526894
-0.46296156754611706
-0.3811398962364866
-0.36103427809933436
-0.4217012138801758
-0.45012497555275466
-0.468845997991917
-0.48879999245467637
-0.5367326314672002
-0.4940955006747368
-0.46303885764320135
-0.504709070366069
-0.4999640367099536
-0.5763221064436086
-0.5802049624168313
-0.5190656205962942
-0.4825708523012452
-0.46738377615511656
-0.46244929093243037
-0.49148852601296217
-0.5190554883894869
-0.5127344255016218
-0.5219723118457211
-0.4661217921485159
-0.4877005245383644
-0.5042130750769357
-0.5661448914758895
-0.5936866886593628
-0.5545488375217904
-0.6095815534320715
-0.5755312733036345
-0.6033366012514433
-0.6096061029187427
-0.5388045275844395
-0.5187309187858464
-0.4841334827054087
-0.5131737291087761
-0.4849661288839974
-0.4664361707581797
-0.5174050474072144
-0.5041746012434276
-0.4294423173018507
-0.43716602424002093
-0.36360422602976955
-0.3668504376468096
-0.4469724723818354
-0.5240903752025657
-0.47017938655239355
-0.49078913564122195
-0.4964126263617987
-0.40382185051210484
-0.46102157878244643
-0.4642901955467448
-0.45961571583025346
-0.45797981118869363
-0.43664618343972567
-0.4768293436206358
-0.533306853705213
-0.5472382361903082
-0.5236032764927497
-0.4797402933148543
-0.49751875126840156
-0.49395058103758616
-0.5987309522547624
-0.5403165942876567
-0.5099681686558935
-0.47891886344894763
-0.5017453964708983
-0.40865696584108346
-0.5167396822384808
-0.502982526192012
-0.4446102529659703
-0.4234037894745082
-0.4589449796499325
-0.4463815826274209
-0.42464635745026863
-0.42538378471116284
-0.5291366719250103
-0.5209840032801729
-0.5088094599946998
-0.5153310970770955
-0.47366424657503536
-0.4264691956408484
-0.442680935981187
-0.4463038203393336
-0.5910569165123981
-0.559997428894737
-0.5824617727042574
-0.5617681647412713
-0.582489895752545
-0.4627325612831327
-0.4545464644744206
-0.47206312760504276
-0.4093093316153974
-0.42961826701707967
-0.42822819386473177
-0.37741572389096506
-0.42903275118341166
-0.49291071313775264
-0.3867228122366845
-0.40218624402500713
-0.3128925950254434
-0.28144099216990937
-0.3076009018218043
-0.35034423558733047
-0.35924174349947025
-0.3591327704759209
-0.38103088913666044
-0.36989082484007824
-0.3286208607087534
-0.3308679838196722
-0.3869269180169119
-0.38036059119622906
-0.3968366703671855
-0.4522800705327922
-0.5086644305581007
-0.5277686854650203
-0.4536815584357716
-0.5005220367855934
-0.5178676592302376
-0.4800480925380082
-0.573210228711481
-0.5988508176273742
-0.4445574957844053
-0.3864379845431468
-0.36314159315797934
-0.45048782597412074
-0.498159432411435
-0.5557933069877513
-0.5478396259273618
-0.5477873820724403
-0.5254412150025055
-0.5096268277406573
-0.43506248852789914
-0.38135809161157286
-0.43568915127909486
-0.4858708862560336
-0.48015374786432397
-0.3963505182255807
-0.4513737048109426
-0.3472771500479511
-0.3430865372164732
-0.3764102463267267
-0.4459024354313975
-0.3735468219141373
-0.4863136475637437
-0.45017135879740927
-0.5234612091357325
-0.5406009622546045
-0.5846596117637448
-0.5473884657520638
-0.5116246546860269
-0.4239393043412844
-0.46647133201258756
-0.44383231700734366
-0.5114140107023938
-0.5645392928609013
-0.5158578505817144
-0.4178925177479495
-0.48374798037994016
-0.5250630069018551
-0.449657769690748
-0.5269698085383293
-0.49926123700683156
-0.572966711733137
-0.6023685732375231
-0.4660309309658399
-0.5246508769085791
-0.5361039800165666
-0.567176674307132
-0.6096397480763309
-0.5105744065066744
-0.5116255265473201
-0.6153770475852262
-0.6302376036306689
-0.6360799974783149
-0.5739341631791813
-0.5708668308127842
-0.5276894736919504
-0.6455018793336809
-0.6644059155429074
-0.6379140428786679
-0.5945022785855577
-0.5754774167086287
-0.49492594263777556
-0.4680299850749156
-0.5328360689402135
-0.47935758451137983
-0.5113256149657249
-0.5878201618650433
-0.52684694103918
-0.5922969579755254
-0.6138989084371309
-0.5249559717079731
-0.5858464013411476
-0.524800462369177
-0.5449519112704339
-0.5048223895578969
-0.4180217591416037
-0.3983757909396264
-0.49148372190706746
-0.5258568454525538
-0.47573766684888313
-0.4259812494142711
-0.3460089691442953
-0.28602768597598616
-0.43642582898252186
-0.4045660228719767
-0.47549039523762626
-0.5007533310178723
-0.4578833009275801
-0.48276262342797965
-0.4713616343047687
-0.48244495738970483
-0.4788060950189857
-0.48767802931434606
-0.4830078169743126
-0.46579362920182477
-0.5406099400402197
-0.44234269742164334
-0.4700019425418698
-0.42375139794882644
-0.3723483553514142
-0.4722474060767476
-0.5855151811224434
-0.4336931557842935
-0.4255888733236009
-0.4250485930410638
-0.5154771921373719
-0.5505769991633526
-0.6022818036853133
-0.5964051893771165
-0.5935266961376905
-0.608416442192609
-0.5772198741597716
-0.6239654252252073
-0.5347135491756494
-0.538119803492597
-0.42717148582952763
-0.4255878697932044
-0.5100372405926754
-0.4508668629386624
-0.5607550143098915
-0.4438429739404012
-0.48567665984687963
-0.4526534112996323
-0.45048425641766493
-0.47024874870900657
-0.5216872027021677
-0.6380677674415828
-0.5136606705978212
-0.44887445969914286
-0.5839455450103358
-0.47657273058521615
-0.40105654702080695
-0.48594140429599936
-0.5792862847260515
-0.4973953591381735
-0.5234769022910998
-0.5344420785531224
-0.5797039003141403
-0.4945809923234868
-0.5223512352541759
-0.6083728583782746
-0.53270213285883
-0.5199926217592801
-0.37018164944262877
-0.5069339814680841
-0.5023196439748054
-0.6021164725955587
-0.627694896133789
-0.6333313868417344
-0.4683076424020643
-0.44787867567147654
-0.4857802051782002
-0.42038688448466316
-0.519878460718325
-0.46189946200255394
-0.5012158033840584
-0.40361183825610447
-0.33654339003759876
-0.39023620728223907
-0.41569545588996465
-0.4475802894241446
-0.5145237390871605
-0.4860532970198016
-0.5691080505316527
-0.542644448350629
-0.4535249754164698
-0.46971686892507447
-0.4912118595792751
-0.5488792919276654
-0.6368023908820862
-0.5866407677521633
-0.4697392693878985
-0.4596635102321568
-0.3949410889398942
-0.3534377414258994
-0.40564792370124764
-0.3879448922388745
-0.4057681505950526
-0.40255409205856185
-0.49092741007781515
-0.503245980922974
-0.46925422834738506
-0.40625803025730495
-0.44412971657137
-0.42945178570628384
-0.4146941095113969
-0.40042114158082587
-0.3058969800662749
-0.25648036688846654
-0.3108704726703985
-0.41652745978014416
-0.44406341879455613
-0.42236158650542205
-0.40190820523317977
-0.35302671877699016
-0.3369799566754534
-0.42488446727484835
-0.3805552568233939
-0.3969260000341282
-0.46992223343525036
-0.5159650709047574
-0.5204411478724555
-0.5960659390713909
-0.42018051957422925
-0.40354303884917964
-0.4448349144020572
-0.4286524167734503
-0.36803182533205586
-0.319061276685985
-0.2899748542813319
-0.23047715733822996
-0.21475872840075924
-0.30837208022988644
-0.32102370787499906
-0.3475339038278394
-0.3771508008101358
-0.2947175499796164
-0.24963634163390835
-0.2666979012175845
-0.2838770801211191
-0.2987119741868539
-0.19732142427694327
-0.28566234032687227
-0.3022589628718496
-0.3642157026292708
-0.4123793596378471
-0.3827932717699741
-0.2840657024447007
-0.45523397148971556
-0.5277770345293884
-0.481678621643391
-0.4400248809386549
-0.408860903227479
-0.4779377743275026
-0.5722977697862712
-0.5807690343604139
-0.6378420914012886
-0.6509106015168252
-0.55384668109352
-0.5730654214382978
-0.49974132228188894
-0.4063342896648785
-0.5290508130534488
-0.5371617573330274
-0.5911126438211424
-0.5714395768873499
-0.5148720677471138
-0.5096318147663522
-0.5087754291568543
-0.519223978973925
-0.5699839446837445
-0.5791067933527597
-0.5643759098353407
-0.6072194949760135
-0.5859496086905729
-0.488434321577168
-0.4496459809537003
-0.43792219155793966
-0.4758935505075135
-0.47235503617861746
-0.39593363674282034
-0.38589633511375415
-0.3195490320628661
-0.4235790539007526
-0.551004824231857
-0.4154917877538217
-0.39568033510458867
-0.39097298386738516
-0.3937528987931831
-0.5035355481504822
-0.39056353938045946
-0.39721596360546213
-0.4582527137219466
-0.363761159787909
-0.5102936628594028
-0.417066611540412
-0.49783584183259216
-0.5313737872789377
-0.5870063436184271
-0.5647006506268277
-0.5192908417410016
-0.5552498673222782
-0.4385166856315565
-0.4793404113704206
-0.4821101504751558
-0.46610581359418024
-0.42568068405940124
-0.3977515270828753
