4.298820139841368
4.397055264009779
4.421344387595366
4.403179147110917
4.369912265111736
4.420143192072526
4.4263667720452045
4.43828006603604
4.4194441412647105
4.437501391219308
4.508645817605883
4.492074631706006
4.45834351683414
4.430558102471229
4.450862680575163
4.4446642824398275
4.510222569439261
4.458165290001519
4.469852453080503
4.452404135107485
4.467278142140481
4.397127372112536
4.380641995830018
4.39621535972539
4.343243026986242
4.312612821576569
4.285650005313435
4.324348954931014
4.228629664542481
4.34016286003501
4.321115247072466
4.309928246064013
4.3354148603816025
4.346399427400319
4.313752823417609
4.2964412027978405
4.348935567948743
4.345155488117664
4.425969986364509
4.436148970280289
4.441191491630634
4.385328207499934
4.389954975464675
4.377800190014416
4.365366513321768
4.325666003187615
4.316866778789755
4.367443563385026
4.3795572823838755
4.40083965517697
4.355579726360018
4.3346952738617155
4.390328394375296
4.4047186176037485
4.42081644943818
4.3712630811058055
4.333115173374647
4.341424963332884
4.378143354565619
4.377214755888823
4.355694121342529
4.407892754700629
4.356627624531899
4.366229731326075
4.378995441432954
4.392059697907032
4.396678409822097
4.420038849020712
4.4098146566425385
4.47101040607339
4.445278426690551
4.380224234302056
4.368701566449518
4.382754525524622
4.363021611839062
4.364125279300505
4.377447555245513
4.344694967003132
4.321562304824705
4.405897546885094
4.393916137484949
4.4075175764564944
4.4019630448667515
4.386438936227818
4.435783961801737
4.374206669130156
4.365830975598016
4.323476757341125
4.426695995814494
4.44537159816048
4.3574361272347115
4.3488698193726645
4.379067325519703
4.333854087012807
4.379351221572166
4.379894699426747
4.339845634907095
4.350957896749497
4.412290847783327
4.400980366251931
4.392080476314466
4.379400523695944
4.418883937231629
4.4057366433717196
4.446302347260538
4.4308760806748495
4.439495195378411
4.387336120526791
4.407616343245591
4.452549805691512
4.429080729484428
4.42043929051292
4.472709114586382
4.453313833894697
4.412015692944382
4.368171365398915
4.393093226765024
4.4763786852096334
4.466881289472881
4.486508064740812
4.544769445005235
4.573023416271927
4.5728807631680315
4.553369432633489
4.488983692360234
4.481800144018083
4.513059092895217
4.53382372489735
4.59076619766144
4.571605287809212
4.542423675884576
4.540526055038082
4.4722611386362505
4.460981783337324
4.508941810980039
4.535897356085033
4.548873657150797
4.5590676342179535
4.5999866752050735
4.5446609483718285
4.521320924640613
4.527071789273618
4.517997252360332
4.49992269635927
4.496295067199611
4.511108667746239
4.46390514582816
4.463288420743611
4.5036118508648855
4.474923076786508
4.512802050257944
4.503464238916015
4.523150190063679
4.422264639306554
4.465187496741496
4.496264272838573
4.52127632850849
4.519183332682071
4.5478898327275985
4.543427457153646
4.525942675447773
4.526615952494441
4.45265331648876
4.472973250244922
4.465328744092759
4.477053304454302
4.480599103676115
4.4943838430873635
4.413979045860098
4.409419095453179
4.390227439267534
4.472155169550202
4.507412350699216
4.477614093055764
4.5018497800247985
4.420839665408573
4.360509414857895
4.351439990919101
4.381391813134649
4.374036569470924
4.389076522747044
4.385466202967022
4.3209939692754915
4.2875187674540225
4.307190384342788
4.399534198987147
4.428690858972384
4.407043410853502
4.4380568254166715
4.382021669456351
4.34750181754456
4.3501391747744895
4.332233629763426
4.369244214226476
4.41316738980342
4.4213616795045665
4.4085397112964255
4.340115754501983
4.312471949157511
4.361957932812892
4.2954560873973415
4.274423229043303
4.3255278710875205
4.346420206846628
4.381456785069294
4.392238338933234
4.390464503171951
4.369774522254367
4.399416631280435
4.402499999564536
4.405961517120243
4.345740105058531
4.331230890962478
4.350891543808641
4.349544560225994
4.337264545775241
4.417264339184771
4.4041731950113405
4.423789019879852
4.371692014502213
4.370190712351551
4.340391194893745
4.371779104047479
4.335236752776723
4.351865967347354
4.370773035315805
4.335305049501089
4.334979585461506
4.3771033618844815
4.347306968177804
4.350291799722262
4.3257194055046755
4.3397176100123405
4.3755527876308875
4.326648432607924
4.327180408263542
4.259739689672719
4.280671183866256
4.332631211418931
4.318481401444972
4.359387840311212
4.302654096842906
4.361578913217903
4.461416537944699
4.437487177002028
4.4466078894332215
4.469067557441164
4.440965131956328
4.434788491410486
4.383541702890851
4.390539175122552
4.340367831880438
4.329169089914608
4.31466214499358
4.336020940247396
4.31770575868184
4.346288091925905
4.3268080550263415
4.352414775549957
4.392297426516353
4.409858847535233
4.429532058560332
4.447418459462829
4.465326350246256
4.459844113082299
4.458336807395286
4.387164333242086
4.368443311022753
4.317581948850774
4.337336663966631
4.269794139775487
4.368812292314587
4.373175700694019
4.350911747814046
4.4277443148461
4.461000756656191
4.464527540371912
4.3743880335119805
4.336988076983058
4.384495878306608
4.310563274112562
4.319181829575289
4.33100113328523
4.395605871741127
4.40466995564155
4.341675040525194
4.288946509849229
4.35251340980525
4.364646703617734
4.338338484436661
4.361275940850026
4.361354437320867
4.310889586903797
4.3001705229784815
4.370896681824632
4.396336656855472
4.431240352377145
4.3860730831909205
4.393376559114409
4.420067618384382
4.400108033241833
4.4008296974807255
4.421937408054029
4.398036360342314
4.411606441061595
4.375567534130149
4.441170456125509
4.509249396915453
4.5326659212125335
4.46376680126408
4.490506942747343
4.463845437196223
4.467240274071799
4.420698204574172
4.4428990222116225
4.4257199053948035
4.40238405182781
4.451970295763121
4.488881491650539
4.476553414048998
4.398716276388509
4.416031408270025
4.4007598782012325
4.334104522887943
4.407537645092162
4.453780901683801
4.418954832516253
4.346453969501292
4.383373683600309
4.334543207032301
4.265886760119221
4.256037796905606
4.260857545135256
4.360721669870359
4.374027366767939
4.47429597254086
4.53474795891575
4.529723089808686
4.518106791435592
4.495688904412672
4.500836319568918
4.502935442699767
4.504476008074493
4.510614823113439
4.458381878924956
4.441983968644104
4.4175257317563785
4.420901295276749
4.378698027833771
4.4260390680099695
4.388911073889807
4.442108288841433
4.48304558164702
4.464849415998939
4.443206140972043
4.397279455432536
4.385379930600055
4.3806604148798
4.382661248824439
4.336357147210646
4.348884955642454
4.397247343825753
4.397157893886618
4.402925287030245
4.362987020484378
4.389391559494104
4.361246374814878
4.414539423100395
4.467724535562077
4.471780957469114
4.431269609799759
4.420019987939642
4.376604607758167
4.382377938711396
4.319196189261998
4.385202080146153
4.335762636801891
4.304499073227757
4.288821949632502
4.363308691103429
4.440888463622421
4.409469350581676
4.3803060145577595
4.339821330976709
4.300816628668404
4.409395693753437
4.396683812580801
4.4201876185797015
4.42030589587793
4.402221533719513
4.356228774291741
4.291613250193139
4.295307369216326
4.287986525750619
4.2691350972141535
4.281934977104642
4.3129078483119345
4.354979323595632
4.357454502286032
4.3478129596265145
4.426128705077778
4.373243621099236
4.302332258317834
4.360984877703941
4.344152114513757
4.360503382654224
4.412750758236748
4.427089527097133
4.3687690979205485
4.4062521392336755
4.398452454677891
4.402271119148086
4.423826514416423
4.490011481306512
4.499616668857536
4.455225625413558
4.4741055825161755
4.475460830487595
4.48160556962545
4.44198971149174
4.4193330331164
4.429081650682954
4.517245028803469
4.442386967369027
4.465525553994816
4.474708496247712
4.445979590320222
4.389151032858997
4.367682292408791
4.33942659629057
4.316213944981181
4.364649627044928
4.365337703798183
4.336192750465557
4.43122864322968
4.352335719390994
4.371573795080792
4.379432622773493
4.413941849609248
4.337022648281353
4.303832183931891
4.236246511221615
4.206930576843916
4.214361598416402
4.292071987528606
4.3208555420869565
4.380793385920672
4.298797168298201
4.301165962117478
4.33149233280039
4.3037894965314445
4.373946656634942
4.3641436083402585
4.404797021199396
4.432531528933839
4.476281435779573
4.463141487963113
4.432022238261071
4.455661565473265
4.449245275306706
4.398101542439136
4.434916334561419
4.427758882341331
4.439137557082197
4.366167027531928
4.352298824103648
4.38847061490342
4.419725311528319
4.464210291605158
4.4367629239889315
4.4048460212463105
4.3994220797932675
4.371137519348191
4.410401562617847
4.43484080393029
4.4485205720399845
4.490950172583526
4.476085486139172
4.435107655285926
4.445233120775757
4.514011259378242
4.553983162803567
4.5073001725050466
4.476690909566592
4.484073787686625
4.425989158831234
4.401883937677818
4.425260875086449
4.413663126876274
4.430924315518614
4.435974280182807
4.462715248314948
4.477532983805054
4.487724305666315
4.454192985552059
4.447692828228286
4.412927994513735
4.470883231695132
4.452745444546213
4.403498566371486
4.396356002270341
4.378051469407485
4.452931786331361
4.4901103824981226
4.487055861565349
4.554024819887004
4.51885494250554
4.457501586747019
4.4872275645286805
4.4269028460488276
4.434643257382952
4.434022846469896
4.460158636817232
4.390049455785724
4.414080417837507
4.40839900526733
4.384451828052839
4.436838063635898
4.438775002867711
4.428128142373017
4.410244602624185
4.465515067466207
4.385650580913173
4.317200663352338
4.373282096271334
4.40783519879259
4.406198767790077
4.418943238609519
4.408883728726116
4.344273830737514
4.405967943866546
4.362824368008378
4.325536160901664
4.3175921251063345
4.3139408848545235
4.3692010753274495
4.358449231895376
4.382045535891687
4.3368559230666754
4.388398591785447
4.4544263041094565
4.48094564019771
4.496422498879513
4.475672930434547
4.458629344264568
4.506370093435473
4.515774224250482
4.5159276872435274
4.47790451722445
4.461547369178826
4.479594755577073
4.442190842407393
4.475563451603165
4.4797148598894365
4.442796207871779
4.398612094475127
4.339983694597212
4.360650078680489
4.3909028291358645
4.405544716389146
4.427803318596451
4.43497796008544
4.511076862703797
4.469108015287825
4.463147011586612
4.464932839703536
4.508178538751573
4.483000369401399
4.488059201506007
4.5269588210182095
4.47772658741504
4.428820918983784
4.417101997902978
4.414713460036872
4.345180472470734
4.3168025935458525
4.337977653563554
4.4328763211686715
4.434718185093097
4.3719620266033825
4.363075860870783
4.373058448753965
4.444240706525225
4.47077196914828
4.417027302239202
4.394064032134437
4.360444216867091
4.362495313326317
4.364101820233783
4.34715449195019
4.347734100913419
4.3832849071367646
4.447530482430175
4.427051190028366
4.47099826594534
4.40177134700321
4.362872650280905
4.3762738338915925
4.412724998694741
4.418691852450108
4.3952580754935
4.375684054089312
4.332406581057673
4.321441657863445
4.3607829890607785
4.269923552460603
4.2714918213991195
4.310336070321122
4.32322777230939
4.27741782153659
4.32887616640721
4.324589618292807
4.310700698658288
4.242659630717013
4.274800454332731
4.265611710194859
4.334922995964304
4.322839287597188
4.306855111425773
4.279263248540021
4.279666859979765
4.253661303967906
4.318426804782439
4.357195700473914
4.37255811974176
4.340341857581404
4.2887891244974945
4.334432369266576
4.284445744980527
4.310533784409465
4.306680471823343
4.273485270328912
4.293913552229288
4.283525997961373
4.292287333973947
4.269588093913154
4.334334761848407
4.389521644071262
4.4099925468743075
4.278606320902524
4.327897119209813
4.321257962475661
4.347137253512287
4.4409693235089645
4.406453354557483
4.407449831118848
4.416751441867299
4.403583773153098
4.389467298495992
4.451807297198814
4.46227499073618
4.409588023898932
4.386994618814134
4.417946423914589
4.429797195309717
4.38011105135999
4.3706459606523635
4.3277662295355075
4.313734464764501
4.344619519378721
4.393306381845226
4.28623776850865
4.276172075945548
4.2774528842678645
4.32508961983434
4.362048483086249
4.336249879901776
4.371724775762165
4.342133692457368
4.313666372985386
4.3186415536756
4.341318383939666
4.357184023744934
4.369712095739215
4.405941196865732
4.43236607628916
4.391099402849041
4.402374267173068
4.422237951254723
4.453588993159747
4.45263987310748
4.450404302569165
4.451694876990613
4.435518161307659
4.434024851588786
4.413210985626453
4.404537525767802
4.356147862936479
4.361635610967146
4.3713701384534716
4.45282801193215
4.477027201825932
4.504724037140179
4.498831942509913
4.500550073652699
4.438097837126087
4.455551817597684
4.450051847036144
4.41760483755224
4.412042567728577
4.408336598137906
4.386007362380383
4.367599123642371
4.466456334692289
4.417762176619638
4.421386668613712
4.3934152271455424
4.385428548416968
4.402671486773829
4.451688049519696
4.426741535877683
4.425301772330355
4.411692630124325
4.406474988258113
4.3784648737367595
4.406997337872453
4.339460135217207
4.356734761631324
4.385408242170725
4.437147890870952
4.446073888513597
4.4417515758701605
4.438818547925291
4.458701984110874
4.447288962431361
4.475488975697224
4.429321326244935
4.441224981767026
4.452686404377572
4.472288444991955
4.477317251637106
4.470611857891318
4.477506482254363
4.472186414276689
4.390770827971994
4.393060793993962
4.404049814793801
4.431524275342856
4.417627434209464
4.413931055664264
4.4311113710982095
4.40371441735828
4.437477533017302
4.485714597941995
4.515081766322805
4.52639385440762
4.53701054024071
4.516200225378024
4.434512298583009
4.372794057121626
4.373745669532361
4.391633183471205
4.4150332499365765
4.433455514633768
4.471310032148785
4.461944138483695
4.451973692736154
4.4682155496572555
4.483716478521347
4.484100869838388
4.4123634431569645
4.377803591873826
4.35895885891512
4.3151192650313455
4.3737590274539455
4.374157616536692
4.376334763732713
4.393265279650962
4.390782164390862
4.375061700821975
4.388890633684172
4.366310367541117
4.3499958696253564
4.320506119817229
4.325807189251502
4.360957893354577
4.361583454728723
4.390508203140306
4.403737700218502
4.395088211013402
4.374824530143599
4.387054193313279
4.35225259256274
4.379645900938836
4.388586412190459
4.350836437888711
4.302473831667698
4.347950097906866
4.3450525004280305
4.304738741078139
4.362776128597067
4.390655058960789
4.37398301621753
4.369404325299572
4.406314832484138
4.427296126417225
4.414615098749659
4.365859223925669
4.391787648037532
4.385836467369841
4.400319623151431
4.398311645706803
4.409585383153883
4.416932844908301
4.3121275366628655
4.298465083623949
4.272851524938286
4.294202606438503
4.277058990278224
4.322849860960138
4.368125772819173
4.354051261694436
4.402219386184419
4.3550462203467255
4.376192256195374
4.4073492590241985
4.416323585888308
4.441138688874287
4.424488751170379
4.388542519095076
4.431902606409843
4.422376171019683
4.385773000913534
4.403355343677324
4.463144322668868
4.422364296633659
4.415205250590823
4.49175719149932
4.471528623688948
4.455926344541125
4.495004868935701
4.509842954120547
4.465837183972379
4.499188095207855
4.484023289523902
4.440401554999916
4.445025694590187
4.478736274315229
4.386589274568628
4.271616982446239
4.2640547748699
4.233921202999264
4.207382556181436
4.28617293710932
4.299312246523551
4.341108021188419
4.3173944715044135
4.322578663006696
4.354836607784232
4.399259250573561
4.405743797873886
4.406878846177856
4.438270469174056
4.440370182186398
4.4366824783122984
4.450962792995634
4.416382745993892
4.41112742395908
4.372348195636
4.403031931232642
4.432797793947927
4.424396762489201
4.453375629416561
4.431814619611124
4.373608787762233
4.459375493596408
4.450958544917086
4.380539366896106
4.348876907301258
4.421248177011725
4.3485863628682955
4.367334536507713
4.3116296314817655
4.385138892140805
4.449657563139006
4.509747995114371
4.440624564754541
4.409914165905209
4.406430345265289
4.440535279668396
4.48028427406855
4.380668497327079
4.392743072453301
4.4323676017763
4.412337850332855
4.471428171162914
4.475330934121249
4.487760056422921
4.469960231083554
4.479737046161329
4.481369596089508
4.427021226418183
4.4377024728078664
4.444970844914895
4.478861118951569
4.472614875726441
4.4197908316657495
4.45946371124098
4.446532472082221
4.487055632624015
4.458843388496165
4.423138756522099
4.421549413085599
4.410928353122077
4.400558479449188
4.435982772244628
4.348012122346367
4.384056436867199
4.44041659835611
4.461891804537289
4.512593130494802
4.541025493980096
4.5212582864618005
4.514703079139087
4.478705916749334
4.433547329987003
4.386928117777947
4.374123348422056
4.371300245885525
4.369988729305765
4.376482473578325
4.4121467619511305
4.486198605765038
4.477548629303202
4.45045102997209
4.419501992633475
4.4027733225187875
4.392361558708215
4.380470613639821
4.4350539632498105
4.480425205613452
4.416125153055651
4.4069744919871585
4.4234928305297565
4.453164389764464
4.473175088795964
4.4562966799293955
4.529223944138017
4.525915149827811
4.495938449745244
4.46447200865285
4.42852749367832
4.441078738763762
4.476946634366562
4.420631961489594
4.415132961933183
4.441618572657343
4.4602571596315235
4.48489075807968
4.415896100935865
4.456644605302506
4.4653411793819275
4.416853139392337
4.44485757798054
4.413388570479246
4.387658724042429
4.407235721907971
4.4230973921491366
4.418774582365442
4.427725972901752
4.390884408560635
4.341172436239888
4.359508788360994
4.362070105281509
4.409981159297019
4.4406693509732635
4.431590717351266
4.4622155277605335
4.475283132085086
4.449964286339706
4.507495375997934
4.499968117025126
4.473655586449967
4.4844985765146035
4.481948225604631
4.441737409508406
4.426586378926526
4.39532391612216
4.399208945865115
4.386235212394775
4.401876711864967
4.384161107530638
4.379684940829576
4.3611071269443515
4.395865631790333
4.344269557160102
4.334683321613642
4.4003755628318055
4.422434615333568
4.391115784476483
4.40128128896602
4.38702843190171
4.4112844961682205
4.383015438798591
4.373397049019218
4.426816645504827
4.471717686594759
4.413946356484043
4.493824412678078
4.461962927263173
4.471184528612334
4.449651832674679
4.42851801215421
4.430984434099005
4.5159976732629525
4.551163791711623
4.519698028507408
4.560965470971528
4.526006268482425
4.531398417552398
4.503314134274015
4.461532577360557
4.430977259863223
4.459986278132612
4.452283109470784
4.476205755997746
4.443671617233106
4.371185087773824
4.391850015760841
4.420325424288393
4.442117874895185
4.377663543681541
4.404568032351062
4.394416517230508
4.395162330476918
4.360842481593566
4.3529894319890206
4.372143113842002
4.3894663500670275
4.355871997255282
4.357401156025314
4.31317049594632
4.349483212714432
4.3437259782146445
4.342252727578902
4.295530839323274
4.367188979958706
4.328015304315057
4.306806694002517
4.240530858583696
4.199633179872789
4.239872678067074
4.290119130705645
4.365975469421681
4.368466739749207
4.383069985000097
4.369083897364921
4.338312707674675
4.340583681911637
4.368723177211766
4.313858490558461
4.325685009096889
4.418400348690475
4.362696394229884
4.3874399641440744
4.406249832854847
4.436079878924258
4.438330564475464
4.417749551271899
4.332145432495953
4.357205284632415
4.385158856505365
4.314754341752142
4.401259743232726
4.424686685168542
4.3986353563659275
4.44289588809645
4.507522992129782
4.500604341614718
4.503179393923819
4.414839147195096
4.365815648470894
4.2896257828980495
4.254524518850765
4.31635895523576
4.307517233400762
4.262109351060798
4.316255959957623
4.36249471288033
4.3634708631690495
4.356519599965379
4.424821175191435
4.397473041100652
4.429588674593653
4.349404666953801
4.310447638817446
4.336214219603382
4.3488598318840515
4.371692965627098
4.412983677579121
4.39081709820846
4.38986324954843
4.400853366051215
4.388321041819191
4.4536655250339585
4.440333401585294
4.499797649224195
4.469697279732806
4.473322732485394
4.461381236618797
4.565723536500654
4.518069835820644
4.522906959787776
4.474170772193508
4.3894365474900345
4.340891661877766
4.343989953984032
4.334783915839046
4.3093092443802234
4.342184835328578
4.365262442347824
4.40231214069019
4.435398239265648
4.417523100450455
4.454298550985052
4.483232720810141
4.516684936578714
4.534035159058563
4.485318819071539
4.518980415174541
4.51394679046304
4.523676998228996
4.500133247558267
4.510275521979264
4.490905294969878
4.4793091001540715
4.506860066524729
4.5030067989651785
4.507613398147475
4.474253648455683
4.448287340561552
4.391943606873662
4.442400542199431
4.460450323515672
4.467913929148704
4.500245172530306
4.426871920158353
4.387535815674779
4.338632488925221
4.3817581460747475
4.406542477707339
4.380654697851166
4.393749000858836
4.387045003311585
4.384997297523799
4.441279998745739
4.444076430586317
4.358470703074607
4.371192226179485
4.376067981809026
4.388017111370307
4.425448185825516
4.415174422986366
4.381289218611217
4.386106197715616
4.378562413962168
4.397755457459731
4.363696220036385
4.43119349005073
4.435272940197034
4.413940050467157
4.39132227241984
4.410153391371568
4.423399071553767
4.3906034456483125
4.409383546905881
4.378789811495357
4.3701626657631065
4.357828286197467
4.282688650079698
4.282630700912082
4.2722113147081995
4.314134282162934
4.335382519240063
4.348862965793408
4.3398466141600744
4.418203865789587
4.385845961360701
4.438260809770042
4.4250039769434295
4.392293520337092
4.3715627790222085
4.3388234831711365
4.343893313920186
4.3468044272980695
4.342896345514942
4.292102309935
4.3116584116513685
4.344061762221385
4.317782528639563
4.325106251577291
4.319959557575986
4.333687336769702
4.337465795330459
4.400842341012195
4.442564880717683
4.394156191855989
4.364975298648588
4.421367979319437
4.386546847624821
4.4146181535346924
4.423845571139183
4.445357621614368
4.462240663296372
4.4194331258554245
4.455460463066642
4.479387175374599
4.494609937817731
4.497359285977702
4.490468459616231
4.519334999818863
4.467036917944409
4.453960527028226
4.4422677310398475
4.456335139496995
4.4815650915832554
4.473590918468423
4.454988999408045
4.3873773293058616
4.439568478618465
4.48444662437583
4.455108743091478
4.435616090124117
4.433820839251934
4.381762038702191
4.4375563184423985
4.380979016577061
4.334122692903135
4.356671919454369
4.341350734966266
4.3790323310489265
4.397792826552523
4.389403094449026
4.4648981022706264
4.473317168583727
4.4718749767217725
4.4496466602392015
4.515607823822697
4.4327021810609315
4.458304724912464
4.44859423285301
4.463516148911245
4.443905084421616
4.444155928111725
4.420962714218772
4.474481749612681
4.494747125973232
4.484851780758224
4.3714645888147965
4.367059207348798
4.394836637030044
4.411549804338355
4.36833490558395
4.405358381290876
4.420645193937943
4.498117791563602
4.418184666992643
4.429959739111398
4.364279592394183
4.342777299974827
4.400005451400521
4.431619359716897
4.456869669509828
4.467562518217306
4.435461068086625
4.350630397232316
4.331409040825409
4.359712860196876
4.396625109793283
4.44232868747421
4.487223441680932
4.539617925570665
4.56825929397548
4.584912902627448
4.567481976026145
4.51953283350666
4.478482637038047
4.4554830549752875
4.450639352725321
4.456791614026245
4.4783378573581265
4.42936594678711
4.311847513963308
4.382983340198448
4.399534249108656
4.427847097292603
4.405488424899875
4.342663368999409
4.378272516506841
4.41623458996537
4.379806886706067
4.34526449434607
4.344509034368297
4.363380610080075
4.328945199526292
4.360196006939344
4.348786436872631
4.364937600722013
4.389504866222643
4.340077073619047
4.323301386489699
4.318676710637235
4.319097247720012
4.327307775343117
4.332589417823173
4.303587128415638
4.338256421550179
4.361524802917431
4.344115792920671
4.32482531435039
4.344929017887976
4.285953588406189
4.282833412460092
4.274255464327993
4.353705574011516
4.284294194389107
4.357350558959366
4.355880365467444
4.372015898903892
4.414720891053033
4.407685808550344
4.375361339270097
4.394327942858871
4.4152802420961015
4.414070444116117
4.425281714016343
4.413077266998549
4.397229264679292
4.350490940353183
4.3439180931988925
4.42290923576976
4.387514701978302
4.434048656631761
4.371287344339411
4.392667943459756
4.391110718787376
4.4894664149399786
4.515483643720177
4.488094018141007
4.505373579371045
4.440602325264527
4.455366615527758
4.47343096517362
4.472301750262915
4.429406471857736
4.4303524651083155
4.375178002252767
4.359645540574523
4.392748219327056
4.421339058060262
4.400418084133751
4.382345691354007
4.359779940965607
4.376356874413269
4.434293103057504
4.5300884065695675
4.496247270182994
4.519340631431638
4.549120995295002
4.5597837056451915
4.548993367230687
4.545970341649845
4.552540412959366
4.589281308970636
4.605192783488954
4.578596896797091
4.568082411917585
4.612979851954307
4.586726883865088
4.550048815606259
4.605481395111378
4.547996703233438
4.4728969063592645
4.435589030140966
4.420862965029396
4.4147469859706785
4.528486205564811
4.476192536567459
4.504790871647551
4.4702407580556685
4.432772348881823
4.430909363290089
4.403215947387652
4.424996092412496
4.357568689167722
4.368508967257151
4.397548169665811
4.422728536610597
4.45463038185538
4.485227717330796
4.406284631851839
4.381441896642594
4.360891826184639
4.400714165349239
4.367313897425393
4.353475341290369
4.354440959187627
4.345045843730041
4.359147161315303
4.320794559551148
4.332106621731158
4.331146099740951
4.307879934179744
4.253895198397456
4.313674607358264
4.411341747590192
4.424177469777234
4.4504930186239635
4.475255696084691
4.475126839409079
4.422315986169021
4.424192535687592
4.443997998384863
4.442121458285097
4.432778966952095
4.490532846590367
4.4393548272843875
4.453503700403649
4.435236800243893
4.395658899068027
4.383055128480629
4.3424295638026305
4.366815943809974
4.407422964083789
4.396220815528876
4.418474911249574
4.402011347436209
4.366548438069884
4.383844394063252
4.419069638790258
4.400354738840232
4.355649744922462
4.345832905231337
4.337406693680316
4.334013115257355
4.339642805165631
4.371610484336661
4.382210858747573
4.342274780876368
4.38211563914324
4.430308461830457
4.424956744317054
4.45439809537594
4.393070400604718
4.416949463811893
4.4050897667106215
4.403949477220678
4.38830080267795
4.431302904339069
4.377193086844721
4.425003502508789
4.438873192050912
4.416718462938453
4.411929583739051
4.46395527694049
4.5101431514728
4.45719735391834
4.470249982436227
4.451064479283753
4.4171312437937775
4.396033656609622
4.354087756375028
4.360905869802905
4.39316500629154
4.406422517116393
4.4304113894987776
4.407395513075717
4.420636609220775
4.396929827382455
4.453378259571093
4.4806161758014085
4.475902247382594
4.482688948679427
4.405834357644143
4.376989990504659
4.357790863264253
4.458795295015671
4.383934149099534
4.391248481875784
4.410235492424133
4.442923303604237
4.430737125106714
4.375379921957532
4.369089434649148
4.35556759448679
4.421214822650185
4.4101411470373915
4.423735871004727
4.428518761949905
4.509106650760164
4.5560719275101205
4.510570737426777
4.471566977969994
4.468840690329532
4.491873564900471
4.462854193938637
4.406954471583237
4.455648078147397
4.425927357817642
4.39555697245877
4.350465562127342
4.371175673103445
4.429210681953426
4.428059861591389
4.406266021884877
4.416156175380923
4.421755891295611
4.391965587793378
4.407969035640393
4.411218669704299
4.42273489429744
4.429595618048898
4.421337142296726
4.398121997349474
4.352351063426083
4.365899749063557
4.387976364805706
4.396092924226429
4.34258754198501
4.338870023653521
4.391452915468288
4.372196554128306
4.3875265397276975
4.398252549099631
4.417623709170202
4.375893102335314
4.337555139602398
4.291491373011359
4.362708886543492
4.3716890702806435
4.345913177531819
4.339858254947253
4.398551163745093
4.3303272936181
4.275292558574652
4.28575438034568
4.266207009295094
4.316383611872889
4.324803612325597
4.298700524134424
4.256297651906939
4.260838167017518
4.27243883879448
4.376138840950324
4.372676481294826
4.370180522964387
4.355210697794996
4.358806572761717
4.384380559801469
4.35385971243827
4.376209467058307
4.401355609601397
4.449355424240237
4.429545481741327
4.412591041368208
4.448554200243986
4.412742441185598
4.430061058594811
4.436560463230854
4.436721139437443
4.401698828331097
4.365216026880927
4.398318990807706
4.407469914096898
4.467976486478465
4.458268050467796
4.52029896979498
4.472690020029713
4.446389246683298
4.466168325530824
4.511779643183371
4.514263162677238
4.496296027247381
4.542987269480243
4.476657855398828
4.458343718796287
4.395882236603638
4.402257031588114
4.391643087191717
4.434791725249203
4.4773230927912735
4.456202673044427
4.428489514627933
4.400141647645198
4.387235887917104
4.4494739328228565
4.469242550111208
4.486765641054577
4.564649574999697
4.508486342622564
4.364634734969506
4.3487147419842085
4.333786829893326
4.361098569941685
4.313274662344629
4.288003272371007
4.313080995933436
4.291071877856092
4.240611122562399
4.293747358223689
4.281087170394965
4.312512530692833
4.329069979283262
4.271411672763769
4.324760591131255
4.364872161205753
4.3531988433624145
4.385437496405776
4.343409997220882
4.373662623075448
4.300904774242573
4.290979539748174
4.324181690404943
4.3307166921537705
4.2733844834064465
4.266658869628189
4.300721460339571
4.275043926337473
4.280434717462109
4.348674647452501
4.322427546208899
4.313479798819756
4.309123650132609
4.35484935732934
4.35993378816822
4.290647076833888
4.312647427145882
4.277905449816583
4.20321730668681
4.230192028586565
4.231108214180527
4.289841774107608
4.314080783733727
4.314992870515588
4.350772510199144
4.434926012310671
4.42980406428319
4.404664911724725
4.378676564171372
4.4205974474574425
4.38162733569658
4.415407319358847
4.3676507411241685
4.381362144939479
4.409471665672471
4.390530923877432
4.357483572732639
4.369199073291663
4.326213351051771
4.353321739820272
4.324281086273085
4.395705879297004
4.4229428467692085
4.398318390002083
4.4172834565016235
4.3835343607971575
4.4121520988622125
4.429047367661371
4.472439740520821
4.435314763402802
4.472660678438994
4.52412932050954
4.498394317284722
4.481472127748923
4.447426325740874
4.42893575836897
4.4323083811754405
4.430165911633616
4.489785774276583
4.484721575632504
4.455803441020414
4.460327449745636
4.485510362349308
4.461947930001727
4.461344594542292
4.427839139364925
4.453723403644054
4.358686936040737
4.334642968540401
4.368952757866868
4.373398680332108
4.3361178041890955
4.371969906211893
4.344742011928927
4.372565122590174
4.395431956193785
4.420668255888578
4.455247434769559
4.450068653476649
4.478824353848845
4.455773647082899
4.47379193050162
4.472251004684524
4.511645450142283
4.467481479476181
4.473207620894501
4.436769630587243
4.422671735608386
4.3423419788118895
4.366220759025314
4.393951815801626
4.425842667699271
4.469651984710929
4.435109888076011
4.46787893320698
4.490107704727732
4.567262530189902
4.555650111689577
4.612856989298406
4.576545597407288
4.529515591418059
4.541438574243959
4.501367900689079
4.520231246436771
4.468004798918289
4.416343429843932
4.394583617545744
4.43240023703027
4.3979205099538365
4.417561622778219
4.42219709142379
4.389314660213894
4.389445666110523
4.422514103295596
4.471734603806492
4.411439336064467
4.415059135783905
4.329218329304188
4.339421492410361
4.37336742856437
4.433301354166599
4.4563896521285775
4.441082286090154
4.443516370101216
4.444363666022665
4.440999130186166
4.481278780978485
4.43957586250138
4.44958377053516
4.437280700005611
4.431985733585759
4.471732990539414
4.429948722831993
4.430759526600814
4.394119264887532
4.4542824152067055
4.458953063438683
4.485725337710648
4.500059187586077
4.475671062595716
4.513064775019188
4.492056915170741
4.453126475470447
4.42030817729125
4.440391642797692
4.433175419844481
4.459106851202914
4.490650475436476
4.453601604379147
4.429210960714058
4.459488383040012
4.468771536482922
4.432613069299715
4.463815779692373
4.419275442178927
4.435858175607657
4.377470463933961
4.382813494689426
4.3977131969979295
4.359406040310985
4.305977164663032
4.3117651235527115
4.381929111864698
4.420649571802201
4.4289282146338005
4.4574379715822765
4.46969176434993
4.474772969515916
4.496553287759058
4.5181477545494815
4.455060765681368
4.41259566163837
4.447828738677847
4.466737823779245
4.455074415491657
4.433910082813564
4.433550562983459
4.397960137234783
4.352066260638838
4.407822613633489
4.416095851158674
4.406902437372866
4.413112616527218
4.390386514696177
4.380367520464656
4.4022224157789624
4.360641707102801
4.3819511331541365
4.365529554841183
4.444286844737119
4.3667538354461
4.354905117459806
4.390503140781511
4.385476476637191
4.418370508578255
4.432725547812725
4.381141722270355
4.343522117802996
4.371378433890876
4.360855209734067
4.429044029878469
4.420002236957902
4.428881384522504
4.415445591835633
4.478493056555865
4.397521652375888
4.396579648987289
4.3625066231360705
4.382580643851055
4.419244283769205
4.430870464269027
4.4410030214266545
4.393647350314348
4.4774266441897455
4.4770169781929345
4.403118086032843
4.419005631439343
4.41324062903459
4.389642770380593
4.41338275475531
4.388822268197975
4.42241664739734
4.398675130949188
4.384098085316741
4.452967418407784
4.433863845376616
4.428704389317931
4.48371851913339
4.470501011169657
4.425981378580188
4.399553026306683
4.405086808434263
4.361950338087798
4.355138269929768
4.3307116961784935
4.315483980028441
4.288371682009314
4.342270681230807
4.24982963468931
4.242304818416881
4.272843975068426
4.314726802111054
4.314729208088973
4.348801562427084
4.32687270668618
4.372049235761392
4.379223835820573
4.417511307572822
4.347855173785702
4.3760481284643085
4.345058043488941
4.3398625049910935
4.251640550640148
4.2852080704795705
4.304749319369077
4.310528545086157
4.359236147474131
4.3410380596083735
4.3623267894113225
4.3306032961599055
4.342117929938064
4.3250326383711695
4.324000763999227
4.347433271420563
4.267313365404203
4.342161930880381
4.293786975136908
4.339896367085775
4.350472782501824
4.3428434297820955
4.287402816440896
4.327364019195181
4.3832244143956345
4.3559831004045035
4.309899254991047
4.338776404103539
4.381895277017085
4.39940093472591
4.374305307454426
4.278290760736895
4.358167796431509
4.320439734738016
4.342417074191806
4.34606313202777
4.3696294632534425
4.3576598244457285
4.331962014077883
4.3313909604098795
4.3138346215365955
4.363689679350287
4.335227196527207
4.3667421259907915
4.369559964565731
4.4018006439174435
4.414526818016513
4.486245642898191
4.503201529739008
4.517235443858574
4.492809299131869
4.475841915829735
4.497619003005009
4.4484308425126375
4.500118906656694
4.503489597268241
4.563403331282733
4.578892597706661
4.585814902532626
4.546008739431373
4.5841758705955264
4.569485281344237
4.546413762789871
4.564808564482713
4.564789636091358
4.512984234698814
4.478218553347282
4.397437621010425
4.398252190506099
4.375131662423072
4.428981837152676
4.404340081422626
4.408084365706993
4.457830609429043
4.459364469604896
4.453421209685211
4.454107733605696
4.503894033092827
4.422837309956062
4.467839727100869
4.505515444243767
4.488916688273235
4.423067243833415
4.389795391482107
4.414022852643735
4.38213461486605
4.459684418305439
4.457752892284142
4.432680870487503
4.3876994393701105
4.433535727191117
4.427636429463609
4.4079419043103325
4.4253756744354575
4.426154722025574
4.422374591618745
4.351567130505294
4.377682520082365
4.496057665726009
4.414089682304865
4.378675505508797
4.314806040327614
4.242377858943971
4.25715045250944
4.263236214584576
4.271385704998605
4.31651204389651
4.316398115322542
4.316642748206139
4.331669270580679
4.352329505718518
4.395265387911802
4.324005837249667
4.338697326796533
4.377971382897775
4.278784337986425
4.274574568520257
4.274560965041778
4.256698811323239
4.319732633330296
4.273643989971544
4.289470917714528
4.35155250057871
4.378680481356917
4.420427983843696
4.429397722221588
4.430410823535863
4.473712961052754
4.445725393104643
4.463029096562333
4.462400971198589
4.437301049856957
4.412226518902734
4.444303548668298
4.417014329042325
4.341490188930964
4.401660994571965
4.474540764320445
4.460346958337845
4.413480043655966
4.328053459858122
4.313390505483734
