-0.3440434292274538
-0.3732566228772655
-0.4009022530295071
-0.37151662486004916
-0.4270155019015246
-0.4765713260595562
-0.5505157467494102
-0.5540334069103752
-0.5248490910749298
-0.5161763467839181
-0.5686567718310107
-0.5446512772713433
-0.48613108006823874
-0.40753804910028574
-0.45851533393109883
-0.4489617208672077
-0.4480144964536515
-0.4635882037250511
-0.4491065644816641
-0.4676265292363083
-0.5124906449052735
-0.5123574700450452
-0.4702041534568029
-0.40719822902911756
-0.46280752199143227
-0.48338531549085273
-0.4494360632182624
-0.4818908553732076
-0.48796313897089766
-0.5491989092653644
-0.5506715013948326
-0.5307177120140284
-0.5124384787527304
-0.47157186194957984
-0.5000359507915344
-0.4800476563670028
-0.5049315520513705
-0.4644300178821514
-0.43244321055700974
-0.3968221663655633
-0.4462330356758803
-0.43063249636887807
-0.49379589579900196
-0.5043970278027248
-0.5106692357808946
-0.45152950299670025
-0.4785839743801884
-0.48604249980218983
-0.531887482131524
-0.4832538337221944
-0.4467914618882869
-0.44351395882257383
-0.4276470232188305
-0.49038537266420595
-0.49714019769958784
-0.48862381502800384
-0.5032597185586918
-0.5396613598962317
-0.5437526785391587
-0.47841385195034797
-0.46928967533061433
-0.4555648034749203
-0.40769127310268594
-0.43539254771337094
-0.5132553168187164
-0.47262256749990655
-0.4585864442738992
-0.4529261912871947
-0.49858739290521303
-0.5123380427457156
-0.5067963471286967
-0.39840162706087684
-0.3201231361807864
-0.3495673201983892
-0.31732323903097653
-0.38108516689930294
-0.36569147874867214
-0.3849116784963023
-0.36564974633471614
-0.43196064361375475
-0.47417615483030584
-0.5300280847744776
-0.4919250120551086
-0.46912184191770895
-0.48731296218737447
-0.4437331117168233
-0.4229047454059274
-0.45998600625957276
-0.41335180551559153
-0.3734622318073619
-0.3569976043477552
-0.3354942114310431
-0.39570104359535146
-0.38490134397024406
-0.40916999014345146
-0.37482982947613885
-0.3579076568762479
-0.36382992121484853
-0.35039871984259474
-0.42002127564670777
-0.45266588908935995
-0.5354279959185144
-0.5165211191607115
-0.5118708195903011
-0.4968377803931628
-0.5096500328506821
-0.5817511481321492
-0.5444100289394356
-0.4989417404677408
-0.47005855033554633
-0.38817441530400765
-0.38779764230665686
-0.29207469656141993
-0.32937784014359117
-0.22979049796124615
-0.2155827951741515
-0.2766955043576005
-0.3105097569686973
-0.3309352841925687
-0.30564789865448594
-0.33602101001427886
-0.3818505663024469
-0.3926826639681568
-0.43243223341363973
-0.4814039661897778
-0.5193652477054936
-0.5202664249794176
-0.4640131096367673
-0.502139223133104
-0.5210254509975307
-0.49533905683493046
-0.5717195779093749
-0.5112711311483333
-0.4758053249342463
-0.42846373413862765
-0.3505237303890777
-0.333793306019819
-0.35539048621628927
-0.39459015041306256
-0.45379772658514433
-0.5101055025165655
-0.5532585317702042
-0.49355737827439344
-0.5190015435940101
-0.5166900306786031
-0.4496746630953489
-0.47881282024855604
-0.4453814117008548
-0.38876527919259496
-0.3646177260360065
-0.42821433700081535
-0.44101590422846393
-0.3274669022858734
-0.37295426018049027
-0.4256983537835568
-0.5008983411846164
-0.4857965408317792
-0.4728270833156055
-0.485246596683228
-0.4573133064305182
-0.5091841595715826
-0.3718751651233132
-0.3414371474789553
-0.31821991693487917
-0.4254475025603935
-0.45576286908964575
-0.48661745819501623
-0.540138611685568
-0.5146719088511802
-0.5055492145464595
-0.47414557255776413
-0.48334594274419396
-0.35272422349491434
-0.34296650685632274
-0.41715668895232244
-0.4209860369506635
-0.4943154667163759
-0.47861796008476737
-0.5831272608811424
-0.5493679718388094
-0.5658880291194206
-0.5438656204365764
-0.5015494425784333
-0.5570017638190512
-0.5145242249178401
-0.4982873424288445
-0.3848726663453188
-0.37369588151585376
-0.39992331742041126
-0.441656529844185
-0.4658471702569733
-0.48621566260786014
-0.46365659196193354
-0.5367565198288727
-0.4629590182343373
-0.49661386724348183
-0.571410726954858
-0.5113668997799832
-0.44486273796178033
-0.39676534683131315
-0.5169119352211928
-0.516862553255489
-0.5187062844816386
-0.504854049981179
-0.47824806655848695
-0.40664652339899987
-0.420286619593576
-0.3978450617825086
-0.39350034926662253
-0.4999784641910827
-0.41970944026778356
-0.4807199092400539
-0.4357484456012472
-0.4010553453288477
-0.3679102251054135
-0.39840275295047894
-0.46227524189092317
-0.38299261778911553
-0.3821537320952421
-0.41292241990663875
-0.41198353938348625
-0.4757839527855753
-0.4974015578851281
-0.447573801812206
-0.4304273599820726
-0.43769935634690765
-0.4186043884964625
-0.4613950356102154
-0.3348001898050282
-0.3391926502517404
-0.4067071504821817
-0.4023007752591731
-0.41479756440300475
-0.39158714856543386
-0.3912751732648595
-0.33657287400569075
-0.4814958309253304
-0.5323838395385497
-0.46875805304865076
-0.49249411636032103
-0.3346771195931661
-0.3827976278257241
-0.33303605622512494
-0.30533861471630924
-0.3073365731316891
-0.30401290129384667
-0.3277129617868966
-0.27907984182948614
-0.2916435469469519
-0.35590121596963714
-0.43390425441359703
-0.3768684796707464
-0.4297152392666508
-0.492547117180606
-0.45673085512197353
-0.5155658351893125
-0.4657592341331604
-0.3825167330779341
-0.40917154189925714
-0.39389197496591905
-0.45930867510311324
-0.48906035373221585
-0.49387505537601517
-0.36489050366489895
-0.3623704255527804
-0.3713441774638116
-0.37114231935083514
-0.3070810282400273
-0.31621340516902263
-0.36923431151293024
-0.4283806181020628
-0.47753051683862563
-0.4971932268103869
-0.4377375849606126
-0.4937931761849821
-0.5017369765596047
-0.46990462782439135
-0.46517072974498735
-0.438774132800662
-0.5351639798828791
-0.561969253266535
-0.5060575684368337
-0.48150821149632345
-0.37413063125215773
-0.4057644241604038
-0.4055400537741558
-0.32549164700197875
-0.3398301765175185
-0.3573573088723328
-0.3085054641004687
-0.3346949510877165
-0.33385317143446996
-0.3838130657824811
-0.4107329459924439
-0.35439859891198505
-0.40464358577011733
-0.36635565875740106
-0.28184012492351745
-0.28436466247905706
-0.4076516073696187
-0.36614686308537103
-0.4033031674285494
-0.28575735313218276
-0.36741875914181893
-0.2845141813656937
-0.28246973505240885
-0.26613214598012475
-0.3383270922953112
-0.39812659127769917
-0.3943430243617696
-0.43428230267374646
-0.3437331366609616
-0.43475049534355564
-0.32169561863080953
-0.3889594172806912
-0.4442754889988276
-0.3996301838100242
-0.4045832431402277
-0.38879350272869173
-0.3953643048947283
-0.3371563121371674
-0.4576166272327492
-0.41620594891896767
-0.396346128874563
-0.44929402826426923
-0.47232673439655765
-0.43104357302344926
-0.4298250121247164
-0.4567245186103558
-0.44050657588155606
-0.4522001056630929
-0.39150040309697975
-0.4576064496771373
-0.4884839894903308
-0.43988055813075433
-0.3560749420993303
-0.37433289188786206
-0.44529024723539995
-0.5490153259862076
-0.5077786150712388
-0.3981870755196511
-0.344901973612211
-0.3569219113061482
-0.315209544377622
-0.3723555620811181
-0.49711464048348764
-0.4539047318856745
-0.44952119978084015
-0.4509848905724455
-0.3708060367693755
-0.36763752638431646
-0.27074368406680804
-0.3276071072994656
-0.46040759398365055
-0.453089882409508
-0.4087938084805496
-0.40351132874539514
-0.38275433780339757
-0.33149053617667684
-0.3839661784467196
-0.4181696624623958
-0.394696285709369
-0.4075757850144869
-0.3681950045788915
-0.29844009299815577
-0.29548390296853977
-0.2627058729278066
-0.25184951577971254
-0.32600291293325845
-0.31995601269001717
-0.45606858541432926
-0.45523927154780464
-0.44302585082114454
-0.30394934036398197
-0.2780249518902299
-0.2647270318429103
-0.31268346644465606
-0.3747776668738525
-0.3932332821639326
-0.375583292906347
-0.45235358066646564
-0.4352574844729874
-0.3667222014652064
-0.3899595487614974
-0.29081804051581833
-0.37292811288049854
-0.39598044907435254
-0.46183935101279994
-0.5052647208064751
-0.459256991751341
-0.4149517844916034
-0.4808273615635742
-0.5610799727562341
-0.5409710353570956
-0.4877843683927063
-0.5025567811397936
-0.4973711464980496
-0.44861793938478556
-0.4563596865098027
-0.45280205588998185
-0.4982075517127299
-0.4796589534947817
-0.3459285950390925
-0.40727985450612536
-0.4770355475216954
-0.5205223478847356
-0.5572921554577065
-0.4876707657448206
-0.41445315644968217
-0.518757699948794
-0.6008704035891498
-0.5592543843646139
-0.5056709281164369
-0.49492501492437085
-0.5101148576506159
-0.5795642492106253
-0.4757358213862277
-0.3941233469290062
-0.4121486305048192
-0.437878295611309
-0.4938328370183141
-0.46950103873098586
-0.4496475672196942
-0.3947216691818458
-0.44806962786288973
-0.5128136708554747
-0.4555978532718217
-0.4501310508965691
-0.4055474889418627
-0.4354023885503198
-0.32284133764818357
-0.37101487647189646
-0.38266496671844774
-0.3822389249540934
-0.34751987858222966
-0.42988719427571087
-0.4139795287968097
-0.43458436058443667
-0.4372178215639665
-0.38750554291640654
-0.40481696835631775
-0.33527927539072355
-0.39640786684228435
-0.45523741297460074
-0.41597826502339896
-0.4397381616741183
-0.4268455438686819
-0.35818362652983554
-0.41275235663885934
-0.5082182574146564
-0.5072062242672966
-0.49499327697804335
-0.5090621806524711
-0.44461652716335875
-0.4710749026342094
-0.39531949075340017
-0.4539611125131565
-0.4633901018726904
-0.4672664104271529
-0.47941797687794296
-0.3772531897025131
-0.47222141703168924
-0.572018353126071
-0.44273397091094246
-0.4392953132671188
-0.4123837110967337
-0.4069499391642039
-0.5224592342089371
-0.40419394829193633
-0.38081374680932306
-0.4065844007122557
-0.5195716133864178
-0.5105695987969806
-0.44211693635486116
-0.47144484817800547
-0.472771412694793
-0.45284637299653796
-0.4896895630313633
-0.5221536833821928
-0.397311058157999
-0.32308022239915213
-0.35196299359456695
-0.46914761328400717
-0.5210690647762288
-0.4992619261687915
-0.5348218532473796
-0.5704921213798047
-0.6105145293630668
-0.527567641137459
-0.5117263250266194
-0.4349933438050565
-0.46059553643675655
-0.4479392556200234
-0.4201720232967084
-0.41660764881336326
-0.4171466210182278
-0.4444883760603065
-0.3790025791260417
-0.3643249655766082
-0.29128986443993743
-0.3311366528570474
-0.3885840470229709
-0.3840352015751984
-0.4477822965048526
-0.4027857937871911
-0.41990780212431356
-0.5057327228010626
-0.5261650260331482
-0.4648328323906955
-0.4857062696394159
-0.37712640112467116
-0.41866793222759047
-0.4257490661844584
-0.3754920911217506
-0.37676031059247306
-0.3828858754607713
-0.36134520920620206
-0.4846501556610212
-0.4640303838514992
-0.489289702414864
-0.5296699929660111
-0.45176667830878636
-0.4773866195236569
-0.4777047341697959
-0.4732543004007381
-0.41509934900002754
-0.511369081693255
-0.4490081649355949
-0.4134169625978066
-0.41309420615869746
-0.4374346176200964
-0.4150360306807304
-0.3853395010887204
-0.40849280347944134
-0.39356018176526236
-0.43433893288942754
-0.4159855579669286
-0.47725308731845134
-0.355419446788294
-0.32646146599184445
-0.37961194318116054
-0.39601588615673994
-0.3994794989291536
-0.46880827177723705
-0.4383486039435042
-0.3703587538647078
-0.35086800342817737
-0.43324988269733405
-0.5376360180383926
-0.45136919348557347
-0.4591681657826107
-0.3703857949273289
-0.4779356840960329
-0.5658451085811718
-0.4775249687203338
-0.4368982162473969
-0.4412711382420927
-0.5463462660813749
-0.48693389086424044
-0.5285308054473773
-0.4830307772648561
-0.4359332819766364
-0.4671794048543807
-0.47296223045555896
-0.5176046782127204
-0.43097658907185504
-0.4646893403805287
-0.5254821585232272
-0.4801517320358004
-0.5146860586225087
-0.47976651977027773
-0.3720441374100269
-0.29091658840120904
-0.32385400717437485
-0.4754641137815102
-0.4927674719352314
-0.5287493139541855
-0.46372040276262144
-0.4157818340422111
-0.3763925779445889
-0.48287226786357146
-0.42718976490693716
-0.44965497722029096
-0.47576180140471547
-0.4331925937615456
-0.34466727487005566
-0.4819885146819955
-0.49822572172240676
-0.45858228405438334
-0.44735160469359964
-0.502280747693793
-0.5255413253183111
-0.504154179580348
-0.4515618365823737
-0.4607769305043048
-0.4835766788442305
-0.4582480939956139
-0.4336191178903319
-0.32269176488246276
-0.3087093446939253
-0.30720302114803805
-0.2751057954510175
-0.2771251217840853
-0.24498959974681328
-0.21734934989285173
-0.1710166415211575
-0.19258718966098828
-0.2181874435551947
-0.2413367762919709
-0.23832355643781794
-0.320357208379086
-0.29687284704034334
-0.3199062240601316
-0.4148986591389819
-0.373511724653988
-0.33236839271554547
-0.3749079059883371
-0.45254628594849905
-0.37075530704662785
-0.42683512875994745
-0.42344962875830294
-0.46623441862364445
-0.4684814579386774
-0.5323404208235406
-0.5603102042069752
-0.6119280537193446
-0.5003809114354182
-0.434030248461288
-0.5459988180388753
-0.4875718319115968
-0.4272823854547392
-0.34859896744053603
-0.39399093216869197
-0.46206415689512276
-0.4512820084322535
-0.48477126254959857
-0.5195095313419911
-0.4511615480982738
-0.4095823799362839
-0.3336414578646876
-0.2738456849912092
-0.34539149119691637
-0.2971971673773086
-0.2824211902504057
-0.2680213913322005
-0.24050263925865095
-0.32020351651846096
-0.28911226731411543
-0.3606372522289577
-0.41465821212114445
-0.29310466908822486
-0.3439331997223526
-0.2656617203731176
-0.3020923085767428
-0.3235804771868952
-0.34881739140799933
-0.29529198801032813
-0.2771636442600609
-0.2896228000410349
-0.27453916922483373
-0.2790260197599563
-0.29791170947118634
-0.2686364179275338
-0.21415813740599435
-0.26923303110139973
-0.3117643346711483
-0.3814318254191936
-0.30551327712696064
-0.25922607003749776
-0.26168274677944087
-0.3111313044477393
-0.2758265968402732
-0.2638692411356809
-0.2514035205411085
-0.2843358486433998
-0.300082081334265
-0.2975333312265686
-0.2973966637708735
-0.3070308852997541
-0.3825026104320322
-0.3678931160610937
-0.31771197877286494
-0.3720438167658921
-0.38775573462809254
-0.422380020393863
-0.4189794624535087
-0.4082808770895678
-0.44636055462677643
-0.5223461320265715
-0.5525951918520667
-0.4931107819949179
-0.5717587193086942
-0.49149755719331695
-0.3920495857528783
-0.36676141532216
-0.27736654895338203
-0.36045372798527275
-0.40209982849105874
-0.3543449871958838
-0.38522648672067566
-0.35629874433938596
-0.3498604220782833
-0.41862525039042736
-0.4188504950871275
-0.5332073775953448
-0.4444117327676782
-0.4770572080563634
-0.49569650971508206
-0.4864249288593982
-0.45181570313786507
-0.3395353540217071
-0.33440356732340326
-0.3570627874987235
-0.36871447889553893
-0.3803551100568922
-0.381580174968616
-0.4320799157409487
-0.43382187993055354
-0.4141241471181102
-0.41915070801398896
-0.4273464118766516
-0.46301973025896326
-0.47176189420249176
-0.5222619572026775
-0.58101259835353
-0.49979351748506856
-0.5004593300946177
-0.4845682835728031
-0.36886727773504735
-0.38675131177900424
-0.38399246210754023
-0.5168966758604359
-0.5041321839367565
-0.5314425312294582
-0.5211794559889154
-0.5562573464878197
-0.41575921682647277
-0.47690991744348
-0.5303821887934006
-0.4550735433395202
-0.4090406662318015
-0.39900836249807237
-0.40058867031337575
-0.24775267710378868
-0.23693420827744546
-0.27538873201171166
-0.23678914534531223
-0.3121437858130168
-0.2604821149105468
-0.25989314039946476
-0.3176848089449395
-0.3128069255805885
-0.2644889421235761
-0.32855069871564535
-0.2819506549571037
-0.28119840029968757
-0.3106419002103834
-0.3054541465984447
-0.29693460349040496
-0.2926490714847844
-0.29092842179921136
-0.3483206522710718
-0.372069273434397
-0.3448389426757263
-0.38297923603999384
-0.4071728970584028
-0.3685727317013992
-0.44367343970394263
-0.3786924250937909
-0.4175650336782087
-0.49268063874707296
-0.5861746906204237
-0.5763599033782827
-0.6329919283861453
-0.5175123970216599
-0.4522414993750484
-0.4218808867464974
-0.40890902657665823
-0.4195951950925564
-0.33869507226160095
-0.23950792294660855
-0.22364981776487636
-0.2700796371270666
-0.27746047933006707
-0.34389323089671336
-0.49451399176258615
-0.37581762910027333
-0.43439535942028495
-0.3949463793930379
-0.3335093719450251
-0.4120468692405406
-0.3979413622948653
-0.44175320735481544
-0.3448715250918443
-0.2800816231483512
-0.29214075010679513
-0.27395133562221413
-0.30031031450055135
-0.383974326097726
-0.34242809417456016
-0.356902819700448
-0.37502331657697824
-0.33962605455093997
-0.27398962565601553
-0.3008842991033361
-0.3212514888822492
-0.3067490631353472
-0.38872621528808116
-0.394392916046023
-0.4394495193209453
-0.4609901201822446
-0.47141333533772223
-0.48645641779623205
-0.560835662349451
-0.5944333059345382
-0.5691166467724664
-0.48664746953553545
-0.367396858341354
-0.28046140143786835
-0.32470380139865246
-0.35225881167228956
-0.3589881841687978
-0.4211970375021671
-0.41408736992197276
-0.41502650149453973
-0.43154139554280235
-0.3922169380402365
-0.3583758599166513
-0.3454419086293862
-0.39498875691380686
-0.40190404897363297
-0.4582234398587198
-0.4504444533278622
-0.4721567441680471
-0.5604262563774437
-0.5400363187225167
-0.4760825263822723
-0.39883141536218925
-0.4911237998444934
-0.4841050693016754
-0.5734057221409776
-0.527736760467162
-0.48013179239958004
-0.5089666770637489
-0.4826561411068626
-0.48556983111381513
-0.3906775875878244
-0.36285964002226295
-0.4454817210759326
-0.3988510437207068
-0.38953899425381017
-0.367015557720721
-0.4619173464645406
-0.428704372673997
-0.4598552859598533
-0.5240035335432036
-0.5281913959540923
-0.39601741478929886
-0.49528370988514503
-0.4644879085841176
-0.44429308075094454
-0.4894153251555989
-0.5418951078482676
-0.5420531355225507
-0.5692810292490622
-0.4846970623784116
-0.44017146585016614
-0.3278485172618982
-0.3874491957470312
-0.41602508344135597
-0.40502194150761367
-0.45709123576031413
-0.4402443984451701
-0.5251013295839745
-0.573915701780739
-0.4337995166857835
-0.4694894223242316
-0.4769325988409371
-0.4371997448016235
-0.42134846144093985
-0.4849876076044649
-0.46261723308470526
-0.45671114118215983
-0.5623226769328022
-0.5449438425028367
-0.5018883875032396
-0.5168176058445858
-0.4936586192872602
-0.49437290927330174
-0.5149073982444738
-0.4896662619331366
-0.44250945440501627
-0.45371985475826104
-0.4515974838792283
-0.4283641697171167
-0.47374847049008795
-0.42510095474151
-0.5024356813264166
-0.5371181889976703
-0.480205635962734
-0.48853517156546866
-0.48254155082540645
-0.5686065439389506
-0.550147352207291
-0.5087538714792919
-0.4611981964820907
-0.4980398152480906
-0.3343517974115047
-0.43398399597286874
-0.3805921733487844
-0.397136642638694
-0.43669081550314925
-0.4104399825284297
-0.4020997317803098
-0.406821704897841
-0.4981319074918529
-0.3795085359627953
-0.4481304576820908
-0.5089576119868026
-0.4888661379538273
-0.46870269433635453
-0.4638490484715394
-0.4432254473553542
-0.4547938727800098
-0.4997673589578955
-0.45157149067629065
-0.440658413502542
-0.4437165625329384
-0.46836083066971607
-0.5106229976591825
-0.5131511208693091
-0.4325836073017886
-0.44558583015153724
-0.4746351302046838
-0.47073826420185405
-0.5290839430931529
-0.5216511376257911
-0.47930362269906546
-0.47177446803563755
-0.4275337269925391
-0.363242506976512
-0.44893664161633257
-0.4899505850488236
-0.457709185148782
-0.45790706694522354
-0.4849869371391001
-0.5221092024523404
-0.4658122899230157
-0.44393430349210833
-0.46944821633709793
-0.42165412671638197
-0.4383717804296283
-0.40865403027273023
-0.3426662920088386
-0.3237352196632684
-0.3521640003103876
-0.4516547050030834
-0.43531950712679585
-0.4789292961233961
-0.56153177963708
-0.5295276543826458
-0.5256714514850874
-0.5284206779383404
-0.5001827146956637
-0.44821813668989785
-0.41596845411623334
-0.5017002810959394
-0.465701399309576
-0.44660291783141004
-0.37455409927093547
-0.4248901431561771
-0.44434455253019406
-0.39214760355466816
-0.40242515303599424
-0.4342778528357837
-0.37560133388993616
-0.49345255475792354
-0.41885592215352263
-0.4239266699846952
-0.3292718874189129
-0.3059312040330817
-0.3292868374980485
-0.3081202444017679
-0.358767426999213
-0.399074375415974
-0.44223909992061206
-0.4091767875719434
-0.3722956673710696
-0.46372157698310806
-0.4519475491706993
-0.42015551753071856
-0.39020835153919775
-0.3734782099070554
-0.43670560343027065
-0.45185103066216464
-0.5294382751102285
-0.448598220556805
-0.4134938894747962
-0.39776470676519726
-0.3598743875202469
-0.3342751087498065
-0.2408052414748062
-0.23388173893277134
-0.30116630616245843
-0.45296442879279497
-0.527185273526692
-0.5440146261394855
-0.5250385993768292
-0.46654685220178943
-0.4762540262987241
-0.3906453912923087
-0.44271523974027893
-0.46849371266685846
-0.5261829528273577
-0.4792155889900008
-0.4263826003328227
-0.3783024561843371
-0.4213233821246169
-0.4114891163857016
-0.43130291558253975
-0.44301327910781124
-0.37961271265905455
-0.35693458736633027
-0.4590734230975797
-0.4992691856206748
-0.4406774579714134
-0.3543950945506031
-0.4035068298565345
-0.4755086800444578
-0.38023569766279464
-0.40491311441223005
-0.36256797349296493
-0.4393388574466678
-0.3548075312537389
-0.37906876180064825
-0.41071153862119764
-0.4130485800680491
-0.4443413453001694
-0.4579145322859275
-0.35240052990240117
-0.43005561543171894
-0.48344021069716453
-0.5538869926625942
-0.5498000633134079
-0.4611302808802365
-0.48583785856379064
-0.5181855647975073
-0.5227928399383924
-0.5586496712937079
-0.6020617700864433
-0.5292174676707718
-0.46377384924776777
-0.39877683293508626
-0.47494014272701734
-0.5510653407571058
-0.5432651541185107
-0.45283089195563475
-0.5312735142346018
-0.48179040320897043
-0.441219292051629
-0.495309442983618
-0.510144085976117
-0.4652627553135555
-0.4310383177914205
-0.3862276153015821
-0.3662377341251952
-0.3748116055908811
-0.3640919949540327
-0.3876153305526263
-0.3605620320077221
-0.4227255398572871
-0.4290097305439487
-0.4653074224050081
-0.4539760458812351
-0.38256957497382693
-0.4235740549453852
-0.37533427555816645
-0.4687327617753486
-0.45008459929000405
-0.38894727249178945
-0.4050522502514231
-0.3682908570562185
-0.3338205475088588
-0.332955270360833
-0.275717555217755
-0.33266811005963126
-0.3750214365558358
-0.3718170024573517
-0.3439469181567946
-0.35460169114842083
-0.36046582897970647
-0.26434484049909235
-0.3595179465351247
-0.28762251671916
-0.3520750386655613
-0.3611630851853647
-0.3771478851757258
-0.34262761578983747
-0.44371283777131904
-0.5001741165766408
-0.45572688213070417
-0.4657958851275515
-0.4937736228789218
-0.4384460769561475
-0.4606326543766151
-0.4231226849173636
-0.3876527061158332
-0.49485611247928213
-0.46800105989237195
-0.49678151427786654
-0.4487311514592057
-0.384672078398063
-0.3641005084494666
-0.4173033749000995
-0.4189615528966335
-0.40399802104937665
-0.30173156444748733
-0.353808754173829
-0.44184419319006907
-0.4401282898594828
-0.4134175954749379
-0.4861252106619846
-0.58923690832549
-0.529705885248186
-0.5281651789953441
-0.5996812799176878
-0.49891508380265426
-0.4725762378694102
-0.42255656934335684
-0.4088697389489113
-0.48516281427058516
-0.5044827399851088
-0.512922416501168
-0.4071608354261435
-0.5366362350614282
-0.5111005442486862
-0.47011159081880677
-0.42256443188651155
-0.41322406352600694
-0.4151188672794297
-0.49535658612052164
-0.49613217154930567
-0.48629126979877013
-0.4984630565057238
-0.5150616249817382
-0.4462745337707967
-0.39184321547672407
-0.45980409263012817
-0.40534384845569515
-0.40881903779395634
-0.4678002537712599
-0.4262387913199835
-0.38864768293639895
-0.3210050493423687
-0.2944634925096392
-0.4159226614357933
-0.4289108483343656
-0.36684992414933965
-0.36695466215847383
-0.4182777597857173
-0.3985618851852706
-0.4923871775032416
-0.4960869451152374
-0.47977257744125723
-0.4714703574144314
-0.43155455271940185
-0.3333767108948298
-0.5019123488143109
-0.4275688487564636
-0.47880748167210807
-0.4312441560588131
-0.42705523671879697
-0.396174439968191
-0.33015321357754984
-0.2901234803997088
-0.29300422803922316
-0.37446550870207207
-0.435580581233983
-0.467712790359431
-0.4091509293029555
-0.3881278585688847
-0.4261644740732667
-0.45355221014074076
-0.43943406330522994
-0.4242901296184155
-0.320400215943493
-0.22649543401635433
-0.37046729043715687
-0.3560332167289971
-0.3720883134584813
-0.3761954173052245
-0.4420812547841805
-0.3757205470263238
-0.3380381556688337
-0.3690240381664469
-0.3649682323920338
-0.3739021776370312
-0.3793104465994519
-0.40786046609234083
-0.3613958778576618
-0.4401610604306232
-0.4005290073373678
-0.3985380910119351
-0.3538128730314321
-0.36746611151781305
-0.36663173871636706
-0.5021020190822512
-0.5348528425168059
-0.5383690044153089
-0.4780542193146018
-0.40735736923345833
-0.41445799086449275
-0.3878562705534072
-0.36153058984961395
-0.303371790340363
-0.3398499641858355
-0.4418290537753993
-0.4990725853132437
-0.4491390310306142
-0.47184829085424396
-0.4062205191695304
-0.43300823080753004
-0.4381160827574324
-0.5116634261772253
-0.5175955812308435
-0.5452162408610008
-0.54402003325878
-0.4483608925925614
-0.46385684158840607
-0.464911821177792
-0.5036735208279085
-0.46808831954632985
-0.4362833602762998
-0.40262580747479765
-0.3639977360841765
-0.3283032457800294
-0.4062325562969669
-0.45008299932820195
-0.43337789040034075
-0.36391641958147375
-0.4202619224780042
-0.4636484628017133
-0.4911363418623344
-0.3824088788314536
-0.4712405794211555
-0.4962906393575203
-0.4191335370476733
-0.4389868444724592
-0.4701141835214832
-0.4235274863197984
-0.4868364037563502
-0.39844719841579207
-0.3966374202914305
-0.38313810943222687
-0.3409677481438808
-0.35468812002330713
-0.273575284792712
-0.3059840016340379
-0.2873761127025467
-0.32142801050643255
-0.30072350330941644
-0.3037617836363122
-0.29189292995224086
-0.3450176701937102
-0.30210448376882837
-0.29215913651658665
-0.27758338539507965
-0.34289408898815765
-0.33759911698924977
-0.3473756330783807
-0.3696743451432276
-0.3901000916114591
-0.4432858832535314
-0.39805498902028685
-0.44389228527113794
-0.4647844211243846
-0.3783988919044254
-0.33105062232149896
-0.40209470153667515
-0.37968043352247743
-0.35411066884731995
-0.4108359467196108
-0.36110610193480114
-0.3454958595533712
-0.24591384527461105
-0.32678192146201485
-0.30600545513665967
-0.31385237952524764
-0.3072989780618525
-0.3357000790300001
-0.36517467856366037
-0.3443996818710584
-0.35275953908873103
-0.3398170300885693
-0.2957496795174454
-0.40716770882728176
-0.3712366411464603
-0.37780600343793197
-0.34209161457241977
-0.3232664484545352
-0.3411195237944013
-0.3342753306014863
-0.4182529754059698
-0.38713120139129886
-0.35503813089464
-0.30790463327868456
-0.30942425201255785
-0.336799766015784
-0.31165261104067776
-0.29641163506044654
-0.27395952464276696
-0.3540694080462503
-0.4013415630795522
-0.35086341349341277
-0.39560528245353554
-0.3377352450231059
-0.30700317274544026
-0.3407167317905107
-0.3291244425364318
-0.37114680879279005
-0.3959307599271824
-0.3390924732847368
-0.30324594659249393
-0.4351062217557103
-0.44916424202920435
-0.3986944116929166
-0.36452937727043533
-0.3297072323568461
-0.36097066317192034
-0.4194726285748694
-0.5083491162476201
-0.3865930698791032
-0.45473637521535026
-0.4449171409094668
-0.43010405082438136
-0.475320781394318
-0.4860636336683727
-0.41883977821709845
-0.3796091070958211
-0.43909271043008213
-0.3847191715823504
-0.42548253244615475
-0.41643663324938573
-0.40790164847741567
-0.363538393677728
-0.48188005411839996
-0.5082217169155132
-0.5877010446284162
-0.46010826092835294
-0.4309971270475198
-0.4159988209209514
-0.47344219040096325
-0.4961692663667712
-0.5142379375664671
-0.3980151228204177
-0.3445026287424148
-0.37455787491820003
-0.4412120906620102
-0.4361169690608454
-0.3899520187308103
-0.3397804169922845
-0.287153460847333
-0.34193942078999073
-0.3285993735107119
-0.3901024130132488
-0.3574736107644738
-0.4100269933078319
-0.34467315591472725
-0.33480583024442
-0.30923374746392257
-0.3449452927256767
-0.33654105166636616
-0.36081998595020837
-0.4714809733090854
-0.4741595984574154
-0.454928396823554
-0.4769076550952258
-0.4941670404090599
-0.46296238689658914
-0.4653786182040922
-0.37103133158309315
-0.3370707663127884
-0.2892788728231741
-0.2992187978560184
-0.3338065002169342
-0.40065156426389603
-0.3237611300721783
-0.4464711981824265
-0.4580569006422727
-0.4063461304963296
-0.3711750602524897
-0.4009127878727372
-0.3376748224065505
-0.41463314083369357
-0.41712791545649985
-0.431198317087004
-0.38124667883773955
-0.40368650592269467
-0.3655737005939103
-0.3529914634733286
-0.3833414248154419
-0.3611720826799133
-0.39824960433089507
-0.4136196076747442
-0.4241537898443785
-0.41141214491190076
-0.46698151438362806
-0.40346734124218236
-0.42214272365645
-0.4418979903924014
-0.48711947267412903
-0.4569835270266484
-0.3657426905940193
-0.3385985432803047
-0.3626197114582552
-0.43654618632330533
-0.3902692811091225
-0.3622112281385889
-0.326887776041308
-0.3489973770709603
-0.3721372409136212
-0.4228879480387918
-0.41768105822140117
-0.4847339532309442
-0.43919400238294404
-0.4759232676602042
-0.551313534073146
-0.4728516858033118
-0.43910460773584714
-0.4333850639188617
-0.37717346331209584
-0.38523164223196305
-0.5209165471619291
-0.5109436884288622
-0.5110541549745151
-0.4853233243151779
-0.5111444408531349
-0.4737821837242901
-0.4716080976794904
-0.5196419496294231
-0.4582064663852572
-0.5302369198539013
-0.43610231084495243
-0.441273730873983
-0.29846004105252444
-0.31488188932708877
-0.30836062473424625
-0.2796841575012117
-0.27027846350788354
-0.21363168735887475
-0.24633281440456098
-0.31648335245997045
-0.32546231629097744
-0.27655530773119136
-0.23216841923032402
-0.25039947587529215
-0.2825151531922857
-0.34778204539173885
-0.3458961420345799
-0.3764361778844784
-0.4187770737459527
-0.34838809412203803
-0.40589216860511523
-0.30227942770767247
-0.26343389945578777
-0.33546217755487207
-0.28642428492758415
-0.28450724785018494
-0.37422598902612036
-0.3863104788682914
-0.3227884800025332
-0.32727421327932116
-0.2812828332152142
-0.3078990513867052
-0.2599318986809571
-0.22477678215584793
-0.2616904568809639
-0.3155688878125983
-0.2742761023185808
-0.25414822738691617
-0.27671640719604157
-0.2943038584602346
-0.35510623540870057
-0.34298631670626606
-0.24747236239140635
-0.2519360210442056
-0.3854899057943664
-0.355677916846946
-0.29652059038737894
-0.34019345288000546
-0.32067750033350473
-0.3179071227477607
-0.3861149423474728
-0.32175961627519534
-0.3867797087085535
-0.37450755199286323
-0.35634990341034345
-0.4775187554080711
-0.4656446028308198
-0.3882560065074163
-0.3307200866671728
-0.32261193573602726
-0.29050525883140343
-0.3974009437012463
-0.3921416376865535
-0.4745658965543445
-0.44899470487421805
-0.47186209822001185
-0.45559490234234556
-0.4641237292656324
-0.425187814934128
-0.38588127814052997
-0.4493002162161755
-0.43156844798801963
-0.44306863873133057
-0.4562418981948151
-0.4260304482127561
-0.41670854227063836
-0.4714851542839407
-0.4111416298936613
-0.40833081236209984
-0.38592665182716207
-0.42526731738152
-0.41064825935758076
-0.3515078270397436
-0.3965983661002167
-0.4501289823503912
-0.40165797181316387
-0.4327783707624823
-0.5371899665080968
-0.41919299901603146
-0.4169077412120138
-0.355014202028305
-0.3044529445280818
-0.35400369904828477
-0.4043967648663354
-0.3786351767146162
-0.44884619137075704
-0.4328982361821212
-0.37338752186360735
-0.3157883822390858
-0.3540945304423993
-0.37493584417691156
-0.34793816459504584
-0.320112121699209
-0.331742699387773
-0.3053556138912972
-0.294070095536147
-0.32385506151025917
-0.3475993873780273
-0.24856962739060706
-0.2779206327382799
-0.29625295623666525
-0.3300230764425322
-0.3222339755217521
-0.28546073348363077
-0.27473355938225935
-0.25027754450856565
-0.25126925933650274
-0.2739123600330272
-0.3007133357319535
-0.25512248190515063
-0.3546391957399661
-0.2333869112093364
-0.25494773778813734
-0.24112782842876568
-0.20751438669252972
-0.24435827237289542
-0.302003547861705
-0.24788954301876945
-0.24157068971603946
-0.286934123096416
-0.2941183815916477
-0.33152638602248097
-0.3374887882224274
-0.3602389006889183
-0.3733834207854922
-0.37109253392598346
-0.4092602614944442
-0.41843481795468973
-0.5557990432135088
-0.49534005775439693
-0.5713437091830319
-0.4936399127121659
-0.4684968073384286
-0.4247657379889362
-0.45680588346914097
-0.4300587788261471
-0.26619563641967114
-0.26051340534707496
-0.35385353833782635
-0.26885809334908733
-0.2343615331746308
-0.22277238555783246
-0.27697375513563627
-0.2488466340830158
-0.26284063862479384
-0.28170848351618694
-0.35074850085835374
-0.3410574320458571
-0.2852025082056155
-0.26320724177584903
-0.26721635678274314
-0.2549884085003057
-0.2433071886400498
-0.32781635211533605
-0.35108639069234643
-0.25685899028009784
-0.3095026387431778
-0.368300029618611
-0.4345262275654072
-0.47567763177922723
-0.39491729263782405
-0.4011508036804325
-0.4853645500934665
-0.4611101355884911
-0.339636198643918
-0.45066997757184923
-0.43119086132843953
-0.3480670249985345
-0.44878294093626636
-0.40364403175848373
-0.4176566706798573
-0.5732492038351394
-0.5320333518135669
-0.46810973467978223
-0.40634401922528174
-0.3708304745576808
-0.367938208676063
-0.4123916933787666
-0.45748191751190337
-0.4079427487009567
-0.39834581628980625
-0.4009324058479836
-0.5027343919049126
-0.48480309464299
-0.45236726835587787
-0.3908059521795821
-0.35530961283794826
-0.3295226661132948
-0.3443239242925865
-0.30478125266630185
-0.3459099837707118
-0.34435816237224764
-0.3401398506246654
-0.3899719617110487
-0.37140632402004137
-0.3525085136115056
-0.26995031198918107
-0.3513371561845646
-0.4010861402924301
-0.362795348896481
-0.3192986792622784
-0.3765933447154425
-0.31372806378694956
-0.3461303061493882
-0.276828711458961
-0.34081487485906364
-0.41773203432532896
-0.33970177150182856
-0.26921728321416366
-0.3005870392812003
-0.3166782207763949
-0.2804556255470648
-0.30651728262776967
-0.367159354909926
-0.43594580804581695
-0.4234562705059638
-0.32871099986657354
-0.48001735559327924
-0.4715582344969383
-0.5252434480923375
-0.4936113072940439
-0.48236793007684076
-0.45092336982682063
-0.45241064680493
-0.49403745008716093
-0.5050981651445251
-0.4977188540854699
-0.5070610460416957
-0.501973702879354
-0.4317434477070588
-0.39158960744183474
-0.28167906674020654
-0.2846738308286198
-0.31338633412352734
-0.3116483303497512
-0.39311307166602905
-0.39074443513243984
-0.4389440177966797
-0.437546968261004
-0.45199863762621273
-0.47724819991223116
-0.37702265454641276
-0.38948745792956135
-0.3766185386495938
-0.3064598909551764
-0.3502655531264376
-0.36996219627785226
-0.4252208189312071
-0.43596295542536223
-0.3978445240192307
-0.4235547300023533
-0.3298407905417531
-0.36103572966386976
-0.4039337362158454
-0.49384123087558296
-0.4270503081768897
-0.4552408331298982
-0.39870820771033344
-0.43316691135605545
-0.3930381712795088
-0.40059505876217244
-0.46942608588379364
-0.381890645881531
-0.3599881148955915
-0.3780609393237829
-0.3515182352602212
-0.38567016717671876
-0.4198234653824419
-0.3962454283905751
-0.3900292187612733
-0.39052212427729327
-0.43323161934827004
-0.4265139612983444
-0.4295226161742576
-0.42105454987337415
-0.3683328130179518
-0.4216815469857645
-0.4583890218472699
-0.5021238449553399
-0.43673772962537233
-0.5049908873063472
-0.3926676910591244
-0.2500697996264936
-0.28610907320178336
-0.45515442946749807
-0.5063926374607458
-0.4523792173560822
-0.5499567207056875
-0.5059002433230958
-0.5466578773841441
-0.515895728309816
-0.47497022818392587
-0.4220354021765663
-0.44160518091891066
-0.507394552723706
-0.5020267029673929
-0.46107960357642036
-0.45870370290112894
-0.40749752699071523
-0.42175042718971284
-0.4644153428377823
-0.47308384178304436
-0.5059361218702276
-0.503730531534877
-0.45057917072997167
-0.4034042194172506
-0.37663484639613454
-0.5026377841144402
-0.48307426123638764
-0.4829008525581307
-0.5069017604015084
-0.45159041022432334
-0.4905938045837049
-0.4994805828866602
-0.501126458295818
-0.5252306743738078
-0.44456556326963087
-0.4830265472116019
-0.5045248670789904
-0.5941631828022119
-0.520248182329737
-0.49450968668236706
-0.4852921476199711
-0.5519316872773086
-0.46830972429965056
-0.5187891825819355
-0.49846443288404296
-0.43264527207978765
-0.38964028286460384
-0.41322172841497373
-0.4919365465069342
-0.39639156284465865
-0.3873665856574658
-0.44244996705344586
-0.3996211770487773
-0.41244859858994
-0.4674043075181038
-0.5275626556102427
-0.4504677236989377
-0.3930139985119287
-0.3709064411395535
-0.39165323856144335
-0.3521539064176787
-0.3554223838223744
-0.32163703099431734
-0.2896913203371548
-0.3300287209859746
-0.39867043422292325
-0.34654844847421784
-0.3524714267996876
-0.3267099856594888
-0.31400012020223966
-0.3499823258249088
-0.34572149756268145
-0.3257806198648633
-0.45517669438433
-0.3846414127929099
-0.4106466225559915
-0.42976354369059033
-0.4256793745635791
-0.3853857801447251
-0.342295817689212
-0.3167501105610732
-0.2921706220893041
-0.335072550721716
-0.4058384161485182
-0.3834337458705172
-0.3008905263437652
-0.41055975695902935
-0.44496704233767514
-0.4064405338912667
-0.412721457400307
-0.5212128691125849
-0.5088042925023712
-0.4941709757935904
-0.33486443025600715
-0.3430432289796813
-0.2922913197244399
-0.3077401889497958
-0.3182393119225011
-0.3469088606979069
-0.4302694003966473
-0.3902271628189369
-0.3705258437818631
-0.34033595980998016
-0.3799767619588676
-0.354858371973613
-0.3885482687167251
-0.3360568367021625
-0.35777833086042043
-0.3341020578829634
-0.26202520404621726
-0.33839920937374424
-0.3722847502768751
-0.37637018515772586
-0.4495919514670919
-0.3668671688432482
-0.48330849440128015
-0.4278371435300477
-0.48528771957306016
-0.34130731909159306
-0.3500977084261989
-0.41347987757207716
-0.4605408613183124
-0.5175136114969023
-0.5374952807694346
-0.4167427152423029
-0.4039341134602894
-0.299398654142351
-0.4251667770470957
-0.41728845214077626
-0.38393447145141957
-0.38247287675941694
-0.37733230491196923
-0.3269580321192477
-0.4410431323777242
-0.38472327191424704
-0.35769963169541763
-0.5077230707797634
-0.536258703665794
-0.5624430460113029
-0.5848042849796319
-0.5474447816747721
-0.5151672137061013
-0.5026160313120115
-0.5323274514792667
-0.47846599717822824
-0.3957302452339416
-0.3555798787164308
-0.36356173234004335
-0.30329163540360443
-0.3765757772539297
-0.293542059434524
-0.3307323108864704
-0.32932730672896754
-0.4794859249004204
-0.4053016734236944
-0.34089253984149004
-0.3440257413702699
-0.3822884524222626
-0.352429499825251
-0.3369935157259569
-0.3060442935482079
-0.33641982461704767
-0.40582820271502157
-0.48660870560150554
-0.5587688037017814
-0.4907573386814134
-0.46625759925576976
-0.40157592887601506
-0.43887006325369005
-0.32027360573871744
-0.3805126903454743
-0.3822020871350997
-0.3516908261435318
-0.44807333217537304
-0.3333977013867631
-0.35150857772406685
-0.5195348284260877
-0.5127056039637617
-0.4935334620603296
-0.4151422894197508
-0.43552722632771307
-0.44349412566820084
-0.48869503936544834
-0.4588151711224659
-0.45801541197615464
-0.4956865401784754
-0.5795723535165332
-0.6209514550809219
-0.563616352488759
-0.5009984762141036
-0.48710921259934803
-0.40657973819298787
-0.40697406175018624
-0.405131848017735
-0.33805996276493033
-0.32560342122728514
-0.3471418290692921
-0.3550258015450781
-0.3375706311716258
-0.3388106624419218
-0.3164493752617708
-0.3303626871941813
-0.2956489173199132
-0.30254707211724347
-0.3255041500058228
-0.26687936509116467
-0.27443146242228156
-0.31672296754549206
-0.3005098470806044
-0.3366351745062407
-0.2976874191791694
-0.3165468111330783
-0.30217354486599474
-0.2597547043905426
-0.2122509931755631
-0.2561065656507724
-0.3015291827964165
-0.36009585557778806
-0.36470938152801025
-0.382962377104163
-0.4132539522667073
-0.3980004686586096
-0.37473783512508413
-0.3333862361600164
-0.38200842886407155
-0.4577243295065578
-0.30581012411478664
-0.33420793795900333
-0.3471098170699097
-0.3674037243761345
-0.39002983045681705
-0.3589639371807212
-0.40654094253697287
-0.430290352584824
-0.49786403767300097
-0.44545987863534975
-0.4096588783499428
-0.43531484712331203
-0.46614251681218344
-0.4131887757349022
-0.42441467529348414
-0.4170247873491986
-0.37386140780650123
-0.42778738926922305
-0.4857002056850955
-0.4524773696759503
-0.37082101223197345
-0.4021685958395937
-0.4693425120032533
-0.4782576329442091
-0.35216093116387165
-0.44931076630784417
-0.40372211389830603
-0.35913772763337576
-0.3637440610165571
-0.3238317784201992
-0.33857200537868676
-0.2697438892771766
-0.4020137797930774
-0.3513473069696244
-0.4119990847819335
-0.3334487848090692
-0.3675695129403421
-0.44897020733746945
-0.43672795391364644
-0.4212189334145279
