-0.42999984035269645
-0.3391197426751802
-0.3643734256390639
-0.3347737823632445
-0.4213019011933552
-0.5452687068591638
-0.5685166933217862
-0.6861801004135624
-0.6019427215421443
-0.5388980688903869
-0.5347511796308598
-0.47813789861510825
-0.4516395860241783
-0.4090763371010514
-0.4714413825864461
-0.47266874448809065
-0.43907958630316124
-0.37489439053267487
-0.3471776410697662
-0.4073528532984994
-0.4211369038806112
-0.4962197974313271
-0.5511644428489817
-0.45756848530566285
-0.4634977745776204
-0.5534845530467255
-0.5323972091373864
-0.4976783191543558
-0.4905200616822886
-0.49631480653984983
-0.4606573556550425
-0.4484170993955791
-0.47166531670366735
-0.5858407854290096
-0.5406954691105839
-0.4778315510453025
-0.5475074024589873
-0.4782564425235139
-0.4331514818055852
-0.47315866714370536
-0.4987446291501275
-0.5158362595152642
-0.5959900152121239
-0.5718413948348957
-0.47665758231366256
-0.5252622529064426
-0.4764853169876157
-0.5562804413972104
-0.5180574358058256
-0.5117542040378074
-0.621008580242668
-0.5928893114320342
-0.5172312230971935
-0.5164996132459825
-0.5177281555250942
-0.5467624900649564
-0.5223742167761
-0.4821905929791013
-0.5350767889213663
-0.528013435604334
-0.6079257494999533
-0.5928212540480219
-0.5720485601298778
-0.4928397320166658
-0.512202557483042
-0.4185247870732025
-0.49952954733830185
-0.43840480476235616
-0.4780098477841159
-0.5199104416182175
-0.3971844793000785
-0.37265074621684413
-0.5105327942819896
-0.4778766943968201
-0.5411416853005167
-0.5179042402802143
-0.4515480729051953
-0.41157831561696273
-0.40260345211994875
-0.3802912166933513
-0.46057500145715385
-0.30215823150942717
-0.29764237736082433
-0.3883363304463712
-0.3624903285122999
-0.3386665845096977
-0.41879814342219024
-0.3538334196900227
-0.3517206362065612
-0.3301846784021182
-0.29076453100832983
-0.3762138204152979
-0.3416243211994022
-0.3960067855099677
-0.5307582036244775
-0.60425213044846
-0.48914839260210213
-0.3903321834724909
-0.5078424109569537
-0.47323384652126166
-0.4843373990486236
-0.5127736128168217
-0.49182619730724675
-0.49541212644604704
-0.5278604051593058
-0.5393517368803552
-0.5249858398011786
-0.45002264296825856
-0.4880950050282297
-0.39985270120516647
-0.3964464139649526
-0.4228947934308862
-0.41129212999278836
-0.4520067660663166
-0.5169537940444271
-0.4939872682154781
-0.5231638645272412
-0.5012693192431262
-0.4856325864044281
-0.49878059250864243
-0.43024694326194735
-0.5269087565408944
-0.4442280904900421
-0.4621619054040756
-0.39121169887919527
-0.422859617262658
-0.4625168246593627
-0.5733962895540864
-0.5836888827026177
-0.572719942144198
-0.5381725556557452
-0.5368046548141159
-0.5633465729118634
-0.6141914938900455
-0.5683167789137357
-0.5790777043828791
-0.5324979930430663
-0.6065389318306648
-0.5747268587947204
-0.5862727119193393
-0.5117052759035904
-0.40266984240265774
-0.5213491762411383
-0.5017144091987119
-0.5215970118160569
-0.5123771821371846
-0.4594154814005128
-0.4409497352981291
-0.47388999343559085
-0.4290553310005712
-0.4518681124516441
-0.4118143834193335
-0.3844930116758338
-0.35883174995545103
-0.38278395162671053
-0.3175793409253465
-0.40660938759686216
-0.37671635022179784
-0.4396233788810427
-0.4076792833350639
-0.3899184124791246
-0.4275698114732722
-0.458578012125886
-0.35958034474831074
-0.32244259851365975
-0.3320649152010504
-0.33407309802553703
-0.3054987016189204
-0.3572765831973792
-0.3001076710020784
-0.347795129248236
-0.417684590296379
-0.39944968825649074
-0.40316387868623593
-0.380386502569213
-0.3798137752068979
-0.46207229977569136
-0.36147859493997825
-0.4033797982860949
-0.4030176519487413
-0.3644889461319661
-0.2757509186015976
-0.4132432975502988
-0.42923483013797337
-0.45049242579678045
-0.44741911838862886
-0.40097895899263414
-0.458027784734007
-0.3821638870606632
-0.38026610345361367
-0.3984128496538619
-0.476732958021791
-0.5338798448343974
-0.5318602486944946
-0.5393937632767538
-0.5697270363989697
-0.5920763503610252
-0.5181548078320006
-0.6025191175682079
-0.5523478523637642
-0.5485197459694608
-0.5284734334938976
-0.45862105422178073
-0.4039389167277536
-0.3657438895960797
-0.406364523494393
-0.4497681675086013
-0.4715754936168038
-0.45768290641580894
-0.4119026554587706
-0.4041690089993599
-0.4564400626817217
-0.4150815381552587
-0.33758900778463374
-0.4032363271432668
-0.4739602924106148
-0.5714045228873125
-0.502047615198891
-0.5696584748339172
-0.58232812756618
-0.5018524912934326
-0.35091227524189533
-0.3889719049792763
-0.4550727666253576
-0.4494559610174354
-0.4920705750986616
-0.4945192316678142
-0.4418699671956473
-0.43585988756682653
-0.27408225651776724
-0.3118478563896018
-0.3483838328013074
-0.39431707779417074
-0.3524703988152202
-0.26771461821225917
-0.3269524711843338
-0.25256876529748606
-0.20920578558561206
-0.20461340087828056
-0.2509377999090255
-0.2225130470782071
-0.2657042958316858
-0.3311720128396551
-0.36724196037653156
-0.35725223256570726
-0.4192158354553678
-0.41454758774420297
-0.4292011469653256
-0.34724716315021
-0.35240290134613844
-0.3841383642521558
-0.427019119862173
-0.4693653458230127
-0.5144835270204307
-0.5401684192092677
-0.433323081819611
-0.432818084769777
-0.41515128890466946
-0.3476430474526474
-0.39081162289650206
-0.5482685208458123
-0.5995429416642749
-0.5600696573230395
-0.55802486007212
-0.543636025336771
-0.5835757329266282
-0.5169848854026006
-0.5045725183221775
-0.5948375125123255
-0.4953407218459653
-0.47054027940150134
-0.46646284846525365
-0.4755649549355482
-0.5203645421566867
-0.5131464520723892
-0.438779816719115
-0.5162112218576842
-0.4998775751813376
-0.49455296641594415
-0.4227852729157924
-0.4606190705002137
-0.47678487238524037
-0.41710995513053956
-0.4662724682341401
-0.3875587084190081
-0.41460510749507157
-0.4029279678803306
-0.4147307999572454
-0.45171708531775856
-0.5211577982914168
-0.5577975525231036
-0.5717037129231364
-0.5116806303660708
-0.5164638565746984
-0.41489269505629084
-0.40890444168738577
-0.34694532788402976
-0.3893137832743573
-0.37782733796418777
-0.3398116993828509
-0.4115934621679027
-0.4660106440570498
-0.46411508208424096
-0.4918579756109979
-0.4061865001108171
-0.45076821082049157
-0.40819060434446425
-0.41263284278437595
-0.35105974762739395
-0.46108041659723054
-0.41452771781488496
-0.5007133504652975
-0.3965064406997122
-0.5072578275251939
-0.4849664889474809
-0.5537261991032386
-0.4681436225508842
-0.3263316553771586
-0.32976937797397116
-0.371699284332618
-0.4961710300215782
-0.5669962817749666
-0.5723970392065232
-0.5476976148476327
-0.5166222622290246
-0.5428954583270865
-0.49627958617542306
-0.49088087544376174
-0.5345809406984875
-0.5579622151655542
-0.595113980537254
-0.4821020562856783
-0.4726941383931794
-0.49812111125185643
-0.45696438510019793
-0.38401091519814223
-0.4374676337154769
-0.31634851692291366
-0.3014641236768775
-0.3436342310506981
-0.43133218195259515
-0.4018880156597006
-0.4559674226640215
-0.4764138492665367
-0.45590885976739925
-0.4472533417663496
-0.5039599157204568
-0.5838037543807486
-0.5791913561361002
-0.5772858016559915
-0.6076984690573282
-0.5902560577950714
-0.5251228551731678
-0.46488562248322074
-0.4831537627184579
-0.3991695808570429
-0.37482661979011644
-0.5485783035925842
-0.5715323142289964
-0.5572154367220353
-0.46553543177148327
-0.44531936416665724
-0.5957357419393854
-0.6335899438269449
-0.5182944803290492
-0.4864462452925382
-0.3889810782495148
-0.40218428077755375
-0.41549557410609816
-0.4102122706938251
-0.40532738976611715
-0.39207382323351303
-0.39484068394349126
-0.4616024059376687
-0.3973446490425037
-0.3624229464681673
-0.4436358090611753
-0.47562738982454694
-0.39609115676328155
-0.2656564016494251
-0.2532444502748348
-0.27909001500690733
-0.24461935476578842
-0.22491089521154195
-0.2563691892448508
-0.29541608083847026
-0.2765792644160212
-0.2538472188099731
-0.3341450713185839
-0.27147113334625506
-0.3175042369629889
-0.40362646192659407
-0.4433727257102111
-0.4958062329332588
-0.4603987307833381
-0.517336004599753
-0.5220727183074562
-0.4910768017371031
-0.46408149087169376
-0.47679543721484924
-0.5483552585646247
-0.4224773540935078
-0.3770237911535532
-0.2762988118406316
-0.3098975301892346
-0.2867877625288403
-0.2286500662238622
-0.2133353803537854
-0.24601855636856013
-0.22992662381967585
-0.2900568584080005
-0.29274104271101425
-0.2936937748026979
-0.27498920606557303
-0.3192095393568851
-0.35754298467712603
-0.36438988342918666
-0.35160521728931293
-0.3825322415139832
-0.41625173267246085
-0.352916317059668
-0.2869381830914642
-0.2940384774353534
-0.27770899756762035
-0.3601480303681031
-0.4083009722724436
-0.4004440917383428
-0.4271060190748295
-0.3359182092696918
-0.45530993955496135
-0.49221121144735974
-0.542041687392682
-0.551202565264158
-0.4964884901523456
-0.45165064784615183
-0.5140887995148602
-0.5812573973119456
-0.5295007457579448
-0.5973226714955797
-0.5053109286084934
-0.4982128840532173
-0.49450750498280593
-0.6294257420403885
-0.47828723659015354
-0.44511906354508024
-0.4330122226658917
-0.5417133327499314
-0.4584832855808808
-0.5190467958343251
-0.5259813777133062
-0.5440616102800626
-0.5083733515295712
-0.48566235643635325
-0.4671420119839475
-0.5274356281520501
-0.545289324574592
-0.4170393170268719
-0.3983409367073171
-0.44640946016467303
-0.5166684461204604
-0.45569722799862067
-0.5562420869977868
-0.6223368857092644
-0.6289630132923936
-0.5415238133957462
-0.5179187816476059
-0.543269661479081
-0.5116770278257317
-0.48438398378471287
-0.49707971111457144
-0.5205097116172485
-0.504354637741282
-0.3685639639862743
-0.4652121091065436
-0.406820417239831
-0.4701876672948394
-0.505908131858333
-0.5051197064934653
-0.5158204906091497
-0.5508265667215879
-0.5887109043659673
-0.522302976813024
-0.503970530924874
-0.47193235602109407
-0.47101288901467114
-0.5003304319154709
-0.542745956187703
-0.478587611326772
-0.451980779835963
-0.4266907782035502
-0.40333998313411257
-0.456296454081575
-0.3882382164391176
-0.3605084248980741
-0.4020032419495585
-0.3308404221589739
-0.3367380183361318
-0.3465703302182031
-0.40042948631504444
-0.38710544090030463
-0.4139381848834205
-0.3700514357372682
-0.41939822567047996
-0.36749731542370645
-0.4101151563431747
-0.4800899073522445
-0.4525804506361312
-0.5721569538086417
-0.6138752059885246
-0.4858003181366264
-0.5100783777893673
-0.4702724923852994
-0.39050962866542105
-0.4160323159974635
-0.42123894158336606
-0.27707851066094186
-0.35513521741297394
-0.38992036109571016
-0.37386194537394285
-0.4011153947691905
-0.37249459192256723
-0.4567625958460196
-0.5044857385031306
-0.4287175852196272
-0.3635831242442736
-0.4641656469354487
-0.47559027126215714
-0.44238211890813056
-0.41204895516183043
-0.43457740937026634
-0.4832256589999086
-0.45406708953485014
-0.44251042508011595
-0.47348899419313895
-0.5082504321431534
-0.5250191212525869
-0.4999802469665767
-0.3871314684867501
-0.3778092947755892
-0.4723047366883262
-0.4995851903940177
-0.5350262118057195
-0.4884786464198383
-0.48883553309073247
-0.40345106459784896
-0.36646839646773116
-0.4340926231844471
-0.4866455104763265
-0.4888010279798934
-0.3786427755615309
-0.33956213281120196
-0.35579943539014425
-0.3664638336049285
-0.3513330778364587
-0.3313553341188492
-0.3970383053658281
-0.2869576509193368
-0.33721163346678157
-0.22293022151007208
-0.2224145609502915
-0.26598260173699106
-0.24747652017995503
-0.36439039660439587
-0.2985206607515501
-0.3580791531830329
-0.36663668725995724
-0.30916629367503945
-0.36199293672419675
-0.3130182378526065
-0.40921186337263393
-0.3714703083480445
-0.3711240113719891
-0.40059030638229853
-0.3544186084933612
-0.3789954757942007
-0.35008527531876543
-0.3570103224366191
-0.3391037954873492
-0.4278957900352306
-0.4066134193466104
-0.43776494909405217
-0.4233027602213198
-0.47780042395925726
-0.5329995339900243
-0.4718843963043962
-0.5071903939942337
-0.3958220455265845
-0.44322023886364775
-0.387263511509804
-0.4187284987205436
-0.44911236112690317
-0.39324505053687336
-0.3800277967112269
-0.31178823087879826
-0.3782718753476157
-0.3777324308131894
-0.45189228872650117
-0.41738316942525383
-0.43254292489777946
-0.39752238955612096
-0.3869188245926488
-0.4540673712033015
-0.45436463077132855
-0.45593186098682337
-0.40542110768235773
-0.33372575816139743
-0.44075525400620047
-0.4658479809051082
-0.5088881202323706
-0.43302019313962037
-0.5140488539511325
-0.4842072231170294
-0.43884352737010235
-0.44488358811193773
-0.4123351604661772
-0.4578674410421783
-0.5737872074854767
-0.45293721826723576
-0.4956348718159203
-0.3950939451173707
-0.48582613673713293
-0.41170557623352644
-0.3199809683847559
-0.24892380688149804
-0.23231158823602335
-0.26621236274189264
-0.25504100979540945
-0.29125556634100463
-0.24507641990439308
-0.28340809613824997
-0.29221313230034585
-0.2932258748705597
-0.2569177505700618
-0.14334570852480938
-0.18003006565384022
-0.16198772882298912
-0.1740994908197225
-0.20148330824015975
-0.32209250186149274
-0.3559619909840097
-0.33324480732226713
-0.2935061867765264
-0.3269148013761522
-0.2243692980499459
-0.2826056954777569
-0.3418919311165839
-0.39643279381095553
-0.31108807669830285
-0.45058062794519826
-0.47286333697291855
-0.32861148089645864
-0.3255262785243575
-0.3309525747832767
-0.33258245387280855
-0.3958063858651856
-0.4191471772731791
-0.37979443982246985
-0.4368577828372779
-0.4524882102911313
-0.4394918124594155
-0.4307823189359935
-0.31129014220237156
-0.3409332544307703
-0.4077098889030791
-0.43731818710682124
-0.4077064009068556
-0.4414975220946058
-0.4626562810732659
-0.5104099881407189
-0.5579239172302167
-0.5274354653282114
-0.4865838500387689
-0.5275474732846688
-0.5302477948352421
-0.46725037260102464
-0.44984871611678245
-0.4569736800339286
-0.4395051941961416
-0.41566861869512284
-0.3607078989657749
-0.3644574674514945
-0.4309819481247701
-0.4821119283918494
-0.5642365968260643
-0.5406682222649054
-0.5088328222986206
-0.5642728156836185
-0.6122689768480591
-0.5513224683968854
-0.6033951607478863
-0.5028165059179537
-0.43848912895275655
-0.41050892972369535
-0.4850284302253499
-0.4839785808258426
-0.47070155490309395
-0.35587496501066895
-0.36595033584063397
-0.46203088009119786
-0.4242852553534114
-0.44407528534887036
-0.4453230074679113
-0.47443035116607574
-0.5460403521666006
-0.4800149937959393
-0.46254270991516827
-0.4441669717388374
-0.5228956663216401
-0.5509409546684501
-0.46376799471631025
-0.51225994886806
-0.49770248917586485
-0.3327065898726286
-0.35361301042341686
-0.43186815661214806
-0.31361653430726666
-0.40934325652030756
-0.42649819094119884
-0.46805575484169104
-0.5173777058001665
-0.4376276339766661
-0.48034029768828446
-0.5200303880926871
-0.5188580088779403
-0.49242250960729306
-0.4281082997084412
-0.5600554787122791
-0.46297801574651604
-0.4989302244257998
-0.476792574862183
-0.36761444345008476
-0.5040301203703933
-0.4748045813428634
-0.5379734998740094
-0.5693469108960517
-0.5345407144534919
-0.581972338641756
-0.6267312509748573
-0.5713847883792859
-0.5584644580491843
-0.5191119628164672
-0.5605882595446244
-0.593735210294957
-0.5558181248342939
-0.6116017846181904
-0.5286848905364284
-0.5576974460300063
-0.5186548040558162
-0.4623715482189783
-0.513588318868327
-0.5065387461190018
-0.47631013084379026
-0.5189442498716088
-0.4205036969961487
-0.37627794004762805
-0.43711828305748873
-0.41782586945950845
-0.4551004124394049
-0.4909317794789153
-0.512173855029446
-0.4423154336463201
-0.4959548698046057
-0.48046117494020724
-0.46766492477580074
-0.40760922373209557
-0.32442234476241694
-0.37024233306314
-0.3800158210777511
-0.42749501835677156
-0.4019353077824367
-0.3693964527659313
-0.3882405094666078
-0.30761657572198814
-0.3415689365278403
-0.2790685250323891
-0.2710666254357972
-0.25797037936237077
-0.23078766241565735
-0.2757572550328244
-0.3167752778860528
-0.3300263893316959
-0.4302486988723128
-0.4433832615363824
-0.4808181497823286
-0.39436221810919925
-0.4191891605062733
-0.28517508197316566
-0.2788220889919752
-0.3008060905492044
-0.2613103654033723
-0.3597364439764282
-0.38093320232862715
-0.3564424042451526
-0.3075155409299805
-0.32688542860488257
-0.3251205257800472
-0.2963921716926554
-0.36504299007072916
-0.37064768803260834
-0.33788892622097727
-0.3672518308851736
-0.4913616559734928
-0.4400801763482722
-0.43167561961122886
-0.4463064872705596
-0.48754639784544673
-0.37481310500793336
-0.4826918527465307
-0.5617842280068046
-0.5624402446797406
-0.48919559842193683
-0.5087024306155976
-0.5437931479336235
-0.5619783642863475
-0.639810769259236
-0.6096519480991386
-0.5857871963891583
-0.559450950332076
-0.5206042599665163
-0.6147872481278963
-0.5548191235439647
-0.5776911976045883
-0.5502074076481863
-0.451351128071794
-0.5034970444635279
-0.5516529820163452
-0.5602886792780319
-0.6657645166156585
-0.577772701869215
-0.5505727228961039
-0.6071415431417386
-0.5807621360284685
-0.5679077947726792
-0.6086467731193287
-0.5832214307493769
-0.6350548692668064
-0.5748751110642772
-0.5809718507692804
-0.4465398461481928
-0.4599991882091957
-0.3831878602406969
-0.3951880430225786
-0.35530684153937836
-0.40288302530012626
-0.6284479534773013
-0.5529647252398493
-0.4912257072394871
-0.4863984535439885
-0.551352995076769
-0.5797288275347313
-0.546765421671884
-0.4814061380894491
-0.4880372548349594
-0.4206916372570792
-0.41864822306604776
-0.39477993501485215
-0.3525311303286511
-0.3859763027423842
-0.4369506175019593
-0.4108135096032304
-0.44704315761943464
-0.41023988141323875
-0.4151102665563475
-0.36004165979595576
-0.43931166242774466
-0.3710318833328755
-0.3389274398939939
-0.36226906122959823
-0.3923923624481274
-0.30873911100575935
-0.329510298722199
-0.3553773981775199
-0.3278992930205052
-0.4146965816095595
-0.3509378363031046
-0.37397681295005647
-0.393031479719611
-0.42223911688752197
-0.4870539398819564
-0.5501296791219884
-0.4969133745360503
-0.4731819889207404
-0.3898906556384183
-0.4611450592603433
-0.48979265702043934
-0.44920198385250587
-0.49202414324435634
-0.4773687563522622
-0.5918701665659225
-0.4764084307847483
-0.4171050163598538
-0.5341281613616589
-0.48628494963293506
-0.45446076158299625
-0.5642075770401991
-0.5461204601527472
-0.6531454554878782
-0.5759707497085508
-0.4638343350665929
-0.47787218130295295
-0.49564104080626037
-0.5143751294099376
-0.49192057851339943
-0.5542428341959285
-0.606389810985296
-0.5624938980898615
-0.43627348799505666
-0.4477435438491131
-0.4348919959899514
-0.4100369693810193
-0.38367593178379217
-0.3181294545367942
-0.4284483016154253
-0.47723629641683335
-0.48736406437721486
-0.45174213005854613
-0.5269522237365658
-0.4237801737812413
-0.4084948980382443
-0.40308898986296665
-0.4392913425016536
-0.43153794031059467
-0.3781082041966962
-0.324138638700066
-0.33652549327016235
-0.3831178651466546
-0.3837786884276028
-0.48939616135700376
-0.5028985038361982
-0.5064918410435189
-0.5355204466253052
-0.5552076695120537
-0.5185322155450856
-0.5602619510365181
-0.5365818112471402
-0.4881785628873505
-0.4558137866339237
-0.5463491560589815
-0.5384056543977083
-0.5971511339575463
-0.599052327727391
-0.4731215216887701
-0.509760125972015
-0.4905994173420233
-0.48496306448279963
-0.5755258460937429
-0.43410375500391224
-0.49815246084859405
-0.48243744343206324
-0.5520888335170532
-0.5215167757051995
-0.6073864350554669
-0.5706471928120886
-0.5909543425236965
-0.5951718717449204
-0.6062006229386832
-0.5614748474410405
-0.5540074811378259
-0.5298694486484228
-0.5437172400694918
-0.5292153321769972
-0.49680194562950625
-0.48797676058678774
-0.4558667206311566
-0.39643122298086614
-0.4024007827258072
-0.34949475078855785
-0.2707654199498083
-0.332210342955847
-0.4086908735197327
-0.4744914161178913
-0.38091443930735813
-0.528166088984138
-0.550867952619288
-0.5549343716468483
-0.5430662431258999
-0.6353314218516366
-0.6060962117122956
-0.5261737194119375
-0.4286599814720825
-0.4356721010002187
-0.47537962116017873
-0.4883225384071744
-0.48549928821844573
-0.531827279169156
-0.5361918664451115
-0.5730619791710435
-0.5505918118832726
-0.49852245793591804
-0.48749743075333724
-0.4494433459848187
-0.439803661202147
-0.5256629800066102
-0.5132573477907498
-0.5164071252608481
-0.6445243852701135
-0.6404145097328839
-0.5908310421734216
-0.5359062407858174
-0.5585590975689919
-0.5944128225641866
-0.527876446126308
-0.612047599654085
-0.6106143655153592
-0.5921434977825667
-0.48164478411986833
-0.3965991226257552
-0.4481289625610694
-0.41241527524632604
-0.4231929432955639
-0.4445663827562685
-0.43627814611190535
-0.5496580216661386
-0.539743481862952
-0.4880724264819285
-0.5000284719940755
-0.5342767284622709
-0.5967711834129774
-0.3877864554282644
-0.38626152661842095
-0.4197359459944761
-0.38284980250666245
-0.38228750988187693
-0.3370967845907012
-0.3952288098089426
-0.5173209366322901
-0.4673811572559782
-0.4316992100967912
-0.4872783716022251
-0.49383646788277735
-0.5093933627957695
-0.43987859653277483
-0.4726818790475004
-0.4671453867467057
-0.4548200455669242
-0.40257416066307783
-0.4772181904736176
-0.5500379343548165
-0.5686877434126829
-0.5957671547338133
-0.611726522483536
-0.602306775558897
-0.6164347587312559
-0.5303686930590943
-0.47374431294309477
-0.4199045374260521
-0.4387374046986227
-0.3713830120652619
-0.39945081538673144
-0.4485946699006199
-0.3801494975644474
-0.33838515710714556
-0.37808725117129044
-0.4473079253083016
-0.45431532306230016
-0.430376878804463
-0.4831738263619013
-0.49168215028358186
-0.5010635162165744
-0.4861251218954567
-0.5050954320815332
-0.552555858858919
-0.5275447449308012
-0.5722744726919518
-0.5546099263927322
-0.5353180693702855
-0.5493250996455272
-0.5196350471662017
-0.4656761841540859
-0.48185755423135357
-0.45566897436558185
-0.4603921625247604
-0.42012050293927483
-0.3923615020923885
-0.4584686839300527
-0.44920539474839566
-0.43464881602237
-0.5266340812743432
-0.5009118587683129
-0.5946652682374711
-0.553365759822518
-0.5266551530125694
-0.5073047382533222
-0.4304427669051975
-0.4294170305854963
-0.5733794534851404
-0.5658984633445765
-0.5453901543183347
-0.46542890231417405
-0.4843773621626154
-0.5484984741497436
-0.5971740078637253
-0.5564189612880687
-0.5880334777807648
-0.5139051928602377
-0.6034587311904767
-0.5290792947961717
-0.5470378905633592
-0.5181918763528138
-0.44759039304318565
-0.4180160064299316
-0.4584170871487581
-0.5039983381396737
-0.4874629070589118
-0.5134428517493153
-0.5242489771097583
-0.4937682772038684
-0.5191819069140821
-0.4070342942256982
-0.4646737257314636
-0.4486123415336414
-0.3799297821642641
-0.307670641585619
-0.3970629229643229
-0.4400895196120986
-0.4809075788353326
-0.4854437271861896
-0.47382670136230515
-0.48338215128190465
-0.6103203465416737
-0.5638458657680651
-0.5299950504568081
-0.5632339187841785
-0.5100267684959421
-0.4550111463673014
-0.4995159702250833
-0.5238185383007441
-0.6032986652691483
-0.4864140501135859
-0.42496440893127185
-0.36159704855275426
-0.4472491277537199
-0.3754395985628753
-0.4285136004975234
-0.46881787688009646
-0.5134221765945332
-0.5286364854362435
-0.515022667549969
-0.5327292791535201
-0.5701792629259116
-0.5633813257511059
-0.5031251158143294
-0.4042518681595331
-0.45590503669253246
-0.4256697339973856
-0.44567454258503225
-0.44991905850926345
-0.424996563907127
-0.40694690717032117
-0.39542348902152263
-0.36206473318340365
-0.3245695939531629
-0.3743862878030374
-0.4339015556553876
-0.33917455225881493
-0.4067319306390303
-0.3943888299303921
-0.4555991780092713
-0.47013725435055465
-0.4322040875707032
-0.4303406088378957
-0.4824796654844942
-0.5392077325296032
-0.4583341486878026
-0.43682206525377365
-0.3969250262625922
-0.3592331882535011
-0.28733915855737996
-0.30354138503299066
-0.3398505692840082
-0.40274988004962925
-0.38324021781956236
-0.2726699293258654
-0.34678768660527987
-0.2990067075723111
-0.3524874614501738
-0.3530412046824317
-0.3326650860774469
-0.33555308406598705
-0.28472295793442576
-0.30675057762637375
-0.25638196729630297
-0.3620666648844977
-0.2720925772812514
-0.281676571737242
-0.2749214183154641
-0.37457699277988177
-0.3720208352572798
-0.320771263840753
-0.2594881996417525
-0.41095403959804266
-0.492442489212699
-0.3684702900556315
-0.3262305016806679
-0.4251546286143779
-0.3495509501722022
-0.3833854119323988
-0.31712257845993996
-0.45422867977250336
-0.41647667409307465
-0.41192869185511816
-0.38758286978515133
-0.3813446923400302
-0.32118619289466177
-0.36069206186642105
-0.5051090207708299
-0.5162344416541976
-0.6396100662056139
-0.6257102621984265
-0.6150908056030514
-0.49311072179404
-0.38289893429800215
-0.3167449634023161
-0.348124441466138
-0.3116032387352848
-0.3780021914064907
-0.34947830844628697
-0.3177858220722619
-0.42315859433438424
-0.3516324169941018
-0.389150159601991
-0.46229901846334903
-0.4765318417198859
-0.5319298249019048
-0.4334114717992945
-0.4329260680111304
-0.41265520837853437
-0.32370913265339923
-0.46557716965320445
-0.5007815246105548
-0.518122792392866
-0.5232601046461555
-0.5382534468685587
-0.5232454817873399
-0.4852710688772455
-0.5490442143917298
-0.5620984243034198
-0.5965867147138628
-0.652686651017642
-0.5760761394541569
-0.5508463597627387
-0.6123911702217654
-0.5265739159095171
-0.5289387355146067
-0.36868487399782524
-0.401419849251691
-0.36909766383684484
-0.37599399632646124
-0.43956826223103507
-0.41523929967280876
-0.4039673459297314
-0.42883056988823265
-0.41045046189344153
-0.44127992898823837
-0.43681009681285854
-0.4042437948604085
-0.41546013921853503
-0.4641685977399653
-0.37423306662224265
-0.4311470556435455
-0.39781751715654123
-0.5138449827497287
-0.4996411625065701
-0.5003059121924297
-0.5565808139256271
-0.5052223618359027
-0.47018649634265
-0.4514681548611616
-0.4277553561979051
-0.3408484448668929
-0.3073284287458043
-0.37055540122068736
-0.5169234753629792
-0.6411758705054195
-0.6043898058068283
-0.6541881474629758
-0.6482116459686724
-0.5612344326389801
-0.5181989851381783
-0.45977842262595353
-0.523614443963992
-0.542227186213789
-0.49297287251950117
-0.5651753486858233
-0.5889729866375917
-0.5819604235292588
-0.5826321083848853
-0.5604660358478486
-0.5674538734134894
-0.5170105442696815
-0.4751846801096736
-0.4090547793518808
-0.5240930099445984
-0.4904487640208004
-0.4782055274424033
-0.4886322331870124
-0.509064019196642
-0.5569989304259364
-0.48019551468761856
-0.5178271864972633
-0.4537445351233403
-0.4405662400938114
-0.4598329735001138
-0.5476832118627665
-0.4733870361305459
-0.4081535346597718
-0.3327499067289407
-0.3079564833945938
-0.2866429746911502
-0.41728671989707145
-0.3436863105953967
-0.4081457624925485
-0.5243568042437112
-0.4609957631189142
-0.3728617493025065
-0.4768500209549365
-0.4503783432973885
-0.5089848216574762
-0.5112945156802303
-0.5137236419041268
-0.4484043674649462
-0.45491908677858384
-0.4981533179195762
-0.49703093877560184
-0.4558439398854155
-0.47194666860367274
-0.5537796487822633
-0.5745734616753037
-0.5896075142039671
-0.6401320385500523
-0.6516759555683933
-0.5765660537847928
-0.5609110087334944
-0.5786028693017665
-0.5562990798457726
-0.5116190601543992
-0.4254918618993301
-0.4914990929898424
-0.37617646000789323
-0.3094174744899522
-0.35502280761039046
-0.41174067008044685
-0.3534669549403151
-0.40901500057936574
-0.39279411256157715
-0.40828487331987395
-0.4373237009916381
-0.4868765744976449
-0.5071087664100544
-0.535343312959959
-0.6178075528533066
-0.6155330674267423
-0.5319460786086996
-0.5585728587524317
-0.5072606912936394
-0.4284759640994223
-0.4948176569219386
-0.4266515469152915
-0.4866987098440092
-0.5350868156282551
-0.5477400480173914
-0.5469044840920689
-0.5523498287972138
-0.5840362223468473
-0.495196869248023
-0.5743440691679635
-0.5370700950452879
-0.5184883244353495
-0.49436246943047957
-0.5132356223301479
-0.48014837691369494
-0.5668842192125702
-0.6422742708594442
-0.4960385155627536
-0.5348445446409688
-0.47774848717635476
-0.5333824717706463
-0.5535807972921182
-0.4490502605553206
-0.5648744856998659
-0.5875251869292389
-0.5647976212324484
-0.5409243860244668
-0.5467164153306552
-0.5769451959169398
-0.48428647431930794
-0.47171677014119834
-0.5514724289042346
-0.46459550945931266
-0.5208325410016851
-0.49131912696766034
-0.4804769337139836
-0.47557073798897354
-0.45726711316453655
-0.49874148590089035
-0.45349167691341363
-0.46583003285775154
-0.44975295848016456
-0.4518228712193777
-0.4938620160885033
-0.5147877602946728
-0.4881099908363885
-0.4740737207192805
-0.3650923740848501
-0.3848739185763714
-0.3890070227042884
-0.4102615167889881
-0.41198345427651606
-0.3720105263317517
-0.36027517509020796
-0.33210891670265036
-0.3866043090224435
-0.3834979004810941
-0.42249342827559705
-0.4658029365318999
-0.44771075201568844
-0.5500654464866979
-0.5985080637201564
-0.5910534475322988
-0.602504337096248
-0.6298032069103323
-0.5406308708284381
-0.5678321629050292
-0.5170455241556636
-0.4353938439847733
-0.47082682617164806
-0.5135547065080075
-0.4683311829567336
-0.45490019944615045
-0.46579365650384785
-0.5220885543223023
-0.4620269609179068
-0.5801812975966365
-0.531436358344899
-0.4726077614311456
-0.41886803919896565
-0.5245593370593764
-0.48213185361522
-0.44792097035235157
-0.42302503457697826
-0.4744418963240185
-0.4900065150812047
-0.5557753185296981
-0.49866268947990466
-0.5465691834118112
-0.5656776690917187
-0.5539658051314814
-0.5722914538568195
-0.5834447860145798
-0.5525226159099471
-0.4745428157020922
-0.44885088199017215
-0.45432186083304643
-0.494177501618397
-0.5074126286147265
-0.5580338058277763
-0.6249432293992427
-0.5574000131127599
-0.5890260328952389
-0.5989757587660628
-0.6133208419463396
-0.5471327250538651
-0.5337281078070895
-0.526008075157702
-0.41036136556869374
-0.4391524031045506
-0.37016572010779036
-0.4682501004966506
-0.494766069814828
-0.5162697165979119
-0.5783958167048991
-0.613117743228158
-0.5097677286898693
-0.5873933635829767
-0.6356700149395781
-0.5976749481746609
-0.5591803809682341
-0.5802114322743827
-0.6352335739156041
-0.5852824819406399
-0.5204999330477887
-0.5656970925690307
-0.5293199521128484
-0.554551117941239
-0.5291928444480212
-0.5665304394710458
-0.4923068411923399
-0.5375681496649231
-0.6720531208637638
-0.6525983987398063
-0.6021827552684749
-0.6644409577269406
-0.5806189721741447
-0.5309753998455397
-0.5131015659661426
-0.48076508789389516
-0.41183600558805833
-0.45803002937457393
-0.47916530069557517
-0.44067881538147635
-0.4812059372731199
-0.4639146017136173
-0.3681425595242498
-0.35064626126721476
-0.3510862296148718
-0.26594104891939024
-0.278593042684888
-0.33905960682594666
-0.2702229214505468
-0.32947632905113944
-0.3719863057385155
-0.3747733108298513
-0.3121035685547298
-0.3744004934606895
-0.3302486148036522
-0.25157835675970974
-0.24507643606177146
-0.1903803607709612
-0.23165354452768241
-0.22156545269805175
-0.24297904563434275
-0.26562431841865775
-0.26091910737224194
-0.22118795592843546
-0.2461089779993905
-0.16749780854349716
-0.24077652103078798
-0.3174468761686316
-0.34899428869832627
-0.3298318064243689
-0.37929205672370536
-0.41150212831526073
-0.30831238280245943
-0.3329862492944894
-0.39920140232126317
-0.37401552648144637
-0.3220566970067391
-0.3473223519181504
-0.43125494438355716
-0.4348599697154357
-0.4009669763061574
-0.25146867008658325
-0.262638791495297
-0.2901060420933274
-0.26252885318132263
-0.23633430455484028
-0.2710162440887631
-0.2594727621289883
-0.3390604773699784
-0.3791928738546512
-0.28363828018313864
-0.2877719882594134
-0.32037438698943704
-0.32438154360103605
-0.366042608882104
-0.3743219581053027
-0.39727252318967476
-0.5226523643750849
-0.46101875163349
-0.46440640630898217
-0.35910131055753536
-0.47176479474541194
-0.5071061607031797
-0.37006099152129895
-0.34067671468882205
-0.4145789686791748
-0.4220366333184124
-0.4970204135668657
-0.5005457843064985
-0.5406381231604745
-0.5571825157102385
-0.6246511587538492
-0.5804395306733576
-0.5690033269517648
-0.6057974857230888
-0.5214401766974377
-0.4099807279627377
-0.3832402177535886
-0.4388239044697082
-0.4025372208941337
-0.39259653441587583
-0.5050046646822636
-0.5813051260519604
-0.5891422868948604
-0.5045902518692674
-0.4915110935948797
-0.5402535975479361
-0.5388856107452481
-0.4711998477350549
-0.4730081353946367
-0.5491958214854664
-0.5368102125620152
-0.5646114278400408
-0.5357535444658332
-0.5584638712640377
-0.534254410988008
-0.5483850964460067
-0.3651012711042585
-0.43454856027112626
-0.3580315153581083
-0.3788616274511574
-0.43033565260121304
-0.354077462254692
-0.3840431842316186
-0.41122189462124975
-0.44799448724214164
-0.42562826397944664
-0.38509584450930834
-0.40732955924817993
-0.5271739699976922
-0.5431848276962531
-0.5101819498580888
-0.3850522140491254
-0.37207669183529773
-0.27033296080708297
-0.2549477346246277
-0.3411826706703151
-0.35905347994874703
-0.39338148823365227
-0.42083483437533425
-0.41772068533630696
-0.45099801101316805
-0.532391601500145
-0.42543925713946534
-0.5135595496656089
-0.47577543250509796
-0.5168522011386705
-0.4676968851204257
-0.4752703255311161
-0.5502450844636629
-0.56327832539298
-0.5577420146421683
-0.5136898171040056
-0.5303990959086119
-0.5302431695777227
-0.5425779816455826
-0.45465917504403325
-0.4503586915658884
-0.5034574788968498
-0.4502592789364893
-0.47448964832320467
-0.48243557000768
-0.4871987728164994
-0.4362835179869498
-0.4130315291297568
-0.4048785017577703
-0.4824379093996461
-0.4516328375425378
-0.5137611586212647
-0.40246060900239533
-0.4811513895647722
-0.4270265194176946
-0.31148950063770386
-0.5069320888097096
-0.48199023625678716
-0.42576405281813173
-0.3661414910521181
-0.43500899540242405
-0.36460793933887875
-0.41372715091076767
-0.3218270407864579
-0.3585655945675802
-0.3422975445137166
-0.42908439175086005
-0.41240625399026964
-0.44516089118247176
-0.4158067989870183
-0.40884427028217213
-0.3889420788284691
-0.3398405604060284
-0.347672454681918
-0.40152803426762157
-0.4831574894200413
-0.4449479941514589
-0.49269728858146317
-0.5868096700322819
-0.5991154534231342
-0.5496513787341971
-0.6240511148991215
-0.5788367178202836
-0.5513798706207064
-0.4821464005932664
-0.5106100207153209
-0.4769265421506639
-0.4879788183050258
-0.44961628330296705
-0.44429187543172577
-0.4088539348717261
-0.3920194062197505
-0.34276186965563504
-0.3391005606683301
-0.37355718299500007
-0.4166454715517291
-0.38772864634692333
-0.2797978842135119
-0.296147782724607
-0.31719851229444335
-0.40937705603212127
-0.37981118147297255
-0.3887489143395431
-0.3583793950582346
-0.4304165141111158
-0.40552581863199916
-0.2794312855842466
-0.28936041291113407
-0.3220643401975212
-0.21741959241256154
-0.2320575328402084
-0.2698672806222815
-0.25665512652610045
-0.37404312646781984
-0.3691284884484075
-0.4228181440675702
-0.42018837161620604
-0.4291526884647485
-0.488605267037014
-0.5503862073726732
-0.47663713536771013
-0.47267173436159177
-0.4313664465068618
-0.4112052372840719
-0.34595839808673906
-0.3875609957616226
-0.46349902332944215
-0.41261082973800417
-0.4063787765847802
-0.41968052481560075
-0.45011421030597176
-0.4885225738203283
-0.3654765569693406
-0.28418773512186474
-0.30941561612362967
-0.27377503017058397
-0.3113949318817713
-0.2572686742139003
-0.34732570395619006
-0.5007032614974908
-0.48041888245241265
-0.4065541955396353
-0.41714584814458966
-0.3667187302196102
-0.4271989509568438
-0.45698462132459144
-0.442004155383389
-0.4937280207980252
-0.5403477187339704
-0.5791326484665839
-0.5490049222153367
-0.5448934908276898
-0.5444160214250884
-0.5656855966304833
-0.4369413177658085
-0.4956977014148718
-0.5204503590649228
-0.4067950550251147
-0.3726514678351863
-0.47176418497785944
-0.4603257536563546
-0.47564877928701516
-0.4575672422468363
-0.40449734694440415
-0.4483944564272126
-0.5074796388011465
-0.4979923515922681
-0.48618392406356514
-0.5224901721168416
-0.5339445026672582
-0.5223916414661157
-0.591064794896893
-0.5827782459222515
-0.593543588643155
-0.5060213055003824
-0.46204875306494353
-0.4816924426300577
-0.46317644370758654
-0.40355926140901993
-0.41730245440249236
-0.45689877918998234
-0.4882023739350172
-0.5677806650680022
-0.5480637376944115
-0.5551374403396796
-0.5616798914345354
-0.5532119283706388
-0.5857377297551437
-0.5873413730147693
-0.5528250156105384
-0.5861547536008919
-0.5294144252696544
-0.5742508738268902
-0.5976290952966922
-0.5161518534832317
-0.639878410036914
-0.6490636627566087
-0.4691474377179626
-0.4650982785228719
-0.5063176457609722
-0.5146761563308502
-0.46448460774313083
-0.4511224024566035
-0.5262259436700432
-0.6077408281339836
-0.5509168538597228
-0.5417626195000654
-0.4582933038265953
-0.49545586478009485
-0.5785869355278638
-0.5936145582935959
-0.5904375020296254
-0.6055684941599814
-0.6285504101324918
-0.4924158698543254
-0.5223418372450493
-0.4999404115405459
-0.5384901999012744
-0.42512569158497443
-0.4675316780026526
-0.5327428229830117
-0.5882780260883931
-0.4142937023899869
-0.4718631045867071
-0.4269029378833512
-0.4849846892810636
-0.5027454961577277
-0.470834821662114
-0.5371140295866248
-0.5707565890019995
-0.5009677428584629
-0.45785109042434163
-0.5302583302174418
-0.4701667005958189
-0.4497872127089235
-0.43672987434013827
-0.43966755635926097
-0.5168669989421022
-0.4295999301833957
-0.5358102032194274
-0.45778578786596136
-0.5003317913403632
-0.43788296002982313
-0.4988956236101968
-0.5439225534478329
-0.5197013385536507
-0.6000221439977471
-0.6257626271926983
-0.7104130977974442
-0.6012837506833761
-0.5747219333729011
-0.5578635987454824
-0.6199223528407647
-0.573185285590486
-0.5730598568284894
-0.5614611727531031
-0.6089314026122021
-0.47491021055119204
-0.5026279925140502
-0.5302206412416038
-0.6384149178269798
-0.5463095501422536
-0.4612134596180917
-0.526235503291755
-0.5197346116622064
-0.5359139263526216
-0.5050230222426498
-0.5030357440570947
-0.48495732587256196
-0.49355380007305716
-0.5010849076322419
-0.4814242120583057
-0.4053193778626528
-0.49728531448091207
-0.5512221573098902
-0.5136734907901938
-0.4509468380489038
-0.46161992840121796
-0.4367066062313217
-0.5664545942803363
-0.5909195758914695
-0.5891972536020618
-0.5432203783386618
-0.5678098757483537
-0.5544412203147897
-0.5699167806782316
-0.6236739282022955
-0.5827278143102776
-0.5258938732893574
-0.5627168029405561
-0.574135743304929
-0.48341037327354136
-0.5387139730867856
-0.4842309961966912
-0.46453521351989063
-0.5377395292370358
-0.3812669917268834
-0.46100591680508507
-0.49142658722473115
-0.47870359456201184
-0.4410117725018058
-0.4428112790101021
-0.4246282651187554
-0.5244897009098071
-0.6040565790388898
-0.5831042518849485
-0.5420810602737435
-0.572935613293677
-0.621667442841315
-0.5991173622418967
-0.5307667070773855
-0.5798944846128987
-0.6049720228501458
-0.6272873529863284
-0.6120599039070298
-0.5714452974855208
-0.5428260183806084
-0.4717872629001386
-0.42660595059901557
-0.4498088406187151
-0.3350713973117788
-0.36511202607861554
-0.49658930126048
-0.5158850885945855
-0.4274759444221494
-0.40168988559445395
-0.43031140077161556
-0.5124334817277971
-0.4952911771443006
-0.4403128741901373
-0.49360519069986464
-0.46417365194516935
-0.47455445261638574
-0.5396697257735382
-0.5183553048336828
-0.5398612236767284
-0.5507293266273506
-0.35577854944945647
-0.3942480509928996
-0.37659935033795316
-0.4503189340167597
-0.382445688829504
-0.5069046590688321
-0.4552207136104146
-0.4960023550970793
-0.5132200812274625
-0.5044204926615729
-0.5325558076585885
-0.47203649981906864
-0.5918253611593107
-0.5512659630007726
-0.5931413317797823
-0.6235127872009576
-0.5751527098000558
-0.5562326878041776
-0.5041483105602587
-0.527300811172237
-0.4291706680907991
-0.4245879507131793
-0.4012066731409312
-0.4563283290872612
-0.5345253025944161
-0.42388293716586023
-0.5583166928506292
-0.5243351540680318
-0.5510021346587761
-0.467405369318116
-0.4148686261331369
-0.4464830412716938
-0.43380282815801097
-0.3489561278099526
-0.33433582617178437
-0.33925845445137914
-0.3322380044187117
-0.3283650283517069
-0.3967629225245377
-0.5196252997018413
-0.4423667602607728
-0.5057863280103951
-0.554629537487485
-0.636982087762061
-0.5936810810822
-0.5487752373413706
-0.5648382716143091
-0.4996138583680515
-0.49231335877314797
-0.36668478110733826
-0.356081267355364
-0.43404307146432547
-0.378971292890122
-0.3510759438264934
-0.48264930144569046
-0.49207084403693546
-0.41509640922385277
-0.4285012290725691
-0.517660393352793
-0.49822403413238336
-0.5314722258781209
-0.5327705719072351
-0.4145536155581855
-0.4377601548009339
-0.41267452580792274
-0.4093676320183773
