-0.5839672295912147
-0.5907332090228679
-0.6234233086995336
-0.5423667749761149
-0.5567820434956096
-0.5044388701882206
-0.46463042537663696
-0.6009278628679047
-0.5722778273776027
-0.543376057302227
-0.5669513548063864
-0.4373873355279
-0.5092990142883493
-0.49689371363150714
-0.43500587185148726
-0.3992304431542484
-0.5034921702664478
-0.5264426094610427
-0.5037892879053492
-0.5071458489018804
-0.46478628059273835
-0.4932330364598521
-0.40780068595665747
-0.5130149906198557
-0.5033015797581403
-0.46717166009541344
-0.5367769457872896
-0.5671849811573756
-0.5509876348915246
-0.5541537494531844
-0.5390792712944361
-0.4499095048503819
-0.4827791194660407
-0.5211723786586094
-0.5098792472104068
-0.46836543548806137
-0.4565364302892367
-0.4488891062367757
-0.4339270931985367
-0.4286567738263414
-0.4316819210354647
-0.4682033110361399
-0.43247656491094966
-0.45520810478087026
-0.563603871574698
-0.49892633980529577
-0.48734019767827774
-0.46630925148385227
-0.4426493269007038
-0.33910736631236127
-0.37844382172326474
-0.39001434162216314
-0.3337377153038628
-0.42256251934294553
-0.4752518228127309
-0.4751000449997256
-0.597930113667347
-0.5777411912448357
-0.505969776430462
-0.5308386447051261
-0.518889565560308
-0.564594941327899
-0.5700557254944565
-0.48716950178846047
-0.43863154033829005
-0.36150320412413983
-0.38698617227213894
-0.4391228445880758
-0.49969278512461623
-0.44721629698849086
-0.49359391396461666
-0.4965104312767974
-0.596182096611291
-0.5248129773287246
-0.46574451053504
-0.45792863427758707
-0.45824864804025767
-0.43427930115375446
-0.4344353810093524
-0.47067318134298186
-0.49004178401409704
-0.530520900322503
-0.5356191124804156
-0.5242619322082321
-0.5337223203561829
-0.5095613148991035
-0.5666225072407056
-0.5144799724178635
-0.5539044437779178
-0.5791306901169568
-0.5283389280667202
-0.5697517434615061
-0.3950854753595192
-0.47429788072974355
-0.5275538817839633
-0.4355452697306395
-0.5122740138634169
-0.5341723673338004
-0.47433600800206716
-0.4029070292581554
-0.3986055004258109
-0.4139092849859804
-0.4752017952552679
-0.5360746649985798
-0.48587927242360784
-0.4372057263074004
-0.3700179964058006
-0.373918436985235
-0.3706238876568757
-0.4019128991494481
-0.4687975128852831
-0.4795989841564541
-0.5311174288365436
-0.43673799571817395
-0.4699831702945259
-0.466236541352647
-0.40790796595916995
-0.4048174086390744
-0.44652070870585925
-0.4054010589872173
-0.41312811720101617
-0.3985568996859014
-0.37740199447989964
-0.35002513746865993
-0.36015282023748296
-0.25050795733738945
-0.2849872117194473
-0.4096159241124234
-0.41561147889507916
-0.41269463560712083
-0.3434852211125429
-0.4023372542617223
-0.41991051516728106
-0.33750975456074983
-0.3515213466978788
-0.30732396296359876
-0.2507223439717616
-0.23109298359069122
-0.25303776600469835
-0.22727133757730622
-0.15590356468224054
-0.22780634242171943
-0.3096634640422477
-0.3279990913903694
-0.3177893189386306
-0.35740329365384926
-0.43094646564690303
-0.39560989003304214
-0.3727967715414211
-0.3494058930943248
-0.3735056361217978
-0.32025173252084294
-0.41569181762113544
-0.4785565089140512
-0.39606309720788946
-0.32280078568126236
-0.35200396638598186
-0.3626189404237444
-0.37847652026849593
-0.3353122649521554
-0.353149281389666
-0.427067089060136
-0.5009563230957405
-0.4106852455120637
-0.4418248829814567
-0.40055447946337414
-0.34739842349325034
-0.45042107528978154
-0.40842452961415077
-0.5168498784739868
-0.5032971605308693
-0.5114410618084763
-0.5066657863398117
-0.5813887173272275
-0.5650417549081519
-0.5236937033017726
-0.5169704529529914
-0.4934108256790788
-0.5078505482978202
-0.49908620188018993
-0.5273842917108816
-0.5357292930047279
-0.502129591964048
-0.43708121175992015
-0.4955882506011515
-0.4753440021146542
-0.4886016844304761
-0.4979831585358652
-0.5023307934685757
-0.5856981419801822
-0.5523625306856927
-0.5567238918088904
-0.503857362538955
-0.4188050849884881
-0.4476956855162717
-0.5118766663870944
-0.5239871080956293
-0.5424002606847396
-0.6807925627038016
-0.6284817550344127
-0.6338532750495702
-0.660529807566925
-0.5194240000506577
-0.4584731034828223
-0.4012564118132806
-0.4304512488659347
-0.33148608742160207
-0.37421485504161
-0.4131761841119472
-0.36556577883910385
-0.42837230749046373
-0.4656651887460676
-0.6016544653533752
-0.4961550697341218
-0.5736236109328106
-0.583740079749659
-0.5600646778983901
-0.5319571408357149
-0.6281940044092941
-0.539656230193954
-0.4957430662480538
-0.47083606357511193
-0.40224032594207243
-0.4571439874155927
-0.47067831795913795
-0.48207710876744975
-0.527004990665738
-0.5218710421018301
-0.41271151968973635
-0.4561174373567114
-0.40778233270030073
-0.3439032249433888
-0.4087675518523659
-0.4242524917349226
-0.3462229263184664
-0.4519187268771383
-0.4803811629686359
-0.4458542418758744
-0.417442672826328
-0.3652354093864923
-0.4135251654019548
-0.36331402845380534
-0.35094616630413283
-0.3835692534881663
-0.3016604705743674
-0.4636035776804617
-0.48646528387416443
-0.48262317668950216
-0.45310685624460895
-0.44273390827944037
-0.4543522603021156
-0.5174227781980716
-0.4540910533687556
-0.5457006990589188
-0.4866525375484842
-0.42399100272807816
-0.4593002398663023
-0.5030212602438526
-0.4176504232621233
-0.5250034968787906
-0.5383479686522927
-0.4267873792695989
-0.3420387685310492
-0.4164805770175016
-0.4269553083349976
-0.5527072330535048
-0.5239049482787828
-0.5143262698332496
-0.5650399110981893
-0.5798050546084439
-0.5540401886031221
-0.6114285410386152
-0.572390445697007
-0.443605548527098
-0.42143404312658417
-0.3682826793833385
-0.44469714262495325
-0.44901165387031505
-0.46696434986181795
-0.564871457573941
-0.598239046648517
-0.6907992692437948
-0.6057338254183522
-0.5971849817601271
-0.5012933489574697
-0.502571343567299
-0.48207340757480804
-0.48809599599335013
-0.5773629462396078
-0.5569719335177659
-0.6020661093402007
-0.6521932632746634
-0.6025753805367927
-0.6343848793019514
-0.6007857198014631
-0.5728430169858565
-0.540108408221413
-0.5321673353826835
-0.5809991838822277
-0.5789376113058423
-0.46921380932780754
-0.5668590182355395
-0.6102454276369692
-0.48355730915730055
-0.528426067551418
-0.45363875215204824
-0.3445528302734255
-0.371934681470373
-0.4809802474978061
-0.4485269291314686
-0.47764763516212755
-0.4137071461624457
-0.37679055124371685
-0.3859524347367568
-0.4135804066136639
-0.46602671467284
-0.43535815619209994
-0.5062429707587088
-0.5269634394131695
-0.44596994029294956
-0.45800832834946
-0.40510393313765247
-0.4708999816811705
-0.39011606192297693
-0.4220595983597374
-0.41308784191844306
-0.42902440202272596
-0.4609539219270004
-0.5745564598742392
-0.46824194073943814
-0.43313484666504354
-0.39949268258337967
-0.37723980721768524
-0.5032942778950306
-0.5177663772953136
-0.4495972587637848
-0.4380493807310714
-0.38751868338501444
-0.4650069673138309
-0.4603218946804397
-0.5001897027371189
-0.4789335117030384
-0.4762237246782682
-0.4224811036139463
-0.4543287617396438
-0.5267281290034417
-0.45102051076728733
-0.4648175063448815
-0.5094349265811385
-0.5103903150455038
-0.49483307150226613
-0.551081265475525
-0.564811242430778
-0.5465634223832648
-0.49786790356254307
-0.43948757830096047
-0.4310981510414307
-0.5493555835219591
-0.4998589115004124
-0.48725102717919033
-0.4276975037466223
-0.39132061152994285
-0.47879312713582534
-0.5597502433947984
-0.5412177359834635
-0.5941969789431444
-0.6058218569615292
-0.5285516908228137
-0.6994163569458672
-0.591563277821948
-0.6160543384559013
-0.482204372687569
-0.4579272217101492
-0.4358322377083773
-0.495717961163859
-0.4939264230072042
-0.44078969952971525
-0.44538052874021566
-0.5030404651059728
-0.4924920994083347
-0.4690404978882917
-0.411275393368606
-0.34689950382199797
-0.4148596198822611
-0.38277385826167754
-0.37513508991825684
-0.3821682577131112
-0.3771100414499534
-0.42032613429314736
-0.3659529757611708
-0.4082338186092596
-0.43410000979640734
-0.4608677738718441
-0.4353574940009016
-0.39890912795622113
-0.4060071564884145
-0.4087032517307679
-0.4443197127382004
-0.34955670394642524
-0.3919856871812747
-0.45581127199422494
-0.4791391186800652
-0.45501143290856005
-0.44980952225867077
-0.43718892147893884
-0.5134692852313143
-0.3530902229734329
-0.516089491029149
-0.4404236388739843
-0.4607468327072589
-0.45697270948409374
-0.5266180944713308
-0.5191400121399921
-0.5344546849548125
-0.5858301809911344
-0.5419083167696837
-0.5005555104916128
-0.5838621078369125
-0.49434553969287603
-0.5639273496964933
-0.5520536764757275
-0.5730862954522254
-0.5602409514909634
-0.6822783400718556
-0.5678036136025482
-0.44620923275813607
-0.4623451668630406
-0.43698041688609235
-0.44518558122569757
-0.566297668683177
-0.5276543933785266
-0.4793535670040623
-0.5538758812673481
-0.49310527964036943
-0.5286680371206224
-0.5683061589153968
-0.5277525321969596
-0.4757923785697153
-0.47350980596780207
-0.4527832890713777
-0.42275259253674086
-0.46686981341753997
-0.5624393180928371
-0.5057366242997703
-0.5173203842890527
-0.5602023407076919
-0.49659373537481405
-0.5245596064507064
-0.4603613052127987
-0.49201450699410676
-0.48625698104855947
-0.46903750809439654
-0.3877372364025332
-0.35518658036031187
-0.4953870704032888
-0.6307797076851737
-0.5507176229836501
-0.5908253579230311
-0.6165524627799912
-0.4630961578261037
-0.4711024956556892
-0.5673851686623865
-0.45971394448561514
-0.5127577912255895
-0.5197379831217988
-0.4693257881602163
-0.4561416644658344
-0.46080652079209494
-0.5072291733337243
-0.4953655686605987
-0.44577389097659376
-0.5615509789945112
-0.4182077119856606
-0.4751064738732461
-0.44550891804040715
-0.43887106769242484
-0.37292163947345836
-0.3473597972836454
-0.34592190245866006
-0.34513577887144575
-0.3273914763317745
-0.40488419361960337
-0.28583765682844303
-0.29042705078738146
-0.3055889072375495
-0.24549939564902634
-0.2416209914567506
-0.21293976268504813
-0.2470632030354084
-0.3092629639696098
-0.3655545131088721
-0.2699400882000608
-0.22044633116802592
-0.2794265731948266
-0.3023475801631218
-0.3343248283623791
-0.3215147936218512
-0.3166586906016134
-0.3355230476552734
-0.3490984461406369
-0.38681236995241375
-0.30697649421690476
-0.344217794765352
-0.4182662356219518
-0.4241194183293204
-0.4324072212674626
-0.4757229740448176
-0.46830895301634445
-0.4315010574888004
-0.47344266268005575
-0.474838245041293
-0.5723209461749894
-0.5108185775160813
-0.5961386496940081
-0.5401987335203906
-0.5770344708505919
-0.47399452686111543
-0.4513832450930417
-0.6158867132896032
-0.5256014708657666
-0.5013823329929677
-0.4277444365942294
-0.34237928610680946
-0.5032943657318514
-0.49764977624489487
-0.5456254936813454
-0.5197888263321387
-0.5170445436334663
-0.5325339750494138
-0.4422084552124389
-0.3595865810994936
-0.4447482668626293
-0.46153799963848086
-0.5094163145165317
-0.4697278283680618
-0.46280662436325865
-0.4954912592325161
-0.4259530464474203
-0.4735143106120093
-0.40812906418908196
-0.45332457117368746
-0.4335328451690572
-0.4621552426676834
-0.4146292337123443
-0.40789138507777467
-0.5191839553879831
-0.529628708668928
-0.548280223060763
-0.5095364345305501
-0.42967353986393514
-0.4791423461682908
-0.5044055579729572
-0.4586015971296493
-0.34695485803565884
-0.4221552654689142
-0.4528166224320284
-0.37395043282242707
-0.40044233312898636
-0.597423167093189
-0.6341389611042545
-0.529046961838609
-0.5758331847373835
-0.5979096658354814
-0.503284777233351
-0.5637689814542617
-0.5195765808393791
-0.47445367120208387
-0.610261316627524
-0.5648633644857044
-0.5247381887202872
-0.4520751356766687
-0.43879063602901297
-0.4709439496167498
-0.5450069525559909
-0.5508717764237488
-0.5566305436382889
-0.5364994067872666
-0.5197492420334088
-0.4713878028511262
-0.43525596229974883
-0.3974436369178729
-0.3677057964497544
-0.3553490368292559
-0.4243620322862706
-0.6181004355832163
-0.5843451346032952
-0.46053927617280754
-0.40271728467998796
-0.4857912257146646
-0.5255547557299963
-0.6780064690775972
-0.497129825381387
-0.49174471282788457
-0.5289663096773103
-0.60397400863644
-0.5764439907333071
-0.5669468238530685
-0.4870848953939026
-0.48054547024599675
-0.5165219631838358
-0.5707924142090169
-0.6714942018194312
-0.6331344328995995
-0.5654665986963584
-0.5143806547618236
-0.5631124690146851
-0.5255384793639719
-0.5052955330028017
-0.42918225442080804
-0.37570565329404204
-0.39333935574769197
-0.41310038410540145
-0.41228456613184805
-0.48730318922704285
-0.4835755395353468
-0.5437904718414457
-0.5078526953651978
-0.5798742180236369
-0.5622714331730481
-0.5392441841959315
-0.5102601625773235
-0.4467735353254976
-0.4775460006739467
-0.5087340213294158
-0.5621792674875536
-0.5534569112155974
-0.5409580057182491
-0.5899819274234503
-0.6005657549870002
-0.5575267853793282
-0.5602990357553314
-0.5261873376626804
-0.5756040380658424
-0.539772400513969
-0.49916668335371434
-0.5068924104168913
-0.46067609215621635
-0.514094122165518
-0.5142596464699933
-0.4996893690040878
-0.4735910196135625
-0.40428296006670483
-0.48194118663051866
-0.46028603338500007
-0.44184571704131936
-0.5220489192416974
-0.46085080381717525
-0.4296314000994298
-0.3999861463011234
-0.4025576858002007
-0.42059292224806694
-0.44853424722553237
-0.3393520661105427
-0.4013022187820723
-0.43519803164498333
-0.5288099302705932
-0.5870918864715466
-0.4892190583888092
-0.541235783306957
-0.5143739914741502
-0.5952207411448895
-0.56646200910152
-0.6091011212081214
-0.5870968221118759
-0.5343044505757704
-0.5271270032767175
-0.4999563299302013
-0.4255952266552691
-0.4501102602856959
-0.4197678723855879
-0.4729712767004062
-0.4610608457580629
-0.49480883625760463
-0.5643076309726687
-0.5219969645241636
-0.5399920111010228
-0.6401283084979077
-0.6032495266424501
-0.6165420450931761
-0.5341932057181733
-0.5727897206334299
-0.4751191455468609
-0.4457937116803141
-0.4169317583591624
-0.442570046913988
-0.4620391257381115
-0.5848995719456418
-0.6502994131827693
-0.5918271521068909
-0.5705515703735189
-0.4677309344559193
-0.5265144046364154
-0.5189323447402042
-0.464051372133534
-0.5832041039746836
-0.5586188267019139
-0.6182760046733201
-0.517594617301785
-0.5484643801123685
-0.5709675805294268
-0.5515659806855358
-0.5392148558518234
-0.4724428654116758
-0.46420493145652203
-0.5362610526829023
-0.5844740470409026
-0.5768023250297184
-0.5377103708993894
-0.5218061589200657
-0.497313597706914
-0.46434532347493335
-0.4529061162214158
-0.5647512374058514
-0.5185331382846957
-0.4394951605233263
-0.5119155448697
-0.5097047589151831
-0.4407313387510839
-0.477665769584388
-0.5801653559557161
-0.5808543138173018
-0.6060611033487951
-0.5811612845499189
-0.4927505508093346
-0.47425023099286134
-0.5836606265356937
-0.4778514931738844
-0.4255413588034769
-0.4088228641326716
-0.4205860415435042
-0.4301065069553873
-0.45778134001759235
-0.4593614752010385
-0.5949913300204381
-0.5845955434535053
-0.5011058559888478
-0.4938753560334685
-0.5515393450740282
-0.5107036402123696
-0.5547879745075829
-0.4807116065596041
-0.4504351891583708
-0.39992513631755156
-0.45444813799666506
-0.4325089438769428
-0.41184847885850495
-0.4276510759853377
-0.3862406631525223
-0.45408932523030715
-0.45075737666128685
-0.4365799669901226
-0.47050343683829043
-0.43459624287543314
-0.3832340115676533
-0.35504614615545943
-0.3408157542675955
-0.4850219186343139
-0.5585237524218103
-0.6349798955128237
-0.6165560393944972
-0.6037994613916212
-0.5659339391708617
-0.5440818344617312
-0.5431916770147677
-0.5913351354386662
-0.5464754327622524
-0.6324121813030268
-0.5029355401604091
-0.5943749302713248
-0.5594348003048085
-0.5700693152923009
-0.5618458684687566
-0.5457988503967334
-0.5537315660492252
-0.5539563644616473
-0.5529856508986957
-0.5373418015946347
-0.6054469525055958
-0.5666370311151349
-0.454730024972782
-0.5256870104751028
-0.39216922724099723
-0.4641542917825738
-0.4300986881358983
-0.40646250507831705
-0.42491459265724174
-0.3960894412306251
-0.41242700470260985
-0.392548109697617
-0.3684331138263171
-0.311864685036338
-0.29345838859035717
-0.2853749783930017
-0.26898477151666617
-0.26217555862351805
-0.3393237333678575
-0.3135178424063789
-0.2894505763052697
-0.32120724072156165
-0.34293026058659776
-0.31210581066253623
-0.36552729595538824
-0.31130255878335955
-0.374951849264387
-0.417392113632741
-0.3618366497301915
-0.4003244082690298
-0.43073292566392757
-0.41042036309575075
-0.36787313164928803
-0.4003999209681777
-0.35755517077170706
-0.3382380425619181
-0.26333806051671854
-0.3452557232401904
-0.36350742015652665
-0.29933696417242395
-0.31344502781257877
-0.3099443429843999
-0.3110776591721447
-0.41477986111030163
-0.45724661072416817
-0.46922858150634766
-0.5744663672111158
-0.6075236545236029
-0.5935548378917367
-0.6392126072068441
-0.6340866038662092
-0.5720695702428251
-0.4870039907881423
-0.46516195082542294
-0.4265451714666641
-0.49554909598307706
-0.5711674016271805
-0.5369327805991813
-0.5506995479792027
-0.5696510006714173
-0.49860191764641426
-0.569806900413006
-0.5369655158795322
-0.5737205681589883
-0.5243336018644454
-0.47016197810941923
-0.5487713574127846
-0.5631751561750542
-0.5666818266222217
-0.5690688675452206
-0.5636373358258305
-0.5609500612975352
-0.5255357532569347
-0.6150434214143662
-0.5698733076326439
-0.4601649206755274
-0.4928565772656123
-0.4678869496736675
-0.5784395375275859
-0.4931772884448528
-0.529378462839313
-0.5477167095515405
-0.5526840728415425
-0.47285442296960883
-0.5245491255002316
-0.4506847047817334
-0.6231423960341926
-0.5559735120267091
-0.5277278323481974
-0.5756618355867719
-0.46179431685458955
-0.4177603758572524
-0.4510403966737803
-0.5234005303768101
-0.435199765200717
-0.487772277963073
-0.4851108206297039
-0.484203327908442
-0.532921041870981
-0.6541700139515301
-0.4766351872402489
-0.4681683315170972
-0.42855543882450997
-0.48793041917891017
-0.5686625053053638
-0.5655777140574922
-0.5536095245919468
-0.46745051545788874
-0.47025403824037965
-0.5135150126694414
-0.5985019368364553
-0.5695125326968651
-0.5634176970314991
-0.5610470354052923
-0.5886352952856457
-0.6526647590430963
-0.5792978687900335
-0.6424684186350064
-0.5631314195692624
-0.48308157501182486
-0.44706306449963934
-0.4107922470664796
-0.5242419796621093
-0.5233453482294306
-0.5341330164819801
-0.6072216697226283
-0.4034319105365391
-0.403738965590392
-0.41568203680833754
-0.4711381720355015
-0.5216325624077257
-0.5437836297910423
-0.6358126324797873
-0.5378887856327674
-0.5896464649929547
-0.5023861013787244
-0.485061840259905
-0.4693599640866924
-0.5477419676786603
-0.4422787395424575
-0.36613377699191113
-0.3905919736747442
-0.4084047824546756
-0.5313914301196967
-0.5176624242225922
-0.48916310588017403
-0.5567839205525734
-0.5284658704369734
-0.5760106982342762
-0.6021007410694909
-0.556606798222609
-0.5870642740834399
-0.590428788145215
-0.6113727683569136
-0.6740711551382951
-0.5977622830240433
-0.5326019085350412
-0.5332099340806068
-0.5283217133005816
-0.48582322784914456
-0.5567845533558005
-0.5961297499653608
-0.5547129946761762
-0.5897025247317895
-0.6028102508066997
-0.571473789043333
-0.5370752653788257
-0.5542542716206325
-0.503326987269524
-0.5874161261068256
-0.6465114824046536
-0.6823096918416576
-0.6381223651708857
-0.5233356371612075
-0.5552038687562287
-0.5115887193932873
-0.45170965529567114
-0.4741655931313232
-0.47470501517352914
-0.4040878403092517
-0.4535609941869417
-0.43483937565302
-0.4058867005013909
-0.4897944683284468
-0.5287317961220566
-0.604154711088991
-0.5912026696131083
-0.5342303924345553
-0.4693819603392704
-0.46036631536537753
-0.5030875877168488
-0.48301325265725514
-0.45723084377275247
-0.402183425173312
-0.4856181517337443
-0.47359079741837906
-0.51089836433322
-0.49006080811270136
-0.555635012886514
-0.5526890448894901
-0.4445165849337164
-0.4721167359907435
-0.5028224221323658
-0.5509305275007709
-0.3976782386086148
-0.4331324722750424
-0.5147598521166987
-0.5348534628036118
-0.6656162166631301
-0.6184875182991815
-0.6139311464486127
-0.5421198161606045
-0.5415919090386235
-0.508347853698316
-0.49723987297360434
-0.5378758028262877
-0.5485913264383542
-0.37141849463640586
-0.4840128979940864
-0.4592677369130918
-0.471911023983326
-0.4496246673424986
-0.45517313158457506
-0.5288230359849889
-0.5596725161062966
-0.5806799214237971
-0.5652982131377364
-0.4414031650454423
-0.500295971280358
-0.560917320235982
-0.4700951237249082
-0.4538515628242454
-0.5570156403197221
-0.4941070730881727
-0.4988299066139518
-0.4237334937203155
-0.41310146074640625
-0.40786659982721035
-0.4445169615287096
-0.4628258843860671
-0.36855886244394026
-0.4396107694993419
-0.5025511893003969
-0.5436802196341783
-0.5568685485214782
-0.5665163808678173
-0.5726422688730962
-0.5847680953668177
-0.6750401716581467
-0.6599110891523962
-0.6018851804499619
-0.4962795851055097
-0.6073195289705814
-0.5184123099750384
-0.5362264381040699
-0.5073057900707294
-0.45503422740891364
-0.424600210526457
-0.5858595001955147
-0.6536589833236172
-0.5881889109466839
-0.5947275417131958
-0.5427424520998596
-0.5459151395601686
-0.6103564112699874
-0.536754103560802
-0.6277978932590066
-0.555433783240358
-0.6325227689725909
-0.6235539159000123
-0.6519817364349512
-0.6247584287634455
-0.601481582416844
-0.5555738069136519
-0.4948482575667162
-0.4400371748335066
-0.3653016204759151
-0.4007850722676502
-0.3456804163029579
-0.36580044511734716
-0.46772871730479987
-0.49705219797698913
-0.5874101448539547
-0.6393115997238547
-0.6078110565412276
-0.5635831086647727
-0.48242936037666817
-0.4318855468431351
-0.37757149936255724
-0.3869449373151132
-0.43461584368733697
-0.42073140351651567
-0.41649559788736673
-0.34970959011024166
-0.28299032322808926
-0.37793169146493527
-0.4118325097743708
-0.4280778484070558
-0.3628230883266494
-0.4215764901240542
-0.43902868902071907
-0.4928922558338103
-0.4647088917169788
-0.5042285094852205
-0.45623057229903524
-0.5296215174649006
-0.5037009638628872
-0.5058616941616515
-0.5024495220480963
-0.5352194283093
-0.6037972844342353
-0.6070993146334144
-0.5444524808882577
-0.5337242625423275
-0.5771252604141539
-0.5810375258864803
-0.5284114064730817
-0.5537487471634562
-0.5491043634671132
-0.5568789459556274
-0.5753271046342078
-0.5667101520553727
-0.46681871156814553
-0.49015753081181546
-0.4935718768818808
-0.47416572055425654
-0.6058998268727653
-0.5566369354985943
-0.6301682886931135
-0.5868818694872315
-0.6147310091970352
-0.5660514904711489
-0.6056489190391483
-0.6560539889929817
-0.6104362821978222
-0.5811436120343331
-0.5690879378580191
-0.5681090418947153
-0.5873561729963994
-0.6116977380655734
-0.6392528854127929
-0.63729392241156
-0.5846977068055922
-0.5050117802544917
-0.49051139098327395
-0.5434723382358005
-0.5961389455157838
-0.6069760788265909
-0.4646058346514151
-0.47666433887982995
-0.43998123255968324
-0.4199421536259805
-0.42707968567077503
-0.5634291785882417
-0.4890198923096734
-0.5075744913728032
-0.5622537092389712
-0.6784527854084316
-0.6014084688800945
-0.5710975185952472
-0.5760844672559853
-0.5566807544044304
-0.5710862177678278
-0.4928651142904196
-0.3497034367196685
-0.4341739293970408
-0.5015766828052718
-0.6173037877139861
-0.5706599251625067
-0.5796788369540335
-0.5664570350348724
-0.4956551929927239
-0.5268727676631134
-0.5056458856588075
-0.5206397811315293
-0.5872707029701871
-0.553890788221455
-0.5318634566421276
-0.5444850450893768
-0.4884361474380262
-0.468001831738114
-0.47576195127281373
-0.477091702983584
-0.5267623782352675
-0.4627106690597247
-0.4193474693801507
-0.40798588651003775
-0.4380362924377319
-0.5149862289149748
-0.5116587198417453
-0.46701951325066754
-0.5025188266344932
-0.4382250491090148
-0.48366195222141434
-0.5256749784447408
-0.48523615412109994
-0.5590668401379375
-0.5062828476201818
-0.6703941674063663
-0.6201797977590913
-0.6033025425632501
-0.5730950594133671
-0.5801200727159086
-0.4526663193545439
-0.4496650027853614
-0.48862443650037934
-0.5474364161239398
-0.5092236597333759
-0.5209676695956545
-0.4895105954145542
-0.47200329833034493
-0.4113735767098602
-0.37828587072866865
-0.35921307155405136
-0.3106813193014379
-0.28178367054728254
-0.4009509830739026
-0.40960914065641874
-0.41462201746067173
-0.45705305599348267
-0.39652110369175936
-0.3735554428045682
-0.4546258052014841
-0.4315829729245293
-0.4217494848516554
-0.47448150347925233
-0.501673427127454
-0.4666629634955429
-0.4423886518879298
-0.3631308321615426
-0.3459224859885405
-0.3547576658807351
-0.40180193771088
-0.457844819688446
-0.42682813636478306
-0.4194967605842968
-0.3789963607676554
-0.3465891578660815
-0.3669994195277653
-0.3936426943864512
-0.4632874217878806
-0.5732874892457231
-0.5561677749137327
-0.5046822308533695
-0.6269222787829034
-0.5218032007193449
-0.5582373896062369
-0.5493446871346656
-0.592844589530521
-0.6081863111344092
-0.584884770309894
-0.5575838995493199
-0.5675038260270756
-0.5702019448530041
-0.46951713917875876
-0.47452981183118637
-0.4699935340647569
-0.630503558895749
-0.559919598866229
-0.538241786598124
-0.491749866436584
-0.5149217630684355
-0.5454424453095997
-0.5016205235297979
-0.5581106861804234
-0.5326021712474007
-0.5481539310463431
-0.564690860141548
-0.5161453866377881
-0.6008778856170809
-0.5548423298671432
-0.5545012355421074
-0.6071217650277949
-0.5627826232103371
-0.5207673594442012
-0.5321122283512484
-0.5740615550091726
-0.5031255042978517
-0.40911710114640865
-0.4876268721699003
-0.6174317193663886
-0.5337073997040348
-0.5008162691454074
-0.4555343307919587
-0.36748644660779195
-0.3600532588085381
-0.3100965741825248
-0.3118637029818137
-0.28287341951083
-0.36932134124586014
-0.2627377525653159
-0.24247460528784692
-0.2921258207840905
-0.37412247376577856
-0.31808834819513704
-0.36974883094412125
-0.3443447633974066
-0.35184822142657274
-0.3170939385952787
-0.2644332066940085
-0.2718811222979432
-0.265342010953776
-0.27924388844331094
-0.24442351496848436
-0.29326665755150644
-0.3446916376286724
-0.3462942993549475
-0.3571661601241428
-0.3870883380329479
-0.377313596756465
-0.32914832434303176
-0.39986523392594303
-0.3883289741606364
-0.4253895388336304
-0.43645571866381994
-0.4314843802353531
-0.4216227224790615
-0.36442772063858986
-0.3531807193091453
-0.42118051699944153
-0.3716361375691897
-0.40090320959108283
-0.39487096745849776
-0.4115902650652673
-0.32435077348070335
-0.46411168355273447
-0.4798649686712701
-0.5207901218627113
-0.4898506843117831
-0.5404036645573588
-0.44484395832332535
-0.42021593996112844
-0.4202375472556001
-0.40529158732545484
-0.45476437040029305
-0.42655997124360423
-0.5394352851467435
-0.5815128749799706
-0.5964536621045494
-0.5310330253815914
-0.4718054747458419
-0.4889366060510366
-0.4687157276936016
-0.5074418446350457
-0.4771698860564283
-0.5096353926328692
-0.5881026550523638
-0.5182004574996392
-0.46118853207383126
-0.45494719420834673
-0.4759709280194378
-0.5422425126066894
-0.5597158543022429
-0.555374960145819
-0.5987749174003267
-0.5823853868327243
-0.5793938886267557
-0.6347022626698426
-0.5463682994194896
-0.5664910962563626
-0.5735116178923029
-0.453667795309062
-0.4981441655972903
-0.5042109193805671
-0.5367905944017713
-0.5576698957298458
-0.5704963252834335
-0.5549942812063321
-0.494486985218842
-0.5416212625222696
-0.5131393115258662
-0.47249899893143515
-0.4734934062027188
-0.5324258932009414
-0.5768009002227106
-0.48782728280184406
-0.5448175096998743
-0.6265804603029941
-0.658841126827552
-0.5630970719022933
-0.5128600561573997
-0.4574207172504118
-0.4956412732778784
-0.4363629934138099
-0.4155200897087746
-0.39025783392319574
-0.470568046532164
-0.43155961484428196
-0.4551542025972786
-0.43777175915558564
-0.4987575429127773
-0.5210666818618714
-0.5394751152376538
-0.6122474259388645
-0.4263935856474559
-0.44778011112193583
-0.45845796209979206
-0.42986756948317595
-0.45072447975803004
-0.4471474573583338
-0.3961805605868907
-0.45344878964585944
-0.3965911923565809
-0.44908087008404657
-0.435918150220715
-0.3951168423963519
-0.4674095937914464
-0.5138082107092166
-0.5255871769575953
-0.5773595496218425
-0.5468248388328417
-0.6048729629111402
-0.605402030963307
-0.6011041308151729
-0.5638039810736017
-0.54515285549255
-0.5358321961936626
-0.617010706319897
-0.5383219538082487
-0.4710606257406
-0.45040234932386713
-0.48340427595636004
-0.4659528725476081
-0.5387772915752601
-0.4828447374498127
-0.5796031224516217
-0.5485220815986128
-0.5686655841591991
-0.4729169831314274
-0.518384264798684
-0.4730003254472808
-0.44287429945489665
-0.4756174302417741
-0.41715291771182533
-0.38812091710980456
-0.40862601747795535
-0.37070603505403954
-0.37134622368083287
-0.4320350962299646
-0.4437433028477092
-0.4488678328783238
-0.4357381014052698
-0.2938470703662802
-0.3941652086425211
-0.47334449176176774
-0.37957363226052454
-0.3606183069958129
-0.4148508368148028
-0.3494038620121937
-0.37333382268448156
-0.39163529005579356
-0.35094718915508705
-0.3629563605398273
-0.40506544484796886
-0.40223152270629187
-0.36138440092508217
-0.44785995331154305
-0.46972788742574817
-0.4402980158206352
-0.500905879382947
-0.38042887887310345
-0.40840100012532937
-0.4867103133622113
-0.5635560541124791
-0.44891443349110494
-0.4650506840109026
-0.4617514669934635
-0.5426670824276988
-0.5173960503367481
-0.4991413635748976
-0.4850041813631548
-0.47505477835173693
-0.5550415615909975
-0.5416627453768001
-0.4727543362223582
-0.5718672349027506
-0.4695138398738656
-0.47837864446437595
-0.4746748390008719
-0.439349129797968
-0.4191282410203041
-0.4320489187077971
-0.3635209074270043
-0.3629959468673044
-0.4424762429080522
-0.46977863477656234
-0.44665013362937817
-0.45280557075818934
-0.3973212692739153
-0.4510910950763227
-0.4422816500516793
-0.3631359496045365
-0.36559033021307724
-0.37298322352653057
-0.3821094912852873
-0.41404578892863764
-0.42809063388676405
-0.34124623624301015
-0.4158678942783785
-0.36129365097853916
-0.43529351325639054
-0.4042452705903285
-0.45086704694819185
-0.4391521621214491
-0.3775830601993713
-0.27802685171904595
-0.2831566434145686
-0.19029667617623203
-0.2697244673845564
-0.3661907733575867
-0.2945658941601197
-0.3399012066320618
-0.3135232782756349
-0.3436480060660695
-0.35001604751857895
-0.39797380006551264
-0.43592727588444125
-0.432414007883976
-0.4004664335487416
-0.4229940507196782
-0.3807752669187821
-0.4399644631616415
-0.3665724290014415
-0.3801279868461713
-0.38673366862419845
-0.3066597782149157
-0.354230067342747
-0.45833084610743835
-0.45850148445520716
-0.43426082401761923
-0.4720287164841288
-0.4380661102742098
-0.4784227793606448
-0.4991337184990856
-0.3492018659628984
-0.37458963055859107
-0.28294781774662986
-0.3102891543754912
-0.33392317785771686
-0.3210338010005639
-0.33243453138752443
-0.40558871724650325
-0.4116967997877905
-0.5055157106105042
-0.4203849874692525
-0.3798179274535841
-0.38930853949381417
-0.4315211664235659
-0.43458696276092235
-0.43737312374208986
-0.3785741354609381
-0.3456223260019549
-0.4292877913707902
-0.4103385303022959
-0.41396251626371794
-0.33386174610043706
-0.34570534375036155
-0.4027724957327513
-0.4945267644959749
-0.48386989605021974
-0.4780372216699703
-0.4544399610037064
-0.41743641982503277
-0.4953553508026027
-0.46955130529935013
-0.5796663668191858
-0.5649751654573562
-0.5207271277687987
-0.43357243614799007
-0.4263942097353037
-0.47179784616579395
-0.46959692894892885
-0.5311195901198436
-0.43112972625279383
-0.37497493241836455
-0.4633104873929885
-0.5123683890965198
-0.547551615840924
-0.6333275893754143
-0.5353192401137565
-0.5450586492144639
-0.5250012650604857
-0.5507400072353982
-0.5713164741918214
-0.5730221585246181
-0.5462163875965214
-0.49784660192927027
-0.4578041231249032
-0.5184733180841034
-0.5290337958006555
-0.5115927960297774
-0.49804687997234004
-0.5740620808855311
-0.5744697059749587
-0.6016439999260081
-0.5301487292705446
-0.4802404868894812
-0.5642992569623306
-0.4816756140273263
-0.5380838576031758
-0.4772979245097018
-0.47550456808146113
-0.5976182007281355
-0.5787059049015998
-0.6092786085185761
-0.6305623100292675
-0.5565128330007295
-0.4979025667721224
-0.5968797598770654
-0.5671891379454361
-0.47551370331917764
-0.4293592710773905
-0.2727551314491771
-0.32983657515254927
-0.338332226336971
-0.4140283042625932
-0.49099383665329127
-0.4495174749853072
-0.4658618527964516
-0.47281906511725563
-0.48932902216005436
-0.4277952099374235
-0.48448918480476005
-0.45962165162886476
-0.486932077818242
-0.46335507634361595
-0.3983174046471065
-0.3664781956358681
-0.3796527065952009
-0.37223344830008676
-0.437535148070563
-0.5132936925487476
-0.6525052808866133
-0.5559477937071811
-0.4746006687750791
-0.5213184737274797
-0.5581565426600958
-0.5408913501633501
-0.4862810295183731
-0.5030747928380696
-0.503681221984532
-0.46425639463629875
-0.5402121923062119
-0.44960768314167343
-0.5235700252491925
-0.5161138253780592
-0.4857727896505236
-0.44387361115802815
-0.40335825386909496
-0.5224873839380875
-0.5440552663777961
-0.515773611205305
-0.5229647500002572
-0.4621261465263592
-0.4936642808474126
-0.543547622953823
-0.5488884573168444
-0.5142162366067289
-0.505135927329803
-0.488184824150934
-0.4942662363857664
-0.4809363913795442
-0.40848018603020486
-0.3604479530605523
-0.3711783152202162
-0.43861513598470636
-0.44331166782046544
-0.5211313621214961
-0.5296404238199578
-0.4361192406599762
-0.3542434244817538
-0.44336524935037286
-0.44931260990092575
-0.38830278060416346
-0.44980311937942263
-0.431528158282006
-0.49326093589690573
-0.5061385394269133
-0.5507890531965489
-0.6453357009670302
-0.5982756015571011
-0.6100608953095937
-0.5955724533730213
-0.5777030334528547
-0.5850045750598655
-0.5517729938940477
-0.5458859891405204
-0.5855170282051482
-0.5745304424562193
-0.535443671467711
-0.5269756870473794
-0.5240643169331913
-0.5206111666702246
-0.5469124347493376
-0.5760730629764066
-0.5395332367861373
-0.47953951664550887
-0.5217453519543117
-0.48949015675861396
-0.54023370473127
-0.4018336382403698
-0.30933539432171875
-0.37170450457414134
-0.4627689112799109
-0.4451928337338658
-0.46444909998249495
-0.543656249556479
-0.5483476068335387
-0.6199532663989803
-0.5301193361717049
-0.5695303080416682
-0.5590904407895929
-0.5271051082684636
-0.48312789755107854
-0.5101878717948443
-0.5373822976041918
-0.5444254370132371
-0.5874759850560436
-0.5734493681014534
-0.5124874453043393
-0.5218213829502222
-0.5451127338483495
-0.37449289837786426
-0.44932376734417356
-0.4905178402121056
-0.47829355748377916
-0.4773918830201612
-0.5309891622598387
-0.5848604944062854
-0.5348785473764016
-0.44708867191545715
-0.5076766473607648
-0.4906830176029578
-0.4727149058642794
-0.47364058816742133
-0.5160536565120498
-0.5464317284653398
-0.5125862027973205
-0.551206460876369
-0.44687112132226864
-0.5145933141480993
-0.5623605910952207
-0.5517198322896645
-0.4685478909350911
-0.5394645640128933
-0.5275457622437275
-0.512168791518775
-0.43330183988196647
-0.35298164598666765
-0.3626025430432989
-0.44582853742130063
-0.4188168714628732
-0.49174033868921085
-0.47413213810047206
-0.46169788376159887
-0.40481489532578474
-0.35395664494557777
-0.5332587308051245
-0.5520148014071699
-0.6053949563172624
-0.6324388897372675
-0.5791629775417311
-0.4962191855584083
-0.5072063692294179
-0.47558134697824955
-0.6011327467110058
-0.5168407485795584
-0.5852762985498081
-0.41537388064037833
-0.385862528074876
-0.4430353701966445
-0.47955552473763036
-0.5263160274716389
-0.4639747937042535
-0.5353573150395525
-0.5262167711960786
-0.5497096708290371
-0.5874594976927435
-0.6572747599371377
-0.6058920374995863
-0.6563138302443972
-0.6508288749796733
-0.5728196953387769
-0.6287243566953113
-0.604082701022469
-0.4650235806071902
-0.4713519983879662
-0.5285123078540966
-0.4604692064514172
-0.3701367040907998
-0.3834268602510308
-0.4574051170570435
-0.47163331737516867
-0.4522388373201223
-0.514739456789289
-0.540766723375192
-0.5365354863362496
-0.4910751687684697
-0.39980432441855857
-0.4049253540275534
-0.41730408598474117
-0.479349612419889
-0.4634018631335979
-0.3119359564371034
-0.38582603791133063
-0.3959798544867633
-0.5545081815809677
-0.5578305186922523
-0.5059070862215369
-0.5030551666006898
-0.44318625013620844
-0.4466351708517852
-0.5009682619010336
-0.6112325576904019
-0.6487779313357485
-0.663296904108226
-0.5479445041778976
-0.5299616308436941
-0.6261194856391703
-0.5666537045270388
-0.5810345984336077
-0.5923347225785934
-0.5609902495675859
-0.4852519775532928
-0.5007694355294157
-0.4960710967574116
-0.5464703565769936
-0.5408743513665728
-0.6325825653030612
-0.6243256934116965
-0.6210711767492486
-0.5390318156513021
-0.47865261385898206
-0.48959462255391845
-0.4342356537308716
-0.4340330388801409
-0.5237175561423583
-0.4923485195520261
-0.5929476336224373
-0.4909909360513629
-0.5251113678829605
-0.5737132225943481
-0.5878520886156052
-0.5507778640175198
-0.5192859762253585
-0.4895491675676633
-0.5606526052900034
-0.5380722764523962
-0.5006851468636778
-0.4794476817976482
-0.4395519323065671
-0.40949180835878424
-0.4188514001611955
-0.4132987401230168
-0.4740184024749672
-0.5600798172335161
-0.5596531847610318
-0.48247506108705335
-0.6314330578333832
-0.522802190471395
-0.5567414124723671
-0.505793177309114
-0.4907508144220214
-0.4605453067305203
-0.3738822739150226
-0.3321467884497304
-0.45884577088454176
-0.5085980071543313
-0.5368259370532779
-0.4736447745083703
-0.5016316462019826
-0.5039428075513535
-0.5621624323686178
-0.513714264513793
-0.5791544025133162
-0.5129927743237168
-0.5053959218606926
-0.46889694934618953
-0.4390627955698954
-0.41063939389132487
-0.45287866276898947
-0.47623172589530893
-0.5597180972317078
-0.5069413157628697
-0.4625538529167458
-0.5556409091378629
-0.5644152320338507
-0.5922637649708578
-0.6276070040354454
-0.49646436916827696
-0.47655734640546094
-0.49427227900478443
-0.5786301844333167
-0.6174888935894006
-0.5670513448467752
-0.553724024352788
-0.5443371162733154
-0.48374138438720743
-0.44344989919585714
-0.46917877705813826
-0.49703272534453735
-0.611919053458121
-0.5795118786922331
-0.5523726261303
-0.4852255491900054
-0.5930056221192694
-0.47137777823850446
-0.5920640455115418
-0.59257103283045
-0.6569155250315462
-0.6443641359035805
-0.5621139614826431
-0.5393619125311406
-0.5339924592749915
-0.5120063150720485
-0.4288868910239589
-0.3607536656285413
-0.44945064860042616
-0.4265787494755628
-0.444060216413332
-0.5171762736239526
-0.5618469865968353
-0.42149795671946144
-0.4414950922513156
-0.48591050381653855
-0.44460501465727187
-0.5316026556215966
-0.5687663376979678
-0.44793913353883696
-0.551271884584788
-0.5738804577684145
-0.5538669330221677
-0.5981765068786843
-0.653260772103718
-0.6586010405555525
-0.7161320195156615
-0.6049159370310723
-0.5819244488961411
-0.49149552419563114
-0.5588843339439898
-0.526689691180648
-0.5053551476437619
-0.5446632326480504
-0.5897442589624579
-0.5981755529594024
-0.43832403869510184
-0.479879419535161
-0.5028289185634186
-0.4688769486037117
-0.48419624587524757
-0.5671505527914728
-0.5548952196908893
-0.43186062151598886
-0.39852373554300685
-0.4236006772159938
-0.5390447828834188
-0.5528937680369559
-0.5641573785018784
-0.5744724664763262
-0.5741561693190202
-0.5877627949583721
-0.5396804084961989
-0.5588530863335515
-0.5818631433583231
-0.5346074764956122
-0.5305311604817557
-0.4431703164874342
-0.39082700794480096
-0.2967107991604432
-0.40090299258844186
-0.36569363453269654
-0.408427201480411
-0.354194610690472
-0.4414093092524636
-0.38761164797790765
-0.3819207292636279
-0.40396404877190606
-0.4336892491372246
-0.44577318615550243
-0.41935078881722804
-0.43316947110897885
-0.4055189774061027
-0.382153742457578
-0.3436554828516061
-0.3322415025691947
-0.40487570586329663
-0.3471824153769102
-0.41959399364993033
-0.4059652592398709
-0.4155816821429207
-0.38282748394740745
-0.3813405286768522
-0.4720136538431682
-0.4383091811135986
-0.39753918382585435
-0.3740024093009772
-0.3735177410216556
-0.40448823896554686
-0.4518295908423658
-0.3595102651726463
-0.40713770713337366
-0.40486240303139587
-0.4112427742747761
-0.5033209569513057
-0.5123914707997524
-0.5098949444032428
-0.4678570971021031
-0.5775763684615087
-0.562227888752145
-0.42039743497163073
-0.3829362403747272
-0.39308905951106254
-0.3650958847900958
-0.4848467650712619
-0.43673315155131237
-0.3513785545871272
-0.4050525091335435
-0.407188034021533
-0.39345586515505454
-0.4519931953623385
-0.3701095505000617
-0.3359251621460935
-0.3714976276990712
