-0.17422634630719408
-0.12402894205924828
-0.10371885685730743
-0.09955664291675498
-0.05139499769892032
-0.0594730317412117
-0.023841229373174157
-0.05402137633726123
-0.0768565560808978
-0.11682202419103009
-0.03794097197171847
-0.06684224242106411
-0.05995750719158062
-0.11492949366588556
-0.133941932980067
-0.12792707472112697
-0.14873686357078555
-0.11883674001081038
-0.12962813939568757
-0.1594377584588026
-0.19513181058834672
-0.190635105401898
-0.16883099707739485
-0.19481461340319325
-0.19499935419980516
-0.20908882427665745
-0.20730866697562833
-0.2209826716489883
-0.24557228716530818
-0.2589182804473054
-0.2594008622169018
-0.26652864009163335
-0.19853545899708447
-0.21960032428372794
-0.18720632867266385
-0.1847303596676418
-0.23176821924260155
-0.25407727555356185
-0.3416592159310559
-0.3325712561713283
-0.3282006423436721
-0.27200100257309134
-0.3046531368054226
-0.2541300533811023
-0.22410068031183342
-0.203528533986904
-0.26047333909573983
-0.1547733987880044
-0.22316371679227615
-0.2194713669236301
-0.23759086764924406
-0.29267661342804685
-0.29471116000424286
-0.3002167164537828
-0.3010656362232773
-0.20974110936593277
-0.09894193188580346
-0.12797362720460456
-0.11918740708640643
-0.08794883815693005
-0.07667841873435942
-0.11737445689503118
-0.06090147260589306
-0.1197990673397371
-0.12481157977584285
-0.177042986574853
-0.1923200355453708
-0.2794280429771406
-0.2237593431549087
-0.16249944918108283
-0.14844315662195118
-0.1930021420295611
-0.16822631368848123
-0.19960935653429915
-0.22020637225019907
-0.2379432401306423
-0.2493660671819025
-0.25763169710485606
-0.284131241537847
-0.2097996494373425
-0.2428461613401391
-0.29173702557265546
-0.28889649929917366
-0.3034005209931883
-0.31979750930132117
-0.3053567108521297
-0.27887467134838595
-0.30253849210270967
-0.27732130095416985
-0.24924146758553295
-0.28144291171130154
-0.28166531614973617
-0.2858102598833739
-0.3171532794528732
-0.2836299040358768
-0.23896519113400208
-0.2184255387339176
-0.2820166672794394
-0.22647677422652257
-0.16658294040149385
-0.1483525186282454
-0.10695777127225065
-0.08420426153722299
-0.06781967912522995
-0.08245593067487411
-0.10843264066435591
-0.0644807918829784
-0.0730400280232493
-0.02842869025081195
-0.08546337404055972
-0.09358274569116352
-0.11333151723051438
-0.13642598719645468
-0.14499501527375552
-0.07124512541998909
-0.051770719327414665
-0.10266789695933223
-0.11237553547648381
-0.1492782940719482
-0.14398569320026117
-0.18038805458203258
-0.1671918173593899
-0.11539928539500958
-0.0771177104449548
-0.02731514128455012
-0.051165788794378296
-0.13717959121849208
-0.15282046927637163
-0.2149585382311443
-0.23773010676460132
-0.25762752327052807
-0.2573706652945682
-0.28197785263913194
-0.28387486577723603
-0.19442781210108404
-0.19005250686207212
-0.1729464705360596
-0.10887553369268749
-0.11465155748046235
-0.16096320955757187
-0.17951175473259456
-0.15391061759089164
-0.15510983144306148
-0.17519800913475242
-0.19183612186212495
-0.22541453511252488
-0.22787193907249176
-0.24360609619727588
-0.2617914747102277
-0.1992758553100653
-0.21177984154194074
-0.1916701960297344
-0.20579005451567467
-0.1637182840941374
-0.1363959954106604
-0.21838266521552963
-0.24121043294293645
-0.2843521006216689
-0.2708552696113495
-0.2076216134994704
-0.14053897912018495
-0.13201534455654373
-0.1311091439121845
-0.14894555182955946
-0.1320739886689913
-0.08722905630338185
-0.08044644544392338
-0.04507468747478608
-0.0668123078752642
-0.09700335332967312
-0.11591516826537758
-0.13652828906737813
-0.1461116613796727
-0.0868082109477445
-0.11062176002293213
-0.10334646450179673
-0.10200257097919357
-0.08387038225457787
-0.13173866584934216
-0.16106591057268402
-0.1594213223240111
-0.12085005196748799
-0.1481642289555774
-0.13045670688211408
-0.1253907547581684
-0.13873163999781396
-0.17260558007431615
-0.19071426265998503
-0.1615182745912765
-0.13035078638735392
-0.13625412826351307
-0.14743119824878723
-0.11853272703368362
-0.12694133566277285
-0.1210800961824196
-0.09706020119165779
-0.10996761049408674
-0.1607795346949688
-0.15326214341261915
-0.17133055093088517
-0.16451483613812176
-0.16298850684635488
-0.1805012234499246
-0.18842860518443727
-0.16627376870331056
-0.16559924002818874
-0.13856617431682766
-0.1916980830024829
-0.2466496681191656
-0.1930954006145751
-0.16031110302135798
-0.1631424387408082
-0.16504492382061847
-0.19080814558792122
-0.18925710882957092
-0.15200501097083674
-0.1386945919869303
-0.17729234709742098
-0.15896496263087032
-0.15970610157670864
-0.1718661851772514
-0.17609085683680262
-0.2183612001433031
-0.2784962471857944
-0.20615985292848282
-0.19530816630522152
-0.2213704414597865
-0.16067403105789507
-0.1371220109996429
-0.14570331010335996
-0.1531626016970178
-0.17599995725464596
-0.15174963129641159
-0.1845668543334456
-0.199038291940218
-0.17629627700640388
-0.1991529335274884
-0.1919157437625775
-0.1803129828272349
-0.18616355661655848
-0.21810513622462782
-0.1583048677690155
-0.12566999756693498
-0.12687956054935576
-0.14758173057854734
-0.10061930627291132
-0.0915383485870165
-0.1694378686295895
-0.15386127581908027
-0.14283040282182435
-0.19313398592703712
-0.22280003776953336
-0.19195404623858084
-0.19600485183776395
-0.19611167294789442
-0.23128184572539273
-0.18554472333287605
-0.13922523069483841
-0.14577097931348762
-0.15007978583257817
-0.13706416741492924
-0.1264793830633031
-0.14678455161804688
-0.09647897059850624
-0.13025622143453144
-0.15034746289805567
-0.13534859996252968
-0.10219202198985108
-0.07381992674424684
-0.08308278835735346
-0.16108411538809722
-0.16422343981625634
-0.11289308972784776
-0.16384357235129146
-0.18586967834528936
-0.15646942321083307
-0.09528762218088342
-0.051166339409059715
-0.09824142844934887
-0.12804698917120305
-0.14382521657436043
-0.16056985737436055
-0.16080144354151793
-0.1267387367440479
-0.14422719634470227
-0.08911796875116015
-0.12359355472361319
-0.11437060672008438
-0.08261479161062969
-0.1195354583779257
-0.12332845040312558
-0.10455824049459106
-0.08404509716379235
-0.04876930654608728
-0.08717910960665172
-0.06553585313967694
-0.10181521441407695
-0.10297528022391089
-0.12651688464226182
-0.14189234053755734
-0.15916669699653707
-0.16217515839149113
-0.1490172090049563
-0.1896222689189022
-0.2225368875861898
-0.22974530626144343
-0.235675138941406
-0.2535425285655958
-0.2578089213349689
-0.2626499608969794
-0.20742091403128557
-0.20189999127893843
-0.16724740392536586
-0.17452808695475794
-0.2010214300011694
-0.23132480465200192
-0.19212032908045348
-0.2023797218900299
-0.17065466426471743
-0.16358214298513557
-0.15108528172437244
-0.14403065645353652
-0.09550690588103339
-0.030220085207449406
-0.0778565683616634
-0.05812651859907887
-0.06561269759819102
-0.14026274462746435
-0.16508301625771157
-0.1756652793178317
-0.2009615244394138
-0.12800067164702386
-0.11782919464258126
-0.097634701193054
-0.15887891750492572
-0.15331256931152693
-0.13353086508149836
-0.08969282548952422
-0.1065558968975673
-0.17155953420203163
-0.19893943830721827
-0.18003516050086632
-0.1390019843543511
-0.13054575229077534
-0.13836002180326828
-0.1683295637852063
-0.21401253753927846
-0.19017149576966866
-0.16341203062010096
-0.166243098056089
-0.13533788209641437
-0.1764706334001684
-0.1592235087426956
-0.1524964702159215
-0.14322451675138936
-0.16848258033118313
-0.134936557907993
-0.15045028604699148
-0.20962491833486258
-0.17852385439630425
-0.19168583636571604
-0.2752392980176288
-0.23711076922119703
-0.23096685391839228
-0.16360211897381857
-0.17673918429956662
-0.16338043975774919
-0.12348422823955092
-0.13420841815708806
-0.10894047002744371
-0.14649144584233403
-0.16392371756050783
-0.18062068708106135
-0.16608650417401788
-0.19645246104398895
-0.1909109915395578
-0.12989413089112062
-0.11330680019532444
-0.11041798733439033
-0.11008149238907021
-0.0957941636820345
-0.08663788716121726
-0.1219920078471435
-0.12484532198252926
-0.137709113029347
-0.13141355726526086
-0.2119873434373169
-0.13006859915477467
-0.13989250270036924
-0.1528939521212457
-0.19818265688842956
-0.11237693100672487
-0.08853665042961409
-0.08702521388787707
-0.0858083041886714
-0.10667111298035009
-0.09692760268498525
-0.10443063670507471
-0.08108948024538548
-0.057461942378332825
-0.055156363904555666
-0.08128712711765222
-0.08456462901770956
-0.05722734761390404
-0.11315453094075913
-0.08800277265109813
-0.07840554476928795
-0.12448296884904152
-0.1874739650876053
-0.12785016997449178
-0.09542336552745863
-0.09663361787281023
-0.10078498218308282
-0.12434731466370452
-0.10604656088410731
-0.09328921755928625
-0.13046027957893064
-0.1249289072555676
-0.14143603972199317
-0.11480534833413747
-0.15944709465727552
-0.1312922521382996
-0.1577069035078681
-0.15741061176345825
-0.15600915036880794
-0.19245454276053603
-0.17116459869039072
-0.1799249794328506
-0.14879851121871868
-0.14212758143147278
-0.16542722806936797
-0.16134540026050295
-0.187614696906495
-0.2365070527887321
-0.23681282001091553
-0.21498713550519044
-0.18053917401646113
-0.17496724364787644
-0.2396235753941759
-0.21071864846835436
-0.17373568548864485
-0.10252310519282716
-0.09258883932990208
-0.08731758825062574
-0.11582098203840561
-0.12681694472962954
-0.15542817812521345
-0.08207921138422793
-0.06393661641135251
-0.08106504209036323
-0.07806260908650689
-0.08922206692500521
-0.11858040744425677
-0.13051956174986482
-0.13312203680741552
-0.15005331758230384
-0.16957649403471065
-0.1608027570564097
-0.1817252879241215
-0.16480996538703602
-0.1718142165047181
-0.1487404650863988
-0.12050430523251884
-0.06010978479681588
-0.09370484450430755
-0.15048947772459698
-0.13303799711939682
-0.13982462047636826
-0.2038097306497387
-0.21525794146411992
-0.19737097413407456
-0.2174954733493813
-0.1984266059176679
-0.24115913755753585
-0.25703051202465804
-0.248922170301122
-0.2745590811117235
-0.2732117244407963
-0.2619582673154963
-0.2603771173337262
-0.25255078040787954
-0.2730041302603016
-0.23437348054926854
-0.18767778419641476
-0.17818240558455753
-0.18730411232773944
-0.20724279436304835
-0.1950846519765135
-0.1571442004074138
-0.1574988023986784
-0.07231865334392666
-0.059035781699512666
-0.05798205268389329
-0.09153124777726622
-0.10905921721592263
-0.11641466335054991
-0.12140002680994733
-0.11019344855803756
-0.10186782886039979
-0.12074436256333104
-0.14748057994842914
-0.17892637395067384
-0.1600535511214426
-0.15930351821558278
-0.13906804137607714
-0.1765217757483073
-0.17788475416862584
-0.16615379147649448
-0.19456658489041737
-0.15164781753810486
-0.15487295328449338
-0.13021295638771568
-0.10462174038152924
-0.0950489543477424
-0.12839584841989424
-0.12235442655140033
-0.17221309776467938
-0.21263364525382977
-0.21147006454755896
-0.1206016544462625
-0.10388646934925501
-0.09983739391625615
-0.13546199637243525
-0.19754730588628233
-0.1805275695859767
-0.2162914725148739
-0.18330635675823273
-0.17397499222934237
-0.1367271594946843
-0.1267509160171769
-0.14888287954910362
-0.11622533893815004
-0.12264776563529796
-0.12940924060428793
-0.09060971010199038
-0.14029747097534231
-0.1635611953259046
-0.13493758120357804
-0.15742742632448356
-0.1840461918286395
-0.16426250992425484
-0.1820524212760033
-0.17695912670377104
-0.11344310176106535
-0.15539270841695557
-0.15710638161501944
-0.1761449959888083
-0.17341533435837297
-0.1685009256344733
-0.13687450043905264
-0.13630891837551187
-0.10973236062230281
-0.1327255137398417
-0.18098243328164307
-0.18102336768416807
-0.13603665337288706
-0.177815882427296
-0.1586086455971954
-0.15753610243125374
-0.17668488691700937
-0.19889228871201275
-0.18428762268722118
-0.13422995175212077
-0.18552865998615845
-0.20739150593775735
-0.23509667945318044
-0.22243410362697674
-0.22439837901532506
-0.18734061639108648
-0.21242904457213593
-0.18899876563317497
-0.1144208307457919
-0.10202183221576007
-0.07098369611524041
-0.115736642405243
-0.11952692468180606
-0.09427396982427223
-0.08443304362889592
-0.08053446504750732
-0.09326151719701793
-0.11636222416381821
-0.14004442827177016
-0.1739431783525172
-0.1128092621271154
-0.16219903605406796
-0.19188471705361596
-0.14068612695233265
-0.14133580281828317
-0.21374447126727747
-0.1929853196725787
-0.16843486671831692
-0.1603522285025724
-0.15495373525689768
-0.16366572669067891
-0.13274903519034498
-0.15931470562495906
-0.11149281498741187
-0.11487641983314628
-0.15601042747344185
-0.18696909295608044
-0.21101469466080358
-0.18270813414123277
-0.1694298607596064
-0.19545068543356894
-0.15340495237982602
-0.1302864243871093
-0.16678027034157927
-0.15383177835996825
-0.12330388125129611
-0.09874098068355219
-0.06686347607158022
-0.10162685954400102
-0.11270119442985399
-0.08313878615148745
-0.11320792483075195
-0.0921389010545509
-0.1273350659641455
-0.09768903103232819
-0.09051893848517059
-0.07560048540026489
-0.07997748452683852
-0.14945467606474808
-0.1531364290579148
-0.16083068037981535
-0.09990363648546213
-0.0903106914163609
-0.05979357965880887
-0.10450822692474657
-0.05679732157205355
-0.08912442789847695
-0.11192317011764034
-0.09691479425195623
-0.08978975093706577
-0.09792582056427035
-0.09209876367082157
-0.11762085303833086
-0.1195592640941328
-0.18976389818886427
-0.196682559731553
-0.18750020124243666
-0.18388209462069155
-0.18501255578061457
-0.18792423693297483
-0.17901171162046203
-0.1459962971850412
-0.0946979068007193
-0.08073120306011947
-0.10362465569541067
-0.056272289537490895
-0.08162283673733844
-0.11268655711762587
-0.10928639823281472
-0.0697816555722749
-0.09237034716408338
-0.08522617047334405
-0.10273224243889964
-0.1431008368745379
-0.14393698023965854
-0.07149017232089548
-0.1283256071968136
-0.16103163135920526
-0.19248529076766166
-0.19554300188824109
-0.21077621512596917
-0.19461430031254642
-0.24158417200193177
-0.17703212819108746
-0.18428884119583488
-0.17527220561080945
-0.13894147733711434
-0.2155548214771879
-0.25292392555247534
-0.26227195473813003
-0.2838165544296589
-0.2680695447684059
-0.25233770215504464
-0.21576726841318053
-0.17834230978285584
-0.1446310360787243
-0.13190284771962937
-0.1477387460540761
-0.12742705009739813
-0.14962971950468545
-0.19040771266200432
-0.20324704517534137
-0.21724590265285953
-0.20901308878577166
-0.18568639756997168
-0.1603278507078422
-0.17026754071718134
-0.13421124666725207
-0.17770741427343215
-0.14923628410701278
-0.16423650071062026
-0.21748796838162163
-0.20016096296968394
-0.18647884237039894
-0.17916828823305758
-0.13158042313010798
-0.17938417423850797
-0.12109538146354087
-0.13079859779522085
-0.07906245715037406
-0.06734731254917231
-0.06842676694647211
-0.16894182703094357
-0.151985331787511
-0.15754114595950877
-0.12990408148622698
-0.1194312249916823
-0.10989589383233424
-0.0843630452849788
-0.11952564909785622
-0.14412407110482936
-0.12018852439874528
-0.1560044385333058
-0.14407477227039325
-0.164098658531684
-0.13924343605817385
-0.14628761826508374
-0.12629455357262104
-0.1413673293793239
-0.12313680456320171
-0.12158955590732533
-0.15178792942060415
-0.15145327696237762
-0.14039969002821168
-0.13639010101549492
-0.17128163012642206
-0.19959050946577805
-0.16363179810349512
-0.0952445594742351
-0.06612968947648569
-0.08498264311191735
-0.10025615177829193
-0.17676015219896607
-0.20425839115034208
-0.2192583942875702
-0.15287860068564826
-0.2051597464192584
-0.15571735048343704
-0.17623294225235014
-0.15180180246033775
-0.14746801899945855
-0.0969091673730781
-0.13724084932745947
-0.1380470387005125
-0.14176774355868227
-0.14716694269095318
-0.1071659313862545
-0.14010844058213184
-0.1559720682870894
-0.23097120777436986
-0.21652289723258225
-0.21898088565167678
-0.2242436547434263
-0.24743457072081054
-0.21898642875563307
-0.22388406247504408
-0.23136313301185712
-0.1666629704303294
-0.16038520949724466
-0.2279588988565328
-0.2385779368841702
-0.2319605020741195
-0.20018844666105037
-0.20766261908816216
-0.20893055826505416
-0.21735288296800698
-0.19909495839436459
-0.2247482942033038
-0.22899304078106178
-0.20781072408361834
-0.16288672105788846
-0.12582937100705785
-0.16231939040270243
-0.209829006007674
-0.19347408690303838
-0.24098764886549406
-0.2209749207062605
-0.1926007428118695
-0.1564988439984321
-0.18747647076398385
-0.15015547053831474
-0.15446561604470485
-0.10541061853907518
-0.06468191207533672
-0.1432582160119391
-0.13555727730577405
-0.13985322670266354
-0.1107062606952873
-0.12260240818838208
-0.13841915473281233
-0.1641877867385625
-0.1472778386949315
-0.1948719280386497
-0.17789960063414295
-0.1817356538308595
-0.18340299873403093
-0.1913668827771598
-0.18078119700811882
-0.18070934759445068
-0.1837133021085568
-0.23535689860072845
-0.18734449316159477
-0.21100439752252398
-0.2502249948012686
-0.23821474158467343
-0.208825159326109
-0.25693269190125645
-0.2514028137391051
-0.23025749399330167
-0.2696041342168454
-0.32604436515636254
-0.27761328615857045
-0.30755253659785065
-0.26058110509242854
-0.2233132208150163
-0.21696338840542254
-0.24504100358266986
-0.18601068646140578
-0.15961988494417984
-0.1735858239369559
-0.15951200991397085
-0.12790067134450053
-0.11126388961210627
-0.10605720380776064
-0.12629236676485153
-0.06172199587746349
-0.10326279365399633
-0.1464319152452361
-0.06724975263832131
-0.06422131225620706
-0.06796412794421935
-0.1306279845319873
-0.12323850664527021
-0.1389856675768527
-0.13905246262399498
-0.1446923816418503
-0.18244799105601736
-0.18063277710877157
-0.1975740183248535
-0.09941295408907391
-0.11849974025854537
-0.15046690987750666
-0.19253805281582764
-0.1213488895268564
-0.10293256730396728
-0.1165609322029049
-0.11704283359741513
-0.182625997992018
-0.1874676762248386
-0.14946152599382487
-0.19295129102919376
-0.14749495807187438
-0.20615914864216553
-0.25945392680233553
-0.25608824858678386
-0.2019631343311613
-0.2547408549397986
-0.2211213358624416
-0.21095956566898727
-0.17702685272450977
-0.14378859023916704
-0.23174442565180925
-0.2647959463310962
-0.23125501803936924
-0.16958896603998005
-0.18379397957514174
-0.20153714424644795
-0.15424716006341807
-0.1255708034205337
-0.16935847482137176
-0.19734157801092192
-0.22814874736748214
-0.2568149286788809
-0.24839569666844047
-0.22705072815574806
-0.21960895685232146
-0.19230919242052613
-0.18767216420727542
-0.17382125820300914
-0.17918561427080812
-0.15282848320363884
-0.20597059148775307
-0.234569617441318
-0.22888314025915427
-0.2628134047485663
-0.2357452146040532
-0.1395911681350915
-0.15738014259413316
-0.15911820555282957
-0.16539218228257657
-0.16606860697517736
-0.13867827412175976
-0.10518690061260988
-0.10142715232826362
-0.11391692786960012
-0.1549344743181857
-0.10914223585623532
-0.1679986263349226
-0.12420572169072558
-0.09589400572228338
-0.12553188373687402
-0.12703969473061497
-0.1326913023605554
-0.12082878999004404
-0.09042848605959626
-0.15913959696262486
-0.16560608977285787
-0.18437929599528938
-0.11670482124692211
-0.08266635130292227
-0.1154487181803697
-0.13189361413412104
-0.15524339887310254
-0.12038627723021092
-0.06751176349429647
-0.13543606612886436
-0.11313990742290968
-0.11346213706576352
-0.13642103099652766
-0.18723125567327611
-0.23916201292652436
-0.22254420464327615
-0.1740636738577439
-0.2130810963237354
-0.2607580960179486
-0.24240712697589448
-0.2299105755779889
-0.24880187909951174
-0.15107933993833184
-0.1645809603578784
-0.1950394335939913
-0.11319477852051882
-0.11389235413008297
-0.13578170948561638
-0.09157237683452778
-0.08538239188536792
-0.10251650730163239
-0.09507443989608556
-0.09503099541912788
-0.08962561227079155
-0.06345623261591554
-0.04552493988836858
-0.09544746137367363
-0.09888057704288412
-0.06351357385046141
-0.0466070083003506
-0.041897324890668046
-0.07988782574520677
-0.10386645981240313
-0.09403366685446998
-0.09676728111142367
-0.11716814367431094
-0.11360615343331194
-0.18801743445734348
-0.15807425204279832
-0.14773564014244675
-0.15438856819182617
-0.13931535550282076
-0.18947839076010187
-0.2310956902323143
-0.17637003979493493
-0.19008406865248015
-0.17367835952288166
-0.21369155435645543
-0.24037884666568868
-0.21412636510446034
-0.1812102766658632
-0.16464818823561028
-0.16992924589667346
-0.15586128831503224
-0.15262980564945397
-0.20567133306189264
-0.19554856484345698
-0.12228686629304816
-0.13250671739414846
-0.1331320490406585
-0.15024016045232733
-0.1469481435005538
-0.17584831054908107
-0.17124217011028603
-0.2345991684757103
-0.24390571701154906
-0.24648713255495397
-0.22578163435719184
-0.2280821364747252
-0.17416707478827131
-0.22544743116501298
-0.211706461709494
-0.1665056140993902
-0.16794121891581515
-0.23798083333668535
-0.201601197179976
-0.2146047882138578
-0.21064295278307651
-0.21608927146460036
-0.2212656968757526
-0.20686982168449244
-0.20892641667728173
-0.23246052492472025
-0.21987500965278836
-0.23860200020025887
-0.25604149895145845
-0.23410179749665688
-0.2086427172140829
-0.15814512674224093
-0.1634499223828694
-0.1530643229892637
-0.1083267081179415
-0.13328297587289206
-0.15311289666495925
-0.1888786299430503
-0.15813004334272546
-0.161186134699585
-0.18754524871131362
-0.2195939486963706
-0.25320683378123005
-0.2237318335130522
-0.1949024179062592
-0.17777064050531227
-0.14813489043988953
-0.1951949217556053
-0.17115097447494504
-0.1424072289868154
-0.14463738801506051
-0.12163000316386231
-0.14448105234378714
-0.18350156967701362
-0.21509058362997238
-0.24069431683567616
-0.22513329701625429
-0.14447997286633868
-0.1831759460929787
-0.21522482533796922
-0.22538352894447705
-0.1928398944960154
-0.17168051860371036
-0.2003869352971821
-0.1778351787159163
-0.181306104387089
-0.20306360925096936
-0.20013466570015206
-0.2500647620602951
-0.19495720978803405
-0.19439096674903558
-0.1680272574939158
-0.15689469898687308
-0.17453642907250702
-0.15146141627343673
-0.18556328768308178
-0.2076941069467628
-0.1949861979971227
-0.17565382838185853
-0.17140298261917367
-0.17461972571630582
-0.14402842501864083
-0.11742242910197234
-0.09615798795612705
-0.12543588052110172
-0.11682337931074564
-0.11586150935072562
-0.1292804486677687
-0.10033046490929907
-0.09092653465402778
-0.05556501611616123
-0.09230131843643438
-0.10847420815929251
-0.13352428576036887
-0.13106298058410135
-0.16605415072093613
-0.23499657315620137
-0.2668782545712067
-0.2448703794913654
-0.2841073987190556
-0.27897357234764275
-0.25787127200242865
-0.33206038053710624
-0.22039970886156773
-0.22989457806777816
-0.15475821447842972
-0.21140896250917826
-0.2906833476928837
-0.2602409944916006
-0.23519467021384147
-0.25003449954779194
-0.26406607741792043
-0.2021263019777056
-0.23313257563489861
-0.23686568686025936
-0.26324591155740834
-0.2382363072528294
-0.18971702677640154
-0.1423251615191696
-0.14324500387357825
-0.19594434389374665
-0.16279374325102236
-0.14247704891707544
-0.1561996986955254
-0.12456563581895956
-0.12808001793527973
-0.14005891341578255
-0.14389250744029472
-0.1540548394206661
-0.14016193611825217
-0.14881561334356677
-0.1348242774630827
-0.1301353981217769
-0.16249640149012445
-0.17898169067814884
-0.15792376575261002
-0.11342717697016655
-0.0767288582842623
-0.058533255829520285
-0.06849527988048006
-0.12101518610397945
-0.10100462642673276
-0.15091805011190335
-0.16477034544737787
-0.16785300607316894
-0.09350920117068313
-0.15758416804666656
-0.10645882481935372
-0.07578699411590029
-0.09346649261846059
-0.11528201511812598
-0.16093026312788927
-0.14913231302269786
-0.173932479381122
-0.2149574473129265
-0.18791936015288674
-0.1298214999507177
-0.10325703547487353
-0.15259198215187614
-0.13364051276732986
-0.13685815482689703
-0.0585646880652004
-0.0877688722278404
-0.10246892581307729
-0.08492665099393158
-0.13049352155133337
-0.07554550068754388
-0.12761348883094598
-0.11783319113339867
-0.09726652016026358
-0.14419841327149213
-0.17034617045106382
-0.16810516118573804
-0.14316005803705006
-0.21292982375732886
-0.15207692658006466
-0.16727863955098402
-0.20583137929808912
-0.21099959239071386
-0.2013269275855984
-0.21682377466548935
-0.17424356998775994
-0.14373743595564265
-0.13733419192472707
-0.12272014619357674
-0.049342587797983624
-0.07985184202314688
-0.10952586014266348
-0.12996357306597295
-0.1257899278846546
-0.15434113476532257
-0.16514007953528667
-0.17910475654240593
-0.18394120955059218
-0.1432913396162842
-0.12115552709019431
-0.1396833932096814
-0.17613187829401736
-0.19822728017389105
-0.18516620693471494
-0.21954520584346052
-0.228334467981957
-0.21604250169734182
-0.21110078842901564
-0.2571356540556073
-0.2346081393131007
-0.20047979205314828
-0.12397171280337217
-0.15720366347622147
-0.1715042325952944
-0.1976157427294469
-0.25912596134505145
-0.23412532282386597
-0.1579326643212659
-0.19211792167392566
-0.17226051292199068
-0.14089676270575205
-0.12180030344581116
-0.11576664923574544
-0.13905534363954547
-0.11931562875360016
-0.11767788778652369
-0.09252263987243257
-0.10269901306940044
-0.03877977326693844
-0.07498626104517217
-0.1804082602707927
-0.20436420002181474
-0.1768853587078554
-0.1356277760390085
-0.10276446715648485
-0.11612952512925641
-0.12687702786289298
-0.08665808356259132
-0.09956803134576318
-0.14442790822948623
-0.1404516553173096
-0.14021631368998777
-0.12736049344885148
-0.1562240116618108
-0.11969627275472464
-0.09273522337227749
-0.13650573814601938
-0.12112440899758846
-0.16546899036469317
-0.1042629851838899
-0.11430577210162765
-0.12174703012620768
-0.12626596240279503
-0.11644930509815564
-0.11605649153550207
-0.1358719702622694
-0.11281433774293534
-0.06542152252519386
-0.0757475070754966
-0.08318278074720424
-0.09358959426033257
-0.12729406261089538
-0.16240409608196774
-0.14867203729181908
-0.13931437427600807
-0.13169313989839807
-0.1316657623074788
-0.12743116729273554
-0.11681951023256053
-0.12400493383590243
-0.1505153364795568
-0.10582921418760317
-0.11016574988094796
-0.14105284731022322
-0.1592785121522569
-0.1668882671476969
-0.1687326234062583
-0.1885384531562782
-0.16997785469203222
-0.16080761590468692
-0.16387499026797928
-0.18465791205621596
-0.19115643788761208
-0.23647924349472932
-0.21299313404931697
-0.21944035327699715
-0.20784506235825317
-0.2347855872561107
-0.24204853088711184
-0.25065856292966765
-0.19526381245109756
-0.18437342693814557
-0.15100555683323183
-0.12733327246889695
-0.1434201582259698
-0.1340188551966759
-0.10674693344661697
-0.1345098821722777
-0.2016022013792794
-0.2183154517896477
-0.21438567762146976
-0.19808726450463654
-0.1641349376969259
-0.16365268861943935
-0.18849163700257354
-0.2074943393693837
-0.22760308968933146
-0.19606090701827117
-0.25450022090591135
-0.247523852167083
-0.19759412439142016
-0.2245156408937924
-0.26436112017454594
-0.24208597559184625
-0.259326894135413
-0.22610514294525821
-0.23312352885735824
-0.24870030757248343
-0.29544280179019144
-0.312966221439585
-0.30362085252366955
-0.3069440493261744
-0.30846324139749975
-0.28377552596061345
-0.269167471650515
-0.25852916224984523
-0.2745155432805443
-0.21703637787115507
-0.1657414374765766
-0.15106269543731055
-0.1710083506760078
-0.18493559383751637
-0.15397166343988097
-0.1568072893024447
-0.14650506659812143
-0.15316174730271004
-0.24079909746695147
-0.21419239609226737
-0.25649765622260245
-0.24646897984027935
-0.24525390281017304
-0.2481256214760552
-0.2096876435690332
-0.2238690379645989
-0.23754757222920708
-0.218002470730003
-0.2278135614154913
-0.17324278899375817
-0.1826836104219787
-0.21381718277868325
-0.19904127223638846
-0.1389882886654439
-0.18049360125615016
-0.13636821970046153
-0.13585478149503366
-0.18866102960942205
-0.267916510427533
-0.2812750360869345
-0.32976827764140265
-0.2600167190494567
-0.2771401760573658
-0.2583527777893084
-0.22834338324928544
-0.18140512704832526
-0.13848547099350844
-0.11036344867339261
-0.14387303923917127
-0.10604052047942597
-0.13919969109643146
-0.10742620203914294
-0.10004407348583462
-0.09035159633733751
-0.1672872104894996
-0.12803618661652816
-0.08172938460023504
-0.05207869618167553
-0.09788977960421565
-0.10896550307601717
-0.15424126510095898
-0.18390521277216387
-0.1691585490479846
-0.23997558834041766
-0.2559235452161963
-0.2744394175217088
-0.22587390744213237
-0.2504806792402041
-0.20439925733738934
-0.2091022752688072
-0.1902819773271159
-0.19627363585120147
-0.1636887139468553
-0.12938410968575706
-0.11597884790451224
-0.11787633185612398
-0.1511789531127045
-0.14926268827267453
-0.19466557856312697
-0.26285002261384394
-0.19508539389545096
-0.2037911248007842
-0.19021614413537252
-0.28004530292332547
-0.2704693462992705
-0.21822566850886213
-0.22183683261882214
-0.2161720285103399
-0.19644024759888848
-0.21385651838107772
-0.2078559717620616
-0.21832415280284684
-0.20674149681376539
-0.23587787936308785
-0.27256456620941294
-0.2067848494400863
-0.263518404391223
-0.2973685090692736
-0.2803387927629585
-0.25956290638273277
-0.2184752215089936
-0.1943157578135543
-0.1836564980970311
-0.23276526237992326
-0.1942166789936632
-0.2728771141187659
-0.2883622474961837
-0.2465447459664105
-0.22095563477366265
-0.19637224783074647
-0.17571128784234796
-0.15349981705657384
-0.19085626881274154
-0.20953872515453814
-0.2135479346782091
-0.16356933311343808
-0.10875546839743302
-0.14357543258726296
-0.1283302539663881
-0.10989846863586995
-0.10562662928868978
-0.08312894349626378
-0.1261702790412419
-0.0971014353482512
-0.1649633059977949
-0.16756798399485173
-0.17698647610407395
-0.16739513888135318
-0.15355807139203598
-0.16063889014599925
-0.1372626934093704
-0.1617948713694179
-0.14920395047332075
-0.08889304967740011
-0.06498159824931093
-0.0810238680432684
-0.10416334677824977
-0.1028561608176275
-0.07934080587979715
-0.09585899437452482
-0.11345246860535757
-0.1137353689910267
-0.1078374456924752
-0.07262993890340573
-0.1339452610405457
-0.08772863542697912
-0.1563165334959916
-0.15527300265534202
-0.11390884866860052
-0.13816872904003372
-0.1229516987225038
-0.08918384555241626
-0.13447190757988506
-0.14987170134116987
-0.15713513015685726
-0.18363794206006082
-0.14983668790937246
-0.1501865741442936
-0.16637724001363408
-0.15306001007639636
-0.19528514441876438
-0.20154828042273484
-0.1501543028471205
-0.1816716229697591
-0.1446916574931318
-0.12647006774751676
-0.15620453285215072
-0.13008341194534995
-0.15183451617790722
-0.14190978489883674
-0.18216323423901876
-0.140448889743049
-0.15350384000542086
-0.20473513383015057
-0.17090524653050268
-0.1450280376000871
-0.18135059437058262
-0.20716468468134244
-0.18989034619901524
-0.1803406670907247
-0.17548144984053027
-0.1519620081735772
-0.1369258578585278
-0.1603454535196373
-0.12324382631801747
-0.11372326084122414
-0.06627144071198314
-0.05162477393093906
-0.0870721766400197
-0.09088776391540464
-0.11899336688226218
-0.12149839947783729
-0.12108974812837012
-0.11826481697965169
-0.14270264153958387
-0.1544430457504615
-0.21963118974127308
-0.18584892205083467
-0.18429204263897142
-0.184624477981473
-0.13942966156715791
-0.13267613929612865
-0.16015661498575795
-0.1654728277887118
-0.1766835012174565
-0.16104343378217414
-0.1517466495903568
-0.19048214281926687
-0.18006284321665672
-0.18650740788530706
-0.20193417989585627
-0.1374264468034723
-0.12224494887065432
-0.10661336131016255
-0.06356882174323496
-0.0856466153742031
-0.08817428060086278
-0.07157825571503867
-0.0795593468787265
-0.0783258566277695
-0.07886252898682204
-0.10985804670457702
-0.12484069061201827
-0.11600132034858765
-0.10608253453471377
-0.11415917432030287
-0.09543462694415863
-0.1037836423501924
-0.10714991646766506
-0.15731355018185125
-0.19278589759732212
-0.15839087993481002
-0.1010861212370992
-0.09529861009874215
-0.1229358932507843
-0.09675632305963125
-0.09560543990978349
-0.06394903786422507
-0.10048776099788567
-0.10124842706928738
-0.11986924660772846
-0.1826250042858375
-0.13544095824239738
-0.15120335858318731
-0.15307742544106845
-0.15407969403302518
-0.1411910828246265
-0.14274672482850573
-0.09017900524180772
-0.1146140118110087
-0.21828456967688709
-0.2146496519545969
-0.20534651579809965
-0.1460530439144804
-0.1253599891119138
-0.11218677761263203
-0.16438036311327653
-0.19179345993508587
-0.20031999277675194
-0.16127686458163218
-0.17374508184049375
-0.15340749422933647
-0.167762312220848
-0.12059020054788638
-0.13521021569558234
-0.23846185078100282
-0.23770929951329073
-0.19988889449847627
-0.14512518694072096
-0.1883129590816117
-0.1671056090126556
-0.2490017691449794
-0.26387765688766274
-0.27114357958112173
-0.236860696888427
-0.1635137954487091
-0.13842621528892168
-0.18420766332827596
-0.1696314809040382
-0.2177283126219763
-0.19187565351391764
-0.21911014985278932
-0.20352101282006424
-0.17881898022222278
-0.11603924934917531
-0.14879686493639876
-0.09457790092514169
-0.09028326118340943
-0.1230996303765026
-0.14709149303198688
-0.09828988604139985
-0.10128921340279479
-0.09187708674573802
-0.12004054172868904
-0.1286013219815993
-0.14677192089916932
-0.13741171517265308
-0.12844998295786
-0.11533382011214303
-0.13415781514561953
-0.10995771985605231
-0.08001313982804327
-0.06066711726337699
-0.08809302802200779
-0.14578553537829744
-0.1368220198271772
-0.11553856662153159
-0.14504414909860674
-0.17445760762720572
-0.16597038191322783
-0.1533314939928277
-0.10681208533156494
-0.10960876713821119
-0.1646413489703576
-0.21552235176767126
-0.18869948435926293
-0.15257087963618327
-0.19209595380991973
-0.19750389871990207
-0.11640993101131178
-0.13273049260008396
-0.07898891974538698
-0.0835168256705359
-0.12183858745613807
-0.11768132619263605
-0.09788544214986047
-0.06345375769003549
-0.13256614135536782
-0.2197060402690853
-0.16511011229644826
-0.17966786042595018
-0.2078998879822472
-0.17374714742753575
-0.14779810710373611
-0.11876804179119274
-0.12380316484953471
-0.18006484151253882
-0.15975422768919306
-0.24698303242718286
-0.21212693153268206
-0.16369426829225217
-0.19078287642758723
-0.2519904738263224
-0.26366563488573136
-0.24124791909669285
-0.181711306363807
-0.23500130804612876
-0.17064793463501454
-0.12919292435314517
-0.16008404394792664
-0.1719222482044711
-0.21035608299586053
-0.2431386101780936
-0.22699325544252094
-0.23054373064409472
-0.1879153406919662
-0.1896984794856303
-0.16970564845255412
-0.1872813419804471
-0.20127791108409912
-0.20863613706936981
-0.17646043354634108
-0.24160337197297652
-0.20450808925621602
-0.22441133206917796
-0.2250849422814331
-0.2085464604335275
-0.1936299678340235
-0.2073190361723374
-0.11897413961610115
-0.16843879254294566
-0.23906024791380315
-0.20393776628293378
-0.18567811609307563
-0.2252904315780258
-0.17131972016976807
-0.16316483893005582
-0.1617828462158173
-0.1579768238308251
-0.14606871175287994
-0.15331741807347396
-0.18230527038466193
-0.17997247048602785
-0.2336298021339429
-0.21878244911250203
-0.25247572727900364
-0.2768631682015383
-0.2964914405369721
-0.2642697394707261
-0.21323899244000863
-0.1668789797558966
-0.12061049317123468
-0.08714372321261125
-0.042807889693065926
-0.05078311105881332
-0.034722762327002436
-0.058426909400366565
-0.03666552565366805
-0.027344743819636284
-0.04034859696763107
-0.047699031335378145
-0.04044195064246447
-0.04582933942909866
-0.11469459632297413
-0.14832021521690772
-0.11947217802109991
-0.1270649322343022
-0.16010021405166117
-0.217525308553621
-0.20867422678037525
-0.21115567074243677
-0.21334152218952435
-0.20126296025092064
-0.18534568912747473
-0.16031658129008203
-0.2167109835422279
-0.16404949805244692
-0.1929865983152352
-0.16081774639840904
-0.15261427726481094
-0.1767554387936995
-0.16919954662423098
-0.1522904766009785
-0.1479948418394204
-0.15581574951718727
-0.12509660349559681
-0.10967698664071596
-0.12594378659565877
-0.13613507934351674
-0.10478147989118285
-0.13653806969358892
-0.1341550485231659
-0.20254161577002255
-0.22216783630133102
-0.20967996676621103
-0.17283975562727136
-0.17274626593886783
-0.16793501714058964
-0.12965046409838948
-0.18771535669043657
-0.20805999809017667
-0.17600639881305957
-0.22265569807016192
-0.1751423844856235
-0.15408619797150258
-0.1834925621535709
-0.181487229467937
-0.12618273297736105
-0.16149182369763262
-0.17430138088027344
-0.19587647151481172
-0.18722116114528822
-0.26571061399096013
-0.3003330977666298
-0.250748561588159
-0.28311870505206627
-0.3106145820656949
-0.26836786025976606
-0.2894646054043455
-0.3160510395708761
-0.2105496270861339
-0.21938228823549027
-0.1881418143013609
-0.1750477428511244
-0.1690285521734682
-0.17425149617301974
-0.19892282207100792
-0.16710929789640785
-0.16996134391411274
-0.18147368716223963
-0.1760511456306897
-0.12771926566647857
-0.11733797886193184
-0.07276280763095685
-0.10786205402413407
-0.13061098987761338
-0.20635255750410086
-0.25979668995594835
-0.20212245956867986
-0.12978197013716644
-0.1402336295842727
-0.18515811786610664
-0.2387469661909794
-0.24215118870917576
-0.22496875471033162
-0.24626643749375116
-0.1682846031642338
-0.09416431754347915
-0.1087141090175495
-0.13397518079504905
-0.13775132394014394
-0.24763561529255673
-0.2090294005895004
-0.1575449632381933
-0.13070883685262355
-0.17572745133545892
-0.20890920088664458
-0.1781648365270601
-0.1604082268101941
-0.1454818253651528
-0.11810297636097937
-0.09732526078376334
-0.10425220067158311
-0.13918986575344033
-0.11572523409186766
-0.0833575192649151
-0.11266561642432169
-0.09629126673863359
-0.18544637886508478
-0.1652785255891284
-0.22883576755934587
-0.2126326025618269
-0.22844353849856622
-0.24687191587457702
-0.19618628022104986
-0.20627211285842018
-0.14514535475024506
-0.13900543496728346
-0.17191663818824623
-0.19431997324305864
-0.1640847185719962
-0.17520342592854216
-0.13411877343282544
-0.15823554590532565
-0.12778507689600374
-0.10791472266524091
-0.07168115305214029
-0.0711855354461924
-0.10209225451413619
-0.12296682837262925
-0.1401067696201882
-0.14315626947993246
-0.12099359921222329
-0.10688764127309892
-0.1494438121572075
-0.2179840515854394
-0.20931474058702462
-0.18680272991929675
-0.18738968539091944
-0.1995403102327669
-0.19024558856974608
-0.13867890303703975
-0.11878372968815687
-0.07858071777379398
-0.05106176985327867
-0.10832721918696928
-0.1286858433920987
-0.15471898470768267
-0.18038030417460818
-0.17113982054442772
-0.16995338034657262
-0.17066301231516867
-0.16359058855920727
-0.1909547330981179
-0.19308939087128502
-0.13468813880258726
-0.12244706000566452
-0.1261614262618329
-0.1997470962216088
-0.16234506005298932
-0.1972368498085561
-0.21851781439609086
-0.19962737292003774
-0.2299311902346766
-0.2446255095775003
-0.23503640875846538
-0.22325336165589837
-0.20053903577520055
-0.15774089728095775
-0.15991424274333227
-0.14242859799198157
-0.0996658776969739
-0.07244189518995561
-0.03285930133285834
-0.03778751463978239
-0.027704422399040453
-0.016120932890765032
-0.04918505965465341
-0.07973555499911082
-0.09491556343945928
-0.09686656803874959
-0.09587806700631042
-0.13424399451327496
-0.14334780372051098
-0.1385849526103743
-0.17483873675137815
-0.1780621695535507
-0.16452300528753866
-0.15731304374022767
-0.15555459984260758
-0.16778317941347112
-0.1249733576676611
-0.13528650715507756
-0.14945257134387022
-0.13700743982939756
-0.1309759662035368
-0.15598551406348538
-0.06306794275804453
-0.05397877436836547
-0.16683720903575833
-0.20282930980160097
-0.20473487367620896
-0.22987566042800053
-0.23803048821478218
-0.17604304683358524
-0.17637153560973426
-0.21610727286529058
-0.1856479864430156
-0.2303161628364373
-0.1939519393845792
-0.18977327806749697
-0.16858957939322664
-0.22748681882435648
-0.21383883321400937
-0.2521992336774609
-0.19328857988025008
-0.1742348534438769
-0.19835247408548257
-0.17821545343273718
-0.141122173396523
-0.17409287196845077
-0.12326031510065684
-0.11388986574763185
-0.0880040776195952
-0.09733556731557863
-0.12702607329752805
-0.12091096351254915
-0.11044685878079585
-0.10149603208770618
-0.16729896482371007
-0.10797574584331911
-0.12856303603138944
-0.09966216767065783
-0.05957342182408371
-0.11737141165582483
-0.12654824040200852
-0.1662651312197283
-0.18740325340266248
-0.2441216964981816
-0.21252304504908354
-0.20868055022774573
-0.18737129388430485
-0.1763693771109224
-0.1821820608383534
-0.18477438395921378
-0.15223040957126283
-0.12436637370394044
-0.09659660016629046
-0.09208146192084958
-0.09973669941657524
-0.09313359331680025
-0.12534378846710925
-0.08767499902920506
-0.12549044231351508
-0.10113951951599574
-0.08743454498687617
-0.10229707567833209
-0.13159586112593138
-0.12830769705600367
-0.12718992979457233
-0.12782027402239696
-0.16755186763807478
-0.1389617039818287
-0.13980409442997016
-0.14481011498999113
-0.1267781373331286
-0.20116824811003295
-0.13926818464273616
-0.19441692583266967
-0.21709333169392286
-0.28609910911626
-0.2981685739454072
-0.25066978660587647
-0.19450778141436403
-0.16144248410515646
-0.1796503399743799
-0.11662153603772794
-0.12596332900966142
-0.17720719785995592
-0.1996718371606493
-0.1839594981132012
-0.15891294495709074
-0.10839766938092438
-0.1470912925724321
-0.11259653944193476
-0.1262565786615708
-0.13729465198169089
-0.1830754669887891
-0.190815717648091
-0.19026118867029243
-0.17988070579163026
-0.17690669928467587
-0.1980675997620973
-0.19161837592195793
-0.17483700153049583
-0.13522745888614524
-0.12250963486250946
-0.13298770126859108
-0.10882901650465798
-0.13191891813379303
-0.12994452373942872
-0.17581831046508734
-0.18091949031884966
-0.16636731184311715
-0.12089927553047469
-0.1435493896063912
-0.1517640660774857
-0.16497289701342324
-0.1880381079965521
-0.17730693530911903
