1.7415767805069164
1.6967741032585435
1.6186242727356848
1.5688274661445765
1.552971243393807
1.6133860444036077
1.643278714408338
1.6889931992904994
1.6176826476188533
1.59047814888878
1.6159914220006668
1.5653695089456445
1.56466266469348
1.552088411859756
1.6100254896326398
1.6279483436548814
1.684875547790976
1.755859563539222
1.7774570259186326
1.7832699302511625
1.6731875777943386
1.75976066845922
1.6826020071752004
1.6160176943300664
1.6479719876648313
1.6420869386933343
1.6455907381236186
1.7027704231624419
1.7186312266104071
1.631803146736493
1.6022209438641717
1.5942896118685406
1.5915149015209198
1.566666010778489
1.6353862615623151
1.5835538205684683
1.6657963650357122
1.705952614912658
1.693460306139898
1.689041674557463
1.771890527529579
1.6814038250583114
1.6891908054269527
1.630191300383545
1.7557497400440418
1.809646047366486
1.7943257505363577
1.7599717683352565
1.6840499933212825
1.7646978274372622
1.6953082742395944
1.6817245481984462
1.7357775738466448
1.69621510838286
1.643907684564367
1.607488269266656
1.6691375474157826
1.7857035999253885
1.7754882995426717
1.6276346473913215
1.698176420063365
1.7469369408048667
1.6397896464330335
1.586360595573505
1.6846085659067005
1.6192374063568793
1.589467139054148
1.7001993112589286
1.7350542799642608
1.748056202938775
1.8406308017977717
1.8546920263399178
1.8396614362088874
1.6844918648747516
1.6658888880431666
1.6449365087680383
1.6298724598259633
1.5954715826881236
1.6281317462125942
1.7187827453990223
1.6285716642188448
1.551619162537207
1.6239395011134157
1.6031508807247035
1.5967506482337808
1.6455294372437208
1.7131127883891846
1.7076478464846077
1.606843948371534
1.6642282292863613
1.709208888118925
1.6835939805433984
1.6849242241775255
1.6945295561581915
1.7827083271353845
1.8022747419585898
1.6781133908486876
1.6930820624894185
1.8348731804229044
1.811203214421731
1.6859153803386469
1.6430721634169898
1.698989632222665
1.6684950549670923
1.6935873713663108
1.7348226346345454
1.6378192976429344
1.7260829299356013
1.7535391656396984
1.7451848736028823
1.7731231198745563
1.6534634575611176
1.622137612619252
1.5869229147289206
1.683693921792918
1.697529462325831
1.7296463873819297
1.706113970046975
1.707822350504393
1.5777122161618937
1.5933485106028886
1.6328315659341086
1.590887749537849
1.5700950324188996
1.6964633710249097
1.678814339314176
1.6636230626675284
1.749276941890244
1.7068482539209315
1.6955345945372442
1.7534583047710677
1.7449613486981996
1.7123688327596953
1.6908779580225999
1.6454623730491111
1.663885421194503
1.6885997946877715
1.6321347591744615
1.6183140735408523
1.680883131575659
1.6411077192036763
1.7066747875160155
1.712759005240882
1.646498362023885
1.6648214059154411
1.6703561446184871
1.6064662682951487
1.6042676861160563
1.6482068843985387
1.6438185403863521
1.6197650951603286
1.6198216003138712
1.7376517929195685
1.6559928569573261
1.6429011899975166
1.5928335805636653
1.673793777742742
1.690306864497269
1.7495623348351483
1.733782578718008
1.7358215402204658
1.718033212010878
1.6384551774507627
1.6827041662987197
1.667190326467136
1.779332725311532
1.7235463988353854
1.752185929357231
1.7294153794236409
1.6540291608854099
1.6805194387198799
1.6956731701549645
1.6731285199778212
1.6804656221944942
1.7281044157979253
1.686171138081979
1.6662399689840943
1.7318159449948365
1.6796033125123357
1.727824763297642
1.7577133605176698
1.7431220451986256
1.7379436970328674
1.6807799140217083
1.6317050844650696
1.6800392905906496
1.6361965194455856
1.6088587628873199
1.569098716206338
1.5398142848945364
1.6904933819742634
1.7367935772746184
1.6755529658978554
1.6760740821078222
1.7023477837061205
1.6656028507620562
1.6565293842273792
1.7458178096448063
1.7714870103299347
1.6976005117013795
1.729249022104443
1.6204762629248135
1.6181631793976314
1.6712837422861881
1.6921767854584915
1.6942084176182448
1.7373823332916016
1.9002145728346227
1.844251101856408
1.7025762013299632
1.726911465269049
1.6275795013648202
1.6303227801451765
1.7354499294020285
1.6746520668533225
1.7989484196345362
1.8238325250967111
1.6632484067277489
1.6594385652737218
1.6409803895249562
1.6318345936350571
1.8074901516466955
1.75037068605035
1.7649520906062688
1.765129834552504
1.8524945796107177
1.6704685005779438
1.7161705073233329
1.7367461509500333
1.6855933677453117
1.7108417828867486
1.7529887654768326
1.6110082626140703
1.6413823032109565
1.6985688284940104
1.7325297174243566
1.6686268031092117
1.6004728700960824
1.6893449509900873
1.743639506993338
1.6586584754753115
1.7041637342271998
1.773982390181259
1.8214486410088027
1.7760774184106216
1.75599509242355
1.8211258963024783
1.8542062636195742
1.913935827668209
1.8751392799264208
1.8544296083441507
1.8663111038013374
1.7354577197470205
1.607535537548836
1.5959091654854494
1.605714282273258
1.6672373717406288
1.6229489777775061
1.5587666315096274
1.5964480840872455
1.6569887365251679
1.567855005618124
1.568264524104816
1.524392769822143
1.5826605057516174
1.5639729950526347
1.6792692594002359
1.6947190727379604
1.6792030512456328
1.7712078401929416
1.7640727911346754
1.7119829508223003
1.7067873846349266
1.643168936068397
1.7079629445865594
1.568118203516486
1.5797724772440565
1.5694101813096542
1.5429687920075925
1.6222880361129117
1.5882978538505796
1.5702246537840672
1.5535812885900706
1.651332109333289
1.6696305386530614
1.6138627522309474
1.6854395056176443
1.6529047389321532
1.6790461850886589
1.6861572870791108
1.7344506096067462
1.8487808876299936
1.7099866409195732
1.658311269899089
1.6852642639109514
1.6747442842002105
1.7094369738542026
1.7286239718729508
1.741490728442508
1.6909978963854662
1.790939163201534
1.7895288481588776
1.772258166620721
1.8328337529516576
1.8494067696466094
1.796689828204761
1.8129618777017646
1.8477339765362613
1.7821932317805445
1.654214487447944
1.638688474970397
1.7345362343751711
1.8248316416286787
1.6718107186445137
1.6066147037684624
1.57129756292181
1.6286250777609055
1.6358518898136498
1.649405522907597
1.5633078185971194
1.561279117602606
1.700642898510061
1.9279293147960608
1.7651310822975144
1.6485758040295713
1.6683366315141759
1.6697163882410193
1.7126837240540451
1.6997196581532226
1.602045598704097
1.6545519588933724
1.6805003394128017
1.6879548089285752
1.5892430199590881
1.5358827499550352
1.6737670436470384
1.682939922298211
1.6798988035432258
1.6765443893993077
1.751072206072752
1.6207710643209137
1.6778302079975764
1.6828587326056592
1.6675528134872972
1.6442380587827248
1.7713110348435244
1.5850901038682188
1.6333379540610313
1.6122855472518147
1.652806819348561
1.5986704417081434
1.5613918342340614
1.5976009069383916
1.648097799919959
1.5956922947506527
1.731589709562296
1.730771561554953
1.6403277757846169
1.7103130714677204
1.6400643581782142
1.6175936380831613
1.6315061010658218
1.6621408073952801
1.6455503429358
1.6292028802962792
1.818902395429241
1.8510319555126389
1.7512101585962212
1.7250288425866063
1.7091046060896813
1.742333566286912
1.7277780581102415
1.7519862058384466
1.7671587673244336
1.6715171914711473
1.6638536233653145
1.6757348401316423
1.733612626407875
1.6544409221319616
1.6071037644355302
1.5504518954712305
1.762766564976657
1.693542014249913
1.7598040065527807
1.8054530873894892
1.8258883518293794
1.6947113056872918
1.7834058427195343
1.8637808548926422
1.6744685715682988
1.69890368799772
1.757625106498238
1.6733358690259208
1.5930750657527213
1.685426326795734
1.637122974251598
1.7384863205351795
1.6529807401968233
1.6886589586337057
1.6894569506140742
1.7714649879491655
1.6973991205132388
1.644759149043927
1.6833174556618755
1.6393900443811913
1.6337346467215486
1.8104554513572872
1.7778506695743865
1.7284336840048748
1.6150646932143278
1.6100173505666593
1.7264392317194188
1.6218409645350522
1.7028155221176338
1.7061852449964539
1.7433520168226975
1.7220444191089992
1.787600869713089
1.812569027262662
1.7901115380269206
1.799543362272831
1.757316778140959
1.84484503489091
1.8934382429724077
1.6734738862203171
1.7044233648218052
1.66222584513702
1.6306088467478697
1.6404602906175434
1.669439655845044
1.6216391653143698
1.6216245472152688
1.6290846133333823
1.537575610300296
1.6497149611395887
1.6239370187965223
1.6358501227558846
1.5248073360873362
1.7243841236077198
1.6006144179550719
1.7582433776456612
1.7117391293863524
1.6765002772380087
1.7170016488768913
1.7263083950305165
1.5543010720810826
1.594265672037568
1.6409427668427814
1.648989599306731
1.6307501306980128
1.6215422256467806
1.679195014797285
1.6511175646754577
1.636651537857147
1.7061434583955228
1.754517025024288
1.6864463701654373
1.7035669629181915
1.718872920648048
1.6580453862330558
1.577885885610498
1.5944678054158046
1.5788094220755422
1.6797263135305043
1.534735217011082
1.6189614125521354
1.663718021558152
1.8210178688039529
1.929170916244817
1.933213104165293
1.983406960065141
1.9011647879591616
1.8575164703401637
1.7578673660048252
1.7283720585299998
1.7567903884755278
1.645716863344271
1.6533330993455826
1.7205963397950421
1.735222171134709
1.7596558188052398
1.773265474064986
1.6147827476009764
1.7722539550125804
1.887051123894313
1.7929760437905329
1.7855688874921227
1.788250144216956
1.6933939438439933
1.742042478728119
1.7464304546824292
1.8296624994496389
1.7802689416539874
1.7940163434339045
1.7995089300278981
1.7307600917624113
1.6979871438047713
1.6273658682651806
1.7259233837574919
1.6368989265385463
1.630709176356948
1.711764115950298
1.643499407549848
1.6293503512333538
1.7203590334271974
1.7763182047182697
1.73446387197319
1.7401316100245516
1.6974842821231524
1.7257367483819288
1.706751502966296
1.8186251874255799
1.7725017761274262
1.761525339096876
1.7525173420618736
1.7943126712124262
1.783602357251342
1.7691313721968414
1.6690670139809582
1.6988909059709454
1.7185716419186245
1.7216344908015009
1.681176545229741
1.6488728037421183
1.6690934478596202
1.7084650892812028
1.7537163633244648
1.7252619805877851
1.6865555626651163
1.5268261478899035
1.6528580088951292
1.567993042188219
1.6619679510174685
1.7875573034518668
1.7517114929119821
1.6920703870368976
1.7104137175897263
1.6325236178677216
1.522335995765748
1.665462288071439
1.6781390444152298
1.7787958556601644
1.7531320561028263
1.7642009539075638
1.6967953331526215
1.7494502089803234
1.811622683594786
1.790584677010678
1.6656058594918945
1.6112577999389985
1.7074704283890907
1.7017462048809302
1.8526563138335304
1.8683646439901747
1.89413824450815
1.684394822228884
1.6697078490994688
1.8917645241279957
1.8644927074118187
1.7905987552876297
1.7355948510840726
1.6520199685404435
1.703649515229965
1.7071807462030155
1.6763587551051902
1.687952953051753
1.7782871835073797
1.7595613109302681
1.76056344207677
1.7173920097133824
1.6841208801193124
1.620512975721877
1.6914654118372618
1.679234181964689
1.7467097712483333
1.723388924687466
1.7546314120821298
1.8163257570378428
1.8189080296437292
1.8826016308892255
1.911165242744548
1.7695172217500954
1.6678955992131452
1.692681214738858
1.582849824137148
1.630759956124636
1.6812484254034943
1.6233769741003277
1.5655345265817673
1.6160037794927171
1.6636941838286092
1.652614065417426
1.7194831535420152
1.548016936276465
1.6211788657984127
1.7163408791802977
1.7054475751294946
1.7336286250258501
1.6471868577117985
1.7386924049002432
1.7407492460368865
1.7409583006608058
1.7612645485401655
1.7364696942609514
1.684090296182924
1.6969270423986573
1.7212108670541788
1.6612179802048999
1.60689293161337
1.6693483597119179
1.663539728807676
1.6800389675486618
1.7353390186699322
1.6697514469073211
1.6706296272172558
1.6582768971695998
1.6369589741186517
1.679428779977659
1.6550157998028356
1.76064303476489
1.7636848133354714
1.7311575812477282
1.652208862714208
1.7106489677034704
1.765758748003999
1.8005695040279135
1.6875954792379018
1.6518720480270064
1.614298435726547
1.5755950070014426
1.8051581967994599
1.6365394819704502
1.663287974495525
1.773238782179061
1.5617844945579715
1.5786408647445436
1.648858376830942
1.621589364669539
1.7253954082769967
1.7117264745142513
1.7283971629763328
1.7545423410962366
1.852206503371752
1.775852619481501
1.8742296233069173
1.9209675471640706
1.703755787553759
1.6404815533626016
1.656721194233823
1.6367355827631949
1.715422378237186
1.6939591147198125
1.7437061229349642
1.739702549675264
1.8237462108752733
1.6907195716561139
1.6452872675886827
1.6332203946101314
1.6972754261820246
1.7693656229175756
1.6909478367836652
1.7303521934612105
1.6108383855580586
1.61852203935309
1.6883410941897738
1.8592145799718358
1.8164915151655223
1.7262294201966257
1.6510267242754009
1.6292524481151052
1.6080173516629883
1.5595139105164315
1.655011960512403
1.5372860174614258
1.733596216893709
1.664140275667794
1.6948689342575767
1.8217965586002944
1.6048528444444665
1.5929261101849028
1.6463236545933544
1.6365787473364417
1.6584869407504375
1.704156276385922
1.5655304318809027
1.5709222898127841
1.6734010221891662
1.7231516853468887
1.7225135844703803
1.6764069592993505
1.6941073497134422
1.6259878957384224
1.6766640727708733
1.7481048440008051
1.5725441122713848
1.550260521288634
1.6563341913870984
1.67557238053804
1.6261171921083872
1.663108739960467
1.7044681798003785
1.7974834292838393
1.710964955395138
1.7369254130608884
1.6245158589309563
1.7159958302117744
1.739541386019426
1.7715655574886022
1.695960408509916
1.7379773683262811
1.6576047971466936
1.7322110048242494
1.7168692053863255
1.6781458110332022
1.7184120070319817
1.7343296126632557
1.7344302278860544
1.7292633673032476
1.8060708599732578
1.69074190486942
1.6886676081320815
1.7815399416705247
1.762572061548763
1.635385488732998
1.6791688481970024
1.74487876741861
1.731766234924956
1.6513629352895305
1.7063986047321076
1.620332344394884
1.7100618044940317
1.636297963412342
1.7643859995958797
1.8238964509225348
1.7267268707990935
1.7161328831683171
1.6813402429097428
1.6528019346175813
1.551329043286363
1.7259041998027513
1.7034031351807475
1.713534803385799
1.7171818472327476
1.6989376524168018
1.8222267551379956
1.7781613473081643
1.814098174843826
1.7780921533286433
1.8155191511099018
1.8818518542937417
1.7538848718116895
1.6865725866192165
1.7892274695362236
1.6419017008256935
1.6440795320166173
1.618480089203147
1.691525275357273
1.6283216747495541
1.7233008754332695
1.7181342822752734
1.7553612398412657
1.705051536759248
1.6775930033080169
1.7803146204171323
1.7213632353791986
1.606446012072311
1.7157545313685385
1.7121281487230717
1.8154391781542376
1.7399225971187797
1.6103818758180495
1.675042774829566
1.7650911244306544
1.7267677348563233
1.8008836758527538
1.773930795778168
1.8164579094759223
1.6808384961387142
1.7449939038400253
1.6676761823221702
1.6976718150029275
1.8963039940413835
1.734204214972844
1.7582696386447338
1.6210224052331754
1.7419674844918527
1.6796728062318573
1.6712542221374393
1.7662164580596322
1.7274297907270388
1.8328668046177252
1.706754516044018
1.6954496462086528
1.6257804419328357
1.5496351151387997
1.6516646418284555
1.7228675455552551
1.9035836603743048
1.7613583545388694
1.8990606293617507
1.8703892053429443
1.8421292966326894
1.801750391433952
1.737451266418838
1.7150318158380329
1.6473354817350954
1.7699798953587798
1.702619056733803
1.734360813452931
1.5844063340348973
1.6146061232295175
1.6110907749232857
1.6721010398038338
1.5930135757672848
1.616020801076674
1.582164198285179
1.7108808346866182
1.7906159533418515
1.7950144961039656
1.739775896083014
1.6562942326614558
1.7455319859294507
1.592332056810428
1.5677274243228625
1.7364934216013803
1.614558818683681
1.6296471216272437
1.709476739784913
1.632755812643765
1.6403946569096979
1.582343901141389
1.6588989795137783
1.7913026083190748
1.773097359653235
1.8521454524253582
1.7917629295383661
1.7526177738193305
1.6453106042557448
1.585098109446618
1.5372531489444656
1.6365251456662993
1.6610199472072134
1.7194118733020574
1.6898022283981486
1.625591190838047
1.6069851484273452
1.565237433247193
1.628246436254258
1.6236135357249943
1.634605344302368
1.6627635489332389
1.6643763212650238
1.687759933730394
1.6345461206108491
1.768245878925145
1.6389152288436344
1.5949989352001641
1.6172477710119928
1.6847457152028285
1.6086219086420588
1.7498216795867945
1.657336235241341
1.7243007921604636
1.5633142340582558
1.5958757558641192
1.5746340727897206
1.5669397170726573
1.569950447281023
1.627131804872387
1.7752386193613703
1.6795776833129399
1.6968350821231053
1.725204588559508
1.7266989282723353
1.714824095254593
1.6010084285936903
1.7529927275523545
1.7815974485746366
1.684862687252232
1.714646496112425
1.6457865937364684
1.621285060794634
1.701100359441538
1.7725738029204705
1.7391341150279873
1.782237300335373
1.7832240556294319
1.726427757971822
1.668718194389201
1.6769293400239367
1.6871038286290327
1.5479673035782797
1.590036360206862
1.8577330058763688
1.7627159078198387
1.6294447540861325
1.688819793548904
1.7716108999747344
1.7056163508176034
1.689708073737975
1.7154643407093069
1.6154491526010428
1.6759009350151677
1.617215293525381
1.598393180903787
1.5492489016666764
1.5430898486052103
1.6180074373858804
1.6543944988872015
1.6395693122108164
1.6881476913736821
1.7186962091089957
1.796585306262021
1.819916682525712
1.8821494681708089
1.8252588289337182
1.724003752355225
1.7627385945059049
1.7658511455995887
1.7721328160996657
1.6909061370394742
1.7521924483614923
1.7217217302597314
1.7121681437990324
1.6408865765192213
1.581913709347015
1.6043208640392441
1.7075515262543404
1.6069490303405585
1.5682463919623464
1.6892796422793839
1.6770472010205388
1.5939570567885173
1.586750394693061
1.6963490315754686
1.7387538777712597
1.5734966696631216
1.5498826156943417
1.6253275746808136
1.6747428892144443
1.7177316375993816
1.6247195930747629
1.57128029437327
1.669161938706711
1.649230291236158
1.6139846469941803
1.6149973914820874
1.7776121026662381
1.7015152030733627
1.7163917379317957
1.632646947294122
1.6096519282312924
1.6740271419305357
1.6746992226932464
1.8368091618267122
1.694100072006971
1.7960503860816883
1.8675730824908041
1.8843467431867837
1.8271421089667579
1.7583510904544333
1.6725386772753774
1.7207542648061886
1.6296932445109007
1.7216037815793377
1.755703964857955
1.736596560284398
1.7459061169173102
1.687501758061812
1.6682244713797496
1.7236792386883806
1.7015369199007946
1.7146066214179132
1.680667910114702
1.6875374852664276
1.7749074738857733
1.7801065926767747
1.7985461048357214
1.6581956660272537
1.7173565081452429
1.8137991737719832
1.7928593498030199
1.7644169077701297
1.8271253712873894
1.7398102665812598
1.6883441170860185
1.5883882952529975
1.5841577555306956
1.7475335515592059
1.7809186255029272
1.7012777101571797
1.7022088654376395
1.5974584282219548
1.580353869728109
1.5778726997374257
1.7421519859697392
1.699354546102399
1.6004055403841155
1.5559266898460513
1.6816415446694555
1.7048139409246958
1.803851318114012
1.717109730488104
1.7331850019111297
1.7897751959978205
1.7544097145386757
1.6916135484643906
1.613451895521719
1.5313875594712725
1.648717209708656
1.6132682150120712
1.6800933298482827
1.677585976862838
1.5828404615228042
1.7233699865188072
1.6212913553250112
1.724426074721855
1.636737330392427
1.713023270786939
1.6609214576570188
1.5337831081690005
1.6844532954938989
1.7426713405520096
1.7838659725808084
1.7549256125132542
1.8422384620924843
1.7763557007679613
1.8697474733622346
1.8545709767650722
1.947488541375464
1.8058526526530703
1.6955853306810849
1.834738206610702
1.7741672806107813
1.7601501540949376
1.7438606794749527
1.7213068093090473
1.7194287854631871
1.734772904100918
1.7476493839466738
1.7548658308171172
1.7103869473260584
1.7604587363534294
1.622628552429847
1.5732821291788093
1.6592828955789758
1.6617812053831162
1.6813833058674594
1.58600221972242
1.6244993123876026
1.6437911203681512
1.6067422306182066
1.7069411279771367
1.7646628140786242
1.81506202767273
1.940293977576922
1.8740472014705232
1.9252988831732054
1.82520412536076
1.7829153567178468
1.6846488837815867
1.8390863070069878
1.8868012505565175
1.7272586668537333
1.6448813931378925
1.584931057484355
1.7673433473390028
1.6398561226924964
1.587355748809913
1.6846656760641416
1.7298397036455961
1.7234512512898643
1.7540253448080119
1.6496194304798004
1.672545982601157
1.6602480437949696
1.7405087014148624
1.6936971453453618
1.7942389622645314
1.6954701117814097
1.6558891190533473
1.6082242420211266
1.710185322690332
1.7564041364000713
1.7682676916359286
1.7478105759219802
1.7380976535389687
1.7948184798475006
1.639408451646066
1.6472633277848918
1.6380182848278892
1.646586880426985
1.6648573668894047
1.6032613775258815
1.7355533653700856
1.6757785506775922
1.7022301902946206
1.6862501712814868
1.6005320869537152
1.6170408986194604
1.6107571498341506
1.6307893861333511
1.6638255030306504
1.6209689007210177
1.7469448303877013
1.797564468279612
1.7638783513119067
1.6413615687698682
1.753135591108351
1.7964536945468152
1.6466312953948548
1.6891466798955903
1.6208751108144248
1.6478537816403926
1.6324690585712571
1.6505083301230377
1.6519827350714469
1.6969994017877585
1.7278291302832796
1.6433964927186315
1.6547214990199064
1.5837472196745153
1.6002865101429948
1.5742202516920791
1.6228504017906122
1.6465156554834521
1.6456158522520936
1.625309638326227
1.5969764938617286
1.7485612485943487
1.7506872013395238
1.6503432056252285
1.6203601602535056
1.612060031600177
1.6897438916515783
1.7748027229490082
1.7891925859215885
1.7649155224150088
1.8082773205750151
1.6504269237195914
1.6051386087598263
1.5838131119683858
1.6316205596081002
1.6904573973983683
1.6977625930681535
1.627391693639227
1.6334971546185852
1.6494564267984515
1.6328660110459021
1.5623342002289202
1.518667602619618
1.6355355892788277
1.6479411833959694
1.7599024785640358
1.7825492241919285
1.7063720511135445
1.7213981551146789
1.7045444156306773
1.7767962037112626
1.732091402147515
1.7814837520433913
1.7597745173563528
1.6864042841922566
1.8319770149969368
1.7920955064096173
1.6752868566455719
1.579959581621048
1.6842573864785306
1.6700502617987967
1.5935315902532028
1.6271953149276939
1.7472236070863392
1.7633346852299265
1.7661060836952818
1.6932885271433258
1.732176244412898
1.7249907859643934
1.6787017258555814
1.659278137693167
1.671618098654978
1.6203933558810706
1.6120490662077467
1.7692109209403772
1.689837092462473
1.714529296592497
1.782758337643959
1.7198494655060916
1.7124420799341915
1.806038418083097
1.6813516527684744
1.730523983674844
1.7361294186044822
1.6925008443854168
1.6239541720771455
1.7398554078708357
1.7562203134307026
1.750026109908467
1.7494199042908065
1.6736808672167627
1.695123932101172
1.7436584376225186
1.626608396416328
1.6192191929720359
1.5962121262360143
1.5838705881159842
1.5401496129225904
1.5063768961390467
1.608359369460685
1.6638091713941363
1.7366755433507604
1.7381443825319642
1.7616806367825253
1.6949554819355483
1.6558331331173393
1.7704304787546448
1.792612414407739
1.6764796695045763
1.7632103857389454
1.6801972935262737
1.6163856203445794
1.7384562624787088
1.5884053866101602
1.7561964365948575
1.7693043778662292
1.831090142740245
1.6414004838850977
1.6751341012921404
1.6510052155135428
1.6697021477972784
1.817580961992834
1.6849621931294831
1.5550024385697971
1.5966543656221803
1.6453017250984612
1.598655177091928
1.6586564929236016
1.5891204361868265
1.6367561506189678
1.6040576299108515
1.6578192730838885
1.6824940959514088
1.7109681199616402
1.7414780644810433
1.709529878306617
1.7208488085727465
1.7152105122681345
1.7083401287282187
1.82798755296708
1.8343367606756946
1.7942096703277355
1.6993303996613975
1.7224983628698023
1.7154995001069377
1.6313464768019044
1.7429478529945626
1.6945217953402172
1.7544941699033925
1.739045384696708
1.7424958163506488
1.6556854292094227
1.711666739489637
1.7129185087172183
1.7289940758314126
1.7345784507814983
1.6831765592669234
1.6700090197043833
1.5984692652389818
1.6083272856109614
1.6235526986078253
1.5550699205677818
1.563877419275476
1.7294541867075655
1.742737754490362
1.703805005383273
1.646894017490051
1.717599521860437
1.6377556459426021
1.5516598046141121
1.6592151899619345
1.7532642801880685
1.7196417030320397
1.7289601942785737
1.6242610603143974
1.7342005022957174
1.726048248393976
1.6534367170663473
1.7364485896472281
1.8042834338865423
1.7350289073090752
1.7576464405205159
1.8428104515428787
1.7297635678365486
1.7310747272911606
1.6743456844213864
1.6819320925445158
1.6461558485074534
1.6310941735354696
1.57625663135349
1.5879036626357608
1.670764085805129
1.6439426878169405
1.685829084995566
1.7416572863383715
1.662052791125302
1.6029804889702732
1.6346027455085113
1.6461214994507591
1.582060163830829
1.649346483502868
1.784818121881019
1.7843861836011157
1.836188603594161
1.800478353229345
1.6887872733938274
1.63705286302062
1.6233294139700518
1.6234503734665624
1.625642780657897
1.7579977400002444
1.597294169436016
1.6518707951284766
1.6287188241236037
1.6738946179562282
1.6638933120873807
1.5950422804909055
1.652839077715609
1.7586679630944195
1.6338142544271836
1.6553015133699693
1.6327941189768436
1.6276155083993566
1.783457984725737
1.8589748126675776
1.7934603785035783
1.6784962293393364
1.8001792198189306
1.7768306524411843
1.7927334044557275
1.7335294072266583
1.6960258230768452
1.7067319324155115
1.6214721249459279
1.6182278482840093
1.703439843254923
1.7299544387479995
1.7014402970009317
1.7052739906459968
1.6196144978862594
1.7488458031818441
1.740749474899564
1.9557957651038094
1.6639600090692122
1.681884902557543
1.7536682882663408
1.7767411940844637
1.7757335635158864
1.761970430333798
1.8623618273490778
1.7339727605919664
1.6265950805824316
1.6455892340541998
1.7938252621955844
1.7064624390309782
1.6500613002498072
1.5610792317832574
1.6489310471229461
1.6058858532994806
1.5736815280269563
1.6266688600587733
1.5238688060915653
1.682221096565693
1.5943229577904927
1.6750905170816446
1.5788813004514681
1.5991035592082212
1.6651624437205905
1.6940221492936791
1.7726089700404772
1.7495017026116653
1.7695931006401544
1.6823404020161647
1.626576913500844
1.6165992976878496
1.7243401935339766
1.6850541925434244
1.7481753297698337
1.8070587180538547
1.7907629285191193
1.7639575475571345
1.7208157282272756
1.7345712685427497
1.719725028623764
1.693869482589801
1.7721602702823747
1.7051604024557456
1.6942373407738955
1.683091351211109
1.6453101268046693
1.6646936660514613
1.657033410525536
1.6971813599814904
1.808806849815649
1.7121645790328937
1.6027475630034917
1.6339869106090252
1.5411952486854126
1.5621901644441711
1.6291043061658068
1.5970323003242708
1.6203359396359438
1.6521134650441285
1.6958352432783323
1.6772870378526008
1.6386087874462172
1.5649668678563402
1.6288731931859168
1.7033961860537055
1.631358646422181
1.6924819827700615
1.6447055533569594
1.651235305036609
1.6546737802336782
1.6159897238392062
1.5782541162892512
1.594428611957578
1.732638786110328
1.7261170923230285
1.779066638680358
1.859823878178816
1.865872334994929
1.8886309870762732
1.8396583195389113
1.694654136533573
1.7386258416452725
1.7264122564356446
1.662730789626189
1.711411893232268
1.6370721137534745
1.6135172649298737
1.7616279295090613
1.7251650939414833
1.6694629211032332
1.6251826872640436
1.7133480918100248
1.644521759238223
1.6274021000141032
1.5839052856297051
1.647736261855438
1.7474901170796067
1.670896488346562
1.7126118028314816
1.654003408397414
1.5893558382688893
1.7167836928753382
1.836710739055422
1.767255501987611
1.6783219904032238
1.771014036610223
1.7313813184872742
1.702600691600337
1.7725552470060393
1.713226350830894
1.813552611520061
1.8397793751066938
1.898856414837843
1.6798611397354741
1.9205676003471948
1.9051068153903103
1.7674700663062326
1.6860559443158214
1.657348879123306
1.7047126702969002
1.7044074715933184
1.6028473597522843
1.6410208745096238
1.8169001121836643
1.686022460124789
1.8083430243884246
1.8235861008745757
1.7462428105474133
1.8089310390583326
1.759046241737786
1.6132777868131343
1.660777205441747
1.6946710173623492
1.6989818428010222
1.7077528428508066
1.6374247096280932
1.6717841844081782
1.689003269316368
1.704665907740601
1.6557032081911827
1.7720852506328795
1.746404639739301
1.7110051858975415
1.6080973916616519
1.7189968447521984
1.668707958265468
1.567595729697594
1.5449657310599167
1.6387300217804395
1.715335562838013
1.6664294399343937
1.791228040520619
1.6461320968748046
1.5489685081846578
1.6334924293964206
1.8209124090036244
1.8363606436905897
1.8260847390909252
1.825981222537881
1.8215381628928582
1.8138481773464539
1.7588437295833947
1.815400533448724
1.7327983681342765
1.790431654117463
1.7753464011476305
1.786780734970273
1.820063184871299
1.6019072640421121
1.6780756645815407
1.5682557407742876
1.6923073653519864
1.7006443588360272
1.6670414585912716
1.6868918045461956
1.5526087458286746
1.5871361620080529
1.69046262223139
1.7724314225751903
1.8358003462700032
1.7863507409702626
1.6809556325309338
1.681795630062957
1.721206321493062
1.7603917608557498
1.8062168156310254
1.7875571534381305
1.751425495708568
1.773843125382162
1.759964182133075
1.685546122941482
1.6701155538411347
1.736173561315238
1.6149582233495394
1.7114733773510404
1.6811222053223214
1.7034307806937232
1.832038548540576
1.7510358885660209
1.7670579983477168
1.7972253426912135
1.6636791835257112
1.744875809183952
1.6302250698939444
1.6057424559577873
1.6121121594960481
1.7198313919366308
1.7724705682681072
1.785758601582468
1.741788087395519
1.6074264863810572
1.6422214046589603
1.628806665452855
1.6613596178772931
1.6722684252303237
1.6631646197614938
1.5859254331036985
1.7297373539265755
1.698414292893625
1.8347165080573
1.7634570617032865
1.6539868185731648
1.6218998092600043
1.6501817890743151
1.6162952482954416
1.6875878213002498
1.793509024620736
1.6558106739995948
1.6901332449449373
1.6688309979317575
1.7547255091531049
1.7690259850743681
1.7681078369055703
1.7398872032234671
1.790662801211131
1.7602263402615244
1.6634102306766625
1.736605000166684
1.7006539325957046
1.6972047464973226
1.7665054557641504
1.7197622158489028
1.7748173161331997
1.6655299108728416
1.717940492242304
1.6242174424453508
1.634181531915559
1.5855918787877075
1.685944821234558
1.6220041904567064
1.592485288212286
1.6060922582788575
1.7089147223547871
1.6716212835824993
1.6500309958244928
1.7072541211594243
1.6845623363869815
1.6757632342778057
1.6454845482151639
1.7926166490066922
1.7724295494136133
1.6227494873436958
1.6435606933018982
1.6927676989543379
1.7166881145429838
1.6519651538271523
1.6875598316824514
1.585929073616116
1.6126082926358054
1.7082536055894775
1.7602661298786815
1.6649592997243752
1.692605512538806
1.6207276858528417
1.7236013203561382
1.7324593548853142
1.6143589115776835
1.67653075050555
1.8771665805399835
1.642629807926814
1.6058915827420657
1.8084521801160283
1.7880753278605879
1.806005089548047
1.672573355807602
1.7354899274787061
1.6563747088834535
1.630443191109366
1.6865011009670323
1.6054392991711073
1.5839519005737228
1.7787365955932222
1.6621145403996305
1.7188693703477471
1.5803328812320097
1.545659097620997
1.5176457263179224
1.585327658929765
1.725830875187794
1.7743182174211163
1.6753254595468192
1.651461670895225
1.6090324193366878
1.6447642244745269
1.6912072335874537
1.6495918659078717
1.8178702042934902
1.6990004918901667
1.667285582610188
1.7643996628788012
1.577348624834391
1.633760294924873
1.6499871474734538
1.6474917394907875
1.645258328986173
1.677672697774796
1.6200680421394758
1.6255506353562066
1.6641538661426691
1.7750837722753932
1.8462815285873269
1.767850085626272
1.726487201848929
1.6654262208914405
1.6425415789988398
1.6441943730678732
1.5846188596361035
1.726699305691627
1.8391483290945643
1.8702898870624987
1.8486575631436992
1.786722261867985
1.6303525304564768
1.6811048799640944
1.7838632858972416
1.904024338811087
1.714035493761625
1.714968232222329
1.7428202635400303
1.7557947641866094
1.5841119544109166
1.6602835191031762
1.5284668650674593
1.635617455769533
1.7138517494620031
1.682653513589182
1.6604488024955206
1.675218841208106
1.6597754840340624
1.6731805663927461
1.6016643495824743
1.6868339639059222
1.6162138311484244
1.5680116988918817
1.6017198109295108
1.6772077769517808
1.7405338283685745
1.6333524478795636
1.6865930264846771
1.7435068225242962
1.7422988552613219
1.665166847380018
1.686303516679422
1.6466738476810523
1.6422425233049018
1.6853375410926994
1.7024576000006317
1.6872170643792554
1.6046566647827645
1.5836110231192368
1.6151661888003084
1.6380607449320046
1.839194856236245
1.6869291137394973
1.5975393537304945
1.6823231509999237
1.5706151767189611
1.590399926208761
1.7090225427230779
1.756905857181219
1.848549862761309
1.8230954813104863
1.9020462783182406
1.7453315623981467
1.7930653622964612
1.7974916150446953
1.73580005475418
1.6574535365979308
1.6477407061466192
1.7489952605505725
1.7096168600652846
1.7690776528280945
1.6745287981547528
1.6016199987786017
1.6216752596048722
1.6095731174006604
1.6209822400354013
1.608413928991933
1.674912120702772
1.6078629122560721
1.6660481227818005
1.728737439425087
1.6863398336047772
1.515498407838477
1.5551115509004183
1.6871936998922292
1.6716869852548937
1.572696246186222
1.5571135896258033
1.660692215834712
1.6557122112190448
1.6573194328983973
1.6469298539971333
1.6262940567168602
1.6492014053033222
1.6611891000157355
1.7313787556291502
1.622982858199955
1.6279475160883323
1.7563921259550703
1.8653789436875312
1.793171154904869
1.714589396411619
1.7770680183259755
1.8217885135238767
1.741361490253361
1.7644745047111818
1.7260490632696395
1.6813479444350938
1.6971767759858705
1.7430408966398045
1.8450356037361284
1.8251206646645743
1.7192178002197274
1.7318176727549683
1.6746038005168367
1.6881622541991785
1.718093590986881
1.6924900531693199
1.723441675022048
1.7957266667738452
1.7697870509346592
1.8781456415952937
1.7926243391070442
1.6878113465214022
1.680902174309682
1.6908693018843937
1.6666690499863175
1.5868557398871888
1.6114880487913588
1.5310629373142781
1.6873792320259111
1.5982494818715176
1.6751547467489722
1.7173002058432256
1.6890980951169843
1.7262932708162015
1.5897875584172156
1.566974640985855
1.586013389491379
1.583045413397848
1.5815262181604934
1.607230004048237
1.7000098436920583
1.659176871014866
1.6264600500257154
1.6400623056678134
1.7124087842726037
1.7224734764947212
1.7010834216651949
1.7662206832429685
1.7749159554526435
1.7757351505679744
1.752298343484722
1.8509112887549162
1.7780400253027848
1.6722441247779252
1.61329470953431
1.6896616026243976
1.7107447523091388
1.5940534370097275
1.6425560610761272
1.732146118646302
1.7723069798507887
1.669759448702742
1.7276466321151964
1.6750658166061183
1.7342566570883968
1.708241340078331
1.7339991469487024
1.7795916788015373
1.8247549484105656
1.895710704024438
1.815292778044265
1.7401052167777502
1.7423444794256548
1.7043550451545522
1.6632929249370627
1.711869531240962
1.6994113850626213
1.6067102675628262
1.6310657504888812
1.5859677129180658
1.7109883693035433
1.7517123950333477
1.7352953480287687
1.5541730030498848
1.5832472652961658
1.6201097336479062
1.6375926000072312
1.5762897731910426
1.6960713926156148
1.6061719667742862
1.7072043489815945
1.727111995155156
1.6100178900306197
1.730359173232242
1.7817880585640362
1.6367193234846358
1.5649573559349987
1.5310501250388058
1.574891603015224
1.6093169284804323
1.6018523348406184
1.584237181310943
1.64087356304938
1.6668700127410667
1.693059528066514
1.731861766709817
1.6448436999260294
1.8519380043109226
1.7437765145692985
1.6189445255800607
1.562442832251428
1.7088959722530184
1.6765260932406783
1.5704187073686295
1.71057575434001
1.7556943123640139
1.7631181374204514
1.6555617051405724
1.6894023646006926
1.6969299163407003
1.8345129422371944
1.6233240325656317
1.5730364560996297
1.6890415334524842
1.7466537163597597
1.758608905126713
1.7852774569848027
1.7795438834931998
1.6898274401268174
1.7206444570879844
1.713161653705303
1.7899188468589151
1.7605860936763285
1.7997480990531107
1.7816819704991411
1.705542494749412
1.759622389462451
1.6348265713652606
1.6534646397720252
1.703417814134592
1.6613137492178762
1.6720156563073891
1.6943924880162162
1.7101619705969344
1.6632974413282036
1.6179529358460034
1.6198889632305928
1.6324448035161447
1.6934160076582363
1.7855916405711185
1.735739255739838
1.639809355971132
1.6097576659325301
1.7141564635152857
1.7977433129491875
1.6730986543881747
1.5959253631042927
1.7089031058684274
1.7718640290005694
1.6365727543818311
1.643507042274779
1.656470689352943
1.7540761614779679
1.7781249978331137
1.6971333074810373
1.6953435938137074
1.7164780086140332
1.6957731192025651
1.7428122007191602
1.6343999781895975
1.6198227053277066
1.6305186587111826
1.7477563613760725
1.7972733251409558
1.6841039071889554
1.6771166302755387
1.7012307634057051
1.6330803539095902
1.6580480795115478
1.676298004872788
1.540748516709704
1.6476090253618942
1.6684149792861038
1.6682639646727078
1.711570285511685
1.7301160730887892
1.7319544510593812
1.695531539909931
1.6267568805019919
1.6452717223913726
1.6885129743526361
1.7028668743856628
1.77392995794582
1.7560386167165565
1.7642875479854376
1.6837306625148847
1.7150096162349293
1.6467281993029186
1.7112432646786029
1.5313310828561353
1.5584180912339878
1.6383849884614916
1.591491640628598
1.5588492702641101
1.7072122590425285
1.7243071167704769
1.7510596786127302
1.793485796030912
1.703486067359569
1.7466396382741893
1.8003646028498235
1.774098722105118
1.6960475518761755
1.687993770975171
1.6960873160579792
1.7384611218523645
1.68057818459214
1.718390974516702
1.7067306608148833
1.668709327683095
1.7002968498472502
1.6925752827471212
1.7807918905036337
1.65027779321746
1.707619056372543
