2.6051363155973872
2.600867124129771
2.682526230144803
2.6088043179843217
2.6201211202292054
2.5560430412198163
2.5379186006595993
2.5588643336006984
2.48904486054215
2.5706865196487345
2.530497896224452
2.779969158006783
2.657332257130613
2.707848260787044
2.6170306511127386
2.662939123117385
2.681519436750249
2.525605544848937
2.5197910599370767
2.537649545745237
2.5059030632556247
2.4912019871732207
2.529000110128769
2.5162173907739356
2.628909915640462
2.531274176076744
2.5157902494424813
2.5449918400153506
2.4192807040111206
2.5330444267687766
2.541568796421338
2.5609978880170066
2.531982900114571
2.590901306775487
2.5525782996357784
2.555635214592412
2.600124121327179
2.5939280981767547
2.5918852868232136
2.533422707151457
2.470546630928014
2.4909806836628268
2.485291164061085
2.5427084702561684
2.4977286980025433
2.5237688832243363
2.5897223855435545
2.62031007321312
2.5539203635321215
2.489665451127662
2.55841342424947
2.5884107044341014
2.5316104656246767
2.6791059953880776
2.6794670541807157
2.6604236067029774
2.6393910523838877
2.7034194358828123
2.7155728842261753
2.7044488058008236
2.6757399406818907
2.6407442237777605
2.5631381379301725
2.541871473409352
2.4964716711623494
2.5063889615884363
2.514416895080304
2.5772262448077177
2.620787557811977
2.6167238488608198
2.5879028988755546
2.7157012765677555
2.763912276936723
2.6998515410843344
2.609019549351043
2.4598992755743954
2.5368281253050053
2.5456427343610097
2.5724242548079945
2.5585867739391697
2.6350068747159727
2.6021884985458175
2.588843854885551
2.559273959917856
2.5496968562811344
2.4802652849600766
2.5688104201787456
2.5110858441352932
2.589650670848047
2.5909088388244346
2.6590057580260273
2.6268796630031885
2.6025989333328443
2.6583724631052235
2.5442281456093476
2.600992186429456
2.620017267578209
2.642844132901647
2.661683058782464
2.5349685916304465
2.6145146044625456
2.585580304580349
2.5555736274738123
2.5330517768277985
2.483806590719419
2.6122213784540214
2.693959875064226
2.652562746927032
2.6220599742808655
2.623230177035849
2.5486490820927914
2.5288457143079732
2.494992306737741
2.55621589080336
2.577926275287012
2.731494634645654
2.8661311505616105
2.828391736137843
2.8460772036675572
2.842572113116346
2.7878611469101626
2.887930469409183
2.9375009000516483
2.8970389545601503
2.8643625426759725
2.7484373546504863
2.6773030250955667
2.5734338964596404
2.6394682805350462
2.633438379142886
2.6446904960184545
2.6529965127505255
2.6542502276401825
2.6011592667189927
2.647152972778647
2.7074140154020476
2.6606310582112815
2.6606588546427075
2.7008517770016853
2.5926859739959083
2.651798768240856
2.669163263893769
2.676692198919587
2.712450395083979
2.5935879018173584
2.7359689693439684
2.6644896111049197
2.6707536038397324
2.6038371834159526
2.503155740843884
2.5493669718003003
2.5047293671495163
2.54147924782487
2.478620434465248
2.5139726599229406
2.629634110624017
2.690326354803039
2.6668276413439096
2.5991032035263846
2.558919265323384
2.577732432857798
2.752539068492489
2.732105908181211
2.8040347103650483
2.784927195551062
2.8136747226624426
2.8663550077666766
2.903088057981618
2.8685349979286854
2.783853223308619
2.8081355037502123
2.843290903902523
2.7786146951015223
2.705558720717515
2.6723987500106086
2.7050303215593403
2.6116403616799615
2.625596644490664
2.622108706771998
2.69074428636219
2.7617830394970366
2.6920114737528187
2.63816547964228
2.6075571656712286
2.5108022372572525
2.573330045619937
2.5309074622473786
2.4408348089444845
2.5073391891656294
2.549835192161233
2.4982339731163608
2.5428243465033393
2.5555584856354945
2.6844149240418944
2.6571378944426205
2.6976777389925353
2.737964775462684
2.6958837197604
2.692400596085248
2.6773284174628222
2.619452925937445
2.6602591945282392
2.6212132562240757
2.698867512214124
2.670535379689148
2.7814981780448766
2.771803990190775
2.6582904262476896
2.662768681966245
2.713960516766768
2.66728989416505
2.6235947183089627
2.6400124504608544
2.6713161141213524
2.616344839762875
2.6163454679090634
2.671788818540354
2.6108385168961594
2.685149603719755
2.657204000543167
2.6609866940100315
2.6334187745235167
2.719469899664383
2.667214596527039
2.594123975312769
2.6494280139743003
2.614973442288594
2.5761829760935004
2.42075288684874
2.4761489108058172
2.5820211617136386
2.595627113582499
2.5584774445501797
2.546869805064239
2.609750859135144
2.5856507883625848
2.6073201092596263
2.6235215813651824
2.573445838197544
2.520114267538843
2.5527553173829034
2.568108345972317
2.6165177184465827
2.6616032949860506
2.4973999309239643
2.4850701238542365
2.483199585610461
2.494164506989966
2.502673762180952
2.564410136746207
2.519250344335554
2.495635203789807
2.546084722411936
2.6023866387700383
2.467662779444577
2.4406114913363255
2.487603819795655
2.556208489737867
2.4988010876394324
2.518913603145059
2.50800304131865
2.500060782689012
2.4351543796148394
2.458917176688966
2.5080928481015765
2.552647880671572
2.5457059475613693
2.5805754032838304
2.638624896050209
2.575100966144809
2.560276618382661
2.502288727505771
2.5231570123648064
2.570609979882553
2.650509702917298
2.675523135255572
2.66809422724814
2.681012017423557
2.568572652337781
2.6209571685250013
2.623053181506829
2.6081303807601097
2.5581536768942175
2.5689528370740926
2.5831764069556633
2.5221359148200357
2.5518775407258434
2.5788913801835927
2.6602748587952716
2.6396202560278423
2.6960550379188764
2.6339815318520454
2.6618732096892863
2.6131985323250806
2.5531264595743974
2.6135901235894297
2.5710215914336434
2.6980877107609342
2.6365692124951488
2.6863711214715185
2.7147223453226417
2.745243939304687
2.642528715400494
2.7154361845414994
2.6207899408202207
2.6284748584402347
2.5611588918599204
2.5091122635183774
2.5101588730175983
2.5020769795455537
2.5827775735024483
2.7167815902488917
2.6961347557204376
2.700765898814846
2.6227467875584
2.723399940856691
2.6706882313226545
2.6733128215902
2.769370423629813
2.705297534763068
2.700011334598267
2.6678939381886435
2.535953849976053
2.5573734680979663
2.664650342099549
2.6983652137107104
2.5968069161755847
2.520733744259261
2.539426753366228
2.603066552473213
2.4886860320241024
2.4530047321176207
2.5821915831213738
2.542454943727787
2.6013857448365676
2.546607472491445
2.5875532628987483
2.5424752111850477
2.5708338318418975
2.552532820747022
2.5003151225468923
2.536407969657388
2.5057700930812263
2.5289230862193945
2.618299945199029
2.576169720317553
2.5580813219772365
2.627901984551586
2.587147062194225
2.570301756266835
2.5942677265123884
2.612726357131707
2.676199058976639
2.674835924986733
2.6484105798094064
2.6620696767250096
2.570133752517948
2.6015835671250254
2.5951965268813746
2.6451396376296654
2.6244248687420106
2.5627091779244386
2.443020696451731
2.454094497362537
2.4410421055842617
2.488891393555132
2.4801006256955227
2.512104831067288
2.4499341963874985
2.532296739157727
2.5786885681741523
2.5602459011494907
2.5627826908554416
2.535159108160923
2.508257285843768
2.5189965425166645
2.6102269418472397
2.5941367468131706
2.5508193788465423
2.4960963917324954
2.461059087575513
2.398903271884363
2.5304926085177537
2.4405557552949215
2.4797063500376524
2.4438733292358434
2.4728275598831186
2.496629545696201
2.449246969725829
2.5277752275999537
2.5893266774848023
2.4551985903435525
2.589446007353166
2.567188319550863
2.5587236057012404
2.5406022919360103
2.5453483712754195
2.5832993185358544
2.628846996248721
2.6329520983379364
2.572776431841993
2.5916066627471768
2.6347561491069285
2.61002273373774
2.5690397029001306
2.6192739876188753
2.45515053951438
2.5094286877923238
2.532587460561529
2.5484857160708976
2.5565427311268074
2.5873406939640726
2.6188253680109606
2.5854734278410767
2.5792886401008457
2.6005701578097082
2.5320261738542023
2.526190860771422
2.5678766322571684
2.657157856832404
2.629618141955015
2.5916227762179433
2.6000131270731552
2.5571376317719996
2.5007499507913913
2.485995576661398
2.614490427542043
2.675595699382929
2.675881087328581
2.6461845550338516
2.5390873321110234
2.6272749421939716
2.679526297793371
2.7010200596770946
2.6463481886888918
2.5737489474436863
2.6185571848887363
2.5423003459511646
2.506607589377633
2.53019828587195
2.698165757933357
2.7477281608209743
2.660388230990405
2.6289456510948432
2.6206863315227453
2.6104372999923657
2.599434649167493
2.674565211250255
2.627635244480993
2.662887838984347
2.7166360373461416
2.6953647054144643
2.6695722961680066
2.6654259453350546
2.69132555057321
2.7110687774291007
2.741701251385907
2.7628434852173727
2.7382187117851657
2.7321604561407886
2.7544264007045998
2.7360260251157946
2.672260935251958
2.683154010790502
2.661342660753616
2.5885847606224397
2.5806015790131074
2.5887314849063214
2.5669570160566484
2.5413637632617414
2.5352833731354627
2.557140648726813
2.5868920814838345
2.6084743710586937
2.6882111934784843
2.67858924081393
2.720544877794943
2.6439820952552404
2.5330018279072855
2.5409323296259334
2.4965464964390973
2.605327749041248
2.6286251994619794
2.593869765596649
2.551262005255976
2.5667425871856513
2.5967177054474195
2.6249420350261947
2.625604245153133
2.6482109070849
2.603055103913229
2.639016311282052
2.5833631049270736
2.640298896340661
2.5908273034975986
2.6103971070844265
2.7039259922135552
2.633569951847248
2.6539846076912754
2.657695665061695
2.616162826159417
2.6333595406276737
2.597437965721565
2.6074706857200405
2.593416354606933
2.5389039399691202
2.5948375018282523
2.570788540737071
2.617939784574607
2.575139978165457
2.630371578643873
2.6627896848107984
2.6575358231983883
2.578175638903325
2.6385787209225127
2.6752625837775295
2.653667518510096
2.6739224969206936
2.6568494372321623
2.685722906431477
2.6312881887958857
2.7485150419723676
2.71302958742659
2.708465545867521
2.6440157697394007
2.623947058162178
2.762339317627197
2.795687480040158
2.7558876487903508
2.779146594009572
2.670051174496342
2.745480029107563
2.8218195493285423
2.8681845457607893
2.8060348963407553
2.6539764226364344
2.728441363255077
2.69522648661793
2.5669229955099078
2.6631329855645736
2.546389819424866
2.6094062377546514
2.6472513291109547
2.567144681768238
2.6640015453039925
2.659967247624349
2.663258052418662
2.63269658321628
2.6049177626226756
2.543687391429228
2.547219620354721
2.596713669767683
2.547704980798098
2.550354758177599
2.478582885051933
2.599212279487124
2.622308689058571
2.586595337631282
2.616744785456703
2.5339444599495122
2.565027067259281
2.539790203938017
2.5971743444314797
2.561504221005028
2.5447650489375215
2.669551558572295
2.6268428560572348
2.5955036092976402
2.588445824684515
2.6191625776345715
2.6239189264508096
2.675933675141983
2.5403192969939385
2.5430626971138466
2.6347227834477582
2.6121418243107737
2.570236842145654
2.57847625772645
2.5804307280373986
2.5920962503909433
2.5805094923235847
2.5460275944072013
2.5205671460429624
2.5959512512756366
2.5052762567843296
2.597795780722873
2.541496045086577
2.6010254145183622
2.5370476250472183
2.5425820836379778
2.576311540446799
2.6115946103789116
2.64414816344327
2.651589933281431
2.6873925559312584
2.6403309540842894
2.6410372007167395
2.661718767516488
2.6970088893595725
2.6855670757028065
2.6340035848546797
2.6674048066671916
2.5790129365790055
2.512628954098494
2.461188594145885
2.4981679744787
2.5428836021678687
2.634407619581949
2.7212874041616453
2.7070391611340208
2.765831472473968
2.7459255261496387
2.741895101581893
2.808835200914152
2.8386319412381074
2.7104294239287756
2.7085771068723883
2.7662995377886213
2.6813269696128557
2.6726975012524568
2.6167746647198236
2.632352616053157
2.654174532911202
2.6824465112267672
2.69443090039977
2.679359158121582
2.697052448550014
2.6468700669567697
2.6398778746693456
2.6617478529110716
2.7425967536096123
2.649240921784249
2.6349714274675886
2.690396952217692
2.569055568441655
2.5821709311628185
2.539794371502629
2.5060915380754394
2.5352647534353348
2.446047092617544
2.516655665400852
2.539869364055056
2.6287782116676475
2.586857573280515
2.5449318228829183
2.5116588988998867
2.5335995986500315
2.5856285041064484
2.5712313389923644
2.558196752824304
2.6338079690991907
2.6084910756457735
2.6744373448910292
2.7073908404918945
2.710204584630306
2.6642074951094608
2.6721834329245286
2.633317422220541
2.627968362003535
2.6062266055877283
2.5542165889606423
2.5656887386457523
2.585582697548737
2.5780960018794574
2.521166998893612
2.5058189278081238
2.4495367604628
2.4230340747954937
2.5071601363738862
2.6487892112069664
2.647505433790346
2.685759369023569
2.7367140030164996
2.7351602581202905
2.790862405866816
2.863293483020587
2.8241739851413086
2.6623579423785806
2.6331561309122287
2.6514101013783513
2.6359518957418344
2.5143989383913503
2.5232200731838152
2.481485348309574
2.485021756149716
2.54336602340346
2.5832096220778875
2.5263158960719907
2.5150291593395204
2.595468087279026
2.55129127668307
2.6305685507350103
2.565821638982967
2.5429100397436835
2.536499961260465
2.5431763643254617
2.5279446799189396
2.5599821133348284
2.576449354695211
2.5583534556492467
2.530401293074162
2.648100686018724
2.6350700977365116
2.6606062656605074
2.659121442807793
2.6028352884983605
2.6514715717855863
2.6767006411331478
2.6457055586882365
2.67699227335177
2.660897577257962
2.5948424215599144
2.681590178851911
2.592597984277716
2.6503330264561984
2.6114604557463306
2.621717017691945
2.589634542583896
2.5217719043912177
2.5473613713091474
2.5525455873291745
2.5796734922718927
2.5869048729787423
2.517413832175065
2.616627602844492
2.613390134812564
2.5455173813594345
2.6397370871287196
2.6116567837822218
2.6157191245290896
2.550937655855917
2.5155792240219874
2.59252188125815
2.5148092314864896
2.487270851811125
2.521036429266205
2.576750321804099
2.5628896265759327
2.5458085541573485
2.614764733281029
2.492063643981794
2.5422396068339017
2.608328026737508
2.61181401867492
2.547736174072946
2.569718994602468
2.523526828419619
2.521464799704444
2.53168065232137
2.588346105299011
2.6305852966546497
2.597896469768351
2.62713360255682
2.7054149882558254
2.73760651136359
2.5549666350779567
2.5149700730061415
2.534097771908139
2.54208407710933
2.6042072534341454
2.6781331297861257
2.6953761864798023
2.6550332440038478
2.674734811871222
2.7140246434060127
2.705983806505746
2.6502018454219294
2.6489646883265596
2.654577845879003
2.6057620432922888
2.6103421179357436
2.578223089953983
2.556937542719055
2.6511581714405112
2.6092425493015172
2.5673408011756633
2.6212079527703627
2.678137731329036
2.6770634177523016
2.6771008438985517
2.537273724815091
2.680892694187945
2.7381757694486613
2.6436858880227794
2.690590682972553
2.6320257024590306
2.52756038377552
2.4877743705056967
2.5249900035710415
2.5782065321491476
2.5769240630117682
2.5817238524125408
2.69974397709703
2.7009979635499266
2.6134120992788494
2.5811039463222083
2.46865501049191
2.4752160510826844
2.5408087650861706
2.555962046594923
2.6256131575952675
2.6351539309646457
2.648277657980663
2.717828985200402
2.7185555167013162
2.6762722467465125
2.640522918007622
2.727232356591732
2.689093998240039
2.7099879522140076
2.7435793252337
2.834729806779243
2.8311581507659005
2.7665236129359383
2.7523581698997854
2.741548288200759
2.630650469146126
2.5775474738042523
2.5648662054206923
2.712624567232113
2.640182745967184
2.608717613467996
2.721574387984572
2.657304484231055
2.702652531149918
2.7189368000089207
2.5792214743634263
2.636831582104447
2.659890021302312
2.696707916499457
2.732657555089931
2.7564900905042
2.697136830610256
2.7888918127129383
2.789647280908484
2.720034792099294
2.7780449992725225
2.6818211968482095
2.744694051649408
2.7023249935263176
2.567512269083008
2.494599842618263
2.5927061472771116
2.4871807472281815
2.578124867881594
2.5950863786840297
2.674571107364436
2.6444425946785417
2.6284186493645034
2.617244171004478
2.605229200961201
2.502084605182456
2.4828206583260295
2.4905426350176043
2.5441598367532965
2.574133926597278
2.579682609005387
2.547018745621526
2.6183577360788526
2.6104369612963456
2.5660218834050657
2.521617583899693
2.545923433761626
2.5907619596298233
2.604385653938674
2.554542905299824
2.6272436149763383
2.5550549781217575
2.6658547220011553
2.6363352544056555
2.6216152982047722
2.6913728205900025
2.7044453500256442
2.799896756565553
2.788986379219028
2.708349936478446
2.7413026303739683
2.783220608047586
2.7288286797291046
2.6877729683250666
2.6710112377563617
2.6492670941913627
2.662288620631984
2.684118099522608
2.7056460431200398
2.578636898324421
2.5821508034050664
2.6188996120394443
2.581237460638941
2.623977269160582
2.534073351605025
2.5931108452095093
2.530187415867787
2.486923514469692
2.6139923099340514
2.544703452380891
2.531086156444482
2.5905829692944415
2.645886785309453
2.5794441700803774
2.6773355257450295
2.546821150192255
2.5544268289470633
2.6864240226881098
2.627588995333995
2.5897589408754293
2.6778298323162466
2.611601861606065
2.604233210557963
2.5705613817149153
2.604353147672288
2.535895466758678
2.524476511969222
2.523949049799019
2.4970065893571083
2.460260212653501
2.55541091867331
2.628060260450399
2.6610548052628333
2.6174473722759886
2.7049745617457397
2.6548533686849276
2.5983674038160838
2.5783611534600017
2.5836437060039876
2.6184079776759197
2.6039631253004227
2.665237485242736
2.681331735867862
2.668610039813059
2.691249429936306
2.7332003959219193
2.687949733780392
2.755958678978274
2.6552159255763117
2.5832290229274664
2.5462807388603714
2.5646001904226448
2.5360799724724847
2.5902533236310656
2.5251519329368923
2.645751991354106
2.598498400964755
2.5821738150384754
2.4528898306504936
2.500243647131261
2.493781238371579
2.579559894810388
2.5826154260692356
2.667607353017946
2.6103964856210213
2.6059235969023087
2.571422474050438
2.495445383118391
2.5527498603794503
2.553516451858215
2.5121125364510237
2.535726872874217
2.64083256897533
2.5211349329306425
2.516909473371787
2.5266552090117624
2.5943944673429367
2.6587959195266126
2.766032405784468
2.647785129079819
2.6493373965327613
2.687071785067163
2.64279322648068
2.576288417259063
2.503996286589599
2.473042044720128
2.6066885277534837
2.6373818052264193
2.686830596566824
2.6157133545934648
2.6037819916382183
2.55433968366262
2.5711366476303157
2.599654210685283
2.5581351059793915
2.642521082971133
2.599719464078725
2.6597393027531497
2.599071489552957
2.508510963264707
2.632206248375046
2.5724917080128438
2.562613903141179
2.574562902634264
2.608084313046763
2.6248315672385623
2.5707156135398948
2.694447172993776
2.7200028594330816
2.719537982669654
2.7539680114910707
2.755188622673191
2.686141452854267
2.544855801958558
2.556213654337184
2.5571402760894784
2.6206034884160925
2.6387031013571245
2.6689768000166376
2.559332499238766
2.608019146522346
2.633921742608532
2.5715491046474526
2.6502703974567408
2.6606378880641346
2.6317259884322657
2.6489132036437604
2.6334205188298387
2.686649152925933
2.6650023480314693
2.539824440561566
2.448920737680378
2.508703165044885
2.6106992051629
2.5761141864256123
2.5607157657883635
2.640436717743121
2.5500855253459056
2.6681733335868856
2.6789677923105213
2.664395537713352
2.5840504279549705
2.59607007456603
2.5636826951487186
2.5064334987667487
2.531888074334352
2.5078388187871083
2.537154841212754
2.588537892708659
2.566477755681075
2.4775821961237616
2.5054535289910547
2.4891104450092842
2.4939889884249657
2.6733479094023145
2.540992466459683
2.4884400697703795
2.4818972129543546
2.6137980066791138
2.5834676643448615
2.526099852951877
2.51903300159371
2.5455498056199657
2.5103361306160714
2.656376375788878
2.5499135019370693
2.584230036007189
2.5487570020456305
2.6678910158186504
2.7829196320143703
2.652408662841092
2.6014545804663944
2.6455092565587504
2.6773120248588493
2.6166303991992415
2.6325029557549127
2.6187990136151824
2.632551905389594
2.5311213891865703
2.535202704893928
2.5878028203043284
2.5853514899994927
2.7493728427035893
2.759001625802897
2.638684753603465
2.611603500289596
2.4486127980914416
2.483366754942324
2.5470019359935843
2.5951479908734836
2.5298850446657144
2.6710530603784037
2.6646169036041427
2.661550779163169
2.646377595367902
2.7422169852100873
2.687075466414488
2.6942448890631407
2.7303628882624618
2.6999021108556582
2.6344992987532465
2.551958560152739
2.6608474487195273
2.6407947360255593
2.7216625957253244
2.7028024676794495
2.7002198270277216
2.6488039153567793
2.664445599044032
2.743803118569228
2.72608030374474
2.7513113533343496
2.732386660307676
2.7086859305413276
2.6222036954769035
2.6303381403258164
2.600667335105875
2.6557732486394685
2.716506701536899
2.5945869500537544
2.530443040117373
2.5337094678469763
2.560291822590122
2.651155720319989
2.603865861467716
2.670115758136614
2.5206956022147162
2.556244070909975
2.5983155904041024
2.655456956556732
2.5131875071172756
2.5554492685647148
2.5510500919028685
2.612002043736018
2.6878164027738203
2.601231056713682
2.6373122193226326
2.6610265059819125
2.5089836128265923
2.4522444564256394
2.516785214831098
2.486064647055458
2.495596622248714
2.4458757805746156
2.4498502846032
2.538661286492186
2.615033056862159
2.6726539347616014
2.6761600589092334
2.6868002673978637
2.5827280428506896
2.4863612278759737
2.5668076298596487
2.4946259234967285
2.515517734525285
2.5724187945206376
2.592876197215676
2.6323300011710717
2.581035159704551
2.567334163536758
2.583518445919409
2.542948711284048
2.5726807851090916
2.6170551611490396
2.550862419983684
2.6658655907240862
2.6456296781747835
2.5153876777221225
2.6681796033322485
2.604791224829037
2.541300916973688
2.4652161554246255
2.516735468510268
2.5042097499239926
2.520858282975194
2.5707558762079445
2.691566372585085
2.635544963343494
2.672739524430238
2.6055933324222904
2.601303319924678
2.563748172396685
2.5424074360962923
2.5928502744316178
2.5925508010537923
2.5219081507743315
2.5565914900051547
2.5499088504282534
2.5802395699994576
2.5023441431315545
2.5483360047718695
2.4961374583458715
2.6122071775113995
2.542852255921279
2.555342197737377
2.605148382431501
2.6537105156223855
2.6051581416569127
2.6244410301295065
2.683186867292523
2.7143598186590587
2.693856329332066
2.677942318664427
2.7042442893998344
2.609112746377578
2.5605657146293272
2.653575769266971
2.70252473254569
2.6828051666709856
2.553187527643657
2.6233297002780467
2.5771173207072993
2.5503953150146104
2.5661442121173903
2.667736661098122
2.5824586240896377
2.6202945165797735
2.5871827083061576
2.682032300613476
2.6520817986195344
2.68333713397732
2.57643450716113
2.570187254447991
2.635647038156105
2.5451609264676467
2.6477614848852764
2.5387367347909593
2.548364584968071
2.6539445014417042
2.6305968391890837
2.5305215465099082
2.4916546153133026
2.563650147942391
2.660749560826848
2.6991371092395084
2.5925186396299695
2.6199530237513007
2.8227526350401098
2.6994181844771954
2.7373093770682058
2.6518260763364783
2.699798913786938
2.7390305906754153
2.6559513711572365
2.65914257063629
2.683933841597495
2.6255280406651798
2.6907554716127313
2.5787478122017786
2.5908515083953705
2.5622270594965637
2.582452651332169
2.712158100928196
2.687841367544927
2.5941003519198826
2.534096408524223
2.5909421482755524
2.495765782080486
2.50403920008366
2.482196053349013
2.4589231017555977
2.4114164330479597
2.447345718454871
2.5510179699355118
2.5712227048136973
2.467770314031249
2.566102969539747
2.732767698824488
2.723722169653442
2.732408353261855
2.7024064773675702
2.6750172163145525
2.7336716040349276
2.6490872285733316
2.658647451409021
2.5483576166503035
2.5985695809871627
2.548025028128838
2.532540942202308
2.5840026176332223
2.675831445547402
2.6428162548657337
2.776990049539993
2.649398944874994
2.630863872552495
2.55401794383281
2.605706649958432
2.6888383168568444
2.705153592315076
2.7678706270694713
2.8097580345319093
2.839172304136796
2.7919484639084122
2.6733046349365397
2.6267483969473857
2.687142711052436
2.6509336469683644
2.6691161377816037
2.6369976270218736
2.6232045822096506
2.613247809370412
2.6313435275976245
2.6489251959826503
2.5758559724009347
2.6018600859467655
2.6714624496763273
2.7111209890205585
2.7641738959799445
2.7164941961798
2.810980675561721
2.8063232481027915
2.8469852576536656
2.8991712131382608
2.8701884986969595
2.7200394669208605
2.7938863745174243
2.7851239042137115
2.880052507805282
2.80591120941832
2.798155318355532
2.76368073024017
2.784237320276789
2.801572830458613
2.7870926446181077
2.7784717593543142
2.69272035267722
2.596962236492521
2.5632227612804304
2.5943550312077144
2.53614415674251
2.4862011039596683
2.4850332567285314
2.5225663323682994
2.4902774158645875
2.4643630651444237
2.481277522194108
2.49530781830617
2.5668953232276777
2.5290159737119717
2.5533698879414133
2.693013521964936
2.7521336335866518
2.6666397185943755
2.579294838964265
2.625625862286238
2.5171152326978983
2.54487065673507
2.5341695175263985
2.5106812441086346
2.5931129617564754
2.634627357844778
2.6964624521038316
2.7656997244943766
2.676644662008872
2.5516320464870654
2.54695164960627
2.612794392660285
2.65751896847447
2.6156782465758095
2.622574168778503
2.592234351984229
2.620326761262877
2.5435324002717983
2.6360809235614084
2.536398174757814
2.4529154691254265
2.4959525731615293
2.532066292712893
2.644467642136905
2.608559486825685
2.698352512138005
2.5962392838760135
2.574470581884244
2.5896837310186056
2.5665022647505196
2.6203445082979955
2.540567420855853
2.397200877476917
2.5178547865454024
2.4437213579046517
2.5028528118691447
2.510555113096207
2.542567007059592
2.5289473284664785
2.524184589583972
2.4996361056782237
2.538881899003158
2.5009938732819172
2.561200773514083
2.5784619223471585
2.564893159130901
2.473261014853551
2.5252483427826133
2.523942711036736
2.5730013734607278
2.6822033341853264
2.6710911913173403
2.5607658975741368
2.555491293506691
2.6626628898058216
2.61669358682043
2.6222024893705043
2.7641790952418863
2.7001717337648294
2.6951229760640465
2.6916199792393067
2.6395311580415823
2.5871241321792224
2.5423323066675065
2.5776265115778894
2.639361332058212
2.7007939975167985
2.594862799523205
2.6081134131256456
2.653537980424955
2.6723228518939033
2.62265951849612
2.6260585035182595
2.6296076148963525
2.576421610468094
2.565163029347689
2.4999914776878978
2.473595355673896
2.571963766245581
2.5191576058706664
2.508357487538968
2.572028747916368
2.4846314933648923
2.572930868504464
2.508472438997379
2.5219985655420496
2.5770553898161563
2.596333553688807
2.553952052201095
2.5493837886772406
2.484494649909059
2.4842987564614027
2.517029754184797
2.573334440138844
2.5476709766418746
2.518461385319144
2.589699499022836
2.6549449858484335
2.7447564072940733
2.7371658194415076
2.7777955802157908
2.739465027464534
2.7399101966208663
2.688143247876611
2.7096060173597665
2.6926806590273387
2.738251381543826
2.7560501319968735
2.7232449123219515
2.7049467467091395
2.7031737519832943
2.73911974703412
2.7032058928428118
2.694798100636617
2.8279555022968683
2.8172057017425365
2.786076751491731
2.71913224498446
2.7549791380772866
2.7525704520273337
2.7954017042374417
2.6968441964942613
2.6260232141548796
2.5536454648627003
2.554642700615479
2.519640792777897
2.4470147653678147
2.4556549812105843
2.5401339795762032
2.5134885732178036
2.5492179736954794
2.564640385064667
2.4608158861722105
2.478245285233655
2.488370314874261
2.5584574626045273
2.5659364707775967
2.5157840956642685
2.5352784790330656
2.6556293809695326
2.6156664727846777
2.606489736318781
2.6499700420772627
2.6574909452292697
2.62328468237398
2.672982973048347
2.6739219967971666
2.629923946808251
2.5820162266743063
2.603877110545935
2.5149717395086957
2.47981395786576
2.631267128319732
2.636340408087899
2.659205611079848
2.700986076645002
2.756590550446258
2.8399053443703464
2.7488882043469447
2.7237700855251212
2.731653121536911
2.705982960542675
2.7469547335109854
2.713691330066402
2.6549444743623822
2.7726315500011247
2.5743701508475714
2.620172245184138
2.53149140413074
2.5693654728478066
2.6376356987654614
2.6834669038288723
2.7281719062013967
2.6331273445703567
2.5758657569461287
2.6121531569355985
2.5802340945640814
2.5789537421410214
2.5442377872447333
2.62684536677807
2.6329958726332654
2.528256187093274
2.553951799293851
2.519207231959568
2.481409770030818
2.494296895454739
2.4678278026004845
2.5248535088974964
2.5651035086976504
2.5366397433456624
2.4846571640762685
2.5498133888638304
2.6391043023021563
2.5423533681751023
2.5806942991678192
2.5132056554784805
2.597420901221642
2.586963880803989
2.4925219984593183
2.463605198630349
2.45187813744926
2.5582424769762944
2.546494977820121
2.551214143539667
2.5517347479500025
2.5713531411843564
2.542065152076859
2.4739878966970146
2.57192209437695
2.567200419154282
2.5295629465111724
2.6388512211544493
2.6528424497143144
2.4561391041945795
2.5239984448239228
2.5568867128763113
2.5943691649170617
2.5549914916367094
2.531212598828756
2.689847349223294
2.5355758725149933
2.6618401231684707
2.6820451650324015
2.639962545483792
2.6014053003190667
2.4721525860016107
2.5762167306786443
2.663734214420379
2.630492647414247
2.6357173507590694
2.5895899273862777
2.513846571193267
2.6531298042322655
2.6477906780361082
2.6001807339677585
2.6734973838114717
2.5505307875397225
2.5658788409888555
2.5792487651456693
2.5399493218998503
2.4922505262953525
2.599437842585069
2.644694785208506
2.6675918790003745
2.5302003557563824
2.533597111795036
2.580012368156736
2.6876911769269363
2.6293907316599485
2.6226823772534744
2.6224124725590876
2.644220927719734
2.6556684589768174
2.588412890620355
2.6468224753591807
2.551385682537791
2.5571950028170742
2.5686797810297604
2.621439785430954
2.6936566047098083
2.6574167733258713
2.5702204974339313
2.5769876301086745
2.544996570481801
2.650753041327946
2.6604608051721828
2.614872480746207
2.6071943204704064
2.6532673977359034
2.825249766598776
2.626683289123463
2.7159628597093164
2.6574452486497213
2.641009418688443
2.615231392453815
2.601938497312583
2.5525571016515203
2.5962627300427203
2.6554613021853637
2.658987495082549
2.6717601483188105
2.6134442467736947
2.5653297971329905
2.643769875026786
2.6183832180733932
2.5878680816057082
2.5679683444191994
2.5001057457731313
2.5340233220912207
2.46220574947157
2.5175926180072628
2.571363924549678
2.5911623262530523
2.5377619165357137
2.506787904623174
2.4508909637076415
2.5912609748497113
2.6121302620128497
2.5763039351178185
2.5457025378512954
2.5696295036418544
2.4542547995712494
2.638309470302262
2.5534805754083134
2.5865882509093376
2.613609451202013
2.6577093792958846
2.7940901505542555
2.7147629693209505
2.6313759812673623
2.620728913492303
2.7527672117389352
2.6713706198273615
2.4500000470429573
2.478409031012944
2.615366806946641
2.6527399085296484
2.602881478330869
2.590960897820426
2.538949125946287
2.631996243900639
2.562574153039798
2.5669475317302575
2.566513495559572
2.589237638681268
2.510269510225313
2.6374718774669494
2.6804524659321993
2.7527751416351007
2.6218562656601394
2.566913610784743
2.588362301040924
2.579604996782086
2.5913652684282193
2.576075849194183
2.505946762710485
2.6879035129683806
2.614582948704216
2.677690417817705
2.6364009052316644
2.522127988369069
2.5538806174602926
2.6692700188322367
2.6482036851880757
2.650267799600032
2.6509475326303824
2.5675818646145094
2.6340266246660855
2.663079541578478
2.6479228816522995
2.6262995695896874
2.539145713626119
2.52293497791236
2.6722765734569345
2.7074459885458775
2.630753819955563
2.7079706191599238
2.73028738389905
2.686354624953142
2.5928212199877914
2.6942726290061665
2.7063186731677598
2.810992739392602
2.6758930043514315
2.659112430694152
2.539218209684774
2.626879786612995
2.607039751190473
2.649433034697744
2.6407509703575855
2.5106401694363183
2.5348946675273156
2.6051954859536957
2.706580620146848
2.7601697332675856
2.617693714206529
2.5062811005555443
2.6375105425054017
2.6161761840847286
2.5157626025372486
2.485916522542293
2.497697538614194
2.5439293861532337
2.6172783639217854
2.5468332690287596
2.5758753478368237
2.4586064141466264
2.572067769356647
2.497400573802243
2.5081235805175144
2.5701685342526717
2.6260919786133026
2.5707366596168906
2.48626764217446
2.538706324543031
2.571746217698847
2.683939587786289
2.613438238951165
2.644162928584902
2.7236786658366445
2.645800940185459
2.6158270144037874
2.6620107883794404
2.6394357219760765
2.6618076232476566
2.5473345906042617
2.5784090594802023
2.5907559338924666
2.640963147233943
2.6222036750597577
2.5985775615899027
2.537816693773894
2.5521310158391386
2.6112084406434546
2.5895504503069895
2.512745419744053
2.6128345188884574
2.59572580883684
2.5627408167384234
2.555764982224648
2.673642567009463
2.7336335785926775
2.6923565089152395
2.7609382887385543
2.6510093747737646
2.628701742220069
2.6327749653636663
2.567006962739012
2.505945915849077
2.4779156331812793
2.5243189228856306
2.455518494699013
2.499022161925213
2.56566145644477
2.458039702311687
2.570541486286697
2.6929321736155525
2.7148771825933684
2.6245392813185573
2.5551066204756236
2.5134737544434542
2.610602635213086
2.6138634273622943
2.62355487216686
2.628202689855812
2.6753156587269866
2.683650750133085
2.7338525753480623
2.650124439929741
2.733434637790955
2.7198376469215235
2.6845016383694795
2.6765443804268787
2.702463884978647
2.7392775687204143
2.8016152664772456
2.815051997326103
2.7487196205236843
2.698775167872053
2.6829235656580717
2.6252125026715123
2.7059807769982895
2.7204251001458504
2.808966478113031
2.7442886231289396
2.6722670933498143
2.6762513446912752
2.588665759904864
2.619767939421635
2.5022406711095715
2.5954788454391484
2.5716609156677546
2.5772714239951284
2.567746699840227
2.4654682278953137
2.5548525527848085
2.51446375012816
2.577802226088499
2.6175472998283853
2.612890465077628
2.66010948779623
2.5481927404556166
2.608904404454822
2.6602394931784126
2.6676092655159884
2.576796278306642
2.566721082521322
2.5857075895867814
2.5988918043154032
2.7092828579178896
2.620506956802786
2.5999097061363714
2.541912870211512
2.500344039541586
2.4778441599916268
2.5652349584266534
2.602751825018265
2.561028671442112
2.5598596537379756
2.5628761266426787
2.5330149102592094
2.5476331808020136
2.6256799865479343
2.6157834311624457
2.598823292919888
2.621494990918831
2.630052698612838
2.6458946569670254
2.6839344377625993
2.5769846727866836
2.4921879759219947
2.5603887368425795
2.5999359521044263
2.5470113778904557
2.714202595447202
2.7439185348357045
2.754546075308609
2.7435017289405965
2.758812897827449
2.696176561215968
2.5829109961669823
2.5739219117429695
2.6307981402369864
2.5585334773322828
2.6145494847262727
2.7543271396503126
2.7016226891135653
2.6794074476360294
2.627876898108319
2.5737074462069436
2.6205770601214633
2.631138712081508
2.686611691809859
2.6430773591106718
2.635489486290751
2.678040877171173
2.6866523131209568
2.6877701780728818
2.6558475230431235
2.6962278817929732
2.670192088753692
2.623659820017362
2.6775529320465994
2.674833174884511
2.725570264954781
2.7373951807478534
2.7676183087541615
2.7606606191581107
2.7113332882285306
2.7261288804841284
2.664836531603437
2.7212569510864384
2.7766625725043586
2.736509199573098
2.757807110397671
2.9070627303342365
2.7362904054806663
2.7961698416550367
2.8188708146127954
2.7664174396366734
2.7185563873882908
2.704051449977969
2.75412523786964
2.705813488074453
2.739849133348727
2.742506894473299
2.684580584424512
2.5474216395108282
2.5421833810001084
2.590792176250374
2.6586490720611566
2.6225692113187873
2.7100866927829026
2.693019463519568
2.7477598274538013
2.752149080832051
2.7128449864382427
2.6223498751976
2.735163955460876
2.642052424609383
2.6820947535163593
2.694599024290292
2.7954284760861032
2.729021262706897
2.807446112819445
2.8427663934541774
2.8545907366561103
2.750517844789027
2.778285135074127
2.7176657425955986
2.6643216648142314
2.65995834944074
2.7330184079418762
2.723408585412949
2.757462849307645
2.8576786704125254
2.7781968945861153
2.817971280233782
2.7228953714215347
2.732136156866024
2.721523036178244
2.7190999460051173
2.6980860469318504
2.7154890030451493
2.7281285435065614
2.6753254377191875
2.6693542594909387
2.6683041250792523
2.7963919013437213
2.8157649828089513
2.77263709554537
2.8215469170730216
2.7459259369854214
2.792215431235631
2.808221010043029
2.7541346391309003
2.7432857080548807
2.696553043334344
2.718682905852723
2.678170995646521
2.570674734513084
2.5712287466053825
2.5757042788549382
2.6016384636351
2.617417289617017
2.4730503808418796
2.5936736883980314
2.5532010741284017
2.5913039837883547
2.586702455700504
2.642164422981267
2.5897223112156604
2.695716269010377
2.712490114260087
2.6606518773453063
2.6465695042828083
2.7091163105069502
2.7750809348953167
2.8087216123146
2.7169050862508772
2.7701208965447
2.681041199404952
2.7474023037869046
2.714820358825841
2.722675924689376
2.7319426716411206
2.663570740903911
2.659597776975314
2.669803356170345
2.5601935021210713
2.4976890860651033
2.609405670699258
2.4850567332825233
2.5392166954328776
2.5369097335469903
2.5592904802675087
2.641916620718826
2.60792736733943
2.524803430817851
2.63322522161781
2.633855969335056
2.5795709066313144
2.4789778663819266
2.442784194797976
2.518461384219386
2.5690556596445213
2.546631505699513
2.479111493693794
2.4641273823545045
