-0.6774664250221748
-0.6485263705259617
-0.635871025093866
-0.610998594068477
-0.6691294432901349
-0.6506979963772592
-0.7363670553893058
-0.688907199055391
-0.685319593194751
-0.7162714476328939
-0.7669050488679654
-0.7107934795591293
-0.7139806609972297
-0.6621233140944169
-0.5724566074812568
-0.5982752183650937
-0.5538636940200384
-0.5023396570102482
-0.6460998961288128
-0.6365891763976895
-0.54507888773516
-0.4359400183831968
-0.5524477401014504
-0.4800893280143507
-0.45112655860479906
-0.6248939232192683
-0.5768922232901246
-0.5317841618456405
-0.6049357146517487
-0.7030806452916442
-0.6769775014166888
-0.6663306360749897
-0.7257068360045966
-0.6141800595376864
-0.7220067628476061
-0.6429210304403973
-0.5482608941617076
-0.6071511736931439
-0.7369119235865025
-0.7720719337320017
-0.6216692235348261
-0.617454206286195
-0.5771736913521744
-0.5663894583244615
-0.4618246156608333
-0.5349125299709581
-0.6154010140843008
-0.6832459667009859
-0.5891919084111266
-0.5535480438091338
-0.5899687324796644
-0.5521293634270684
-0.5405960954766301
-0.5875635804282978
-0.6195305888346923
-0.4760323415782765
-0.5442849358996871
-0.5711415557582936
-0.5317401445411647
-0.5051323659939769
-0.5732792025768174
-0.5574493827924656
-0.6027553657202733
-0.5849829677439751
-0.48930034262859845
-0.5885573718091878
-0.5330149892680688
-0.5408378754141866
-0.3896113615795345
-0.5391697680372417
-0.6204823095335377
-0.5525864907410643
-0.5295060777714498
-0.6005100433220946
-0.5149839171790465
-0.5592921916979113
-0.44657987672203947
-0.5497708073562845
-0.5789832444455932
-0.6887746767423552
-0.6938510950679688
-0.6680329200466519
-0.6797551765975964
-0.762219433861288
-0.7477540002152154
-0.7280546615437764
-0.7017175592699277
-0.7580576767665353
-0.5677811322636991
-0.6723329589321907
-0.6877704869405191
-0.5905846381345008
-0.5901246480941659
-0.5384427630221449
-0.5262086983273335
-0.5219982004557643
-0.6366281645053428
-0.5963586023312701
-0.5133099857172781
-0.5293034282267252
-0.4556416704101501
-0.5887388881734635
-0.388612967410757
-0.3793888088791256
-0.3688943123731173
-0.3529791857921704
-0.44744487774060526
-0.3987134340783366
-0.4430684734731703
-0.5125181367760074
-0.545399614728038
-0.5607883539228085
-0.6281443795432707
-0.7301328731283975
-0.6970141042450072
-0.6349911697542023
-0.6496031884919102
-0.5501796689665934
-0.4202492594226149
-0.49785992908432386
-0.5149142152184594
-0.5531993629372723
-0.5662443175566457
-0.5861112297764456
-0.5691289896094645
-0.6070046506030102
-0.6122013475536371
-0.6763447306360981
-0.7032597322666612
-0.6496611198206387
-0.6409295504036886
-0.6913308541484262
-0.5249849831548731
-0.46393794766978114
-0.4886716330596432
-0.6180882610281943
-0.5842185323065726
-0.58950985081227
-0.5965352925123789
-0.46533219263560976
-0.43202576674824605
-0.45213183918592764
-0.5087053773814406
-0.49047964033335345
-0.534253610480949
-0.5670369894420216
-0.6116158081295968
-0.765126093885742
-0.6473571068447215
-0.5213337898612057
-0.5437157183291996
-0.6316131822226194
-0.6174888411337238
-0.5433130821774578
-0.5257907041755598
-0.5458936583420789
-0.6000344210221499
-0.6004463923107036
-0.5428950907648556
-0.5570668496873953
-0.6326382762790047
-0.5801877981992924
-0.5265909136891083
-0.5485426146437065
-0.542390107524711
-0.5422647751010014
-0.49899944568486765
-0.5828734886610081
-0.6086779036502579
-0.49484296974438174
-0.5838007865905359
-0.6339405851297274
-0.5754762918484764
-0.5692840928730722
-0.64229357399785
-0.5533493655078053
-0.48696960056539873
-0.48649124414457967
-0.5197099083648232
-0.5633056375308044
-0.6178256108053529
-0.644287108275386
-0.5304997025442494
-0.5583985400572796
-0.4997125042061213
-0.6912901085619462
-0.7501017629831385
-0.6844505622952615
-0.6362417722710044
-0.6024080949825938
-0.6379319113142848
-0.6493676275583582
-0.7242545719107653
-0.7460272995303777
-0.7444294166486137
-0.6983496407658731
-0.6244799694898051
-0.48818698786057674
-0.4655225108829021
-0.4767860355079827
-0.6087228378234376
-0.5773982824613714
-0.6605064594553697
-0.5464728107255337
-0.5149397774607473
-0.6727358857905164
-0.5422930993030732
-0.530618454057002
-0.4740651425365271
-0.46947953245288027
-0.5107695414206394
-0.5239789085271214
-0.47933103040794645
-0.5185406397718796
-0.5777542751584736
-0.5442891045396056
-0.5592193036517903
-0.6329666470372722
-0.659941815323108
-0.5834883089243991
-0.6416242319277287
-0.6794110672142297
-0.6835923757583295
-0.7141590882303329
-0.5313509969335457
-0.4237390441099663
-0.6457060170550267
-0.6208972251122177
-0.6894393318267334
-0.6098741577630511
-0.630274865386811
-0.667657725972366
-0.6087514751935128
-0.6293958513278052
-0.6701990012080439
-0.7491147280369943
-0.7674682538163692
-0.6966089561895171
-0.639372107193015
-0.656634815855714
-0.6962468718850502
-0.6152502647601621
-0.5936927287943555
-0.6062690476976035
-0.628512418708983
-0.5700274833821734
-0.5505610129505714
-0.6698366768352284
-0.586230459536991
-0.5938617932143346
-0.6183739673521954
-0.5852228159410948
-0.5868973736963679
-0.6037039659454284
-0.6361602229695792
-0.5523170912492092
-0.5264882130144669
-0.5272671811815116
-0.6661404546091403
-0.6562886929248415
-0.6937785985889189
-0.7670413992407483
-0.6424877156590919
-0.6661495973890383
-0.6059239243328739
-0.5799343080564382
-0.5309710806311223
-0.5117650769822326
-0.468080506209864
-0.5212607725400948
-0.5178614345641055
-0.5305715323433919
-0.5249583829881201
-0.5901816608068724
-0.5859605107473328
-0.5421787062327612
-0.5445568121570237
-0.6313106486694982
-0.6709774587343557
-0.6008681873422956
-0.6319850640118246
-0.6562968259086011
-0.5615884080124137
-0.6720573525455246
-0.6582538576287864
-0.6763532724108671
-0.6455209716538657
-0.6320905840632778
-0.5822364699928986
-0.6030425168985855
-0.660353297337856
-0.6532944232362498
-0.7038371663892258
-0.7371005556511759
-0.6726624534567609
-0.6589891813070697
-0.5583756719983457
-0.6226624434015471
-0.605879577578093
-0.6716587132319995
-0.6282115162014463
-0.6288307817514365
-0.5449262082654919
-0.582745352105058
-0.5644121465618176
-0.5509179322115563
-0.47305636748361635
-0.5294111456826045
-0.5930244062125041
-0.6086347094412374
-0.556565282150453
-0.6232376022372912
-0.6533726469216464
-0.6257859273835864
-0.6378251923283516
-0.574447936705944
-0.5455321134799175
-0.6366076020963416
-0.7375312013347313
-0.6998835289189148
-0.6868542977634299
-0.6518486768132664
-0.6159786973642426
-0.6106153111109116
-0.5945498467366458
-0.6378617155721618
-0.6388912696976883
-0.6073246656770019
-0.5688093951623636
-0.6231340841791213
-0.5974630246159884
-0.6628199311652471
-0.6729952194710336
-0.6019999334402497
-0.695610251166729
-0.7166410148404239
-0.7165106182256781
-0.7064837525486936
-0.6634084468695508
-0.7047386310093126
-0.7703050201629895
-0.6873924890925731
-0.696622376684094
-0.5587266748171141
-0.49406527456663213
-0.5349508985636604
-0.6041515870867196
-0.5649583222153637
-0.5785457567187502
-0.5978114044423729
-0.5714739617375041
-0.5162006272887902
-0.5531251872269708
-0.6052186441683903
-0.6525636795051459
-0.6814754672050709
-0.6271130123586592
-0.5994577071977316
-0.5352906196716526
-0.5999647161255134
-0.5766589591059541
-0.583705566088359
-0.6425408579394568
-0.7221140411783266
-0.6829888358634398
-0.6211450415866681
-0.6310836236919558
-0.57987153029968
-0.5621599643360085
-0.6323054173154399
-0.6557345461896363
-0.5800107493811693
-0.4851564663637569
-0.450528285734925
-0.4546146730627904
-0.5319953953985662
-0.5828895559206307
-0.5439214757888862
-0.4870671453095125
-0.4932475264244463
-0.5660792848643209
-0.564092382101121
-0.5870815571473504
-0.6536017693002283
-0.6968702361902034
-0.6471259068573687
-0.6253468789134761
-0.5311626502020335
-0.546515609113026
-0.5998435274281639
-0.6163438935287101
-0.6386407699121208
-0.6652672904211231
-0.6187679803828926
-0.5326202957626058
-0.5714535904486217
-0.5459899976827698
-0.5285634886064642
-0.5176961414951311
-0.4682953245911979
-0.4949688749571696
-0.5634758657395542
-0.5862696310557269
-0.5437785727979907
-0.515160709408247
-0.6006899394590379
-0.6848232064169507
-0.6149786332440836
-0.49966281164958337
-0.5567688543026749
-0.552329352308381
-0.5601379398678576
-0.5742730218070333
-0.6443575178998938
-0.6944318548187552
-0.5735080227024475
-0.6812386185329681
-0.7265942754886833
-0.6172943417196818
-0.5193990080797672
-0.6446671888467793
-0.5847992009606428
-0.5934300349475096
-0.6139150762205342
-0.6172163235879063
-0.6300650083308849
-0.5224235848442308
-0.5207580578427209
-0.5303171292217165
-0.507166398717903
-0.49423176101306365
-0.5458620557499794
-0.6592729590605632
-0.7230545166803577
-0.6637185195449081
-0.7386661953991605
-0.6973326837283249
-0.712669696272122
-0.679711764010789
-0.5867098051962313
-0.6499678586525085
-0.5662426451262981
-0.5429875800027745
-0.5791743504527905
-0.5435817063428836
-0.6700135915886533
-0.7725077245362802
-0.8054916608925854
-0.6468287293908186
-0.6481934473017009
-0.5634966660479319
-0.649558065926868
-0.720017887902558
-0.6928827861408913
-0.7369033639877116
-0.6337930537391665
-0.7055461140792407
-0.6761823236514257
-0.7553892279372841
-0.7413875904238879
-0.6195735276426458
-0.6205002753244891
-0.506225123989797
-0.3980968201848839
-0.51033356138426
-0.5571493996012578
-0.5139972345577577
-0.5470224117932512
-0.6772309549190532
-0.6479645944110977
-0.8018257458030136
-0.7257006628404886
-0.6307389210099177
-0.5679010998092605
-0.45353145496788033
-0.5330351843366691
-0.5869579960423367
-0.5065761002129803
-0.5742048879389444
-0.6189600824100498
-0.49066191973570894
-0.5189942952724108
-0.6048921847784308
-0.5982410332976912
-0.5320798848999717
-0.5302508927812795
-0.6527838771325831
-0.5589772957478463
-0.5340455379124417
-0.5992369207593049
-0.6019328862870953
-0.6163351407856937
-0.6282758574196686
-0.561234476442286
-0.6055939453992717
-0.558726575242704
-0.6226892400719808
-0.6239327613862987
-0.5793236358538689
-0.6182976461542569
-0.7003009887549707
-0.6286804257413889
-0.5979768301207288
-0.49676648994437883
-0.49850664338781675
-0.48903498638778864
-0.5822553016043278
-0.6166798130608561
-0.6811805878825876
-0.6671311875489525
-0.6510011302016567
-0.6830007973977577
-0.6012058365934448
-0.619292436538322
-0.5852007813713938
-0.6051481724625825
-0.6629406351569903
-0.7415720279314214
-0.6491720718085424
-0.4902937771665553
-0.5480252617919825
-0.6052313484936744
-0.7022903056279738
-0.6807835015943354
-0.6412517808377278
-0.6145099558622732
-0.6599879557465956
-0.718801583127011
-0.7207920352699533
-0.6809524913940728
-0.6787447976417329
-0.7025805589462082
-0.6123129819365924
-0.6715985798476988
-0.6247054517198026
-0.4582340445860391
-0.6008112153056487
-0.5751429242718104
-0.6120563127080763
-0.5949920814640186
-0.5418848173518863
-0.5164315212034853
-0.46590167546339295
-0.6059482934912511
-0.6991595700782218
-0.6242883621886667
-0.7146942141217768
-0.7024860527195019
-0.73120811591832
-0.7333673291605101
-0.6612539144776082
-0.5663059853195292
-0.49564952468110324
-0.6095285102970269
-0.6110143334696859
-0.656074239555387
-0.662945292741564
-0.6317630322491972
-0.6779933814431374
-0.6826921785727591
-0.6239220127087856
-0.661017967276808
-0.6097707102591159
-0.5538112455165776
-0.5076928104054723
-0.5022247090891012
-0.6626406201238926
-0.7291808661402756
-0.7051677472856275
-0.5259628054726652
-0.5015880002045525
-0.5360415035029487
-0.7505358319365331
-0.7067846731744584
-0.680006411371195
-0.5982512782081127
-0.6389637396709188
-0.6488715488349537
-0.6876772122758097
-0.7243472055540116
-0.5875650483912424
-0.5284900377608381
-0.5613873477021245
-0.602052574447547
-0.5572564751409185
-0.7051342788768377
-0.704225461501954
-0.6656937930288344
-0.6129956690919347
-0.6039423821826092
-0.717306842288904
-0.6246803793770886
-0.6927247488331281
-0.6804832916368208
-0.698523074522356
-0.5629507768880452
-0.5974850929814417
-0.6840432406495702
-0.7370873225936385
-0.6730999596606891
-0.6543801412993921
-0.5586613911524807
-0.6305800313606291
-0.5919565754437212
-0.6135515504377641
-0.5910930602668978
-0.7204188458590791
-0.6042322523092575
-0.6088339969591345
-0.6558498895888567
-0.6092051198756789
-0.6873010319595365
-0.6100100249943444
-0.5941564695836469
-0.6332295295163749
-0.7002779904963374
-0.6259214233421863
-0.6458654325970283
-0.6341364752102424
-0.6576378355676332
-0.5704427908853649
-0.7211739107241693
-0.6905174942963874
-0.7095587225590084
-0.6633454904108906
-0.6347963260118827
-0.6189701517977962
-0.5594379882743924
-0.5629404255224395
-0.630396263520646
-0.6165185879799152
-0.6267983212110919
-0.5770396952417594
-0.5889211495647122
-0.6243051889507555
-0.6300140253382401
-0.49139605521474167
-0.523218895627922
-0.4710047842854646
-0.4510710700328806
-0.45658399148731776
-0.49315868222619685
-0.5385776369733662
-0.6528109210644161
-0.6681612042803398
-0.5679203102179734
-0.6038738608088041
-0.6251859575705957
-0.6534615467543782
-0.6778986699290228
-0.6942644058712667
-0.7212972531032623
-0.6315116631596153
-0.6524824714991395
-0.6293473094045866
-0.675604800939158
-0.6074836846827132
-0.6729740509221236
-0.6826966393559333
-0.5605301503182262
-0.4829545894238835
-0.4917355627323764
-0.4813963938193064
-0.485892762455313
-0.49602942580742215
-0.5569230871816533
-0.5202926202906225
-0.5257551319550585
-0.5037130516024948
-0.5457938108499739
-0.6180991340991295
-0.626990533053634
-0.6179301284698927
-0.61972505692976
-0.6290179298016753
-0.6330908340516632
-0.5307477533033691
-0.5438273583170226
-0.49837678829407334
-0.4288731341379213
-0.5316286158868351
-0.6504753038002143
-0.709125445997759
-0.6269601217081362
-0.543572301513853
-0.6498371053713339
-0.7011342165023203
-0.6427100535160678
-0.5390787966854786
-0.6724870807258405
-0.7148308251920651
-0.6717916220926711
-0.6322017805708126
-0.6208734338066878
-0.5974713865573249
-0.5462889899017901
-0.5625158040077594
-0.597239998003489
-0.6224458500432769
-0.6361845125098023
-0.5530198806772331
-0.4221937619448975
-0.4535404635794602
-0.6277033986793226
-0.688460638202696
-0.6540659464660673
-0.6523725880702813
-0.5871769424751533
-0.614628806801873
-0.5541605967008362
-0.6586596108838587
-0.7268585190373277
-0.641271645382258
-0.6997842669540513
-0.6850370984969922
-0.666168660656842
-0.5962224916640543
-0.6061350409082024
-0.5353317631002031
-0.5021195145816056
-0.5699273435817499
-0.5378281766693032
-0.6204065039923321
-0.5742046286437319
-0.6396342917768598
-0.6001594616534889
-0.574356870453427
-0.5537656324534072
-0.5336204286438625
-0.6130534908456882
-0.6717767837162638
-0.49897364348661655
-0.5159221232099862
-0.4823002486878224
-0.45065964621560045
-0.5970387487742291
-0.6975611165390184
-0.585425521772325
-0.6592547767366097
-0.636484974418711
-0.5949793117885324
-0.6633287058508623
-0.4491609787694496
-0.46848307126532546
-0.5309634219599207
-0.5359570518095377
-0.5285583284551322
-0.5416076191495306
-0.5412525578838844
-0.4893354800600445
-0.3946766211627477
-0.40319250024923853
-0.41635858667331277
-0.42996428088702154
-0.433504634630517
-0.4430840650492999
-0.3689618827193762
-0.3888801824885275
-0.38575410464362553
-0.35407828903427935
-0.3899750192477031
-0.4772386607219318
-0.37861750071171246
-0.3775260214306026
-0.41736855707271114
-0.3561575390278972
-0.3651294065182592
-0.3395664616264182
-0.42352169086000835
-0.4537699129037637
-0.4681836268374562
-0.4229367350799457
-0.4487602618059514
-0.4589567204568068
-0.47492685109998345
-0.5277731017594671
-0.5853554466143425
-0.4899035999764748
-0.6032216125389986
-0.5035441456321793
-0.507136748215632
-0.5719540124120281
-0.6384122242088905
-0.6998066650820259
-0.694785424532521
-0.6609432174347721
-0.6379276889296137
-0.5756952991647412
-0.6247458524154587
-0.5575308890731554
-0.6410293214438599
-0.6282860318199416
-0.6767502350274333
-0.6916217208210349
-0.58487043690729
-0.585284572807804
-0.6129483437863201
-0.640892777258321
-0.5446869240239562
-0.5670833647531173
-0.5798625332579395
-0.5857634808766001
-0.5981556971684092
-0.6781668890670788
-0.7510445670757958
-0.6751280968180559
-0.6687605093800189
-0.7257200509496468
-0.6987239183454947
-0.6296307580320494
-0.6236632428144747
-0.626060147891631
-0.7278973411753343
-0.6013858932731823
-0.7179042770421667
-0.6504147121318139
-0.6049825170403054
-0.5448646736514045
-0.4930532655074717
-0.5680084586997612
-0.6798895891879866
-0.7066888991264701
-0.6585270891477015
-0.6842798654623314
-0.6242157451667913
-0.6465860641836695
-0.7686630153088875
-0.7088137197213524
-0.6753690545685057
-0.716605684183852
-0.6095010955797171
-0.7361257189272029
-0.5537259308043129
-0.48297236568870283
-0.4935590517140407
-0.5370518430471636
-0.6327379489227152
-0.6548001296314072
-0.6527174679655318
-0.6610701254937346
-0.6494063465237011
-0.6700251432519668
-0.6206274364824195
-0.681878653354487
-0.6739261758525682
-0.6289250141139168
-0.5669344967730046
-0.5933572276974431
-0.5569026145948837
-0.5376627941867362
-0.48291655211655826
-0.4733774874351577
-0.5670162746845037
-0.6067657034351185
-0.668872314981731
-0.6434491614443952
-0.563667680957675
-0.5653334433049968
-0.5476689515078488
-0.5244424748562085
-0.5592552306531747
-0.541968799948131
-0.72040239013265
-0.6703725551133195
-0.5906118103884264
-0.5252930609097048
-0.5502674131444785
-0.5117571452870443
-0.5651545818825777
-0.4604870772139266
-0.6003161717044195
-0.5567775500054792
-0.656606973791562
-0.650143753169529
-0.6087676315023871
-0.5955088579293828
-0.6500378753459491
-0.745403269208795
-0.6708856730068314
-0.6917624066729652
-0.6354426961310512
-0.6614460368727606
-0.7509696265390724
-0.800007977648614
-0.6751666219453649
-0.5675204112955173
-0.5418091385786297
-0.6075772390064764
-0.567081756341094
-0.6400168698711949
-0.56635554598969
-0.564323476401665
-0.6674164201944026
-0.6748767437793888
-0.6675602952380655
-0.6366571819943583
-0.5576942643287656
-0.5336883696137229
-0.533092391649178
-0.610557764826514
-0.61288156625668
-0.7131027866691407
-0.6779130865695198
-0.6399694151703698
-0.6580831410828561
-0.5920791350656629
-0.5001607860625913
-0.6057169694556416
-0.5994662550347485
-0.6122484608053924
-0.6186133614625968
-0.6868857531890054
-0.7362502481840755
-0.6637922265407494
-0.6414375617802042
-0.5456412661160026
-0.6188404244112438
-0.5550514662237481
-0.4991542504518301
-0.4992215990035759
-0.40127786567390866
-0.3509566230878862
-0.5101175476735564
-0.5491249558397925
-0.5675260770907815
-0.5918826845392668
-0.49723864169472487
-0.4463874029898193
-0.4569578047262039
-0.5323386614200892
-0.6087388716304433
-0.5452427305093815
-0.5595122744138269
-0.5187504569606882
-0.6183563032544389
-0.6627600380078215
-0.5901445944853707
-0.5282300536354791
-0.5539890575321543
-0.6717034647953503
-0.6314253597094294
-0.5998212044914895
-0.6340706527361374
-0.6942933809471067
-0.604261880206175
-0.6034307110678496
-0.6273883177732671
-0.5498348206595386
-0.6242897147361567
-0.6459118068604577
-0.6793021163203207
-0.6612466525498707
-0.6693952416329374
-0.6856051086510007
-0.6880128476005424
-0.7410522441656447
-0.7469353882358137
-0.6544512127435022
-0.640946937752007
-0.6407683661155605
-0.6266228160379429
-0.6101590688447237
-0.6379956640348753
-0.7259017824525061
-0.6994328623893231
-0.6550076398734442
-0.6838701513973646
-0.6991418282446241
-0.6438834666261312
-0.6147751051971947
-0.6956984069892266
-0.6842554724253155
-0.714883809859305
-0.5652929491564176
-0.5666912767629941
-0.5697605951141453
-0.6519412210741831
-0.5966690789731551
-0.46748135164148913
-0.5572006220915159
-0.654152681975414
-0.626763738395111
-0.6631564611954591
-0.7576658166729145
-0.7347681901309285
-0.7144701701483493
-0.7138018667225297
-0.5964312558561822
-0.5793627032111024
-0.6848007168206544
-0.5689624667736759
-0.6056385799603339
-0.5042823026888487
-0.4962448302996592
-0.5299095448867248
-0.5278853585855601
-0.5006267589586341
-0.48449669354130037
-0.5891494134014484
-0.5953719655035073
-0.6815440416169786
-0.7146175051764794
-0.6779391704165734
-0.6750411405285391
-0.6544183165495077
-0.6579833488361904
-0.625591834455482
-0.6441026428567118
-0.6008510690086359
-0.684425399760675
-0.6277237157609784
-0.6066639823110983
-0.6399113466313946
-0.7132795187321543
-0.6006564212162219
-0.6339982642580728
-0.6757844817357467
-0.6356604711913142
-0.6165180245594212
-0.664932503728018
-0.5995103201062313
-0.6897943135728267
-0.5977929257266918
-0.5995488665947429
-0.6323286168388562
-0.6142053224572799
-0.6287116414063124
-0.6290206815956957
-0.6485526601576204
-0.6534491877384462
-0.7362910917090572
-0.674119149597954
-0.6724404667781673
-0.6466764781996267
-0.6192408788150591
-0.7001367864448735
-0.7286072056053197
-0.7073343801606109
-0.5946206428673944
-0.621260167046405
-0.5230299582818273
-0.5070073383371843
-0.6192563656892144
-0.639459299560406
-0.6424589145431339
-0.6239452805248714
-0.6984430835687502
-0.6694509138806085
-0.5795620496767405
-0.5959863701017716
-0.554124394716348
-0.5466958627200943
-0.6748132482075669
-0.6343027614941125
-0.7034489375079721
-0.7702531030864505
-0.7342208488682419
-0.7174735060766719
-0.7592889822105032
-0.7233684804263197
-0.6369115563355864
-0.57944141310034
-0.5183986920449032
-0.5499398069277225
-0.6222972634171913
-0.5466852318086554
-0.5022272756576387
-0.5766816336882059
-0.5338541384420633
-0.638272185451856
-0.6339571571749714
-0.5379164413081758
-0.6123346461831151
-0.6105372626043599
-0.4817911258749866
-0.3693825825109177
-0.4772076586208802
-0.41973749319499715
-0.5905530041326144
-0.5018575044574527
-0.4740527088094804
-0.5213794849534429
-0.5685138391314983
-0.5517938069060747
-0.5425362259579489
-0.47304225457082294
-0.5200086443885311
-0.5731027902490227
-0.7110629950227244
-0.6335221844698966
-0.668115349967075
-0.726191160330644
-0.7214881673602475
-0.6631182207479724
-0.6566771318508987
-0.7681150279490243
-0.7134176776466216
-0.6670499122910598
-0.6950104178540606
-0.6840690220295322
-0.7378328932187193
-0.6825839347707205
-0.634666435167677
-0.5333871879140584
-0.5120826463394722
-0.5669772831163393
-0.5065677706936269
-0.587744491439103
-0.6081037329534725
-0.5741444246884327
-0.5639806752031281
-0.6030495233179692
-0.6578492034226462
-0.6103848462942485
-0.6354730086287871
-0.6620594391405734
-0.6564622715584535
-0.5530377787627331
-0.48625955065011456
-0.4477673950086959
-0.4513842269958816
-0.4164604838543495
-0.4320744792375446
-0.4792329059751921
-0.3971650444626386
-0.42156287952487187
-0.48305655262216635
-0.5312863332606893
-0.5515799696399128
-0.5934080778420131
-0.6754781205752833
-0.5664948365281446
-0.5305807817607828
-0.5205801202871357
-0.5679826935090287
-0.5299723712306104
-0.5411234923854926
-0.6331032941337424
-0.6074904256516318
-0.5858939675028265
-0.6178996218954984
-0.5469064265414137
-0.612734215757188
-0.6116814792877664
-0.5909295877357597
-0.518898256772163
-0.5200443175257945
-0.490430957323971
-0.507071835288371
-0.5689075483715839
-0.5451680887853074
-0.5826617425446489
-0.6317825305229978
-0.5703541097127234
-0.6078231499280525
-0.5276265579522628
-0.6025718039595999
-0.5703508333696561
-0.5568068482856424
-0.5636064081390733
-0.5319418647287598
-0.5945907189266487
-0.5244860693618143
-0.6178861830732053
-0.5253348316953307
-0.5816557315831385
-0.5892885516893404
-0.5538039339075188
-0.5463170106826024
-0.6358784644961638
-0.6429463527268424
-0.6791510734483793
-0.6504265960369474
-0.5572168415701881
-0.6740857924856548
-0.6395830464166408
-0.6081257348260974
-0.6369891252272019
-0.6564343623203788
-0.6458938715321565
-0.7379106460680671
-0.5783612036998113
-0.6987125570509645
-0.6360770533023152
-0.7375622358150302
-0.7472992651484947
-0.771808777117775
-0.5828277065729937
-0.6781331343235953
-0.6189373188770328
-0.5142738352149538
-0.5831285291699331
-0.5797718290028597
-0.6362917291300174
-0.654389835696048
-0.6092651080894251
-0.5956833179761624
-0.5254209480101273
-0.5523564580540352
-0.5821950363865123
-0.6431590006390832
-0.646720482532419
-0.575729693900151
-0.5669807854193809
-0.5814818669454213
-0.5876215355671042
-0.5230652536102329
-0.4940130130038155
-0.60981762638144
-0.6051297425192774
-0.6243447901346547
-0.6465613353543529
-0.6507292914337564
-0.6918035167810627
-0.6302290439103034
-0.6052602906540117
-0.6934225378791109
-0.6381512410600522
-0.6232930210204114
-0.6986798678862366
-0.5531842111560581
-0.682859987729759
-0.5869319686321115
-0.6185963401006513
-0.7606379877908453
-0.7117333581068508
-0.6375938140959074
-0.6013314821778484
-0.6385762757069741
-0.6525405620888134
-0.6189495329821483
-0.6202323035854962
-0.659086544430297
-0.597058782052208
-0.5512101057186379
-0.5357420286231002
-0.4617052853964209
-0.45057788961519596
-0.32624358032694517
-0.38822871227448613
-0.4416567425622374
-0.4722238299723539
-0.5687909532023134
-0.6120602806260015
-0.5988611054177834
-0.5056765572733884
-0.5273228392492446
-0.6241368158854446
-0.7385533675869058
-0.6571134645324134
-0.5441615178128397
-0.6228459355142042
-0.5958719321868889
-0.6185021350072788
-0.6107995373119316
-0.7662955382234867
-0.6591347046934137
-0.7453341555000081
-0.6862609577123837
-0.6175813132965048
-0.6638411911684624
-0.6250663823082975
-0.6152769127129195
-0.6080872383062641
-0.5945814454388773
-0.5458371556495076
-0.3732693098892716
-0.4008647112562944
-0.33161069340184096
-0.3764193930095544
-0.3821647565849511
-0.4769698881444741
-0.491694887147463
-0.5626775522583737
-0.5568823755973673
-0.5112698842057101
-0.5465539909811259
-0.40793158412058683
-0.32325218020729746
-0.3868200715428163
-0.3172014193921543
-0.2841893680822077
-0.21970344791307983
-0.34950972314556233
-0.3574045229842514
-0.49295870952608356
-0.4610052886404385
-0.5085940142553792
-0.5072009912174656
-0.6114856341036654
-0.6353645403037711
-0.6010575365757103
-0.575405556390393
-0.4928291260620258
-0.5915419496256871
-0.6116136897172855
-0.6888598011154656
-0.6386205729373298
-0.5950481907591837
-0.6709763622999414
-0.6522988596232937
-0.6621799138466907
-0.5441039745801008
-0.6700928566445199
-0.630606271132964
-0.6900190287044127
-0.6886251437362041
-0.645722486966599
-0.5542520974924694
-0.7553339724984822
-0.6645678698982156
-0.6686184213867457
-0.767182908522247
-0.6684382874823669
-0.513730576756198
-0.5006308679672682
-0.45709977831509907
-0.4850676573465431
-0.5043832634125496
-0.41245677935861086
-0.3984715338102202
-0.529474342086062
-0.45084523798033677
-0.5777939510706064
-0.5037025384078028
-0.4374248591227246
-0.3833772538967688
-0.423827992240308
-0.4423442799394539
-0.4652723532920229
-0.480339607325381
-0.4739193486500063
-0.46028050603336934
-0.42017495463934046
-0.36847734167582274
-0.43783335235263277
-0.5437835578117015
-0.5371819488793542
-0.6817178245198641
-0.7069057587432784
-0.6766943148448858
-0.6515260955871014
-0.6624945661627846
-0.670104750701311
-0.6505498248714748
-0.7096988559168041
-0.6940257920282931
-0.6497894268537326
-0.5628604522267039
-0.590293295736978
-0.5852982827032741
-0.6535784118516891
-0.6924022324696518
-0.6559016713594799
-0.5994609716020138
-0.7359689921838428
-0.6882521132342259
-0.6875786494031565
-0.6757597608172943
-0.4986127436792256
-0.6802496246952754
-0.6540758153526863
-0.6763372923459057
-0.6674966633166398
-0.7151277010730305
-0.5942752652929612
-0.5659499672439774
-0.65470153951275
-0.655200105230345
-0.5747978578646101
-0.5621595476152076
-0.4919802846761927
-0.5605838903056932
-0.4016889696391203
-0.48199091952898865
-0.43635349737193074
-0.4980564916147744
-0.44540216202450844
-0.4084794469547206
-0.40798620278324554
-0.5191894266063041
-0.5105281345238266
-0.4947691041404473
-0.38241018862635384
-0.4820600748183833
-0.4857444346457222
-0.4831384931289313
-0.3195061744745336
-0.3955609010555082
-0.4954131694732598
-0.5468990913500746
-0.5361817973137482
-0.6190458396535354
-0.5604044857649627
-0.6535270118763861
-0.6125929569343754
-0.5678894621536416
-0.5213547446421244
-0.5211465115056394
-0.6265591334270325
-0.6952662662691311
-0.7704363903785872
-0.6896844232128236
-0.6985616133694715
-0.6247892666691983
-0.517937542679967
-0.5125670221591065
-0.5948330990426225
-0.5815855116336419
-0.5438919471063344
-0.5425429285681387
-0.5121573603525975
-0.537769132379149
-0.4703161039048533
-0.47244682555983497
-0.4761486666531247
-0.4979605061282843
-0.4522734468440115
-0.42913802284857927
-0.4658420459195765
-0.44506787182393404
-0.5424018609808186
-0.5216307395195859
-0.5915229231998594
-0.5116173495109428
-0.4482137627259065
-0.5642825076726417
-0.5690477477976799
-0.5415067901801741
-0.6003626313607152
-0.6146313269807196
-0.6387767918489602
-0.6899728817133178
-0.6577921054030926
-0.683077523674427
-0.6763287928381604
-0.6682944457113388
-0.7253472281778051
-0.7102022810755981
-0.7657966410378074
-0.7716211251162522
-0.695755854117994
-0.6516710104947604
-0.6187458060569762
-0.619069776348343
-0.5632187497182289
-0.4260803403539616
-0.5018674767478154
-0.43124686478819
-0.49532308434644023
-0.38365539947709276
-0.43406762546978345
-0.5286710055825405
-0.598982366400837
-0.6742711865476279
-0.7589154207660311
-0.7600945782983164
-0.7686442440678837
-0.709431213265878
-0.6802893390968534
-0.6530371677232738
-0.6323717460248424
-0.6683761603263217
-0.6096867200747422
-0.5599019312237099
-0.4977399886683496
-0.5467728557076609
-0.621639953229954
-0.6045749345399102
-0.7158779229337593
-0.7125998369037593
-0.6231642606482474
-0.5937934879351345
-0.5869550789589889
-0.6151402183621887
-0.6181677884889488
-0.6405879605182712
-0.6575403321975549
-0.5661249912118285
-0.485213113270907
-0.5257758618674463
-0.6138743140248947
-0.6086540460728066
-0.5502287870304687
-0.5623791057306433
-0.5914078024094638
-0.611653304460509
-0.6771012986403061
-0.758740088567521
-0.7034194843762356
-0.6823642190927177
-0.6411801511082398
-0.60742329188301
-0.5541809343131595
-0.5198514560638876
-0.5024246828796655
-0.4866428113157173
-0.5461906802922053
-0.5137480434140606
-0.47317220999221205
-0.5387255918627524
-0.5620569799246646
-0.5697958980425772
-0.5444615203276674
-0.4945084786891679
-0.49003592884029357
-0.5293645069683391
-0.5113159223384519
-0.4532388380231944
-0.4670432685573175
-0.42803366136777893
-0.4647158562800591
-0.4352450214589221
-0.560578460715937
-0.7063469200582745
-0.7505810939273674
-0.5812782490554146
-0.6152773572977758
-0.6685559957658461
-0.639037335090087
-0.6089650971517249
-0.6767290031036973
-0.6224541976781408
-0.5926093720334347
-0.6785748601053412
-0.6002323442413384
-0.6044419003918421
-0.677413584527078
-0.7473069800380325
-0.7496480030470213
-0.57768327656078
-0.5206990308200835
-0.6162316032985314
-0.5944668731457974
-0.61342296047265
-0.5948838893151691
-0.48448403139182156
-0.5469829411500841
-0.5847301332448593
-0.6226848786554641
-0.5751798336590251
-0.5620104343652191
-0.490850398901812
-0.3664613668426849
-0.429091933020516
-0.5731628758666801
-0.7140883189504684
-0.5881905515670023
-0.5221404346812137
-0.6243696324425765
-0.6193113161694095
-0.6838561244323333
-0.6564584646538223
-0.6116051085840267
-0.5814855831248773
-0.528524343962573
-0.5355101457288219
-0.47298190311402133
-0.5260176471911925
-0.5937157078563153
-0.6765719601894351
-0.6564574470743931
-0.6982079763435216
-0.7016830634951402
-0.6390043641409225
-0.6302435746040475
-0.5414681411142067
-0.4895486787898233
-0.5742239412746741
-0.6185003904041886
-0.5899367250216969
-0.5223562169329796
-0.5507251484539463
-0.4591874738006034
-0.5303028896519292
-0.5126848877424579
-0.5680188088875502
-0.5811198036300395
-0.6189528605662552
-0.7113752105250893
-0.7326148673871561
-0.7391369692123363
-0.6505056173538115
-0.6208880165530326
-0.5631195163595399
-0.5786174822384293
-0.6644256668727249
-0.7469004447455463
-0.7501172677427019
-0.6725322556400691
-0.6444163782570616
-0.7418707880673477
-0.7835705286791235
-0.7209255445774446
-0.6177880590463669
-0.5800695619445125
-0.48133552023296233
-0.525440376155998
-0.47393605079889634
-0.49783864172026476
-0.5909436092479109
-0.6002429764784695
-0.6276379511721424
-0.638778455093214
-0.650840117072392
-0.5635807830672733
-0.621718581512453
-0.5788552229098419
-0.544816686025122
-0.6811178293399183
-0.6090499476232414
-0.5872532237222876
-0.6428150348108214
-0.5441664012029552
-0.4614303229909142
-0.547009280667222
-0.6105529744592351
-0.586625804945967
-0.5321652544071434
-0.5907623820947343
-0.6313320871087916
-0.6938994228203017
-0.7115719742087645
-0.6555255472349718
-0.6185018584633694
-0.5104392674542771
-0.6444486822289107
-0.5917924292020889
-0.5266299104760036
-0.5661716585208242
-0.5970035736344119
-0.5347367747296085
-0.5338900621767056
-0.48494892925552013
-0.584176006474411
-0.4079797795406197
-0.41115677646074467
-0.48182883549008904
-0.4612463891422228
-0.5210600936494358
-0.5648405399735738
-0.49193725311870845
-0.5452156425276542
-0.4840613793285877
-0.475806010198261
-0.49163009126445056
-0.4444062488242533
-0.5055074981231853
-0.5595999954388752
-0.6377133362404341
-0.5781895728656579
-0.49240613875359956
-0.5051110621673508
-0.5480258913684127
-0.4359703551098907
-0.4813201104807412
-0.5443757643902142
-0.640116127762254
-0.5769273315120936
-0.5600572235944272
-0.5244110572451097
-0.5087766945793399
-0.5143578483284191
-0.4543316441229571
-0.4146255267412579
-0.4308336104391436
-0.5072221298073465
-0.4382644293751687
-0.4443349039788244
-0.5283570081387695
-0.5101271905315365
-0.4275706115333515
-0.5431920809426741
-0.5592992277804649
-0.54471106532511
-0.5893694989974291
-0.5977854156732114
-0.5035930695570888
-0.5950161474540079
-0.5836593001972226
-0.6475375488597305
-0.5358726059145654
-0.5880679144223472
-0.5427966241067766
-0.6200601168627677
-0.6164290147595789
-0.57851562068578
-0.5950760565609019
-0.6709985407242712
-0.5698456597305162
-0.5690152150238096
-0.6944870844927882
-0.706896881088546
-0.6889837607087862
-0.6899774368867522
-0.7578423659577833
-0.7214898082205896
-0.7809131486873512
-0.7230349831153459
-0.6196680656881173
-0.5858805905343348
-0.6348330275898646
-0.5197593741805869
-0.5217034989400303
-0.5783465957509447
-0.6778579000904236
-0.7044356324359484
-0.6794616174986711
-0.7428965688768063
-0.7037632157439464
-0.7841624715855339
-0.7893741245833065
-0.7913205165529167
-0.7438224468476794
-0.6710906190511677
-0.6657119789009682
-0.61750397302093
-0.5115749341518783
-0.48961805185020935
-0.5278144207661496
-0.602823045708978
-0.6855563014055954
-0.7121067096028351
-0.6571525288770885
-0.7451767498883571
-0.5768937954904937
-0.45777730874958544
-0.4945109976950335
-0.5467717088142698
-0.5820607719132339
-0.6205975335227838
-0.6343441842901802
-0.69614604286015
-0.6500548465760237
-0.6930964296378734
-0.5981806374662775
-0.6264678074507475
-0.5525750765416539
-0.5458535890484911
-0.5391185181872786
-0.6117426307578615
-0.5972857722798286
-0.6494002769239224
-0.6297238597769349
-0.5339354979356803
-0.5470849198129537
-0.548567530749506
-0.48623403516415203
-0.563899190471955
-0.5160773703492492
-0.568528480555929
-0.5329351879829223
-0.41197994346044126
-0.4971554750856857
-0.5563064203572173
-0.5863250362401665
-0.504734372800699
-0.61327887122552
-0.5665127997900192
-0.6349311897436599
-0.6915427544256341
-0.597160442478444
-0.6359608035147399
-0.6464928347473615
-0.5276365744128261
-0.5305780342842359
-0.5311324603539932
-0.49470252621660116
-0.46864012414966066
-0.5532398719870644
-0.5471147497699652
-0.5700491167460664
-0.6766369168792271
-0.5737556165311853
-0.5923793717030764
-0.6787701276036919
-0.7161574341745156
-0.7050569809565206
-0.6074404570901956
-0.6729114964890958
-0.5745605506981875
-0.5557299864599171
-0.7020964303059983
-0.6530512373870804
-0.4748458209079522
-0.5045351128982588
-0.578888809415414
-0.5195436266038398
-0.4789187671244862
-0.5610882535241957
-0.5641671798407724
-0.5388787516292736
-0.6165051180683355
-0.6615534886808027
-0.7218543467582882
-0.6899295880718138
-0.6660122298845028
-0.7418633375122301
-0.6055014033103685
-0.6648004380723226
-0.5437802570234435
-0.510616836805829
-0.5503704862348446
-0.5672087313151327
-0.5527870908267919
-0.6167507127345095
-0.5713890658598373
-0.5504863735794201
-0.5563458939280841
-0.524623351478941
-0.6739374852907066
-0.6860746849113659
-0.6635942258939885
-0.5841076542827024
-0.5836964573557107
-0.6306144653986353
-0.6050163406399924
-0.5056423037314252
-0.3789753431697768
-0.3775449216342666
-0.48360677796694934
-0.6186965284079061
-0.6511105842502481
-0.6315555792222664
-0.6278617417335979
-0.6593463257055827
-0.5693457394534879
-0.6184543615882183
-0.6678620505501014
-0.6250823094751939
-0.6620267820928113
-0.6566075066174736
-0.5859088546861642
-0.6588603629617471
-0.6446177358059056
-0.628811790704322
-0.531176456894624
-0.5902484758812117
-0.5968194185166642
-0.6271750037191017
-0.6948723276797458
-0.6466619922683988
-0.6617754714140013
-0.6658341524986716
-0.6656227855081294
-0.6885407125529449
-0.6046745902775986
-0.5524796185221006
-0.5810121823631602
-0.5683645732971774
-0.4448795071955301
-0.5487442234266784
-0.426922906755302
-0.5469344635779118
-0.6575617314045185
-0.6149879507697559
-0.6718892326095269
-0.6617890858167758
-0.69667347652462
-0.6116959627717029
-0.5881836419381561
-0.5611623397075627
-0.6055663375867948
-0.5320607314502392
-0.5006470050317812
-0.4845646793548078
-0.5617446906840903
-0.4980552290525667
-0.4787970189250607
-0.6178321106310959
-0.577898719657997
-0.5687229534884296
-0.5823000813658595
-0.6224296891894849
-0.7000341750094703
-0.6906217290893124
-0.7287874188697006
-0.6990214908902197
-0.6706536846653961
-0.6498008634970809
-0.55311071543088
-0.5744014431699422
-0.6099543413519998
-0.6540468658133229
-0.5519658622971739
-0.522951639845512
-0.5851761913475846
-0.5984531180094088
-0.6449594718154829
-0.6344201021456746
-0.7161438955023314
-0.6468367633975044
-0.6768485830661135
-0.6188191328461655
-0.5795191769468937
-0.7617721266265808
-0.7264516384636585
-0.7637748494796914
-0.8237939384538863
-0.7260759381371811
-0.7643527031132621
-0.6723918219297538
-0.683630239505752
-0.7001686064796796
-0.7183351111141297
-0.7237942062121518
-0.7013103980648753
-0.699058221112638
-0.6371657956743174
-0.6848410014611113
-0.6949273783782981
-0.586424315200285
-0.6422798474109239
-0.6301850949767941
-0.6693449794703406
-0.6928038822227433
-0.624802564914888
-0.702524941645166
-0.769582431384982
-0.6480433275276956
-0.5297639101006285
-0.5168924019737937
-0.6262711988884871
-0.5543643907365252
-0.594799802045658
-0.6332118626167927
-0.5503233859245484
-0.5495484183850458
-0.6327924023070971
-0.6626931608046899
-0.6433014763405079
-0.6356340436695029
-0.5744469164240069
-0.5708308535534016
-0.642047594248026
-0.5900972466438344
-0.5339725756284874
-0.5211153021658365
-0.5476250400888921
-0.5820437597953705
-0.6082802976202261
-0.5587508441436791
-0.5445693154627045
-0.5861397201803464
-0.64434380812302
-0.6167249600287774
-0.3649156278208479
-0.35857787995595275
-0.3792476398953393
-0.4044711524482038
-0.4070940429047522
-0.5321690562873789
-0.5544799890853249
-0.5238291007095233
-0.5337371336188494
-0.5104789312364538
-0.5573198495132075
-0.5855406994529213
-0.692944078404012
-0.6480632634037153
-0.46528219617906175
-0.480506288398293
-0.5701011356273699
-0.6140099822618295
-0.6561528677571876
-0.6388273317237853
-0.6977847472803425
-0.7358881484547588
-0.605518954857331
-0.659308684797437
-0.6999052229157734
-0.7212418206986673
-0.6521642374952722
-0.6490473757099866
-0.6168400202782383
-0.588088173952407
-0.6730907696780973
-0.7087401659329489
-0.7282235352341142
-0.692435298493098
-0.6499119501569027
-0.5291071181663488
-0.6418232747513011
-0.6622368098921113
-0.6764067757590377
-0.6085671552068286
-0.5207260870089715
-0.5197376131573959
-0.5347753972406316
-0.5849197660540657
-0.5705346940067225
-0.5743575610082672
-0.5453060767357434
-0.45596937115795355
-0.4834856345098455
-0.4734841916454593
-0.619294659874727
-0.5422668809340718
-0.5532024434414033
-0.5245202500303603
