-0.7767777212215726
-0.7584152390385148
-0.8734088110060915
-0.8977723851553989
-0.7150510218515205
-0.6742462901929337
-0.6967363264085554
-0.7483511417935265
-0.7702505580730165
-0.7570551368623591
-0.7491591930789798
-0.7628413117668283
-0.8347746576315791
-0.8779684884842858
-0.8212845537424269
-0.8199894453311374
-0.7468778577051927
-0.7684876616814778
-0.7543647863543094
-0.8029983931614212
-0.7543488672550787
-0.7245271279012213
-0.6430305360788413
-0.788275155443207
-0.6910698748597084
-0.6681425221013968
-0.5481679212451473
-0.453385764520125
-0.5463695319034363
-0.4943125637064811
-0.581440459448442
-0.6009601837292851
-0.5565592174161622
-0.7525980651200649
-0.8046277736035706
-0.7661531629764533
-0.6735479338900902
-0.7301928908469782
-0.7576316109832839
-0.7629228318428223
-0.7725253553919578
-0.7658911369096525
-0.6696890823096151
-0.644351979612876
-0.6557383976777947
-0.6614260212643449
-0.763456955210399
-0.7913917183660067
-0.7990128829233684
-0.7739065487304736
-0.7653168032245231
-0.7964778448056398
-0.726946440906682
-0.6714907285000934
-0.7004891140588546
-0.7890855970164183
-0.6864878796956935
-0.6471162212353382
-0.7403504710400188
-0.6776696033926188
-0.6588107474900613
-0.7008891115794629
-0.8077315144343324
-0.7563321418541336
-0.7165708764098578
-0.7413192882552289
-0.8487274601556608
-0.7917035947403964
-0.7202836943619357
-0.789445237629686
-0.7577893208257327
-0.66575995317645
-0.6983934550920026
-0.6697065508269153
-0.6860131768580668
-0.7590279596260641
-0.7461361979049949
-0.7447999439375834
-0.8621018627720359
-0.7781920060774008
-0.7204291936406872
-0.6693221314690697
-0.7930515701749016
-0.7121823134820917
-0.7372037840783544
-0.703943753336306
-0.7397993391752389
-0.9114888344823089
-0.8110976024692951
-0.7125281255128157
-0.7850113947001803
-0.722510747320729
-0.7968489320408247
-0.7703460253550447
-0.7139971082729444
-0.6844918136602495
-0.6369000530687003
-0.7716078803174315
-0.766512724806143
-0.7251821750361597
-0.7842001424032371
-0.870908373287561
-0.7574824276997616
-0.8145651819870836
-0.801272624431473
-0.9124363263601901
-0.7743653630170619
-0.7101238532259259
-0.7349079992192905
-0.5810240204501752
-0.510965652009428
-0.5385546787960025
-0.6694211727866847
-0.643453911929181
-0.6374401294983562
-0.6724669182360262
-0.670562177520078
-0.7278682156155728
-0.751785122176022
-0.6626634953440635
-0.7937947238825864
-0.8300778064083879
-0.7228331285171153
-0.7565517963107319
-0.7316257599861004
-0.5049961211572945
-0.589640465140284
-0.7565854148178435
-0.73543577928576
-0.6363553969746696
-0.6974010553932916
-0.5906680798172461
-0.560369113536717
-0.6722413887449271
-0.676096019274252
-0.7681310621241603
-0.6864680856690674
-0.6346998834690841
-0.6196483995674902
-0.6182955062423287
-0.7230777623105172
-0.787928108278752
-0.7856685821121792
-0.8000242011854031
-0.6819023005534389
-0.6384850858020545
-0.8029455563447436
-0.7025247866396968
-0.7644403215405221
-0.7910601273013576
-0.7871851265536358
-0.6756796229241682
-0.7182146312514518
-0.8166515588220437
-0.8049838181122014
-0.8169314311933185
-0.9027537398453538
-0.7432875382570289
-0.7985336932014114
-0.6885737700510075
-0.7684850415872994
-0.7753488836440495
-0.7559874136515045
-0.762036381518987
-0.7073400346983638
-0.7576151004366766
-0.6988548689994811
-0.6976345039781815
-0.6636950900787635
-0.7482495788638026
-0.6534221876504269
-0.6998191743711822
-0.8185097059046124
-0.7285375158364419
-0.7812126719187323
-0.8032135968524491
-0.8330998918248755
-0.8967091148855667
-0.8425478586004181
-0.7958657715946706
-0.8062554389579616
-0.8542510240876743
-0.9302459859306343
-0.8381183211387921
-0.7198820241446529
-0.7871524758686522
-0.7379571600356586
-0.661479271353395
-0.8337832749645362
-0.7551715519511749
-0.7707465233039236
-0.6720175810526857
-0.6318910170489697
-0.6551062700084296
-0.6961396474632604
-0.7002401281500195
-0.728024645061706
-0.7777583574731555
-0.705599649499478
-0.7313686437690449
-0.6799986779327324
-0.642406789231959
-0.670955467624883
-0.7784200305095789
-0.7761251727218075
-0.7307547104544896
-0.6569125657019016
-0.5825366267678544
-0.5445536239858947
-0.5215680300004998
-0.4971626620575309
-0.6901001073401576
-0.700176533134527
-0.6682410919369429
-0.7187363984552454
-0.732596831827931
-0.6901979134542384
-0.6248656948826117
-0.592607204069067
-0.6702898897383208
-0.761000169351531
-0.6469081966287905
-0.6403701798672595
-0.7011460146547162
-0.7008129833742454
-0.7153791726313098
-0.6436411784328575
-0.6428834502752866
-0.6415411115693446
-0.6389318524276022
-0.6783481869448138
-0.6758819145615683
-0.80482198766472
-0.8584961541607179
-0.7917920665272755
-0.7040662653237324
-0.6343923936589249
-0.6582599670994228
-0.720186664456703
-0.6970220010655008
-0.6617430605093297
-0.8824546988072277
-0.8520153120149494
-0.7636155400548325
-0.716389631752981
-0.7147971408980587
-0.5908159868798579
-0.6458076626282072
-0.6263147171283526
-0.7079889454268642
-0.7743879406126352
-0.7822072290805132
-0.7870335264898427
-0.777944977159281
-0.8446965350018469
-0.8606893896554416
-0.7382942022853893
-0.6219498766425194
-0.7562449165310645
-0.767459744969488
-0.8495050013986063
-0.8079304360136943
-0.6960794871752396
-0.7738543134383746
-0.8107446040601128
-0.7984216832772023
-0.7487256455384173
-0.6945925500012538
-0.7957276282295427
-0.7626904757421529
-0.7986933910441609
-0.666116087456026
-0.6936147005713869
-0.6509124541090213
-0.6797926026304678
-0.758722900333099
-0.6892264038835947
-0.6838723997955917
-0.6489896074798933
-0.6933182542680808
-0.7027359028531349
-0.7844510133717131
-0.7587412802789653
-0.762164713024533
-0.7920147960085325
-0.7917187620962907
-0.7820966950306308
-0.724496689796514
-0.71521045367956
-0.709840476835778
-0.6760919071681107
-0.5718939188891555
-0.6342122119060778
-0.6722749992979182
-0.7687792322517157
-0.7485153495679859
-0.7711164927707254
-0.6415502704909027
-0.6767586082548274
-0.6589831450370818
-0.7719213596136041
-0.6843479956347238
-0.7452794550997615
-0.726403057473415
-0.8233498320027731
-0.7852651802650964
-0.8343713191198204
-0.7849881546483054
-0.8044481516967188
-0.7092779566747436
-0.6299218627709816
-0.6568008993802555
-0.6534521491846014
-0.7006404205546026
-0.714257947473946
-0.6148551896947465
-0.6718923968536594
-0.5853247854734855
-0.5184612042745749
-0.5864852517181842
-0.5452477390800192
-0.4416130247094927
-0.49170338465708524
-0.4266881613212332
-0.5407146811631811
-0.4525747544682848
-0.5386924449443169
-0.5775266378513453
-0.679489407254004
-0.7321253216254852
-0.6967790872560661
-0.8214734539894435
-0.7994358712749723
-0.683561555147049
-0.6250182258683858
-0.6936393015757507
-0.6774824012845014
-0.6011536782704024
-0.5237966604957817
-0.5886127920975972
-0.7049694064702102
-0.7039080051457105
-0.8139520353076594
-0.7423008637408781
-0.6295085720776993
-0.6741708933100603
-0.6658115790603886
-0.628976081875393
-0.6278230044502229
-0.8115549101397017
-0.7431101263313481
-0.6741011422532509
-0.6738009647057839
-0.7340368499654635
-0.7648992536344906
-0.6903312944707153
-0.6339332934072817
-0.7066952790512047
-0.7696479319939841
-0.8197870153100779
-0.7389293544559766
-0.7090402605562275
-0.7505800879082565
-0.6404373673907658
-0.6516060563334103
-0.702987149219128
-0.6473485984498866
-0.5972447274219203
-0.7409025109080519
-0.7553552690699545
-0.7197951252213292
-0.695309075564853
-0.6878499616151964
-0.6526402939262164
-0.7254130493204881
-0.7124058738006225
-0.7167548858858956
-0.7033504744041575
-0.7322336152745629
-0.8338412018637766
-0.8346378745852827
-0.8989744768983043
-0.7608652851352228
-0.7008662213354012
-0.6631992640947336
-0.6763429958456253
-0.7670948513461461
-0.7517534237294522
-0.7308082233211943
-0.7861921861540871
-0.8822218623572378
-0.8457778788526867
-0.8700239988444851
-0.8053178044915588
-0.8408471603864608
-0.8835359398994365
-0.8015053255850186
-0.7569996968968669
-0.74483550319969
-0.6915785110166512
-0.760466111697926
-0.7827809489769776
-0.8515708230781255
-0.7776049540236404
-0.6095621854122928
-0.6453529819752075
-0.6714878207767083
-0.7398519552616654
-0.700412038317347
-0.6775070708512907
-0.7375709423155755
-0.8310173331738824
-0.883290528398128
-0.7957226689207101
-0.6952175659948611
-0.6938842537380254
-0.5872272157159262
-0.6102988359527864
-0.6594569357820695
-0.6425180147687616
-0.666207204978579
-0.7023248611756748
-0.769752289186815
-0.6898671472659338
-0.6817461290670381
-0.7753017915836768
-0.6203963450831905
-0.5998577367674794
-0.5646294312141545
-0.6515775251019214
-0.5863606859726234
-0.7035693490667956
-0.7037427463689597
-0.6262050355711748
-0.6209825072259587
-0.6420723278281584
-0.7139530408815391
-0.7343222259901445
-0.6941715911937978
-0.6924756269380913
-0.7294069169119908
-0.7394103752844561
-0.7425209732763862
-0.7892175444498251
-0.617919462655132
-0.6016124055619546
-0.7160631905476178
-0.8415930056066657
-0.9027961724047373
-0.8044414037405178
-0.8035007510622569
-0.7264403081053596
-0.7029931076100208
-0.7258907770781803
-0.6699915149637099
-0.7008026857816331
-0.8543088703745523
-0.6990377315454845
-0.8007592757649682
-0.791389885502921
-0.674279273842849
-0.5762802551839145
-0.61056103399865
-0.6906691459778731
-0.7688578603412042
-0.8063871668485079
-0.797759773955291
-0.861573723323344
-0.785362690570843
-0.7516279916243728
-0.7026168517566725
-0.7474284441424027
-0.7299091618335979
-0.8133319108249594
-0.7041327297583674
-0.6623829934959625
-0.7673665841554237
-0.6766720876342993
-0.7751532954990299
-0.6687565182633733
-0.7320446729633385
-0.8760846288194002
-0.7094791650276381
-0.864659826643322
-0.8339114981444969
-0.7275886775823525
-0.7368533791074819
-0.8588469847490758
-0.8741774932007856
-0.7632558768746369
-0.6979927260041725
-0.7836076711166023
-0.8369813600376077
-0.7456563489790058
-0.7008463214804792
-0.6481979505698733
-0.7337313096975603
-0.7120221635018483
-0.6699019038018578
-0.5992586852441636
-0.7343104988087565
-0.6642734187268735
-0.681561313968485
-0.6593226580766824
-0.7387646552399182
-0.8464457622956398
-0.7718589026656746
-0.7719588194503477
-0.7142784277261889
-0.6452071624445762
-0.6301299635035963
-0.7669778833886345
-0.6890059971196321
-0.5671494468120974
-0.5948244137147837
-0.7307564853724187
-0.6982114244074935
-0.6757783293927944
-0.71568139597899
-0.7743659790779995
-0.7984754154157583
-0.7001285991218593
-0.6854562684423012
-0.7209266967166391
-0.8307824295345304
-0.7926078897888479
-0.8183864188522212
-0.6602208366149344
-0.707857347602892
-0.7643501327004596
-0.7738747559171982
-0.726330572894229
-0.8383379195276579
-0.8338388499747267
-0.7661505396992717
-0.6986400603206874
-0.7335696588027468
-0.7802298547208084
-0.8344654862579848
-0.6687963323040479
-0.7738761312381371
-0.7890194103859473
-0.8246408772900885
-0.7324788970003423
-0.6510876114987015
-0.5979923050142593
-0.5570983964423963
-0.4810247485749274
-0.40729447227736537
-0.40873137205070087
-0.49251597298538713
-0.5758038303721401
-0.6631770226415992
-0.641219210117167
-0.6159555497881729
-0.632876987028077
-0.6911363502299764
-0.5842078938198111
-0.5706997107468889
-0.6419224526603027
-0.6047534782524603
-0.5530430174394512
-0.7126899402107549
-0.6722584700018429
-0.6747381843455442
-0.7725510665213083
-0.8091537749694806
-0.8376038327858354
-0.7906389432704344
-0.7417469306352508
-0.8247011738325087
-0.7638951480735681
-0.8585043759047699
-0.8309163795552073
-0.8296264433260337
-0.8221403969082678
-0.867688075550753
-0.7553795095003893
-0.8502280979390975
-0.8044946533765968
-0.7530429190063908
-0.799264943113604
-0.9082804969829923
-0.763731764180654
-0.652004865335793
-0.80297733216021
-0.7707726347909263
-0.8284562034173701
-0.8668642955587466
-0.7778293620548926
-0.838648757166139
-0.834496286066829
-0.7611815451077433
-0.8626292890133493
-0.8038383575039654
-0.7400327822163825
-0.73354375244962
-0.6758660301407957
-0.8103203136436408
-0.9013094139596847
-0.8440366099429786
-0.8344467881487656
-0.8284109716258884
-0.858146817420624
-0.7766355476420368
-0.6598971822514047
-0.6267967508737606
-0.6063974629533178
-0.7366769424941506
-0.7896648411619633
-0.7737996462770689
-0.7734955459413416
-0.7822327023191809
-0.8444148061985016
-0.8217915288949675
-0.767853898054107
-0.8646115126426164
-0.7969545262764365
-0.8578998688768782
-0.7102784512415907
-0.7021393364047893
-0.7519742283477745
-0.6746866280268597
-0.8275311211481704
-0.8384393045185818
-0.8402400938563235
-0.7839241685224028
-0.8593036987650773
-0.9329320843077641
-0.7961668280063754
-0.844063778805541
-0.7769913897154803
-0.7947213106072536
-0.839565814167968
-0.7831712293344597
-0.829594654636844
-0.7605550370266281
-0.8491923315207568
-0.7361522758684961
-0.7355302141232147
-0.8605017419697224
-0.8365508706337688
-0.7808800382671643
-0.6525360785927522
-0.6560108391412034
-0.7287203491550943
-0.7842166866098028
-0.8599321633475198
-0.768758500363899
-0.8392087694892152
-0.7642511438101546
-0.8245024515032814
-0.6267233683058626
-0.8237126748511792
-0.7050417235554204
-0.7264675430840611
-0.5856190028682928
-0.7197735679198985
-0.5796280028749813
-0.7173726170112426
-0.8099683677907181
-0.7427174094286179
-0.8042529611944494
-0.714186763939697
-0.8017476615218203
-0.7662968435101595
-0.8533811537127585
-0.8260407301054591
-0.8292954909855564
-0.8253791346381785
-0.8458487323699894
-0.7398153540329893
-0.6661013278494312
-0.656510129643645
-0.6753839563335473
-0.700753044692013
-0.6698259396570576
-0.6615702166338255
-0.7040810988821272
-0.7067866538616282
-0.7602722649233715
-0.7801945837700122
-0.8643173498175781
-0.786198104348408
-0.7452187327518258
-0.8248554546989644
-0.786366391824655
-0.8081328016031487
-0.7492670074533112
-0.6949051036566748
-0.668439815740021
-0.668725246906729
-0.6865010120342502
-0.8141046484186428
-0.8272182419634706
-0.7300407137315804
-0.769639043675149
-0.7098521227583477
-0.8101889384631068
-0.7655789553341024
-0.7114909962837124
-0.7947661074609216
-0.7929489666476133
-0.7327701358731228
-0.7084554362224054
-0.6656964341422935
-0.627975679056423
-0.6448207814678393
-0.6844228064827081
-0.7264009455064683
-0.7081241552238091
-0.7997939595814865
-0.7297993759457043
-0.7120848640146495
-0.7743971888051538
-0.7842106106625714
-0.7997178437919453
-0.7015219224839344
-0.8204890398509489
-0.7794805416959664
-0.7064784947408054
-0.746467214034861
-0.7885147643163409
-0.7320159419546514
-0.7121542876915535
-0.7758228297777152
-0.846050094532603
-0.7482701494721645
-0.7057619493597704
-0.7110252845763343
-0.8659483744958446
-0.7430192737080219
-0.7552371950087083
-0.7639481503872825
-0.7824048560360368
-0.8422287155202434
-0.7970214190220313
-0.81212446657938
-0.7698738503920362
-0.7292746105254796
-0.7124568572568881
-0.7517108538728036
-0.8251625131604946
-0.7013063781661263
-0.7101992780282241
-0.6926761203099515
-0.6845925677429849
-0.6542100448692456
-0.7567347292775856
-0.6404869483624869
-0.5971227958128531
-0.6501369597417325
-0.511545122181754
-0.539373383427088
-0.6646913445164492
-0.6680165518110736
-0.6841863402978643
-0.5752838380533015
-0.666131575317124
-0.6527516792089519
-0.6339065219779806
-0.7087650133977871
-0.7707858629169224
-0.6776454776214946
-0.6589387017082995
-0.5976090094722272
-0.6733455297359339
-0.8299566055758109
-0.7853155208414555
-0.8386440609461334
-0.732260302665266
-0.8676509710084849
-0.8097466438726089
-0.7402227782453862
-0.7281879121174932
-0.6895897237348104
-0.7616536611169084
-0.757522444329795
-0.751835501419791
-0.7085912193639996
-0.6115723392761576
-0.6068236396735585
-0.6128596728113055
-0.6223473671280968
-0.6316899907894545
-0.7128838813279499
-0.8616785675222902
-0.9092805974911131
-0.8706988295629885
-0.7969871052738488
-0.8827323787455444
-0.6989898023723711
-0.8057900826371293
-0.845871808218426
-0.8186666060378689
-0.8747000536287541
-0.8633454747235245
-0.762952033620655
-0.7795952341374287
-0.7327907806911766
-0.6950858153103406
-0.6429013539503888
-0.6484209007438085
-0.6015010324149431
-0.6172926282025859
-0.6898182989098168
-0.8132027276614217
-0.8330041734971877
-0.8422736895831621
-0.7979835111377709
-0.7630238093345347
-0.6629924029715778
-0.7042470753867291
-0.7271081617577376
-0.7817578081129033
-0.6814603879730985
-0.746310010833821
-0.761868114394662
-0.7457343699763893
-0.6907477749607371
-0.6093986744448696
-0.6235646355842263
-0.643591385297086
-0.6629040029282575
-0.6801588219196124
-0.6437489530892407
-0.6427256698588837
-0.7363314631215956
-0.6620994088272967
-0.7785743415521474
-0.8429675367033514
-0.8791853152554877
-0.8493822371183024
-0.7909254641965553
-0.8715637016091017
-0.8591179661823813
-0.6953767218911002
-0.6969273217012815
-0.744058730041048
-0.7521802488643434
-0.6944761377051972
-0.719390218669308
-0.7043216205518906
-0.7489686234285367
-0.6999901058061191
-0.8440677056839213
-0.7458682233304489
-0.7798089803794487
-0.7161600634911023
-0.8416436775419481
-0.7954613188785268
-0.8325348383542674
-0.6146992128180788
-0.7073363953761305
-0.7850587541991503
-0.8264492692367535
-0.7767298261238551
-0.808862537041712
-0.6667960092471941
-0.6100781579184803
-0.6704294654304042
-0.8366935400112181
-0.7945591780557949
-0.7642541061873621
-0.792896431367153
-0.7563572194174785
-0.7499766272331708
-0.7161638303690259
-0.7232406593054292
-0.6901769629959975
-0.6551781712161737
-0.560623016436408
-0.5330489285032731
-0.6918894181343357
-0.7183417212166745
-0.7485290586002378
-0.7562410720389667
-0.7756509977064756
-0.8037185464359953
-0.8639975021242444
-0.8050773081516845
-0.8810824719230128
-0.837805498919266
-0.8855410273122152
-0.7377362295901252
-0.7881673902723113
-0.8105923151383231
-0.7929576657239142
-0.8356622224219982
-0.7686463972560351
-0.7761773034387381
-0.8073224649254963
-0.8097654312587997
-0.687910329786539
-0.7085463305794889
-0.6934178111541431
-0.7051433472112629
-0.7301112231522775
-0.7185270082397399
-0.8230414811961163
-0.8882824506292395
-0.8125300278451856
-0.8662800156073447
-0.8978563446767097
-0.7365900142121669
-0.7969309619974111
-0.7488758026704515
-0.7433162429216287
-0.7442413458883564
-0.804933702270833
-0.7183801374521119
-0.709400500247209
-0.7089603436864985
-0.7841573671625667
-0.7321447435779264
-0.6914884801854744
-0.7567346151115838
-0.739147606426101
-0.7077073684742899
-0.6573250696476256
-0.7595480830652546
-0.7878956667505734
-0.7156242232588685
-0.6292841926595452
-0.6036689732677852
-0.6529394897621686
-0.6399199818008898
-0.5779265006414439
-0.6094820241789055
-0.6036934934509619
-0.6539309987466138
-0.6603514091631082
-0.5798808120790384
-0.6691572445374677
-0.7602418464397577
-0.6937841396891945
-0.7420190994549793
-0.7703250713022473
-0.9401815502641051
-0.7131436111842488
-0.8122369839160571
-0.7717472469426967
-0.8014958921621831
-0.7452950485338177
-0.738418007850748
-0.7165448384276294
-0.7781975400065156
-0.7179710974804914
-0.8102477386825531
-0.7395855600773399
-0.8073875008394255
-0.8405980974643039
-0.8077371506348524
-0.7216492083591418
-0.7264035341225376
-0.7904494607385757
-0.7413068313697059
-0.7647627898679629
-0.7934887566723461
-0.732580976762725
-0.6715014375552769
-0.7654934944741637
-0.7831467903531695
-0.7626952005316192
-0.8283921710087478
-0.7598762494953184
-0.7611491210150849
-0.8364245192065609
-0.8643586876760372
-0.771610550219403
-0.7521329109202866
-0.7028234249203571
-0.6932940317979429
-0.7143129747052338
-0.6732085074751126
-0.6707080789884012
-0.7797315031781569
-0.7889033431189161
-0.7679901104319279
-0.8237794516603208
-0.7901011227830637
-0.7114999140319066
-0.7765875176729289
-0.7867793590024003
-0.8712731781902169
-0.8129470259894394
-0.8165025885275587
-0.7813099427374847
-0.6805853796432907
-0.7776387050944492
-0.7404304298649023
-0.689475976041833
-0.7740569319981622
-0.5948997183646825
-0.5357484739545475
-0.6484080310309379
-0.6860969729027067
-0.7224251104330749
-0.7405257519523222
-0.7530712819929865
-0.8190797884082801
-0.8502181445345212
-0.905264843537716
-0.8291961638208176
-0.7956875922455151
-0.866718019285409
-0.7701250393218891
-0.6755590932096414
-0.7107816920344188
-0.7005594619862932
-0.6806404131692243
-0.7811557226587581
-0.7360389362817154
-0.7368344280671287
-0.6755769940762385
-0.8064170569773667
-0.8798961251854458
-0.8102488679063633
-0.7950185223613817
-0.705071633987048
-0.683720326287013
-0.7530309310127943
-0.7283045345561443
-0.797177184519544
-0.8420869814630051
-0.7449756051274263
-0.7515134309001037
-0.6332028645387662
-0.7157177350896787
-0.7493211502869213
-0.8338539238492461
-0.8939179024391217
-0.7360822562755249
-0.750648628207247
-0.7870234104876875
-0.8483842817847841
-0.8526984412468568
-0.8028582522747264
-0.734107458758572
-0.6178855119277602
-0.6285207103627362
-0.6973367800493866
-0.8005574948006418
-0.8641977504061875
-0.7554978330170565
-0.7849165748599566
-0.8485453079062881
-0.8185381251887395
-0.8456559796041632
-0.8379351540045104
-0.6959606846777345
-0.8001786603795349
-0.772206641102446
-0.8217936621597982
-0.7788978733871402
-0.7191761758234414
-0.753940541604058
-0.7021893639139694
-0.7916898152036129
-0.7863804364579716
-0.7783217031714493
-0.7683458880335788
-0.8924021847576813
-0.7901268907127398
-0.779361259170124
-0.7995064458513041
-0.7759610148301038
-0.6624363625230496
-0.763859525679896
-0.7866008296683992
-0.8092727237434442
-0.7886971887601377
-0.7591175411666604
-0.7766178070887773
-0.8228847735069996
-0.8597684549946607
-0.9008735021805281
-0.9219505893454728
-0.7951064486405477
-0.723140149681569
-0.7326496816647157
-0.5694600921770998
-0.6409926037077162
-0.8009969008361555
-0.7645375042033233
-0.8198247857428141
-0.7732072736848054
-0.8191191188929849
-0.8967816687916517
-0.8479286276648935
-0.7855200603200115
-0.8314757730923035
-0.8533873318485351
-0.6846010424938132
-0.8054222149160511
-0.757752607997787
-0.7683546459711864
-0.662349244810901
-0.6574479226222091
-0.6646633206501462
-0.7784935773200735
-0.7052953826985158
-0.7050701045381431
-0.8266312703998491
-0.8105018886650438
-0.857217499009046
-0.7776712889612472
-0.7356870270957531
-0.872765676888797
-0.8313899452186728
-0.8074597296512269
-0.7752132899114081
-0.8259161500708747
-0.7370450449526579
-0.70527250307712
-0.781774151582843
-0.7668803174854872
-0.7300674223610841
-0.5815745753470878
-0.48442124213400667
-0.5977742807661037
-0.7103845882103487
-0.7065812952580787
-0.6429707481290982
-0.6438806376021478
-0.7663886471551669
-0.7242990841208169
-0.917481712518638
-0.820712893284115
-0.7376211959910388
-0.6598172624680594
-0.6194551471441072
-0.6832465142849558
-0.7933003613596877
-0.696265178168651
-0.7359177232605052
-0.6933708712049753
-0.6208332591763136
-0.6463480320297221
-0.6788982109690525
-0.7166279487863586
-0.6953913463771387
-0.6914355718967196
-0.7124549239016249
-0.7064756872079293
-0.6754208535071745
-0.6874982777676839
-0.7391886928732253
-0.6723825755874332
-0.7729847283537394
-0.8187656495190266
-0.7530650801422717
-0.6715689976211306
-0.7382219403956345
-0.7227170059224832
-0.7141170987484435
-0.6547515254931026
-0.6765408507924926
-0.5845006737029218
-0.6201661018602638
-0.6976375406156855
-0.740650673482609
-0.6591676939339763
-0.7069849559355585
-0.6896970913223037
-0.6688903217603052
-0.7880158662991986
-0.7846246838223058
-0.7797262812861605
-0.8284714270028904
-0.8586300780359177
-0.8302390725556272
-0.7764153963811646
-0.7172398151463636
-0.6692135221521957
-0.687121619802123
-0.5673869333421083
-0.6531925114237133
-0.6801665101329978
-0.704431419741282
-0.8043341306247317
-0.8008239519121447
-0.8783317767037142
-0.731402574299193
-0.7223446735611793
-0.8512986490513381
-0.8252216646926085
-0.7797834765148522
-0.6996149584324958
-0.6019368868451016
-0.5546116842714908
-0.44853427173707683
-0.5660856007478527
-0.5284029141415327
-0.4883734130762993
-0.70236544012701
-0.5822697679835693
-0.7455957521472378
-0.7043875242964206
-0.7612435946530469
-0.6742539259020645
-0.6932922088536845
-0.7718960305015994
-0.6836340846294298
-0.8271211249811574
-0.7243808456362725
-0.6721410029174937
-0.7429032311324313
-0.732195486078256
-0.7188108921645238
-0.6854081987596573
-0.600965810303283
-0.5850683544234249
-0.5691695195952664
-0.6721081533088595
-0.8442300592739514
-0.817432314077807
-0.7584563227694385
-0.7915847147485748
-0.6830746253116645
-0.7205039062283932
-0.7114362162150561
-0.7513565084574694
-0.7575592804003234
-0.8017287758506423
-0.8337992682620478
-0.7683343569140463
-0.8954655568637553
-0.9646217935125223
-0.7825774406565414
-0.7907757798814397
-0.8117911464732247
-0.7960496663627236
-0.8242654261911604
-0.630571108903377
-0.6692782493150176
-0.7386908269509926
-0.674355964737752
-0.7651540691464429
-0.7773645931295345
-0.7813028949076615
-0.7234673873182431
-0.6469222285022224
-0.6842449696729006
-0.7657994830699388
-0.772651741460268
-0.7143770104573703
-0.7128630897023422
-0.7799156098214425
-0.7930150276137847
-0.7378164429168317
-0.6705178223856841
-0.7820019131638001
-0.7581734900974542
-0.6573153921188778
-0.6731347801335887
-0.6885197665909714
-0.8253125269614514
-0.8475546442849982
-0.8216722229829306
-0.8406232098729285
-0.788659180939481
-0.738826926013831
-0.7543704922779377
-0.7486961636339617
-0.7696261793709315
-0.7789493165868049
-0.7350620314082026
-0.7900939356442211
-0.7596906677802463
-0.7004857582964685
-0.8001911803587392
-0.7440203604106455
-0.805789975611951
-0.7956132179277342
-0.7061158065695625
-0.8282141644454907
-0.6745832098649326
-0.7354979734889019
-0.7746170790046352
-0.6485708943803131
-0.548044652572555
-0.584833033530766
-0.7319014827152117
-0.7492732190749388
-0.7250709688375374
-0.6929494375024249
-0.6683074213263687
-0.7751355818588884
-0.7789174322239075
-0.8091164192725896
-0.8187074417341271
-0.7551998912268042
-0.7307968993590175
-0.7490205494193234
-0.814596878937127
-0.8037213507218286
-0.7092980012060427
-0.705611660100999
-0.7062858403363003
-0.7000551876179287
-0.6674475135085092
-0.7455481748719857
-0.7523333714818267
-0.7569583835131756
-0.6976381536694138
-0.7329016063234528
-0.7191922651985568
-0.7033112474951289
-0.7862001884277812
-0.7929312932412668
-0.7386544384288225
-0.7519235574359023
-0.6573223992479098
-0.7865557462890989
-0.7652062793213048
-0.7856923796089784
-0.7642016267615931
-0.7549799959211488
-0.7118191935325213
-0.6822959109090726
-0.6262083191980741
-0.7369918791650586
-0.7043867528053844
-0.6263615248882671
-0.7864662278481406
-0.7579612285017945
-0.755442429506265
-0.8787100614317402
-0.8306121062149783
-0.7258803762271626
-0.8185838074958867
-0.6504365092444097
-0.5639009416192158
-0.6969552840531341
-0.7402523313024388
-0.6967721729482436
-0.7515812331451289
-0.6492380911737683
-0.5131413147366628
-0.568161877410883
-0.6759371791456543
-0.8245605839730197
-0.7745207557641643
-0.7629532999866735
-0.7948057647165263
-0.6714362120382831
-0.6992616605946308
-0.7690787273107731
-0.8216354092527557
-0.8741805577474424
-0.869491545860273
-0.8733968214901546
-0.7160360352334133
-0.8615764314122147
-0.7774960203953264
-0.7450324691858822
-0.7569460114884238
-0.741360674449983
-0.6692063940555968
-0.74665685682074
-0.7924458300315809
-0.7828201594669867
-0.7322309832790102
-0.6981530995113058
-0.6642715526216636
-0.6283916463799643
-0.5504306834564706
-0.6254773773848219
-0.7856658488207612
-0.8582300091798203
-0.8258546924978442
-0.8408705170725836
-0.7961194068510724
-0.7911754056651378
-0.7092086648514647
-0.8062184498906229
-0.724614873419529
-0.7241928864567123
-0.6787342747307834
-0.8021194016032459
-0.7818939449390935
-0.7982786655866131
-0.7492033659849147
-0.7414103452455214
-0.8353059347085662
-0.7870990554458697
-0.7779525985519613
-0.8700482677930558
-0.7816722044833794
-0.7483401500981621
-0.7672522518994153
-0.7372220657829581
-0.6368240696105131
-0.753756887807447
-0.8229860379829106
-0.8428031599616914
-0.8594479954684239
-0.8195772830427727
-0.8612407662937998
-0.7353815020092755
-0.8050776905015605
-0.7327090826326552
-0.7190892269120114
-0.635975433632515
-0.7018552868627904
-0.6214129695078943
-0.6679695323319871
-0.6253692631182632
-0.6520709691009845
-0.5764271209284895
-0.689342619201586
-0.749128761945435
-0.662052413778609
-0.7360873829351362
-0.7302491501062279
-0.814796855039343
-0.7184881923729176
-0.8365680314232178
-0.804146131344585
-0.7497758581686211
-0.7185725846018228
-0.6568276339136315
-0.5931681519648334
-0.7417147133951696
-0.7479228598063691
-0.7726343681801997
-0.7452351312912553
-0.8541909559864216
-0.8003279957111074
-0.7779086515459697
-0.7440570409413904
-0.8806900517887775
-0.8132815914006379
-0.7188444311478928
-0.714589011825771
-0.8304764331494339
-0.7447228328412766
-0.6883825297613912
-0.7388606681932387
-0.7428181373146403
-0.6777635401673403
-0.7446203511005626
-0.748880413069167
-0.8330252609418929
-0.8446603866349611
-0.8707824220378751
-0.7952801571169322
-0.7941757237720072
-0.7974306314099899
-0.763252043211752
-0.7307328709740839
-0.7623436755601434
-0.7520134595486948
-0.7797133532511089
-0.7205014854827312
-0.7411403653240846
-0.800899338907166
-0.7132111833364468
-0.694751083150848
-0.7067104533448922
-0.7399854557095851
-0.7264785650041606
-0.779662696308427
-0.7173599969276848
-0.8641411570049511
-0.7333276434871674
-0.7264492361140714
-0.7746972208885171
-0.8152814459101417
-0.8310716424131248
-0.8042448882484574
-0.9163598141023832
-0.8062713977418362
-0.7403583251571751
-0.7565766775531583
-0.7357779101607282
-0.8452136095608715
-0.7909881053065504
-0.7449454603563702
-0.7249757066180399
-0.6464611006583508
-0.6824590840311624
-0.602895984984952
-0.5456781537885035
-0.4884436995256532
-0.5599632506357006
-0.5651769127173056
-0.6579478446918601
-0.7128445481535649
-0.6798625299673476
-0.6543330112747877
-0.6550086361808263
-0.638337333421357
-0.6620779796065365
-0.7111058827282515
-0.8001490554654037
-0.7388175367755837
-0.8242205932316873
-0.7195542370042141
-0.718584444904417
-0.7231052965065191
-0.7387892451432142
-0.7499397634547835
-0.7699270299408423
-0.7715238355399422
-0.835413258990365
-0.7484481367799514
-0.6626067025760786
-0.752069088256919
-0.7603148445664315
-0.7302709130719971
-0.7138863692081528
-0.7268585014012232
-0.6961888165153226
-0.797334081545213
-0.7919331680568973
-0.817461873048885
-0.8163864854825273
-0.7459098404587219
-0.8287654497697184
-0.7681792599306877
-0.6803028488517308
-0.6318178869188785
-0.6259115932505797
-0.5912469439908521
-0.6869012490063435
-0.6214218565576902
-0.6984881872541622
-0.6385852747149868
-0.545703941704841
-0.525686790905327
-0.5764629701271969
-0.605135548117705
-0.4823964862123462
-0.5001133389354373
-0.6094523153578564
-0.7070584014557904
-0.6675755785421641
-0.7857884097937424
-0.7660019938793297
-0.7438140496780159
-0.6929966881653117
-0.5681129914061354
-0.5733939023187925
-0.7604161937155068
-0.850305230342417
-0.8112860064590081
-0.8856495767476532
-0.8961649807555343
-0.784749787364742
-0.7430465064280926
-0.6606362530927088
-0.7668816400811331
-0.8074575447198113
-0.8446471785995753
-0.793591545506302
-0.8801936344361593
-0.8140369708798455
-0.7694543197911758
-0.719854935738683
-0.6806529465531804
-0.6943183721788757
-0.6303753392229543
-0.5660512412328216
-0.7277273595358352
-0.6823870104346816
-0.7956316917319234
-0.7559164691258068
-0.762363004191127
-0.6748375294454001
-0.796020546215082
-0.8578332921566807
-0.799290296190684
-0.8137170109933922
-0.7486990857032746
-0.7654167424493024
-0.7772708243821886
-0.8206130215701805
-0.6709521716767227
-0.6835060342372489
-0.7035971090122567
-0.7399161108941268
-0.7017326484194013
-0.6648570972741094
-0.6871789976593089
-0.7062380313433925
-0.7722207623978818
-0.7578405666472372
-0.7833332240382508
-0.6953824129415609
-0.7582352823813334
-0.7912004765903438
-0.8484098898726975
-0.8038170043373511
-0.8711994912672123
-0.8412827540998716
-0.7860986803430703
-0.7910293765640729
-0.7526654554655849
-0.7582287206285432
-0.682401487316135
-0.8115710591780747
-0.8350817425412589
-0.8641829435546751
-0.7333893231084834
-0.7142039411147534
-0.8674843271250594
-0.8973837297509037
-0.8823789986158991
-0.8323407773060159
-0.7924006361114873
-0.8025353186800797
-0.7849587104350809
-0.8453081166687139
-0.8957584859024279
-0.8433015540335169
-0.9373783222528109
-0.8428236773802786
-0.6659947278098463
-0.6930287179602058
-0.7469951100544712
-0.75639569509966
-0.697550146991328
-0.62017066826263
-0.696875577909242
-0.638594561273302
-0.6751630389461658
-0.686286853354863
-0.6825554901433167
-0.6842391308678091
-0.7475857544177293
-0.8166681791547186
-0.8066033004493666
-0.7739011651370217
-0.7861303355903722
-0.7230205178467205
-0.6974063029986697
-0.7870746742461563
-0.8108079627979515
-0.8670486570028876
-0.9241382744377252
-0.8602136809759847
-0.8263656821130134
-0.710588591630373
-0.7339016249775037
-0.7604446188702326
-0.5525664875945511
-0.682103925848425
-0.6738870782400119
-0.6447435431090598
-0.6345486822986383
-0.678488861132947
-0.7210867179195575
-0.6056508897018329
-0.6617855382859406
-0.5374990862101653
-0.718994358974393
-0.735122815154712
-0.737182371321962
-0.7285438279036165
-0.7248108170733323
-0.8356490033386309
-0.8187943696961855
-0.7402314106158473
-0.6823069248355222
-0.7884645705097183
-0.6916861553435809
-0.6168251569032299
-0.5921619959822214
-0.6437245281448302
-0.7148627185349169
-0.7193242197476128
-0.8255126719349412
-0.6820697295846331
-0.7249864501623396
-0.6235862644328827
-0.7166882085058455
-0.5963715400183656
-0.8014019313372366
-0.7388044162174935
-0.7729907942084191
-0.8462979973460575
-0.7762210195164589
-0.7166488367050451
-0.826224444380434
-0.6348957382855753
-0.6187105139818079
-0.6152393596349992
-0.660026152239388
-0.6130067031717725
-0.6418511807506019
-0.6849239121844054
-0.6646104331882265
-0.5818270430239997
-0.685622888855316
-0.6426751451981845
-0.6317514104077813
-0.6502217059614384
-0.657683125790594
-0.6169577876764359
-0.539342057272716
-0.512490122822113
-0.576150297074817
-0.6461333647670006
-0.586765487713674
-0.5501274486059141
-0.5342667261251216
-0.5589352371438541
-0.5450327278378696
-0.5169686859275127
-0.4843641217520949
-0.5324268069520525
-0.516292617081652
-0.5901825685215384
-0.5342964491224736
-0.5799177477849748
-0.5280096374424896
-0.6286468407971934
-0.5839015277345636
-0.584697432044119
-0.6069502258807248
-0.6053401300736023
-0.6643674051874341
-0.767505812429426
-0.6472297162210032
-0.6039448109604687
-0.6216717752660228
-0.5128695034970774
-0.48540419589753503
-0.4777732822713378
-0.575602281881204
-0.5738211062466009
-0.643973483334574
-0.6523692523888918
-0.5991740687349434
-0.6577334784640313
-0.6845193268215195
-0.6572819344975352
-0.7126020971510548
-0.7162606057273477
-0.6599719043659964
-0.5941024793721333
-0.651752122831107
-0.6454728628766464
-0.5732616559398588
-0.6532498432100562
-0.6738607409681205
-0.7890225957609044
-0.7515514264542028
-0.7980545274541367
-0.76880953614053
-0.8329432401481563
-0.7623646950118788
-0.6006316791924268
-0.641775432155688
-0.7422628402509005
-0.7641485484653011
-0.7314191872947815
-0.6783675073822808
-0.6175166306249157
-0.6243585127499242
-0.6728282206767242
-0.6615046444335881
-0.7482726744486304
-0.7090337992703757
-0.687666019477215
-0.7024834236508534
-0.7030651104066854
-0.7366059404798804
-0.6803649242104298
-0.7831808321138234
-0.799193071108836
-0.82939603524563
-0.7390560066823723
-0.7831393290489279
-0.8759772671533964
-0.8124027465881118
-0.83752905955378
-0.8564882403707574
-0.8387752315829309
-0.8490116712487159
-0.7234607672555922
-0.7799292932292685
-0.7924632148424061
-0.7039025582965702
-0.7864595045036337
-0.8175161033584923
-0.8600339181419269
-0.7505366077269924
-0.7028180924303326
-0.8082166878714186
-0.7534987038845231
-0.6800431291950292
-0.6270342042892083
-0.747882948267121
-0.6785243651911798
-0.7289823871650914
-0.7374982663888732
-0.7873432760881729
-0.719378589133425
-0.7378890429380299
-0.7522470955158999
-0.6328385504107088
-0.617242446036501
-0.79961347800692
-0.8844454662430858
-0.86906552168485
-0.8470448875803481
-0.8106361564889223
-0.7530361595981141
-0.7526970200748154
-0.7893100421910988
-0.704440413956936
-0.8160331371734504
-0.7802876177683211
-0.6869053105629261
-0.7462655382304708
-0.7587592683014921
-0.8171805649187377
-0.7935968075859028
-0.7600016194328325
-0.7158250817019268
-0.7019597498391099
-0.7101273387054343
-0.7415109004855923
-0.7631912473578804
-0.77956426236555
-0.6541704291170105
-0.7080812627008041
-0.8114027807337244
-0.8478287881751487
-0.8107277726373023
-0.7565732386116738
-0.657940119074931
-0.7498863429199283
-0.7203986210928106
-0.8078645108872858
-0.8084744140357636
-0.679375709687332
-0.7691784157252304
-0.717037841038503
-0.5789835639881071
-0.6976122022725759
-0.6759497601118338
-0.6480159055811398
-0.6330929372549824
-0.6965233470576245
-0.7627219791855838
-0.8657935135919228
-0.8661517104461351
-0.7689482881665821
-0.7846510783560692
-0.8368233955352063
-0.8309152535587169
-0.845839318165006
-0.6960620126699705
-0.5941427682501192
-0.7092793739688757
-0.8497824766129888
-0.818223465625403
-0.9058395609236837
-0.8667994470784184
-0.731699414934871
-0.8008639099061148
-0.8520622231386348
-0.7751664350371599
-0.6723788294042593
-0.633366180763044
-0.6386985919805118
-0.6967060919433237
-0.7056365912418883
-0.6545233227098373
-0.6960276178718954
-0.8184747347316546
-0.879605824083475
-0.695226795663317
-0.6839570858245324
-0.7818611033853037
-0.7320768308008146
-0.6909801859476093
-0.6527849665170542
-0.7545084769960587
-0.7568314905990335
-0.7883781912614741
-0.6677255781534593
-0.7902453856289109
-0.7684113447522755
-0.7716293426493489
-0.7957143322547446
-0.7873313693597197
-0.7511916362136596
-0.815067825033226
-0.756287312171156
-0.6098149223347996
-0.5492160065341065
-0.6108855489270997
-0.7529510867892355
-0.8376313707195716
-0.7835249595191082
-0.754848660698157
-0.8059883948600512
-0.8038422903583986
-0.827254823786666
-0.7219623122307731
-0.7210490702501484
-0.7055444210874187
-0.7838139897955737
-0.8733337393020624
-0.7974713796732935
-0.6951782363841807
-0.6952364301028853
-0.6618603920730944
-0.7045662462768271
-0.7136828595164836
-0.740361576001913
-0.8138914458103323
-0.751514496907112
-0.8572712784011265
-0.8240776063731683
-0.7924890743318166
-0.7683704488773431
-0.8199193330533643
-0.7936573968818373
-0.7069612742709102
-0.6915694434722933
-0.7764297349636798
-0.8587600100008745
-0.7965959496263236
-0.8093620347439244
-0.7657220637197467
-0.7165650771091487
-0.6602055761729254
-0.5763645890767101
-0.5970591068030064
-0.5847489005793557
-0.537731490025357
-0.6628945351394923
-0.7231227486992294
-0.8729302554784478
-0.7543593735712131
-0.7977008194563516
-0.7945650423185528
-0.8309942998330883
-0.7650976058055798
-0.5916105647902307
-0.6607695573135596
-0.6349880882071391
-0.6197697878233626
-0.7821852763882768
-0.7247344882872265
-0.7817041605280803
-0.7460314793958792
-0.7486733356766512
-0.8085927637451089
-0.7683391141430251
-0.6848370407708381
-0.7198327287859402
-0.7459394288856362
-0.6900521571611311
-0.567595629368084
-0.6316440886962611
-0.5800950737930636
-0.633522970460447
-0.7801398592526045
-0.7092376182162773
-0.6547038521096141
-0.5455071680655965
-0.587590027615815
-0.666524872132769
-0.6669952073987343
-0.611816771985944
-0.6828579320519665
-0.696309068536209
-0.6732919087268512
-0.6213495780759517
-0.6625668693349457
-0.7403143128056656
-0.863167522705991
-0.8699076605335809
-0.7709030076745231
-0.6627021383651878
-0.7984406932699565
-0.7525007816462168
-0.775811112395937
-0.6151672064357754
-0.5049126909157265
-0.605314360902576
-0.704270907458167
-0.7176484003226393
-0.7717334263375514
-0.767639042415032
-0.7791990749685926
-0.7396124500554808
-0.788535388982686
-0.7875555729674181
-0.7434116301597354
-0.6861667564560565
-0.714190017230002
-0.6116738268306735
