4.959203503607611
4.944512320421844
4.943744315740576
4.921868016277965
4.949069063718216
4.94244156455666
5.010718616124302
4.967059405914149
4.90952584575119
4.95420570159199
4.877274818135902
4.869784702380979
4.880366345182829
4.871885570849992
4.875520654481947
4.909653507621988
4.935997595268646
4.971804610136543
5.032868497730654
5.0580548696615235
5.042630817025296
5.002904159582302
5.004310124901223
5.004017594818441
4.984101508419494
4.947254183226367
4.989166764612513
4.9758029907481705
4.9993870435175305
4.988732355759987
4.936247486430847
5.012436046556498
4.943842245164406
4.947506801360021
4.9390369992282075
4.933780331262431
4.9226393955275105
4.91027764726632
4.909457157197465
4.920716387020932
4.955811733774957
4.893733797776213
4.909523859045136
4.953974763878928
4.943514729239055
4.934067472282198
4.909236995621066
4.918295587114598
4.905301875517314
4.921289102159617
4.945192661856404
4.939007512871409
4.87894521655641
4.889498608094837
4.939814547957575
4.9748016762516585
4.969880669471885
4.9010681167809516
4.864953205017203
4.89558216363064
4.88379772891273
4.882600265786166
4.873439174302743
4.873924910317159
4.835299450289969
4.8491044533471985
4.85878160255353
4.8732114400256705
4.890448918512774
4.9099398197593676
4.922140734799244
4.924792466632821
4.917220735349936
4.876662250916356
4.902048991447393
4.860140588036063
4.897102184889977
4.876684246429715
4.870956522188253
4.868053234840017
4.901826956544203
4.932076969890262
4.968233409277161
4.976517729305524
4.999366697241015
5.007252736457568
5.018869037291765
5.0220859538812705
4.985287484462522
4.918476161617124
4.949124854529393
4.9491796421137835
4.913689952805079
4.8690483188192815
4.856266312930559
4.885864055301905
4.882204165578404
4.907651933777965
4.912408878180172
4.9646846008202665
4.94319405955763
4.941237572568746
4.898139226364432
4.945556635896575
4.9126933965652535
4.895333051322293
4.876856604534199
4.841791556446416
4.847797772313201
4.9066021721161555
4.93465867381501
4.985058935098396
4.972577023229693
4.955448324194275
4.993826207110805
4.9386889716159565
4.948391554147801
4.90462700734144
4.980681612606699
4.976895047955247
4.954579467779529
4.978134252220478
4.974804858551609
4.947538199182407
4.946611332103882
4.977040583914967
4.996254584691162
5.012593995446067
4.974506590367087
4.939616837305775
4.966875888115725
4.957065217125376
4.961520427349795
4.980911228491799
5.020952994789235
4.99936122703947
4.978400460536672
4.999080337699545
4.952122028137642
4.965840646248143
4.98088621792201
4.957678480356145
4.996805970838447
4.941784654223333
4.936574785215571
4.979418381425505
4.98099956052733
4.974422573989888
4.9779696406233604
4.972510906211659
5.033012796743443
5.0377881416316415
5.014877190561737
4.960108217573132
4.9786585531238385
4.919714337625501
4.966354239084317
4.975222747611336
4.984559935476013
4.932574992117423
4.9502857507894795
4.922389440379178
4.896641595462401
4.843759380512128
4.906830043977142
4.917647962526836
4.931789435489639
4.900374684321586
4.94606602926403
4.968001247079597
4.931781740806916
4.957257660781607
4.930203936461687
4.969986491866715
4.958862011264826
4.980100386678371
4.985969814956924
4.999061420481918
4.953925544714874
4.912511360516437
4.919497357455665
4.948501787804087
4.944593754127767
4.959839068084102
4.912664896976969
4.862949167676613
4.869564494540963
4.902946629826273
4.881970142716037
4.923675635725248
4.889512453547919
4.845916947127873
4.897748271615712
4.843393598292587
4.839252617805457
4.8266320074834965
4.884209462090702
4.900978674778299
4.90138695831574
4.850886268422769
4.825691792131747
4.893489831749686
4.914484907073616
4.885377870655671
4.821829122187129
4.849458945650406
4.911716878659274
4.895160486683423
4.920156660813792
4.962105135912369
4.953498401789608
4.958850204411229
4.8729539735940515
4.875263178663189
4.867299434115854
4.88544876904652
4.934166901681444
4.941999386712374
4.896426166653961
4.876081877449293
4.922818042224366
4.9079541958200155
4.943114380960156
4.961940488505945
4.94263077659858
4.863667660837454
4.868833391558786
4.885173737286169
4.851491199611146
4.902226676164688
4.933131344270479
4.8643389803945185
4.876260548188867
4.859817796378683
4.864137682980516
4.812712408041025
4.846432597691992
4.8327026153441555
4.899479230214108
4.87709703580381
4.881105007304258
4.892182600491443
4.9185646812836294
4.887327396324213
4.9013771943475355
4.8736215830288065
4.909576938815576
4.8519979511917635
4.8891007055055775
4.843639680247448
4.868037212754179
4.832308450603042
4.8132086862185455
4.842146490273546
4.842913667203131
4.85281024074534
4.903558776075128
4.964708154493099
4.978205478955873
4.953906382348953
4.96498882884874
4.968358150429158
4.998532042264439
5.01864736892199
5.020794908407282
4.9769737107727705
4.949365694976558
4.948123672491845
4.873161982950081
4.870780690468458
4.876347928282539
4.858900865066865
4.859856687779982
4.897269937879902
4.914618137824262
4.906092789023592
4.990294710926991
5.009143512476009
5.008335926294446
4.977034556354883
4.992926603210241
5.015547471579932
5.003801933093685
4.995951973540348
4.978308636554864
4.906712249948453
4.916905534787334
4.945362478836973
4.976190172927554
4.912307159670636
4.907414766774764
4.91182353452837
4.877977938381522
4.881588953207342
4.8580286911591495
4.839957511254459
4.860625211302697
4.864374156769276
4.872436545732083
4.87755665632411
4.88500302572301
4.891706572092196
4.881859180555342
4.859393189285051
4.889689057450949
4.904820488478913
4.884476882269376
4.8743417927884405
4.96839189763381
4.918797316176137
4.931874840870555
4.936689954881952
4.887664100878618
4.830740790353618
4.82086430811754
4.803476213194461
4.824947889511401
4.7750396226924305
4.776019946238977
4.716746253119824
4.752743037727205
4.75468149099131
4.838786215820075
4.866582525983373
4.89609835029501
4.915958487624764
5.008281527944247
4.99410209900243
4.943709678415554
4.855091285655694
4.882546344568986
4.872052538983945
4.920013474727676
4.913269265317997
4.879348828687785
4.904621097087748
4.923824028076259
4.963525819333492
4.979668596982985
5.01540796431917
5.009960308675822
5.0033781590859014
5.0130142726159805
5.002703392659814
4.95475562155943
4.993365153931695
4.9371997520632895
4.9689233069824885
4.93302611178235
4.918511330782206
4.898679445174391
4.899162879062105
4.892583435605271
4.933229300869006
4.961570906343799
4.992209581709651
4.967430603333548
4.96225189570533
4.9013011481854605
4.937660480200666
4.9579313986600795
4.99450649750304
4.985271510732291
4.926344993954867
4.933272403491064
4.932927844444816
4.913025041615345
4.913316065547171
4.9505063947910095
4.9448451066972225
4.979667594032677
4.927218117342268
4.8973422678622995
4.922204312629652
4.897083793746692
4.9293111612881955
4.966056731366213
4.976248113600798
4.96496579945808
4.963630791378581
4.9953426608567435
4.9270014398494375
4.986477645259206
4.9744542034037345
4.952927158266976
4.942464741207913
4.975458373411871
4.959419560856842
4.991086398105255
4.982485820575621
4.913427963917288
4.9267559586262575
4.979265607577987
4.986327132315073
4.970467111621151
4.982152815742137
5.005401231307514
4.961019757030965
5.001980137654503
5.027965738410326
4.979175821164998
4.96734556591963
4.9875859590006675
4.975000190732155
4.969781666023262
5.021430158234217
4.973926663341123
4.936978782116278
4.927518847638882
4.987070357057736
4.977608680144839
4.965258038196954
5.017934135167902
4.986491687425705
4.984522761572292
5.005884038553027
4.97611299487545
4.967036343928005
4.98158404433294
4.986564474152158
5.025915576151322
4.948302917584179
4.938883818191105
4.970956815798007
4.964024400024357
4.975989096070479
4.958443534363411
4.9445429357907305
4.9640229354279946
4.985403517248527
4.943509480306255
4.974339077749098
4.949976506307008
4.9350061359302435
4.954978241450337
4.911764206630334
4.900844631795902
4.871095065976527
4.9025727039760625
4.930802130486419
4.9293438457054055
4.9444146803371565
4.989168691960864
4.9637001177674795
4.964051496964869
4.956820705816872
4.887266885485167
4.908423227626471
4.964509869175044
4.964578439425018
4.936131168663643
4.9615428267648545
4.957661384271091
4.987548560235164
4.982081178592136
4.99102875283706
5.001958747208247
5.044119762726671
4.983122775704147
4.972893099904162
4.954989738645837
4.930529144710001
4.941290683594737
4.918246104358179
4.934238504725797
4.918670133786941
4.921664909749811
4.928396138337755
4.928607715737614
4.934655308964121
4.941582683009161
4.932713783540121
4.970753246044897
5.034675511422252
4.9666454772212
4.8838071700673495
4.8554753918533295
4.846285695756736
4.89563702521396
4.881625016381717
4.884680889205145
4.923258218649598
4.928179950170303
4.901926190507298
4.865998698960617
4.852483070503728
4.864873384859955
4.886086998391521
4.863977247328095
4.892485786946701
4.866135920929757
4.9104958435421295
4.948050939660839
4.975831446506628
5.002214788567656
4.991043307410053
5.00036535406927
4.989566216948299
4.931575566272829
4.913972021540248
4.894337562187545
4.946924245570793
4.902456159767841
4.890298832486988
4.870785602552835
4.867305442485004
4.880199741898939
4.8770765860284095
4.8630883650287835
4.884914559138729
4.891941599734579
4.879228204408827
4.866567602361169
4.856766464128454
4.867797089370922
4.8534648523116966
4.865250926348028
4.898162798137139
4.912724251670975
4.918052920344303
4.908080593150086
4.97346944256815
4.94298237195456
4.9621446806393035
4.971251402917558
4.974250027610847
5.010103752769307
4.99587260489647
5.002106609584883
4.995422521493635
5.002818591466243
4.987321758643131
5.054410668149004
5.022802718767438
5.018475085460425
4.985539910160242
4.937069260535432
4.896991958276364
4.927092238883066
4.954698162746686
4.972912947219494
4.996933513859456
4.9777582389615604
5.016441580308966
4.993853016104357
4.964829854256588
4.956698316564738
4.962786721800884
4.974081562369909
5.019629288809136
4.967284251166602
4.991440833787897
4.970543736752845
4.949919935667769
4.9497495815841495
4.940530777180193
4.967758801273657
4.919073076637461
4.957720778223092
4.953811610928113
4.957461221079871
4.966663307984051
4.9913860458836155
4.977252803025325
4.958408070784201
4.939345261330905
4.956697111352412
4.911689610064494
4.929273944810432
4.933195273033028
4.907260945077644
4.9375750267309275
4.972510914109941
4.901487316600444
4.893399377477016
4.8993223058554225
4.910487317029847
4.870245696594518
4.860672777123476
4.895470697050219
4.873184414798253
4.886473641272221
4.889078945985629
4.8715465406187475
4.900726710422821
4.96023004983925
4.89793065382821
4.931509169768743
4.904702764926723
4.8660393596456135
4.924223262539781
4.938928466077687
4.911127352676838
4.859979735029201
4.878387480028364
4.909079147444369
4.8824344324453675
4.9054124578357206
4.908731097750103
4.916402479483273
4.911391327651829
4.867660018993848
4.863425148994286
4.857453334634856
4.887507634016684
4.8875680486889355
4.873593334290488
4.885170293541762
4.867561637180088
4.843828399014618
4.865681646536225
4.826796388457855
4.864802769161795
4.833847606204393
4.85741586971403
4.860811677339203
4.925889240556564
4.917951777409504
4.951381429991139
4.9482816920731345
4.941292907215569
4.9228135661745815
4.949346782860697
4.961830972243597
4.96484708968543
4.970397758104762
5.002162059153187
5.001031210666262
4.984271757801024
4.951944952788695
4.953144383157002
4.983655171138041
4.99085422914412
4.985891664094885
4.979403719810897
4.9789856852079275
4.997669596238411
4.948754652848946
4.935520229082486
4.868815973244844
4.905643279236251
4.9483333888268675
4.937355921208898
4.942626496334512
4.949817846233132
4.93224229776842
4.9029696358941175
4.861536360880229
4.8399580343482755
4.854862623042714
4.862806155649544
4.901676438715598
4.9566642581422675
4.948570286936411
4.891685225727029
4.8381209311241165
4.920478146249817
4.943331372798112
4.9407003515140095
4.865281321836172
4.920030673421691
4.9689784999308495
4.984978098194391
4.947698505423569
4.955889288805486
4.915708676826798
4.858246047931239
4.870855008656014
4.911861429488345
4.84761774929291
4.851039904136121
4.900075321863018
4.9421283168144
4.943265924551631
4.884353008141895
4.874923816902105
4.899419690674594
4.870104906222706
4.9032335918580445
4.955384357425571
4.95163165525647
5.018661149622622
5.046407731875033
5.021691206922344
5.032404204116806
5.010913657283409
5.014189362456829
4.990863538022926
5.024295699645581
5.0601029983932655
5.087754382839882
5.043508282767448
5.0193665659375135
5.017615026844524
5.0262735858442555
4.99238628929551
4.923406062108171
4.8947213212340674
4.932679348150701
4.927161047893145
4.92904504214374
4.909751745062101
4.943195607014857
4.880202543207408
4.898318729167757
4.928095127232007
4.873605576404009
4.88039495786605
4.902969583832298
4.8628543774086355
4.910964513392303
4.923446479381547
4.916825855429428
4.956090279326278
4.924248476535828
4.913134988462894
4.908157099996802
4.886864853761478
4.861823105117321
4.850808349187902
4.864807035835294
4.851961314768302
4.880754810380594
4.900140845232188
4.904781795054405
4.931309176934792
4.965275897533722
5.039272609247044
4.9656278982417845
4.96306881480594
4.961324638927279
5.022512820715962
4.993803766387843
4.964390671586155
4.954570407954303
4.938305360602942
4.927311710830674
4.92509115032203
4.924520402970626
4.966327610040349
4.983726309647281
4.957237771451384
5.000474923172398
4.990370572216579
5.0170763867243915
5.048645045517822
5.064570358299012
5.092596914544322
5.073601370858914
5.067617989218691
5.054455593087645
5.00007549208146
5.0262522314998686
5.038535815843312
5.013836348632899
4.987047864789832
5.00942075079386
5.011161803617865
4.973765104550332
4.932623602608442
4.939895079444017
4.965017299816638
4.981913494396225
4.94910566486176
4.920401064243649
4.8816976962849115
4.912640668525798
4.89925416441435
4.885055390932632
4.8517498010367905
4.874768242365694
4.903894079760575
4.893892565064011
4.910511393531334
4.880738038211379
4.9031388516958865
4.923953030531774
4.966999351270668
4.968516687883653
4.943437504681869
4.965866417555547
4.973791785660962
4.984806517705477
4.991762746931787
5.031638205120318
4.975929888533306
4.984524477705005
4.95360194759979
4.918592095714912
4.9084040752082085
4.998767474045375
4.945370336515238
4.955529732426602
4.991664981029706
5.001256122274002
5.007930260160512
4.992229645146227
5.029500905467726
5.049955396856718
5.081912770661465
5.014289304910276
4.950847573315628
4.8716903836333705
4.887294754473518
4.861029765333926
4.889747022925752
4.9231775321861235
4.902379039368244
4.937916393870561
4.948598270415683
4.94081677196417
4.995202777026042
5.001254386659869
4.936717075320379
4.971583470367723
4.975452381939592
4.930509937359243
4.883140583039097
4.8523832766881565
4.89331057200024
4.933471131350558
4.906872865222808
4.891413666535938
4.818699796215874
4.802576621963044
4.823106765048167
4.831080959663335
4.883325014344888
4.8658011891769055
4.853290926747737
4.875472524968484
4.806626034297986
4.821671931548675
4.806942458589759
4.894033681429679
4.892923507080506
4.904883832109344
4.913901848223867
4.94498773005246
4.965909902750199
4.9149867376577285
4.903210438640835
4.902460563301045
4.936659632305517
4.899788141620201
4.921726183123754
4.927417615312881
4.979480161775939
4.95927422360291
4.944473608514125
4.956966393609784
4.8524214327668505
4.8489101403934445
4.844836512143116
4.8338994512263325
4.85610765123982
4.88200874151376
4.966783192230011
4.952929239226316
4.921872806582415
4.874849061140619
4.915677959192627
4.943561618228554
4.937226824581099
4.88734104273899
4.8793255659495784
4.877158887070357
4.919046648258477
4.925999260688268
4.931894357906541
4.977834963859378
4.9802874548716085
4.9528240415001745
4.931058033698374
4.889280001181709
4.867671235578575
4.764827986713697
4.786400278013761
4.7754912046071585
4.7788451477320475
4.786507811068726
4.851424519492457
4.898123643759908
4.851249989648149
4.849666209203153
4.870060248879873
4.893130479880968
4.8896482691739385
4.822978902712023
4.845133266612964
4.957597440945515
4.955573228094453
4.987464282594508
5.0002324400279745
4.971301095781369
4.974188459589217
4.981130888654216
5.006669023467783
4.994032221623432
4.993556085648363
4.965837715565534
4.978357351110468
4.987409232426816
4.952567242252608
4.9358008002673674
4.9067457430272015
4.90186077179148
4.845526062860853
4.874848232396499
4.890737952209939
4.879389754128503
4.868709085114132
4.8297944007567075
4.876598192251227
4.945113453321193
4.970194978279287
4.920926865121805
4.917446817959839
4.9674596627286975
4.936099980857853
4.924859820727195
4.98237555033213
4.988716669786232
4.951048934381093
4.99923182323157
5.018263393336139
5.030175739161362
5.010239713621073
5.003841003962092
4.979398464455006
5.015772513587572
4.982302946847879
4.949614512524326
4.949854173094669
4.9745403732465645
4.947119058493746
4.928462318310974
4.949489550058339
4.977710235468652
4.962454373068772
4.913291403894976
4.943388953771823
4.937088870635823
4.944608950664642
4.997459452587266
4.997296551526331
5.007761826899116
4.975263796558916
4.98395381190413
4.964081057396712
4.936127412034983
4.975089754398973
4.943457592057869
4.958345120653444
4.995528388983362
4.963438737886504
4.94374769581454
4.950761188217859
4.961311428845782
4.9452737274142695
4.932963268982249
4.901893994175958
4.918791962586288
4.962746390500546
4.959488017000518
4.981447150544814
4.938219321067894
4.93222003046616
4.914865531416738
4.871560015347825
4.911847189476271
4.914141028953169
4.887246833737057
4.901442090713433
4.9138580401914504
4.944250188019164
4.963438529340065
5.000590432784714
4.96366964658392
4.93792463673294
4.913203061059486
4.912979814434314
4.9063409768302195
4.8993729057553255
4.873400087496492
4.9286517455094145
4.987401117076525
4.985027111533661
4.949067512408055
4.946631406183787
4.920504148468408
4.935869089549947
4.976566678419594
4.934078026558949
4.971647173473186
4.903396389101827
4.924217806952969
4.919732504891773
4.919535023238373
4.878951530389497
4.864304854194178
4.860480313479897
4.893883948413572
4.929268861677066
4.912343508376008
4.935756284135274
4.934270121493153
4.8995701156203495
4.921773149364668
4.914275750647985
4.862778475872763
4.864376271826151
4.857003993903624
4.8884621277478475
4.863105354788744
4.868492498809059
4.775011858397899
4.793157295696411
4.820076449319605
4.853919534801829
4.8470337947757045
4.923890757802268
4.953800523360204
5.000366637151561
5.015758176853768
5.0565217448930895
5.059496594364676
5.0455860804561095
4.985149042732772
5.013161101488294
5.011434996477733
4.996080253140723
4.97762939465174
4.928411305409176
5.011945542503387
4.988810857187895
5.005982000103837
4.9884746158233995
4.953939210397445
4.9027159326406435
4.9110463514259735
4.947157805331866
4.975772715181503
4.912620038474335
4.921411171671438
4.9164625923322856
4.971025513673766
4.971830602010498
4.949397512026753
4.974904219265509
5.0117238766180146
5.03706592583657
5.032218022712878
5.080636654658772
5.108973657145698
5.085184226105196
5.048705783991052
5.031994797757672
4.984676208944891
4.95450985654276
4.975000670514719
4.991990612537812
4.9786541552283925
4.942635399435495
4.9602874839064075
4.969580145804039
4.924288490346311
4.873892350960698
4.848321323441021
4.857133799864746
4.890626716993808
4.960079392201805
4.947397509715623
4.96202966810524
4.889750960728371
4.870041199186173
4.905105923768423
4.971495824591035
4.924176643464305
4.905861884025062
4.94308540264177
4.954457257299066
4.967961228018277
4.967757373347736
5.043301103518713
5.038654441856762
5.004261715587145
4.891410625115538
4.939155750697004
4.957710396196041
4.939988402636505
4.94925153927462
4.9576168890255055
5.017827587188117
4.992702122229414
4.921895231275062
4.863775778995471
4.927067421798885
4.955102024004907
4.951969171065075
4.99617322382856
4.951984008002208
4.925935687148612
4.919199495319552
4.961679756894842
4.963297473327399
4.956809954233277
4.88392207138912
4.856793816538234
4.876295542197239
4.852900623851617
4.898173912623369
4.84808369042115
4.839274797002852
4.915473415215371
4.915036338070377
4.9510262058858165
4.953687648265877
4.966424975823651
4.944268537071982
4.919886963793619
4.936223856640292
4.9221509055588895
4.8870658110149545
4.8705462957197065
4.872965191658044
4.856058361168841
4.940218666674014
4.9614569903457175
4.950770992020947
4.909672144727819
4.927711038636501
4.9532409919734475
4.941494366763938
4.928463146023157
4.941279064593217
4.964715137048402
4.91293548613684
4.883962177362231
4.8231564960389655
4.895619865960786
4.959407353714488
4.9690962422338485
4.987898783443343
5.010554387541545
5.012268454149795
4.974346383545035
5.007592946393659
4.984182385314263
4.999354099186588
4.9385061489245885
4.878732233486147
4.8891777301750174
4.88804772546994
4.9399092028172085
4.929753221597757
4.877087132853393
4.916319592024411
4.918999123535283
4.928375867938901
4.932911887570691
4.907132149180254
4.87809382318955
4.914554139603097
4.899909332810605
4.897651076958928
4.9311692189929515
4.959961737504958
4.960214990424346
4.980745361644051
4.9674140067475925
4.98185728405914
4.9486917444332335
4.927425755500867
4.904777855686259
4.921483016187706
4.928893020413926
4.890407216139333
4.864074697928794
4.926078457091474
4.933287256954762
4.871807021718686
4.916706735548413
4.911234983782791
4.962247817013296
4.905640919195114
4.863844775131391
4.904288997636537
4.927436380332175
4.882492830924296
4.883051795946582
4.9158250700141775
4.9193479658733175
4.952648896296967
4.98138453316057
4.969631021171086
4.949778203861078
4.942770172008443
4.993085601371166
4.969511116617877
4.957233822040869
4.929795945408108
4.927969808778523
4.936565323415834
4.951080424893645
4.911130273186293
4.882074585194435
4.8691265728047455
4.883891365217611
4.851749599047518
4.916808963743984
4.920308619139079
4.86542905152787
4.915570076020275
4.9455490441186125
5.003764849532325
4.988459891712656
5.0041927463067815
4.999828511208193
4.9517569793366
4.977793687433503
4.977344731481335
4.922790301654665
4.920874253464676
4.878596019314162
4.846982848682416
4.905431584590921
4.930125320675327
4.930454363116069
4.941181460721317
4.9512839335579955
4.9301129604840055
4.939548927317625
4.9540123778981044
4.945042688995417
4.890974370512665
4.907255873465341
4.9360411869778
4.880781730291253
4.9301482475257785
4.939121352895396
4.933693783256343
4.911906531242568
4.9690208994375755
4.948128811034033
4.927773701873462
4.9574035542252135
4.999006847328343
4.950232307486156
4.9219967513754375
4.9090160153920825
4.947378148827942
4.963779011895834
4.956896288528013
4.930806874504622
4.910015587790015
4.929460228629372
4.93099682092057
5.022446581549195
4.9447292191318
4.910775651057511
4.896612498452645
4.936773428350771
4.9490313529733125
4.971271579332212
4.975052514944662
4.996335321667807
5.009384364884074
4.982208747176048
4.9261599108727925
4.9655548480165095
4.98390639143463
4.95744871248542
4.983194996078458
5.001034287351455
4.920667022670191
4.9539645717979095
4.991511827851606
4.97585408937348
5.017023752300085
4.9635255133958855
4.98334276475063
4.976384140330822
4.9682030076065296
4.935983361658016
4.915320035180015
4.880609567854111
4.969819155738464
4.935047451305055
4.915627091606421
4.97876507887887
5.016401582913611
4.977123890498855
4.9380192101799105
4.922583197826003
4.895944856506275
4.880556477803724
4.8918775824510465
4.9555338775440525
4.969008431227796
4.972263773253424
4.942439333037927
4.917991911368124
4.923653509869268
4.914966617685426
4.920952137769519
4.861293731755098
4.901537692849903
4.933151871155311
4.914942535395753
4.9169152597718115
4.971997463858887
4.964784236457736
4.951004937944432
4.937980163385447
4.9533938357293605
4.892146764629574
4.903731236858137
4.877986340149425
4.884420938988605
4.884077097779817
4.889112721033726
4.904320707922561
4.886429808860412
4.919012910282844
4.894395499090735
4.862532646017595
4.8370560254208605
4.892838784305113
4.906988261138361
4.866266985706529
4.852482728726106
4.921797672558096
4.922537474791725
4.9205255695458145
4.936908370037826
4.966494273101476
4.962030060226823
4.911888865176994
4.918183878805876
4.824206236545912
4.847285764025267
4.837615945198203
4.830781744597796
4.796272518514212
4.82930480665105
4.859785672313716
4.971756337042114
4.945214894691696
4.934575643976507
4.956952030112966
4.948428440589449
4.9559397520849435
4.92278602708421
4.984087275420512
5.005821403018995
4.994266011660918
5.04721396485197
5.055869410922627
5.000769944963542
4.979618761932313
4.966987543788779
4.954839331055241
4.942917961704822
4.946406716524818
4.911896634195383
4.935240458466551
4.912851298899454
4.89702578206787
4.88677528037952
4.849728447350346
4.887422030567107
4.916619240039884
4.881186605163114
4.889675079823218
4.926792260950581
4.884055368650289
4.8628988914450195
4.880234025092849
4.857873182402512
4.8695046594826605
4.823115695389098
4.882122380973234
4.867639686420171
4.930048228699129
4.919219544844707
4.93733336490088
4.922074660147276
4.89138940289063
4.882333726466482
4.836221621046277
4.896118584876858
4.856431021663326
4.828704522586756
4.801273999179821
4.885904653778728
4.912899189544073
4.929362548676055
4.942281532975284
4.977960522116458
4.967186450410278
4.987292961019181
4.986208346075096
4.985737991686785
4.97152447274671
4.975852192352454
4.9630392861221875
4.943011066880273
4.957551496794183
4.94638842736235
4.946583838572234
4.985976613479867
4.970238767769508
5.0031185767574815
4.97166905508594
4.96052241366396
5.0096445453345035
5.051341818552341
5.019781923035911
4.9877011760782235
4.990800209900356
5.031561421532052
5.021341704422986
5.023291880211999
5.0089201402155545
4.991388751844475
5.019250514726693
5.022256276086563
4.931110257413123
4.889505909236552
4.943724309169371
4.980177553738934
4.938437667298622
4.930988156748795
4.935456455861225
4.942930114812975
4.925183234961647
4.929670853201445
4.966464299988901
4.943478877933818
4.948685784467558
4.9308486492566175
4.900525774647605
4.877407382129781
4.871023778367681
4.860253566844186
4.853285878316949
4.859840953432508
4.856357054223098
4.880730268534117
4.853641124489458
4.931782775517
4.956364473421555
4.931184400438776
4.932071967633114
5.005278022113082
5.001361267728125
4.977877336431059
5.019029025952862
5.016806511834384
5.058707707258005
4.968816395361458
5.02380067984913
5.030767406583242
5.0217592155096415
5.0320081913938415
5.022849919579696
4.988405695696428
4.988031893831098
4.972094131488021
4.936752890281727
4.966401279249711
5.0172855402648295
4.975289354074273
4.982834117712386
4.958956376534313
4.9247841286020915
4.896504742914861
4.853112087575811
4.843402602737937
4.900594891819554
4.914228846429892
4.944564991970513
4.963684458490521
4.907523999539514
4.877047581992319
4.912020887051594
4.8840411598639974
4.909332476304092
4.872898422430955
4.877902612752925
4.9045610964696476
4.910869548096635
4.918965706888174
4.9488563464551945
4.922479863491662
4.915878372909227
4.935601647772409
4.931775676600573
4.952444587545929
4.974658740311979
4.969445498483023
4.968403978970519
4.9615234065584355
4.954331667906233
4.96068054499656
4.912959193976559
4.916109750836781
4.915614783540883
4.913060162502846
4.900285240877757
4.892683471544389
4.880531861645419
4.896332854723894
4.889969580152944
4.853598506243093
4.870623529003725
4.885560004961203
4.905541512345392
4.983196888911906
4.988837270454799
4.990616794913249
4.960822572778432
4.948738888526635
4.93681629859727
4.974173403410462
4.971394939254693
4.974282193587798
4.983702094146076
5.004942990649296
5.0514603762131856
5.008440286556058
4.984451810396062
4.960254081048254
4.929435510443946
4.92816638452403
4.9513778744693155
4.937088531836692
4.945242589591804
4.922591687247749
4.889603124600642
4.886434140261097
4.929340695863781
4.947700079201249
4.907753969607177
4.928985596932957
4.912617712272649
4.906830061511036
4.901528230446058
4.828475977708399
4.87466424180705
4.878536373002916
4.875358015504507
4.870872163428139
4.878427652437349
4.861852788582489
4.852302805749861
4.83665532293644
4.872397258882786
4.909191998488092
4.90613454340843
4.928865752979617
4.934568414510022
4.948917757258117
4.899467760608172
4.879609911000248
4.859367880182125
4.806178259178838
4.852584934900239
4.863063469122337
4.906102503000133
4.92751954377711
4.995802941883674
4.983955914769311
5.0107258136407005
4.996558772839726
4.9439096847787845
4.97302545429045
5.014382882909133
5.025415897023037
5.001041192228645
4.994985326130512
5.031742866209944
5.054578670790068
5.014862111611887
5.000149477008242
4.945768152659566
4.991719430393557
4.9747338904139715
4.9511099099725815
4.988350244671539
5.009783126543021
5.016988830210476
5.01572604898476
5.004512481040285
4.994938086616385
4.966840136914518
4.971955750274015
4.95872180775447
4.9885117501401135
5.006638501706439
4.970561424461069
5.00714906620394
4.949628172108541
4.930541532419784
4.937141572057655
4.927780275884065
4.925083666723727
4.887227874786956
4.866315414547573
4.9315678412956006
4.897777035433558
4.894868202751496
4.882432331732527
4.899120824053125
4.895478519340175
4.9358227369526935
4.958491180982416
4.959402120107325
4.944890987792105
4.889889092399885
4.868490187844489
4.876003023932843
4.9043506792009035
4.917411767074841
4.897540788026009
4.985446938040029
4.991983395752418
4.981235211048731
4.958892285965345
4.952133822673358
4.937717395381419
4.962827451120035
5.009276156014019
4.992131493662528
4.986463735063098
5.010285042336551
4.952743175281553
4.911735642467288
4.92965416259594
4.935014698889636
4.939752998499132
4.97139736315405
4.909584450019073
4.934005049583373
4.933142216999778
4.961872650138462
4.886184484763471
4.883067182838092
4.878148862451671
4.913050561803638
4.866818957651356
4.853363778068478
4.862692025748863
4.879694070120168
4.897535299170761
4.89933671215852
4.881752248386934
4.850309852197173
4.902848800296545
4.878890445874339
4.873153690612197
4.917332488560474
4.973025943341234
4.9786533148656105
4.9966137212046435
4.984819781229344
4.981262388877558
4.9686452440363995
4.928926094680608
4.91800053479908
4.893031535786238
4.888419348089598
4.892347741377012
4.90258689261868
4.93263770474286
4.954592031197686
4.912837962033484
4.89085726595564
4.895633541529985
4.9076399410626514
4.920540280201127
4.92248375978772
4.908862413259555
4.874170102278194
4.941495566452436
4.903622384371831
4.915850190768647
4.929415864699631
4.9565143169327674
4.984260305393621
5.0144474727909305
5.006083704684447
4.988809979183569
4.984490857584338
4.9451872207273055
4.903185736339498
4.916989347130344
4.924539946578999
4.960280871045302
4.954583039486143
4.96809804134792
4.945125360928629
4.9539279071615105
4.997964363323216
4.956444322061377
4.967990468865073
4.960395177417438
4.944603363616036
4.935146329973693
4.92231741370839
4.924481831423368
4.894729269338512
4.886292219935755
4.929850118520326
4.923260820724845
4.915158547937112
4.980604582998211
5.052291536439089
5.024165594014642
4.969841854302208
4.996575210277892
5.00386823286367
5.002108416054895
4.965104362309742
4.9600334948747395
4.949788636123999
4.980603065050911
5.040847694579984
4.994269021191772
4.971912270838705
4.917938437317076
4.962204222817575
4.951069029586468
5.013179684179235
4.986687549185398
4.935060534740787
4.890057344455209
4.903237408007272
4.8967964365204795
4.847172103373338
4.887646498189982
4.923698326907858
4.9332039395548914
4.925499529978959
4.974284497815107
4.976050050737269
4.968576338228808
4.966920378432438
4.926427945098376
4.944139453979961
4.958696481105416
5.009031537834535
4.984522956782338
4.964550439906553
4.912413577056544
4.891177451509498
4.810886107335295
4.845853305729719
4.9146923096840185
4.939760442835513
4.947138383118221
4.9463101071677205
4.915664693380623
4.931045254736955
4.918353941437485
4.882440946244813
4.843599589061788
4.845558611104679
4.854747976038078
4.869174829950549
4.8915647782503955
4.892262762595164
4.904153231874062
4.901226379070845
4.916575898584038
4.924955587091196
4.895846546415405
4.8965384920700465
4.886395412352075
4.916901873024918
4.938701014128872
4.9438686415676765
4.946450587664376
4.957239101697102
4.9583403825260834
4.909456326409073
4.910196807477911
4.959021909450225
5.003683229221853
5.006461785017707
4.9863410658596
4.995490336631211
4.985263458520434
4.938421893050686
4.984771853226374
4.949447651067775
4.952570433373576
4.931268517906709
4.977865462108262
4.953050882923524
4.96716374291521
4.978056143233432
4.996653052392089
4.947313686594043
4.927222966113032
4.942629977516619
4.990864630019303
5.003787510458103
4.993754871168829
4.946456787784602
4.958743887792286
4.934647455912797
4.917767238688695
4.878845034456179
4.920253153237697
4.959540875865809
4.961982477768721
4.968706134797603
4.9759020621519445
4.990188977746357
4.964206659803736
4.964238386562162
4.985794027022011
5.0013752382425745
5.006189108618241
4.969352893970508
4.917707809064351
4.913550919981027
4.971982165292766
4.941436450305215
4.970876651372321
5.0003205886333095
4.9928543882090235
4.975845877504202
4.9499154986149625
4.9756413215367
4.955044525981036
4.9509050237780485
4.9090429267064355
4.859110141575393
4.891204448914087
4.8564517993183145
4.82922447497093
4.817875804408858
4.840329581289437
4.862275858387561
4.892806691960221
4.984208216897857
5.000550592626598
4.9299103529277275
4.923844165730554
4.946681427333233
4.959607774893297
4.947182668695062
4.9689003300123264
4.9858921674812455
4.956306206703958
4.959884049537168
4.969192840466731
4.90536908498515
4.859660974701692
4.934473400974145
4.915428147413225
4.958668328536967
4.965534816555135
4.930783772779949
4.934609011481643
4.953504901689222
4.936096348301709
4.970538988429529
4.9513905481652625
4.914423623752074
4.893733546592546
4.917067457423348
4.929867110004903
4.948992764691916
4.957021342831512
4.950605775365105
4.915214941979447
4.94269623929539
4.959679809902112
4.946951940080179
4.927763853479416
4.89251179296505
4.883754755279053
4.908507849221437
4.899886920630958
4.860410708164261
4.852567746427263
4.886658648206354
4.924974227068698
4.970003530961959
4.944507381587519
4.908926061879067
4.937585373040939
4.912788248629735
4.900780911380838
4.9349954518658805
4.891027557819589
4.942796137918299
4.93311235586386
4.932885641823234
4.946939140542269
4.9876046343151526
5.003161009548391
5.046197428212925
5.023647847504278
4.978456873825106
4.939320003254466
4.937107261371072
4.957359663282256
4.952462854318294
4.84434607909034
4.8461445206642315
4.918935221081316
4.877249293478604
4.86992539045516
4.799743707768875
4.825339931858327
4.844701263952578
4.906216925916261
4.899276553644891
4.954310084990643
4.94595253091466
4.924577418683107
4.9067066210831
4.896485483551975
4.895771297097601
4.974623071511245
4.984761683161811
4.9713390511760736
4.979963144292772
4.975338247911228
4.944654144500938
4.926932955618061
4.956118017936522
5.03600397992768
4.987638052532803
4.989201662256338
4.971761269879924
5.000216938155621
4.912591458824484
4.878616567520789
4.868403410886037
4.857276134557381
4.83965924570777
4.8537160926099965
4.842388448006558
4.850130586308744
4.911354341342545
4.902274996002005
4.909338556946491
4.950267130311607
4.956708905656807
4.916150636875896
4.898577788398264
4.915547201929903
4.95792002077737
4.969261576005605
4.959093996678083
4.938320021212501
4.9863751419795355
4.95646606246483
4.922924175686875
4.8936992508809025
4.879977559159254
4.918370527807789
4.92853565433117
4.925853302460162
4.980729256528663
4.932685236847061
4.9639617164091
4.942645316519977
4.906811364631543
4.953946915811415
4.908074557833909
4.909442990780432
4.896978985951255
4.873444658900584
4.839625306953808
4.8764420584989825
4.889837581924601
4.866462019602362
4.894532225515286
4.868989325490525
4.887037315351901
4.885148457087711
4.835787679147113
4.7826682809849235
4.836451676640906
4.861292209896231
4.814603878827403
4.8259943093701425
4.885487555165662
4.822566819847746
4.826183483999909
4.790286842385431
4.8274673493984785
4.882488891852147
