-0.5262370331453342
-0.5175212615648443
-0.5357025339171991
-0.44349174780766865
-0.4155272115719507
-0.41072293804433635
-0.385658683432787
-0.4569239664008473
-0.5817270303817466
-0.5687828198988667
-0.5857499634847587
-0.6214893100634471
-0.5604531651453556
-0.4598041775081478
-0.4404600035532588
-0.4927370122650963
-0.49796361237641473
-0.4574638323543091
-0.37803966550353457
-0.36917347863251204
-0.3316400946046011
-0.3713969114650986
-0.4182744340868167
-0.41110061525909064
-0.5105370937514282
-0.4852145659631494
-0.5419543684817232
-0.6150648317971906
-0.527618327938726
-0.48411753319280243
-0.596312626590278
-0.5560564491990668
-0.6431394148662115
-0.6233972930220341
-0.5815429383395612
-0.6408168491808884
-0.5431082010024642
-0.5192879790395541
-0.5882409649968452
-0.5164231229791078
-0.5131799544348049
-0.4625043329498893
-0.5122014592391058
-0.5619725263320282
-0.5637584319306251
-0.6661653125457729
-0.6233602126118559
-0.6315895163943183
-0.5795172389856039
-0.5524723439952158
-0.5247513336764101
-0.5536362657212786
-0.464123641416772
-0.46788989822405413
-0.4400728585367384
-0.4219059231210026
-0.40069485741343974
-0.34685314794925287
-0.2897444932303599
-0.2983748457991779
-0.32192933257828027
-0.32339039872585545
-0.4364928330532666
-0.3808650608379914
-0.3837270047271132
-0.39978085785831013
-0.34397033301647145
-0.4736181153100522
-0.5336459125732106
-0.5504584645660566
-0.5939763450510721
-0.547465809058486
-0.46389498274846885
-0.30394164475854457
-0.3226421092030928
-0.3239971076362936
-0.3030489507457755
-0.24185180707766804
-0.22184652387599849
-0.36937156689856665
-0.34774486341983746
-0.3901352452476232
-0.3662879119304843
-0.4732363763861901
-0.5306023519239175
-0.4957604435751828
-0.4779077777965373
-0.3976945159539353
-0.4193035870342692
-0.45914045432389894
-0.48641745505794737
-0.5089861989473475
-0.5464696911283128
-0.5221352826226828
-0.5112004894556554
-0.459765662381127
-0.48762088229956435
-0.4937093255191646
-0.5227972830434063
-0.41700717601771564
-0.37633620060371026
-0.4485018854398714
-0.40091734744021745
-0.40753770926958277
-0.44822723824306404
-0.5371236566645253
-0.5784013590042038
-0.5501744583310075
-0.5184687847381799
-0.5296107666270187
-0.5129406315550546
-0.5327549832741577
-0.6225361940086969
-0.6300429410220619
-0.4738675793769941
-0.4800483283672762
-0.6426284125476678
-0.6622074514727474
-0.6634965711847748
-0.6402351474183953
-0.6493631761621452
-0.5151302622757418
-0.5560499242462532
-0.625046142983635
-0.5434852701275441
-0.5662073707749729
-0.5416613107024879
-0.5157629198398501
-0.48977327969474177
-0.45045866496747944
-0.49394509368498835
-0.4919760733570312
-0.5190656864700133
-0.48138195013923774
-0.5423235497921872
-0.5015143523540161
-0.5462992988382424
-0.6224568583248338
-0.510053656033768
-0.5919542326894038
-0.5004702133158587
-0.6362501183802756
-0.60883529473692
-0.5842372241686344
-0.7199710618983949
-0.7316571660250842
-0.6841031214176313
-0.6189591500558624
-0.5567766706640169
-0.4899014001456766
-0.47201086188813834
-0.48739563568988165
-0.47290688147258375
-0.4548477452498388
-0.5055799524422481
-0.5808365200009811
-0.6187057294640248
-0.5640034863616059
-0.6171645795632388
-0.6214782499087668
-0.621486369606929
-0.5839597616197039
-0.6674441203389221
-0.5753908019147159
-0.4917915326133967
-0.4485181880740233
-0.5970175521107797
-0.6522670201007436
-0.5062503257622427
-0.6131719258934496
-0.6340526918028323
-0.5946740333708741
-0.620076849524191
-0.6442303108387065
-0.5537528914812784
-0.508560807977755
-0.43146274673047474
-0.4394764863089284
-0.47939911216661607
-0.44442096035097656
-0.5110213320879705
-0.4912386564616934
-0.5697928133581563
-0.49955403737656867
-0.5608719658312001
-0.6274600023567001
-0.4920595997433977
-0.5945013216827346
-0.6083684908151107
-0.6184904158516881
-0.5181674889508114
-0.5462262010859659
-0.4856251097296726
-0.5068061022679632
-0.5422752181884257
-0.6175755358113872
-0.6016760335688541
-0.7023258916283694
-0.6233029326302877
-0.6446009037250963
-0.6248661310206545
-0.5008376743800426
-0.5234629656846971
-0.6106153561163028
-0.6193900757242206
-0.5924156489796686
-0.5525479086210613
-0.5117921122096205
-0.5797035445974745
-0.5406107860360033
-0.4975335057663938
-0.5355476544049631
-0.6627895642428605
-0.6119452220923589
-0.5244809632568532
-0.4675418603154271
-0.4978776286752313
-0.4260314634720742
-0.40500331322181066
-0.35060020058536867
-0.31709192681234766
-0.3873878705504588
-0.3008873721570171
-0.3942252247007556
-0.4115262191219986
-0.2901999233414974
-0.4608205900579698
-0.535399985153018
-0.5206814656827559
-0.4359065299704562
-0.5016477696487484
-0.48636689730063143
-0.5532290770008964
-0.5648701438172181
-0.576648233872065
-0.4902018434244949
-0.5680095242687218
-0.6148760802939371
-0.6857915669236667
-0.5912188239153962
-0.578252670731795
-0.6000056237394019
-0.6649785697431666
-0.5800485660277628
-0.506960140289974
-0.396874443734054
-0.35859404649498094
-0.4006260219375253
-0.24346626044842734
-0.3485691095521965
-0.4244181423996004
-0.41335796961407184
-0.3776523035495438
-0.4642336565634514
-0.4282204552745031
-0.27484602596954094
-0.3276578551659781
-0.3834519405745953
-0.5014681362893467
-0.5099280016544906
-0.4877215154634598
-0.48215856458122536
-0.46262604443089855
-0.4593862253861776
-0.5602765188937323
-0.4931762620668472
-0.5203045733922974
-0.5070324184147238
-0.40667623433000794
-0.44772793466653044
-0.5104102761605863
-0.5005994854903898
-0.3846988288236936
-0.43482219122033
-0.4928135662556551
-0.621276755748383
-0.5941907941201424
-0.7203461240378596
-0.6887352043792254
-0.6454393068087623
-0.6455500806539524
-0.5759740578003786
-0.43837104690796236
-0.4441083961772465
-0.5427261314431902
-0.49485899144363815
-0.46573435247919714
-0.5039607359963431
-0.5385731244126847
-0.4117483463464302
-0.44020365032688624
-0.3707485008297105
-0.4206344043906076
-0.5104167356160677
-0.5508033345815124
-0.6367067583207249
-0.5745661392781034
-0.6160831577347411
-0.5111071466978366
-0.549211666455327
-0.47152026457770657
-0.5114067349294515
-0.4534709266144051
-0.3907729247815069
-0.4146331660866419
-0.41324936364026654
-0.4775307194486894
-0.5470644373752547
-0.5567858481345187
-0.45856935888460576
-0.4238079422867689
-0.34396365857023176
-0.35203829645074874
-0.3261812518947959
-0.35767773624633914
-0.3836850983318981
-0.3767663839094244
-0.3741014455169738
-0.4287214232816046
-0.40815058765977147
-0.35641369353794905
-0.33203750842398916
-0.3835056256710121
-0.38976301471329095
-0.4975011971008819
-0.48208309612982586
-0.4474520210087917
-0.4005497934486481
-0.430417140722824
-0.4953153493597969
-0.5115295222999745
-0.5491845505295269
-0.5945395824324904
-0.55381475474027
-0.4985052802573893
-0.46225794910745155
-0.3963239335344557
-0.5363309625513026
-0.5254813675755996
-0.5658230412649585
-0.5397392039321864
-0.5110397478393267
-0.577293992149589
-0.5191141688156379
-0.6523192817727299
-0.694499897623394
-0.6675070310423789
-0.5676091399605645
-0.4665274603319187
-0.4617500911256112
-0.5199586927150388
-0.5713618834197174
-0.5693238100678862
-0.5442974827396516
-0.5618738561969728
-0.5656824246554882
-0.6412389650475772
-0.6580572954138473
-0.6891099794352266
-0.6181418019697815
-0.5564791420278702
-0.5989888929466417
-0.6143470247021322
-0.4911624826071166
-0.5175524585969467
-0.5294237396642952
-0.5887625393509179
-0.63719066620411
-0.5747290195182999
-0.4976501458907167
-0.5243819282289146
-0.5871120696320383
-0.6249052712035194
-0.5695008157024408
-0.5707897684551055
-0.47862276270286574
-0.468609945294188
-0.5756365428515003
-0.5821474691776086
-0.5365241930004716
-0.47261721539834295
-0.4915742159038318
-0.5176367119081388
-0.42779693323923595
-0.4021012628589002
-0.46447470154342924
-0.3804641113683841
-0.3995583370764556
-0.36467345073155405
-0.39494197369832346
-0.35501981464640686
-0.39897409396506883
-0.4186554012204791
-0.47720058529515497
-0.5945532578182515
-0.6210846489427985
-0.5349244464114262
-0.6352050396097828
-0.571132641390832
-0.5744338913778412
-0.5754944874144159
-0.5840823793828114
-0.5908641117492651
-0.5618438949315581
-0.5921542242069758
-0.6111733341294464
-0.5681371504340043
-0.680564298442248
-0.6358004376603681
-0.694597771893123
-0.62080745217751
-0.6196181019586934
-0.6515283649771499
-0.6245154301199053
-0.5391343823872492
-0.5613803807141315
-0.6721198373167687
-0.6783866198999499
-0.6223068077315516
-0.6001124125618782
-0.5608992908361838
-0.6049686567076936
-0.5759019097135101
-0.5291897569697578
-0.5386309629172044
-0.5911992713027834
-0.5800547426290518
-0.509977569146027
-0.48006028852497257
-0.5936754011379574
-0.6132224146878074
-0.5594832656670929
-0.6096127897255437
-0.5404574906651085
-0.5873632310330159
-0.5882979456650114
-0.5289861700983478
-0.6561112333566302
-0.6907659490142747
-0.6684579788793465
-0.6373318739774241
-0.5608603949257256
-0.5228393116141412
-0.6484842249390694
-0.5382229762898583
-0.5352050993089179
-0.5678428311098113
-0.6181256413653375
-0.5797868982831618
-0.5360577131467937
-0.49679532056860365
-0.5782609140840235
-0.5894313186489616
-0.6128112866303358
-0.5845749598640027
-0.6431357752815623
-0.5667681167956448
-0.6169194919674224
-0.5917423901126875
-0.6358494846014725
-0.6631805540114442
-0.611386308238242
-0.5975440276557645
-0.5885621277109254
-0.5989700810071152
-0.60064870262936
-0.614734651394343
-0.6212340371677855
-0.6714758975392564
-0.639267320416471
-0.6129365653857516
-0.5047881432553647
-0.5288135220691589
-0.5109144783365711
-0.49446571954762775
-0.46634414825144016
-0.4743090417268618
-0.5465870642135523
-0.4984861152698026
-0.467732584592046
-0.5502721959659135
-0.5633046009908496
-0.5695555462925002
-0.5154148713430796
-0.45767703100540374
-0.5379839337278375
-0.4988710188211291
-0.5967308321221109
-0.5282139036860553
-0.5893629427247138
-0.49746088608987565
-0.5380537424889381
-0.5345329358625565
-0.5291128839232504
-0.4906520995159255
-0.4992674540105574
-0.5457931442952269
-0.5390659871978825
-0.49406392571335833
-0.622354306828266
-0.6543890801642159
-0.6493572416298203
-0.5240223850878002
-0.6392349307877387
-0.5652001264146655
-0.5447965478937455
-0.5438680974172706
-0.5503805798538679
-0.5635616674463889
-0.6162104915368957
-0.6207806648840277
-0.621305548285276
-0.6342140327777268
-0.6798622508978752
-0.5692950415069871
-0.5462170080662001
-0.581471448689841
-0.5610421967099095
-0.5933903985837783
-0.5760548055508039
-0.7276879763278359
-0.7168269095123917
-0.6579179202926739
-0.6266990152987091
-0.6255857304298091
-0.6172260708103784
-0.554054735930364
-0.4819937974527751
-0.6193745261336976
-0.6139367984038947
-0.6022368886463078
-0.5844844372542984
-0.549288169857591
-0.48562644223484414
-0.5573039001365292
-0.5732559034478593
-0.6263461367687831
-0.6210899944896221
-0.568454781357218
-0.5917144549276119
-0.6114573906563294
-0.6571660967757277
-0.5976324154983739
-0.5079520579410884
-0.5663128384275397
-0.535375251745066
-0.5926539065660498
-0.564817672181436
-0.5426943822867945
-0.5583013252334037
-0.5519142333452862
-0.5419956613093436
-0.570818344436437
-0.545421437059707
-0.47419884468649287
-0.540875616262924
-0.5154602732710083
-0.5928437248145221
-0.6720017251208775
-0.6179815007702044
-0.6011229653842622
-0.6095170011559149
-0.5881031293399497
-0.5631353433678002
-0.5396503096713021
-0.6339371874427953
-0.57513385358082
-0.5662173704620557
-0.5521439123880205
-0.4861355790263445
-0.4870389910563095
-0.5711606431274469
-0.5095883670190324
-0.5252420335035469
-0.5482666268545453
-0.5107070084149867
-0.5947628533053382
-0.6749911901663874
-0.6038277862159945
-0.4865343382739522
-0.44505482953369335
-0.5227858709986679
-0.5627571983565878
-0.567521970534054
-0.45340026957147983
-0.4436834753847502
-0.3896181306865786
-0.416113103387761
-0.4322319292939216
-0.5463715512514232
-0.4495341550347495
-0.4717682372897987
-0.4129200327970405
-0.3903835439767753
-0.3248876104690462
-0.33301503507176283
-0.3383533486512182
-0.3885619124219814
-0.4269818335181293
-0.5457623099555946
-0.6049102876327999
-0.5877429311647006
-0.6066552638601584
-0.6786991356703367
-0.652047114329868
-0.5139931833419432
-0.611220154664441
-0.6596433110612838
-0.6038820434128993
-0.619291126239831
-0.6096292850928107
-0.6529645486561197
-0.6066928317106445
-0.5820383195758682
-0.529596066461528
-0.46447675089774987
-0.39230344431457786
-0.43326080959958396
-0.5132494013873483
-0.5918009882905262
-0.6071083386058018
-0.5164530353944539
-0.5766735102022845
-0.45010502521312495
-0.5489913323601416
-0.624514034046114
-0.6284592975156191
-0.6007538428559016
-0.5642134260900878
-0.5301929244241332
-0.477108111699418
-0.512288352774571
-0.5798612747250057
-0.5795906148621967
-0.6014435931306825
-0.5900285370192979
-0.5226115033875082
-0.7158896808892985
-0.6498929541541275
-0.6605064367079673
-0.689179240550639
-0.6650364291867935
-0.6342855242315408
-0.5478954571676676
-0.6137630036964293
-0.5473218895100692
-0.6643282011900262
-0.6410249358813541
-0.6651305873929954
-0.5949555148802148
-0.6132803735056327
-0.6197770072097271
-0.6261244637932522
-0.5205122332860427
-0.4233944187685561
-0.38537521746653053
-0.4461874080690215
-0.34381219416126346
-0.3328696692302001
-0.3222857628911537
-0.3227367307253093
-0.3924038202059702
-0.4310673291621863
-0.5151217247688971
-0.540762057211278
-0.5126439048628745
-0.41980612912837323
-0.5454582973346761
-0.4837945827279438
-0.49184515784008226
-0.3017960157680712
-0.29361439486697927
-0.26346404231938053
-0.2873397741865004
-0.3048852718841333
-0.3059691729906059
-0.2738165208309556
-0.3969896521212891
-0.4981827924501281
-0.444987609001259
-0.4432681974456111
-0.42529786349894283
-0.5006680364395208
-0.5376827554062492
-0.48901930440818847
-0.48860479537029244
-0.5520167822916414
-0.542690656943884
-0.6053995893103621
-0.5587563416240128
-0.692070550102761
-0.6607802677720523
-0.6184525328430845
-0.715280308324297
-0.5308967654057009
-0.6133488570485182
-0.6310734962774427
-0.6479626908953402
-0.6642797742941707
-0.6297687191712891
-0.643012523488813
-0.4963530596067277
-0.528463722219275
-0.49413977293921457
-0.4995339259658614
-0.6375211638910475
-0.47997315171067373
-0.560137982063764
-0.45230960355473754
-0.495933023421436
-0.5115011091788604
-0.6119103890983199
-0.6315972875309965
-0.6518248747434265
-0.6651079590655817
-0.6372865377733397
-0.6545252722737706
-0.5957955084802417
-0.6283185038958969
-0.6101544570900997
-0.48471773263368945
-0.5528501363823847
-0.6268048569348607
-0.575435214256165
-0.5986997702716086
-0.5741298123758329
-0.5578092032391029
-0.4067254904953295
-0.36690695642679366
-0.3873273342260627
-0.3991033856356038
-0.4288896609739987
-0.481285739274761
-0.5440453351258463
-0.55619334114794
-0.5013075699630959
-0.5078977387731672
-0.4350070750338498
-0.4722545895393183
-0.3958853666570006
-0.41071811104978445
-0.4930838946903837
-0.3895164335820278
-0.373102816744602
-0.37591922919787746
-0.4348732199992928
-0.4492078580583221
-0.5001711372516453
-0.5002842854693624
-0.5164571965030874
-0.6346671426797499
-0.5376011996454625
-0.5463122665309146
-0.5693573372476196
-0.5822243511913339
-0.5496342864847774
-0.49592724918067765
-0.5415871736036107
-0.6395152018446608
-0.6050255547118406
-0.6406857398517787
-0.5406279076375479
-0.5702472934001224
-0.6551332474728453
-0.5625592381868902
-0.542074650732454
-0.5534136628469086
-0.5499153174367093
-0.5817651834165761
-0.48761724534256046
-0.5582074926004308
-0.5004121362563777
-0.540513279681203
-0.4805967789239834
-0.5133180152860015
-0.5511106214360728
-0.5769950869861145
-0.4678955381673078
-0.47219420046653926
-0.4995799609043086
-0.5043149228150829
-0.48817533111959005
-0.5741218482118153
-0.6039510146860585
-0.5585416925806759
-0.5971753347602743
-0.6198297417401556
-0.5159266326554893
-0.6339353664501628
-0.5846467615542341
-0.6154890769905074
-0.6290371635474459
-0.6415571641827553
-0.5559638414099415
-0.5560658555132638
-0.5815926309051865
-0.6131808261923071
-0.5747026325967668
-0.5115185617938961
-0.4659795008979824
-0.36175667267127615
-0.4871627391329446
-0.4244562049255485
-0.44730886416955185
-0.47188236396266675
-0.3922043665250433
-0.4179697279609939
-0.5113974131245077
-0.4653959922288009
-0.49681678528798834
-0.43600564895869337
-0.3857411233871774
-0.37262244701088826
-0.49372522016982967
-0.550556302255284
-0.5296554419681795
-0.4878685051443672
-0.4819259052243961
-0.5301840268238914
-0.6045612770705865
-0.4578934865121425
-0.4343846443434498
-0.4062258715874107
-0.41023587385542476
-0.4178265881750603
-0.399074882661849
-0.3822329185120577
-0.3902683363882362
-0.39706547311232687
-0.4983220608816594
-0.5872750360330645
-0.6110303859192902
-0.6023211784629396
-0.5190329179348857
-0.6068748789581973
-0.6605437216203708
-0.6167302887694757
-0.6143492702700614
-0.6513666671871835
-0.672755622764344
-0.5823659519427347
-0.6234747842711041
-0.5856207575186729
-0.6136956053252205
-0.648889264631396
-0.6930803860293351
-0.6214379097476039
-0.6189732373548501
-0.6550690070207154
-0.6584621770634046
-0.58955673719129
-0.5343511046526024
-0.5129366515307422
-0.45796959948682997
-0.5947219451801571
-0.6212376944398321
-0.7140010807092894
-0.6625259825808434
-0.6774491425662957
-0.5677875738830597
-0.5261802843682092
-0.49277913429808345
-0.5309619674223689
-0.45015454329825433
-0.5487997085185181
-0.5567830377609663
-0.6538335756483911
-0.5995715234354297
-0.5477460057992072
-0.6252387742639929
-0.6398770423859533
-0.5845094318109616
-0.5632482264278627
-0.5063813210626992
-0.5585088348634197
-0.6151807000725042
-0.6928782664832236
-0.6658637287012995
-0.5899290678580719
-0.5242628042475247
-0.5054223743802088
-0.5189661165643955
-0.5579166315687849
-0.5101625620211094
-0.4614822777693418
-0.38076940625993383
-0.3806957437132948
-0.45192815656529434
-0.5137641199808912
-0.46881339033168823
-0.4436534308778001
-0.5465856180962825
-0.5306695456374704
-0.4598930704009655
-0.4869401361879728
-0.3869459837463474
-0.4601961891470607
-0.45189824212766866
-0.48860688040238676
-0.45219873902847874
-0.46577452502765776
-0.4979062824221079
-0.4472781209320961
-0.42194227896977216
-0.3417509028262317
-0.36201035039041757
-0.34885954241988854
-0.4262947969387477
-0.49036989887949767
-0.47750500918474775
-0.545721962207037
-0.5486907518387403
-0.4904584759149911
-0.45752730888382936
-0.5340913719744249
-0.516769337984854
-0.5451191291595149
-0.610253573055637
-0.5765755968643806
-0.542295360361856
-0.5319322022929246
-0.4820851157583803
-0.4788266830939795
-0.4767907979966931
-0.5720245802301434
-0.5840036909737855
-0.5293235193191486
-0.583618241478468
-0.4567184677839275
-0.3797032357680174
-0.34727438763637447
-0.43935521715850495
-0.4391405520293841
-0.4672844369236117
-0.5073166569951308
-0.5112324313319168
-0.6278972482467279
-0.634456754071401
-0.6230005863555895
-0.6448959397545265
-0.5883862371580902
-0.5262049289440618
-0.5403099364361181
-0.5858517082917989
-0.6593771600416547
-0.625653381801549
-0.5387725880071863
-0.5788934758932174
-0.5421936366693932
-0.5580877196477747
-0.5549855286783513
-0.5182508203748049
-0.5950483522184997
-0.45600779570796024
-0.4587550360930162
-0.5283596292413536
-0.5452181630250947
-0.5346490884329448
-0.5939495045347799
-0.6156501550327231
-0.6267040216590705
-0.5935842171332552
-0.6650142389097362
-0.6053301333984425
-0.6194962062008316
-0.5544794768974864
-0.5895446224391232
-0.615201317607011
-0.5473376148927346
-0.6679837153170406
-0.6431597587790336
-0.5670256875522038
-0.6233005179725468
-0.6236895174261526
-0.6611911292481456
-0.6866532918789304
-0.6699560422687494
-0.5716398124105463
-0.538834104536936
-0.5881576702919087
-0.5769893185033149
-0.586841168020999
-0.5504083679397624
-0.5365438023621468
-0.4770341469671664
-0.5082164127001048
-0.5999913443269962
-0.6240662575311636
-0.5961711370132061
-0.5311725860682407
-0.5483861601022444
-0.5336773554169985
-0.5556490804007918
-0.590225059575368
-0.5266433821531494
-0.5897426907557743
-0.5221959289574618
-0.4967282207242527
-0.6135153421267279
-0.6688184638717904
-0.6735612229917616
-0.5801588281439101
-0.5484691037627247
-0.5257611181834105
-0.5551471459263304
-0.6239014051954376
-0.628606827301947
-0.5173635406282961
-0.5447355917039002
-0.5473181879904074
-0.5432182141811666
-0.5927338237554314
-0.5438570884050898
-0.5454000374355834
-0.5460764701480444
-0.5155865671269306
-0.4684018071861108
-0.3906831523700161
-0.36985924665458597
-0.38115361983438506
-0.33686067356773414
-0.38693206309509215
-0.305868046844814
-0.36690495032156195
-0.557529081416731
-0.5340834650575492
-0.5830600005307669
-0.5118762476845796
-0.5366196248535132
-0.5368431305128559
-0.5464376346198604
-0.5412718647424446
-0.5079061799868032
-0.5124136757485448
-0.5518987686916217
-0.4293787565436836
-0.43346403700979064
-0.4522185953260847
-0.41221893478945554
-0.45668981359553307
-0.484204630877
-0.6094064151873612
-0.5505802485268586
-0.5710372402092163
-0.48944345847841814
-0.46639793018147196
-0.5624902766583295
-0.5107746843642579
-0.5127491648859518
-0.4767542059631316
-0.5397820425197682
-0.5879900320450279
-0.5300046879810891
-0.451838358482821
-0.43018024280415856
-0.45891122392304556
-0.4238764855789766
-0.539033796992436
-0.5773151590310297
-0.5665787842803557
-0.5366159688456269
-0.4402111291275221
-0.4024082196306771
-0.42550619398214995
-0.5615277069451257
-0.4382195801853153
-0.3867190285667514
-0.36136372056399363
-0.38259295442025665
-0.25005428778800054
-0.2524953602389294
-0.37355577539548257
-0.3957570914133187
-0.42066900400911905
-0.5160757109664044
-0.4893918093002759
-0.5160228604410213
-0.44277122662779617
-0.5016920784916007
-0.5098133571274135
-0.4954597973920754
-0.549520024473192
-0.6015747722127401
-0.5637868785552704
-0.6611269620354508
-0.6266796139708993
-0.6023007521700565
-0.6343673944925117
-0.6275070357680771
-0.6337809645662065
-0.5463564063179298
-0.48896352889427463
-0.5153492741981174
-0.47986958694824755
-0.4940176229413998
-0.48101766878562535
-0.48894366947149126
-0.5017024610236704
-0.4319962343784224
-0.425152615587363
-0.403167476897746
-0.40943210199138064
-0.5495990243671588
-0.5037346313435491
-0.6319001657041708
-0.5657302648093349
-0.5655751451606574
-0.557275614096026
-0.560511449852032
-0.6138116523397164
-0.5108378614861289
-0.49067501049433604
-0.6116344623763132
-0.5711220289581251
-0.5971658921123707
-0.5230626489927666
-0.5158957279651095
-0.5236087133849695
-0.5262789736131277
-0.6171355122503677
-0.6333603860910523
-0.555061771201601
-0.4616090259823268
-0.49927729739875815
-0.44179022815222047
-0.46645075843576383
-0.46171006465614656
-0.35414661963886995
-0.3094335806525194
-0.25941368189236746
-0.29821068253811495
-0.26049874208556956
-0.2778184860772897
-0.3351273789211321
-0.33429052797528214
-0.27079443792318475
-0.2788173734026885
-0.28772102256717497
-0.3882735332850067
-0.4149750056039688
-0.5258488153011337
-0.600038511181762
-0.5846940011175267
-0.589198225372735
-0.6483593870412595
-0.6221623178316558
-0.673377216241661
-0.5527141123453453
-0.5962848719556437
-0.49972406477439607
-0.5829331986283944
-0.5660371256982122
-0.6682111911427163
-0.6397577992180037
-0.6440677743180835
-0.6418756631047715
-0.556184233354748
-0.5770949830637425
-0.5768955134997713
-0.5184740676761758
-0.4761791765718871
-0.4225954848757823
-0.5108234911747813
-0.6224365158965808
-0.5986694525589235
-0.5863458072909452
-0.557233081656018
-0.6474458361311699
-0.6104016843642717
-0.5767883637154703
-0.6271094821576745
-0.6063063637870063
-0.4690146334369514
-0.4333303231797549
-0.5465288158473639
-0.5386281396662715
-0.5560562199140704
-0.6410161267598787
-0.5849735552299975
-0.5147300785073776
-0.4711379046341855
-0.5521078824793119
-0.5877736304096379
-0.5592485256266679
-0.5710580953171066
-0.6016705082140411
-0.6345390366253213
-0.6253860743104536
-0.6186496159985654
-0.6833142585674903
-0.6764976766328764
-0.6077389933820384
-0.6888141304519124
-0.6484233061629481
-0.6683620781267738
-0.6133974348965435
-0.5946285697396472
-0.5783362433620591
-0.5643693179435869
-0.5757755484677543
-0.5189632178826372
-0.571625501257645
-0.6135443387391034
-0.547712404379507
-0.4672931682574812
-0.4373195567420951
-0.4844577669787094
-0.4724827871577166
-0.4184076996325883
-0.41843058150991186
-0.5104512146032277
-0.5398677434831821
-0.6237018899541844
-0.6324665762440218
-0.608058002615977
-0.511717750462395
-0.5090824810803001
-0.4827348863377115
-0.4294851631311817
-0.4241825807469737
-0.43097604873768514
-0.5396451974106962
-0.6272761376302343
-0.6404301335209712
-0.5110976475153562
-0.5314046607627473
-0.5452005449036135
-0.5653794555820795
-0.5848659892317379
-0.6204511850340584
-0.6491480832570357
-0.6122441269180273
-0.7205869217678401
-0.6292083446053024
-0.6184987022460897
-0.6485136064972477
-0.6082973806209201
-0.6451632911765736
-0.6521967861271469
-0.6563329589233811
-0.5918442152760275
-0.5842815165587346
-0.5398016584782995
-0.6424237017045762
-0.6557971086155334
-0.5957833113840397
-0.5443580812784056
-0.530682970561565
-0.6412036821768284
-0.6202398818003734
-0.6054541364212169
-0.5606283745834493
-0.6840508969639414
-0.5342786299286095
-0.4432865437721908
-0.5399381117796752
-0.4829080631249648
-0.5492964350584861
-0.5018519771629952
-0.44790502231917084
-0.5115597922565909
-0.4168903765138567
-0.43045750361388163
-0.490798857471097
-0.596453102995545
-0.4834634369705304
-0.5032291188378457
-0.5223146708076087
-0.394809794519061
-0.45944563666585686
-0.4488143969310714
-0.5712780579203782
-0.5427296601538865
-0.6075935126608589
-0.6201406951789316
-0.5738692406611732
-0.5697366859017027
-0.5515529153057335
-0.5229078098787456
-0.6107110244889894
-0.5484756590762729
-0.6025132323691812
-0.573109331610655
-0.6324579194175117
-0.6703908660920982
-0.6638010412338684
-0.699168421099016
-0.5901641554059079
-0.6146929042975187
-0.568841742339983
-0.5445131704514504
-0.5672418932638529
-0.5476269157964858
-0.5156211890095489
-0.5900578944962476
-0.583745979202278
-0.5849095726097719
-0.460102238997808
-0.5229371636040718
-0.49575236859027794
-0.5764688123624186
-0.6260958839527277
-0.6531529871231735
-0.6522079849381047
-0.6574230215084848
-0.6370448818842164
-0.6846542940772978
-0.7090373237532548
-0.6653098936458688
-0.6355998446552932
-0.5835009151417423
-0.5062454766063484
-0.49157657002922245
-0.4612898943742763
-0.5786583150077392
-0.5093358104571124
-0.5812410566155698
-0.5361326388978361
-0.5770530081553795
-0.6421938003317595
-0.501447056876789
-0.5308963521481083
-0.566458802274586
-0.5931221736426584
-0.5285580841322127
-0.4597505503090314
-0.46992920399396354
-0.495878038769563
-0.46668513822320734
-0.5847860977558673
-0.5199073453810418
-0.6033176250561323
-0.6353505119654391
-0.566939569057892
-0.5887872581191955
-0.5857528085182648
-0.5573070595743973
-0.5399006786515078
-0.6576589563762252
-0.6764873570652523
-0.6027074061187812
-0.6138656664408153
-0.611087406973002
-0.7142823119695669
-0.6505632994567463
-0.6282564619789425
-0.6828700776430597
-0.7132386671564582
-0.6883551831603006
-0.6631879969498978
-0.623309960496363
-0.5215347539971702
-0.5880321466029343
-0.6060044447145523
-0.6417527065625654
-0.6225186919881869
-0.6300147636262337
-0.6051221363812948
-0.6033020054035496
-0.5864575493552717
-0.5216236739648201
-0.5399541887358885
-0.6204354423458868
-0.5275530925460936
-0.5112794320122068
-0.6155592976436683
-0.664311967010456
-0.592565605744208
-0.5850125513331332
-0.49242729934137264
-0.5132285536085707
-0.5553276209261784
-0.4435384634562766
-0.4299830736826224
-0.5852442350857074
-0.5963603985576806
-0.5584126681632107
-0.5956632067935588
-0.5270168183986303
-0.5702393781022217
-0.5776820969588727
-0.5763224324623164
-0.5596717874035604
-0.5357308571907856
-0.5503308316136588
-0.6064641699011228
-0.5939054617592823
-0.566812755727615
-0.5202352978209187
-0.47268579082507334
-0.5971232721916824
-0.5014705028944754
-0.44071599347890866
-0.5548980745424167
-0.643211503250282
-0.5536455712104217
-0.5498011621718412
-0.5638446810076689
-0.5710798031729194
-0.5599559896880857
-0.5934087641722596
-0.6381177605108883
-0.6642927505956105
-0.5685132298556808
-0.5436301214363812
-0.5951317416636119
-0.5639820550522676
-0.4983775344933776
-0.43358216786753057
-0.39280011355800104
-0.5643504971206623
-0.5471277850020674
-0.46475309458026254
-0.37744156818819097
-0.41278221172529317
-0.40958731102589874
-0.3785797729073415
-0.45521511611351784
-0.4268581131822977
-0.4714348671695094
-0.47373652651398357
-0.47443773684513907
-0.33076956277508485
-0.3382560018286864
-0.4590013936799072
-0.4602100161729833
-0.5083367651247511
-0.5971092473442519
-0.6199727156156735
-0.4938165958094175
-0.6020927543797259
-0.5850392429154284
-0.5230396633854631
-0.5433591339914934
-0.5839840795504592
-0.6182731221288351
-0.5712066620470588
-0.5405974829369089
-0.512422500797333
-0.6343981461136972
-0.6975289374577158
-0.532949342242776
-0.553482829977138
-0.6242390784994509
-0.5183589762917544
-0.47826413790923983
-0.5878633604112942
-0.5456488429819439
-0.5842405087283428
-0.5707927540315583
-0.5947949283410392
-0.5896803850035112
-0.6216766519544797
-0.6817047235429544
-0.710814931128214
-0.7157706634143502
-0.6497198516541258
-0.62861071844146
-0.6476768350769687
-0.5227449991674346
-0.5071782174007429
-0.5105449809194366
-0.3726342407532721
-0.46764448681760373
-0.46115193704367025
-0.4899587517157231
-0.4709924778056899
-0.41896140284996136
-0.4066120333333728
-0.47807948346624346
-0.5832095239107604
-0.5688080020329979
-0.5327620638289379
-0.6428956388260508
-0.5826703566666589
-0.4848915740633402
-0.504965766967129
-0.5409934565905902
-0.6125494030084578
-0.7031334948391269
-0.6737621861614098
-0.6942983251482884
-0.6297335881321094
-0.6003481093696372
-0.5786947818231237
-0.620806746739115
-0.5964740737644911
-0.5957602167726959
-0.5205755156292693
-0.5126935736128481
-0.6026686221550321
-0.5933745669836884
-0.5084370563505997
-0.43511807318524776
-0.45045583588607896
-0.495494559093761
-0.5451317151325975
-0.5452382117746947
-0.527839645836203
-0.5809008695669033
-0.6400091025144778
-0.6313877700263109
-0.6865553008207285
-0.5979513702806603
-0.5335657286628631
-0.5427367548995965
-0.5051564722038006
-0.5120734532120073
-0.6094567309781734
-0.6012487093320219
-0.7037849433139812
-0.676161266655243
-0.568308342528888
-0.6475895502994508
-0.6689343826497269
-0.540068162126809
-0.4229870306003076
-0.43876306617436767
-0.4478463730200009
-0.4690257894725721
-0.5540569234651832
-0.49552854711697947
-0.49067668517871277
-0.46926006871634646
-0.5393890709695323
-0.5497238419315957
-0.5648069430241099
-0.5068740501639839
-0.4579627292645479
-0.3837020395354091
-0.3699221234034163
-0.42290410188984284
-0.36415236287496267
-0.4272915773297052
-0.4990199688532233
-0.46715310232092644
-0.4840412379162615
-0.5045262531728394
-0.4371766701107413
-0.5135431493298181
-0.5336247813914872
-0.5783722589891729
-0.500381005927248
-0.5913447099185212
-0.632014242410566
-0.6594731600706897
-0.5502936338492158
-0.5166334145656363
-0.6148492609037781
-0.589252401519857
-0.595330175121212
-0.6054232029327452
-0.6113377757415276
-0.6251338034870274
-0.6063421021574457
-0.5985671249146812
-0.5850890446646185
-0.6089609325659366
-0.5450787826088178
-0.5805940325243415
-0.6380709366207783
-0.6828244562982191
-0.651156012861942
-0.667306770939361
-0.6338617459846453
-0.649537205237939
-0.5802172007423454
-0.649087872634731
-0.504999603524408
-0.5503629660276979
-0.5616999780639369
-0.6389401901738594
-0.710024946529568
-0.6962574916144422
-0.6677092108061605
-0.5429876302830812
-0.5482811109383492
-0.47880998924031437
-0.4382318724942028
-0.43033846806124076
-0.4093069545153171
-0.33854398584137213
-0.4123986580203022
-0.418267329217778
-0.3235884754530561
-0.32651478231341236
-0.2762057397839987
-0.2651675541063596
-0.2974815781734882
-0.3203612054943432
-0.17342316870945063
-0.24874556845433976
-0.3366166688726523
-0.42984981310976084
-0.4439668552915743
-0.4293973971899738
-0.48922946143996293
-0.48992931112267524
-0.5071367573657937
-0.5083390749261023
-0.5624177704541523
-0.5881217955800931
-0.5340243455449503
-0.4736911061179883
-0.5384455189338266
-0.49660463781082675
-0.49206585704393246
-0.4493397336351061
-0.5125368693625559
-0.5505556335808898
-0.5493702432767592
-0.4592620174321674
-0.420469558327774
-0.397835760622905
-0.4183544267971259
-0.5248106226779174
-0.5321340663606278
-0.47625667202635497
-0.4905272012048566
-0.5012095891725988
-0.49076335006136407
-0.5326943549738243
-0.5210599891055051
-0.5995713088857701
-0.5760618412002597
-0.5798012815287028
-0.4542904204372846
-0.4269202380282072
-0.5207187078823335
-0.6418798551266415
-0.5755358708890426
-0.6574268244401533
-0.646143127116729
-0.6580620926976516
-0.6243763728720251
-0.48678336707877456
-0.4789505770277276
-0.5706005321613666
-0.5427851549855274
-0.5707754155473219
-0.5885458113254844
-0.5702633101160769
-0.6818644603589483
-0.6803693571807329
-0.6665696698095585
-0.696367334627851
-0.6991337477387487
-0.5588368724685575
-0.5153166281560508
-0.6360974146791089
-0.6970327456001056
-0.6335348133532734
-0.5642121189011216
-0.468481058569055
-0.47815331123547156
-0.4583422641832222
-0.5322120488382451
-0.5033691623277663
-0.5188285472062537
-0.5152836231285403
-0.480439863175228
-0.6271949718892927
-0.584187175382508
-0.5322382549741025
-0.47226465722312766
-0.6072641628185546
-0.6739145600314898
-0.6098755371182973
-0.6069340661279738
-0.603193499310615
-0.5650501516137967
-0.5186945296052405
-0.5248513840816617
-0.4833935714971696
-0.4864272739040633
-0.39157786809401474
-0.37844458108838136
-0.42487093487717903
-0.3443610568147113
-0.4334431625199466
-0.4664011912818298
-0.43665780547207383
-0.49588590330502164
-0.5146867840984798
-0.4937255058720347
-0.5198918541968496
-0.5084884235236086
-0.4503890668983984
-0.4395446980138263
-0.5454284682483839
-0.557904414021816
-0.5895636576661727
-0.5423359402478076
-0.6511738301264315
-0.5459869950406082
-0.4855697452428274
-0.5792825047536255
-0.5741406624690764
-0.4709425021642071
-0.47501378933692123
-0.4636620732693232
-0.38319526585113767
-0.4334043513931818
-0.5004084489728071
-0.6109293659178249
-0.594840783309601
-0.6034078930574087
-0.6006093578224477
-0.5769608548504684
-0.6257005534477259
-0.6345470058246552
-0.5814348205898342
-0.7127286542808843
-0.6780624538360377
-0.6554724821126281
-0.6113962153003583
-0.5301109743538774
-0.5979098565395694
-0.4479748504137585
-0.5200176993516353
-0.49448538022102184
-0.4562752906962134
-0.4032986527294533
-0.4388433197499
-0.4713402636212498
-0.5487099351427512
-0.40383480927871523
-0.45137139761718514
-0.44625896169605683
-0.48005958629261475
-0.37970757741151917
-0.40641578561928027
-0.45904236312632785
-0.5464843718746079
-0.42561342746740355
-0.6133871338291678
-0.4947331295059505
-0.44960269169008543
-0.5214876445035129
-0.4941236872608243
-0.5077734433624658
-0.5112985403562362
-0.5284987628737952
-0.48937149012690445
-0.5728793758995235
-0.5546698028542718
-0.6089444348576533
-0.545287272273003
-0.6062757716467868
-0.5774415396540887
-0.44733899307499125
-0.5084405284192137
-0.5705542513113147
-0.5991511699459448
-0.5477953318492462
-0.533591567448827
-0.5191335014745149
-0.5891172002037985
-0.49789590043206194
-0.4309470976728538
-0.4339587718784521
-0.4700086553897251
-0.398908605277849
-0.40333011019883014
-0.46417148978630085
-0.3839797609374817
-0.31515101043227767
-0.3896364899824043
-0.3994694987778043
-0.413783654711513
-0.443232471162262
-0.3820755208663725
-0.4756660641562911
-0.5535219149484637
-0.5696989893291147
-0.4658841226003206
-0.39413393417710624
-0.45842903178071376
-0.4441241058869691
-0.43670435507027094
-0.3195432768946269
-0.46642216557373
-0.42805640610588624
-0.414997273791014
-0.36271861129481664
-0.44125927299011913
-0.4192437496799661
-0.37457082590407764
-0.4664646373188164
-0.5369403662090964
-0.5153117509142481
-0.5802267875673099
-0.4570146485844862
-0.5572012266107673
-0.6572287266435003
-0.6226445635580607
-0.5626888018466569
-0.5354752618952788
-0.5114599322394962
-0.4574290658225401
-0.46173825795291024
-0.47394962929455203
-0.5169667270684795
-0.6213074775429255
-0.5481745706426799
-0.6281190522998328
-0.5593639439392357
-0.514291968769122
-0.5192674089424145
-0.6347780326296736
-0.5899809327535832
-0.5531766293310032
-0.5653270683274659
-0.562985037228523
-0.5089726874316858
-0.41985978820951964
-0.5491769795439576
-0.580402947482062
-0.5467166687156761
-0.6087710107857354
-0.6225756544104212
-0.5873718961784428
-0.5783302699115317
-0.5622701110684785
-0.5600320403831324
-0.5462181939510623
-0.5194193368577209
-0.5567353741705338
-0.6047424858288586
-0.5718507040709818
-0.5348891060527541
-0.4475204563527393
-0.45914188757261015
-0.4055202576355456
-0.518802824518451
-0.5243504042245489
-0.4571685241649006
-0.4936505942918484
-0.5773409963069643
-0.5537341760044074
-0.5707687819957887
-0.6051072624621011
-0.5544716126964816
-0.6402334836074696
-0.7089384727859182
-0.6805500780329534
-0.6308674305877379
-0.6575369715198549
-0.5928844091219797
-0.5934592405837469
-0.589847969595926
-0.6084603291576371
-0.65145664779681
-0.5534289068227309
-0.5933056314262126
-0.5894100453973032
-0.5464476790718885
-0.4650473107342041
-0.5588676289001215
-0.4798206658810866
-0.5204121861140164
-0.5183541524695703
-0.5252129608140006
-0.5334685950561051
-0.6473494363917921
-0.50512364683459
-0.46270032693445806
-0.5182215096019211
-0.5548953268659629
-0.5470900330514281
-0.5313029954285553
-0.6713120511461167
-0.5968838119931738
-0.49521609700984426
-0.4722154984031794
-0.510159996804029
-0.4850031282841465
-0.5186347360059651
-0.5894814310140932
-0.5917480626071606
-0.5271846322936684
-0.5017060906600683
-0.5811448154655591
-0.534361725393425
-0.5553153085440848
-0.5968994716221105
-0.5905147421274708
-0.5927205670493872
-0.6447988267455403
-0.6612527364357305
-0.6059547152456801
-0.5789655304400464
-0.5826598431230593
-0.6142026180222414
-0.5846651707263255
-0.6583835570761045
-0.6370653941881419
-0.5336765482898707
-0.4683047230965087
-0.47885336476566875
-0.5154288262028471
-0.5568321996330376
-0.5833667846734573
-0.534901387181495
-0.5387213551697814
-0.5244395800808992
-0.3922156465341644
-0.3907690217498128
-0.47846679846991164
-0.4955897716927498
-0.40572131616761925
-0.45499646504939295
-0.5154485347024974
-0.50582901805142
-0.5592926628106691
-0.5304970571564396
-0.5434769846148423
-0.5674235490045848
-0.4622134014698381
-0.5861869490006058
-0.5429294776901867
-0.512727091183447
-0.5294077283677783
-0.4241926128421826
-0.3000231571581771
-0.4975450396069065
-0.4483471770278042
-0.6169219930051337
-0.5473930506470216
-0.6241280160758401
-0.6740017649928819
-0.6991996806126236
-0.6068880924725065
-0.6385755048876459
-0.5994840706979906
-0.5983392674458705
-0.6771677260302595
-0.6667112197734212
-0.6811301625355446
-0.6369629202764788
-0.6238455126796492
-0.6118128085697642
-0.5582550151860074
-0.5775088169881124
-0.5814459607880245
-0.4806236380208732
-0.5196633072648321
-0.5130384962207408
-0.4877627084971164
-0.42263333754686955
-0.41931196273681304
-0.5762216395442383
-0.6517787610014164
-0.5164235929550675
-0.4733395398497938
-0.5483270685573691
-0.549167617690082
-0.5440049287124255
-0.6072537723232195
-0.513265858153432
-0.4843024118800356
-0.4413628971247234
-0.41638568291452804
-0.4577248704373852
-0.477775964229491
-0.41773621527569726
-0.37736173232953707
-0.30032948294960243
-0.28781538994263967
-0.3380852118672053
-0.35245612073401894
-0.4161232227229223
-0.536394749164622
-0.5497771803371397
-0.5104428044202253
-0.5642642235851578
-0.548197099131241
-0.5165378747646521
-0.5522924299353971
-0.4546102916568139
-0.448972604635694
-0.5426614233937535
-0.5568133946074229
-0.5892858011077418
-0.6009219382054881
-0.6035580073283225
-0.5495365455104168
-0.4581404403930824
-0.45236478569176425
-0.4914881519988941
-0.4162661321360783
-0.4459620965099868
-0.46613444427725126
-0.4931939729661432
-0.5379986599744024
-0.5836205953050817
-0.4900554743500833
-0.5242672200911328
-0.605466751557784
-0.6167887144925465
