2.3613717244685346
2.394661979179127
2.426389090557862
2.466295718575254
2.5586056088387115
2.487824553159788
2.4596745548067926
2.5015659936354866
2.527951668503954
2.5288374380781935
2.5742100582948693
2.5917424587893105
2.5395594049522767
2.626857798476618
2.678062613276154
2.636071759365674
2.6322340887537914
2.634456888966229
2.6112428948049256
2.6260836472803284
2.575978846563601
2.409700755460684
2.4139529032180507
2.3653095991921553
2.365026327686267
2.4001241918655887
2.433667743258161
2.4484299473976954
2.3800314862954104
2.37461723853539
2.4060710064663176
2.3922642813527784
2.4210085270510935
2.426658922905883
2.4488555332603745
2.3578253517231396
2.4142169907949818
2.451722888163182
2.464976835173013
2.331435511314208
2.3378550023156977
2.3511214086563945
2.3946644679576963
2.3527018235272883
2.397841163150004
2.345301230791114
2.380349152974202
2.4345348251582184
2.518128690727567
2.4686544650526927
2.5287978943913854
2.458721691720636
2.338740928724243
2.316533383808817
2.4468805579460207
2.4548565040922834
2.3325783177292254
2.3845877840444203
2.4737999523845224
2.362615861592098
2.369614213530836
2.351642201513471
2.3431762945956867
2.4351863202976807
2.4394682078841026
2.34471495077002
2.444103126794409
2.3666626128216706
2.3339018868100423
2.387736447058026
2.3802673589134824
2.4292949475155248
2.3411496122267623
2.3257454791102536
2.372368091972295
2.4337943106096414
2.4016358366753945
2.3936756853061905
2.408916718021281
2.459664696725067
2.3931880757135557
2.3052068786845337
2.3323306915565163
2.504827945703652
2.493792709224806
2.416357163553859
2.3667425838249714
2.403389371406817
2.4079984752349373
2.484739060992491
2.4663936553153882
2.4729304322095373
2.3996418145985494
2.450114196231686
2.406107870334935
2.4733320098127884
2.3619058397549386
2.4005821880578266
2.497522738226388
2.3649012593955963
2.3785397105004544
2.440337951959358
2.4578571530945608
2.4629094594967147
2.462599011098177
2.4822199739403112
2.556043236372354
2.528283676339396
2.5702434169221036
2.488235635900282
2.4287925319656387
2.3660928353456065
2.3800342646216177
2.3507370849241047
2.279307036040634
2.2775691476335553
2.3178357229287827
2.3632960836334247
2.444247989365915
2.408866909578755
2.4438884643755974
2.373720150640226
2.404878885017675
2.446080663793885
2.5406299450795435
2.4611309923303644
2.494204172818495
2.446410060842162
2.4071369429588803
2.5121215741005707
2.580126501339835
2.5835895776220053
2.5388500686424393
2.6069256579022047
2.5802160470794653
2.563006929398322
2.551290683806796
2.565916613925338
2.551583586727032
2.5103608159252637
2.448353999105696
2.4121177086454644
2.4559479032201312
2.446454887112045
2.48292598717948
2.565629396663565
2.6394454476383173
2.731284021949951
2.6435580354422497
2.5647793282330786
2.5044257422040817
2.5396238574242695
2.469150904736251
2.484882563508104
2.393793844803936
2.4042189541086714
2.3694510527639325
2.4051995600177123
2.393921740485608
2.3097474746473967
2.366995540678912
2.3507658296235046
2.357965022998733
2.2982169269774686
2.463753773655376
2.4855776039519477
2.544062747003328
2.477608115015531
2.4858153414963065
2.450417046129493
2.4830130205689835
2.4550559752028254
2.517182464992882
2.5915600404796098
2.644860052582136
2.572181555884783
2.585965288883688
2.578589347971841
2.6526536369356917
2.595860782595552
2.5098764811721415
2.6775100743448927
2.607345131261918
2.42985144691419
2.352763974789368
2.3667862775134
2.3474381791042727
2.405310476995827
2.499888850578982
2.405901952743094
2.3984965321579983
2.366640012532452
2.4461705809627654
2.444071237760787
2.4704168042781682
2.491997241199885
2.4772982796804817
2.4271692243253455
2.450581241436389
2.4831436268622586
2.635510954275615
2.691265882508294
2.5694864551724357
2.5503655775635625
2.648781763231159
2.515753781836335
2.512375399766356
2.5317515603302394
2.598776980276472
2.5239473762301277
2.559713458955115
2.5545066761593977
2.466951665825282
2.502538180616038
2.3844885509852984
2.42071558513392
2.5820738211811363
2.6925802516370205
2.534835251470184
2.5096749241158625
2.5184447203723224
2.5376575786656734
2.567996474418571
2.579811645203196
2.4737184971257498
2.376446205195442
2.3540713802318107
2.4591421694311943
2.4426578102147958
2.542915940826585
2.4752920799278297
2.4807771107318657
2.482508973918614
2.463199030875407
2.344796583024498
2.3089648536985656
2.3574613251563403
2.482792856211175
2.5409350524772565
2.4675457633251887
2.62253193194914
2.6452555948183747
2.5415657727394785
2.578701460011918
2.425681682675026
2.3241595637921484
2.4267760253428023
2.4505721253262873
2.509892199058641
2.5595509349947334
2.470754939636155
2.439351626372339
2.5287949562531535
2.4526140107215846
2.4247449889681674
2.47024670059782
2.452453217965975
2.3769407598416437
2.3450186343227153
2.386707833435544
2.3672390615097885
2.504652558938448
2.438792789952226
2.4177955383237038
2.3506508981172587
2.409996733669905
2.502957846995794
2.415320343655006
2.4025430670387085
2.417436118270096
2.4090052700086457
2.4651319106217775
2.4519727430890144
2.506306084965549
2.510842290867754
2.526369156822886
2.631550018900199
2.661854100765781
2.6836623111423177
2.6249377526778184
2.6010385121318067
2.5084312085056535
2.514101580654698
2.5077833112673225
2.4928359691249313
2.496558601308324
2.5684455066840153
2.600648886861284
2.632622787097652
2.65191138525852
2.626153485252878
2.6693221885115888
2.6577478458330663
2.6137881117744657
2.569308963443114
2.51929656681851
2.5354311442227835
2.607573905452129
2.550684823152288
2.6544365903363962
2.5855696660126135
2.550447617542196
2.5079575365826647
2.491606944028505
2.445315876738239
2.4024335601294173
2.4224938723750276
2.408572224617061
2.323373054874929
2.4536489878048457
2.5194465792254883
2.512615720873115
2.5222769872867983
2.530890420468915
2.4496090835048845
2.5314786855250837
2.4755218097064255
2.480638991835499
2.431528835866544
2.4293293396917033
2.491822718969979
2.4787410940927215
2.538119838137426
2.5735206159270385
2.4465797042753348
2.411080661176238
2.489672952306873
2.4622398534366154
2.4326815944878466
2.4044742999630393
2.4538922099287355
2.5015642046660616
2.5123045707883764
2.306026275351331
2.2894017949019383
2.337348568297431
2.4592954031501675
2.384906707613261
2.388489987095855
2.370927600812862
2.40421652465547
2.447412903307005
2.5036086362309655
2.4816225374002445
2.4157309020105715
2.3848397722288026
2.380956601825287
2.515286282700505
2.4830624654504425
2.496584533872183
2.452176662409607
2.3885519267242614
2.381791760122531
2.3618958463735664
2.340590570921671
2.448225871956667
2.440688334989485
2.52725742874559
2.5246578970798192
2.4773538527882666
2.5248747616546003
2.569208463183405
2.5438218743588
2.4576516710185787
2.503633976904489
2.4671657753573646
2.589305728991021
2.6302913329299944
2.4752005731604103
2.5426141306246652
2.48698164520128
2.383010316965552
2.4092629846769174
2.3150888414955713
2.358322732403705
2.39732442729776
2.4132427905850236
2.343232127102025
2.3207099424913507
2.3689522774851506
2.398491455319391
2.41363694119024
2.380238429593535
2.4357115056814345
2.329799597355031
2.3547882126682866
2.2987636313150266
2.2774443414889887
2.327321219518907
2.351176579363216
2.4191947528199482
2.3266499669130702
2.4007541413341085
2.3512857116055366
2.5082715375444447
2.4316766586928016
2.527142024886769
2.4714399822729813
2.500243481147575
2.391560539185993
2.293778637074452
2.3076958370800016
2.4270091492839208
2.360270876169752
2.352902149558939
2.368845784760616
2.38583028007844
2.436687071060665
2.477545890754855
2.448167557115974
2.3585325830889423
2.333328908862189
2.3398484747749504
2.3957014805092087
2.4469240608584095
2.371960494627238
2.377912792625975
2.2760206594691508
2.2603964913894274
2.3098376305804114
2.4190983554463745
2.39627605315712
2.431975725609741
2.2705582186969755
2.381799486101949
2.5270806404784527
2.4824082344712783
2.4391494311142985
2.4235733439020253
2.379943829443078
2.468846696129689
2.462823005116203
2.4825621614179485
2.468595044819498
2.5194912197271826
2.5140811333025495
2.4667781337393917
2.4738824882650143
2.493525268658728
2.5358638998482124
2.5705188706352056
2.4196646810888454
2.4101089687059907
2.420051066703201
2.3669590919966
2.36152215134556
2.3517539981349813
2.3548332415892426
2.353716813449013
2.4100532860054424
2.352667106381624
2.412483765261713
2.4532674832568464
2.434182821989383
2.4657930800285834
2.427574819951415
2.494805373771027
2.5032229425733052
2.513921897121791
2.480261900471561
2.4523433694568118
2.3479428167623495
2.3820652180160318
2.3679221073057155
2.4408714740192443
2.4332960319645163
2.417202784428921
2.371870279428186
2.4876054254076925
2.438330430710371
2.4543158382203156
2.49532151637221
2.4893664240502775
2.506945115800641
2.4219914596200107
2.3635287714461417
2.3149830907085276
2.375135799139193
2.370322764607887
2.3549406878592674
2.390962353539084
2.42936986621071
2.433546061455522
2.425211446398314
2.512610701605551
2.5514380065908844
2.5645577984713737
2.483331508469022
2.5303579454281113
2.568265188625727
2.602077182193667
2.486998137051258
2.5491856908453787
2.5182113926917085
2.585075724895396
2.473617468085327
2.4675059630997533
2.456557082969315
2.489157275921781
2.585890693096402
2.405533182678152
2.4183496141900447
2.320715573832925
2.406017483707678
2.4268274187011323
2.351703592752798
2.367198241767413
2.3672641410210713
2.385317300854062
2.4239548978184167
2.46454865575232
2.4846832763826487
2.3924861377771425
2.376191482396662
2.3441534729308877
2.36583746496206
2.3770407933525437
2.477259147459806
2.4826533003377973
2.362726244400573
2.3133416103863547
2.3453177171797495
2.369048707790642
2.3210153835531777
2.460146854910265
2.444045561397675
2.447825700197918
2.4751278905579066
2.4564014392967417
2.470137450247546
2.4557345414910894
2.3849135994534
2.383264650718175
2.4202916604616855
2.423006803739627
2.4277820453727483
2.3743890896263453
2.43275957805919
2.390516412857321
2.434565560647305
2.4629430679525384
2.49842945957479
2.432533068647408
2.4560738776403928
2.4970137054827792
2.562820834253401
2.557691551199376
2.4887612894680373
2.4809766641770787
2.529180341855839
2.4658344206834495
2.405571072419491
2.3390369193215776
2.31346165417531
2.3385984108368794
2.4875311278383148
2.427159621622868
2.4617347420797473
2.458140732608941
2.4824252080649876
2.5250954173023965
2.5640587185349597
2.558265976574883
2.612513718601288
2.5011454416216363
2.5282054880012814
2.5068283549918573
2.4349292447666637
2.3141148040386814
2.462855985824184
2.390998079264057
2.504760263877528
2.4365235700059236
2.4719443823667313
2.5190761472661523
2.49939133118268
2.380927862767771
2.368975486120525
2.4599362529659445
2.417219360985767
2.487489202688936
2.427411560651563
2.5184625508497533
2.4720450072508546
2.3864804370145136
2.4790452577600663
2.3898650107258073
2.4715182844752066
2.4399841115813268
2.406798151872716
2.351262842170682
2.4498934498917198
2.37395769943478
2.435238280834513
2.412251705654428
2.4250233798838225
2.4003549575736827
2.371670541523824
2.430622146424885
2.5353723146281015
2.3913349227766534
2.433923127038403
2.433834390794634
2.4743898689345847
2.4968511960663866
2.5885814083735057
2.496906054710907
2.4631565603550825
2.4228139564557725
2.4702778551776836
2.4731109328760312
2.3659077987572763
2.29271919224006
2.3514769440143013
2.298396984499049
2.352082230010314
2.3649140595797236
2.382135361616338
2.431135842647005
2.5354110543546073
2.4416698918244513
2.4962953487453072
2.548341019500805
2.486307628906003
2.4431692574791044
2.4316313097868183
2.461248584357567
2.560844965805273
2.5045214852179907
2.4722628761334047
2.494745173189962
2.437802463458047
2.390099750164561
2.362129362212998
2.396959938920318
2.4066525866703854
2.453215449552698
2.4036748855826597
2.421789319293652
2.380531782963938
2.3539468889421835
2.3927340925002962
2.408417636036932
2.4199331310063923
2.3666861668059904
2.2593127746682944
2.2601363990192014
2.342458555372151
2.3309624119087187
2.415557398169777
2.452409035084046
2.2948918010585135
2.3342812410327363
2.4322253381931462
2.3808077898799573
2.4038304881826447
2.357373311636041
2.3597602900466343
2.4752118511059886
2.4243324519886
2.4465508483744514
2.4993784489677604
2.494085768121245
2.547494640024551
2.642310680727548
2.5939527491792096
2.6576031702997964
2.5584124470881786
2.601399644968057
2.6301114682969633
2.624812974562804
2.531760234162024
2.5173358451242973
2.528268434182932
2.452843628455273
2.4757213289966953
2.3673083929379546
2.4347288306327672
2.4490094242255367
2.3640227097016204
2.3947945458066973
2.4257495573624093
2.4596323197934105
2.4703054972917613
2.420437864006044
2.433665851952006
2.380187852285753
2.406650244583669
2.433088101604458
2.4787540467531985
2.4776190085868315
2.5164794895672173
2.5402483594454788
2.497362798668072
2.507952578047641
2.564542302107906
2.5102407967923064
2.5617056778038685
2.492723328995769
2.4530503763855256
2.4758841045692543
2.498743168325571
2.477192303082355
2.3320027663810907
2.46732023461808
2.4341309608848363
2.3809773801925496
2.4331655972126316
2.47771755479374
2.4109705145980085
2.3839233537145965
2.428193459471513
2.384242884155674
2.482740578451071
2.46629294555477
2.3177193232233666
2.3403491767032563
2.319934143136082
2.3692831054410988
2.330455480286141
2.2993539114093804
2.4087317624696083
2.4716799086286465
2.554262671614142
2.39752019213746
2.500379254540096
2.4916224965588705
2.496799746082868
2.5423625603730655
2.4616322899653538
2.523500843713565
2.537351830705635
2.5100256566987893
2.5968062588214686
2.6835572470741456
2.674495406182732
2.701722750164179
2.696239846558164
2.69050194019292
2.7297755713603564
2.755565351453543
2.7076041214817623
2.649904769039449
2.657214713867102
2.4917884382685793
2.5946916626339873
2.6656473283519793
2.6260507717078294
2.650328029615125
2.5219570969026903
2.4575679918588653
2.487083346322393
2.3714209844043337
2.3852851560703465
2.4728177543511514
2.330280982839977
2.291810022334196
2.423848114656711
2.3407362073535514
2.402498610225694
2.309838812152179
2.2913699423182172
2.3518076093034486
2.3931075889412594
2.397872596252238
2.327197603454991
2.347321791964017
2.4078653999367576
2.272756510531721
2.378775700200735
2.358110024590885
2.4090666792115574
2.50080929409483
2.565305093585338
2.5976255893036133
2.645043895489019
2.652140996517997
2.601549830984712
2.5733493272471124
2.51817936455935
2.5542469480466603
2.4686883433698483
2.4483433188898784
2.3688717046869097
2.455294526511969
2.3902950431895493
2.456623370092995
2.5076299783197133
2.4163104473819073
2.582287188681515
2.5632211493430126
2.581390069561163
2.630777683146457
2.5257107766488134
2.4629290730962077
2.5503159317062725
2.566616542843489
2.4089892646923
2.4296548104890165
2.5384360669307586
2.518556551636143
2.503905868149702
2.597858741691248
2.5825258853119575
2.682567340823331
2.7836961923438683
2.7586431127059856
2.7527314512868033
2.7035734778857603
2.694005510178106
2.5236654099370446
2.4620902248240495
2.3438451153148345
2.412622603666282
2.4102357053682204
2.403860354727564
2.4093025853412806
2.454490161768991
2.378951611713519
2.3094043033755107
2.3376911997685137
2.3491270526186336
2.314337350019203
2.3036811496012986
2.370668681179881
2.43810502772523
2.457474902826277
2.4690040681390317
2.540513374469133
2.5925487039630886
2.5134440765671595
2.5240913633040356
2.579530068427707
2.5818197598626367
2.590888818904759
2.5732778089469903
2.554396134837826
2.564002341572301
2.4771943109595624
2.504055221045619
2.3975435859340846
2.528376068560087
2.516332770052211
2.538961198495492
2.466650300470641
2.3910029446339482
2.4592957735931034
2.402329428889627
2.381992594368217
2.324013790524665
2.390728817009431
2.4194704031773666
2.3649693046910745
2.4482795618593967
2.4846196165170666
2.4158917297385263
2.332888727271545
2.3562215869530103
2.48829398383535
2.4699403483500526
2.5220156941563636
2.5437732095506314
2.625371916129917
2.6031102440612788
2.581866884055551
2.4837818968287233
2.477549505538669
2.429462599470114
2.4170821502055064
2.3798808928961876
2.420604986010394
2.406002898125545
2.4526554678047843
2.5203618220320307
2.484250343281689
2.516057135321114
2.57495340512882
2.615221371945379
2.4582393223924495
2.4986570496665954
2.4625680642322205
2.437174714264523
2.4247457545125983
2.466311371374546
2.466805539653473
2.465404350215808
2.496771071213543
2.505348500133483
2.3840061755817974
2.499562617299406
2.44874236734227
2.429339184726075
2.4688639343441507
2.4675407427849456
2.393336274284337
2.42761217477665
2.4458033825202614
2.365469022129257
2.4117365734828438
2.3799535577496598
2.4732581056592577
2.4034836586986548
2.2914583974961436
2.3652764923407252
2.398198280740424
2.5056188903499454
2.4960569907461743
2.502544969411859
2.459491713013319
2.4830328255152208
2.503842309339057
2.5501089897231526
2.4734512893595864
2.4572650618045033
2.4787709063575893
2.475314138009719
2.5797704816523415
2.463581363119797
2.4378732701687564
2.3284436154173056
2.3012498882025305
2.3698280724014835
2.351837948895146
2.431319166873092
2.4888920115094235
2.4699172143469563
2.466973734881206
2.506881200708573
2.597657010099345
2.5857634648133474
2.519271073189682
2.3109098276174675
2.379206736283006
2.365705211819098
2.4196731332524495
2.4599877866673867
2.4947250557002274
2.420307411688574
2.4521044485318306
2.386414631664165
2.4462126339888837
2.3912073996290504
2.3685711732051544
2.4094941853714014
2.3784201783349124
2.2927214983367303
2.392339664832826
2.4353672639610595
2.388637286194327
2.4167329681051695
2.3079099915778176
2.3984146649919253
2.41667043338523
2.352023407642667
2.3347128602006553
2.365738537532448
2.3712191753856775
2.4197018228202065
2.433113532701687
2.4255348635267606
2.348357632247783
2.449880838892818
2.3723175475412726
2.4667008773630026
2.4318629871604416
2.46011392533587
2.4125168429691417
2.33169148266139
2.3242529321475547
2.2784272460553643
2.334018840037872
2.3648301947651316
2.3604556694391814
2.4450783229829183
2.4809077269475885
2.57378049824161
2.48886328530015
2.471890185182642
2.416392131041307
2.470556001888293
2.4385909855920547
2.307497258321244
2.3541170452519458
2.3259057202348727
2.2817095797506903
2.2786384789851533
2.3024723358406183
2.403551472422829
2.360472804953167
2.334925520558677
2.4105740906867625
2.40691893347407
2.4500505459133666
2.2987282817556642
2.4245639170410858
2.447790889525933
2.3786064487218406
2.436061449127276
2.353649933798608
2.4628383929290614
2.397694814108139
2.2847227730624895
2.4034160913049103
2.3558987869130945
2.423168537406692
2.5500937046026513
2.4341042130434176
2.542538743569074
2.6433283947513226
2.5542643533302627
2.5834215705366876
2.6582258121562017
2.6810996458742493
2.696250137279208
2.716275341966303
2.679250847217782
2.666672995537474
2.597848954315186
2.5962583085025766
2.6110421919506566
2.5648167226393626
2.561451691886906
2.5665725672957977
2.5129725490947363
2.6273685389782533
2.472789711323884
2.5565406936759505
2.4983212173224354
2.6187762669303853
2.606413020720453
2.6330619110334146
2.6485445797240876
2.6691790138895293
2.6327500819318255
2.687382932698573
2.583305036670227
2.5682086492584193
2.530800577174712
2.514261318005771
2.448829595476621
2.4188055884538477
2.4469185994861524
2.400378075600698
2.482808150653684
2.533125495942003
2.590205523701064
2.3911986272322374
2.3046100927804054
2.416933464151933
2.3620429015292936
2.3934958988016337
2.3941944152086805
2.3563911878053814
2.407144905152816
2.3938674894207743
2.380212557029733
2.3905901529035005
2.4102840470818907
2.4248933228684937
2.3545024965178882
2.3618363251448495
2.403396284684561
2.3699625563920628
2.408690749940532
2.49715815186363
2.457808091310496
2.4675932023819653
2.481182071010645
2.429971680688094
2.466831757247737
2.4245909229703013
2.4435589164417104
2.440529771349325
2.4990226252472123
2.557918685174287
2.5897458941675655
2.6560503872508154
2.627855386377064
2.52547744380926
2.5437327607292373
2.5249359071950255
2.4536058607227726
2.639907939373389
2.4590230855530186
2.469536042067278
2.43654689193411
2.389618123378833
2.3400559740238682
2.308380942118419
2.2865074505813414
2.3789505092775407
2.485403067944003
2.4570505525622757
2.4655178109201024
2.3956324742558013
2.4413223692323442
2.4851528345671885
2.376157644180298
2.421139269738324
2.4843810422033323
2.4645944990796615
2.311624611859981
2.3239725145362056
2.3466305835358043
2.3820094279624033
2.325304203868108
2.4026348760893366
2.4558836836498794
2.4975412277225915
2.5282365707075454
2.4063222589141
2.463602114514163
2.497628729190257
2.512787715071086
2.536459830061903
2.4611901489678036
2.476608807573532
2.462146346784263
2.5032744322842717
2.460575687897697
2.3864376745285427
2.3123201419799875
2.3618816356223027
2.4821720643248764
2.4125422285023044
2.4320700978769447
2.446584247858383
2.4181048030953
2.3911496865947077
2.4449952340152628
2.427363133433006
2.3790469375640253
2.4779427275331387
2.5954403216012705
2.551538936674328
2.536098977126017
2.4816656880548695
2.4409474431776115
2.472784929865243
2.394838319870359
2.3690962267175637
2.3804025964942315
2.343797329561902
2.4198683290465515
2.3171748665361074
2.377855676644799
2.3536065877837653
2.4640706915355173
2.462967274359426
2.481836563705128
2.3529979831505887
2.4563428523028175
2.461715091527864
2.4465931317515515
2.338962218179486
2.465166068020523
2.4816961604122896
2.421742472501383
2.400929044048051
2.388690962651315
2.333106168591814
2.3218044977015886
2.3318041104133074
2.276985552074759
2.319864900722247
2.3320693676917
2.3731127221761805
2.3049228088509732
2.3625522434844757
2.373630056743087
2.406870582907999
2.532041184567638
2.496044565738272
2.402928249971893
2.4484367306337442
2.405432192434615
2.4794634956561183
2.471881925079081
2.4476596672158815
2.4284863258320715
2.458873845443703
2.4750071041653863
2.4938497597415115
2.579263839392832
2.582717327181909
2.52917703171918
2.462898159837322
2.454922793033117
2.4267908692822164
2.3490880782308414
2.437560573208466
2.414164444913115
2.4286008747755106
2.632556942712365
2.5068134851764823
2.5950450579982434
2.552951908176774
2.51081808112429
2.544784184608549
2.5287187701442653
2.4112251555609423
2.6321076712111355
2.5230670552365164
2.5997137545462823
2.5471397560896083
2.537102665515297
2.4831363743089754
2.528917967548492
2.5076885603938153
2.3969268554642733
2.353711080105835
2.40564886489572
2.4696926238814725
2.4573678720978456
2.429816549494875
2.519828784158809
2.5030779540026797
2.5374914021785804
2.4571040819182866
2.459885325225939
2.478632246437736
2.443364318974279
2.5078362252687545
2.4892264189051754
2.520379730705658
2.521456808649057
2.6318027298389373
2.6144764187355922
2.581774392618498
2.5275944065294302
2.5062068776865374
2.4859228024601374
2.466611826162214
2.4952307905494333
2.4593993974426467
2.4607492145156575
2.484245084548464
2.4992403350845955
2.5012052642086413
2.473211146069273
2.5209894786219276
2.4900655313474602
2.3729572142777733
2.376012381407156
2.448223677012646
2.3390114597188005
2.3487648887387373
2.362875056773742
2.344546685469034
2.405198453604566
2.456888008157498
2.4922181709944207
2.4752003968211045
2.3431792181497193
2.4082849000236823
2.3272653268642944
2.4372439372443684
2.4106268887952327
2.4368803171211275
2.411431043546162
2.474107186192967
2.479039164752819
2.4350600177065993
2.5191603687470168
2.4186938146932775
2.4692444155772924
2.453317079762531
2.4292303155492623
2.342683660496945
2.392639284585979
2.3425600038757293
2.491646476978985
2.4177062627979087
2.405061428310203
2.3558153351858846
2.4216764609784804
2.4276316351079488
2.3128630718529526
2.5578988722342797
2.5272393437709355
2.6282828530893467
2.6124509794739765
2.6900167674472746
2.6580348813012624
2.6357200394725733
2.6656467420309817
2.602572515549645
2.562787032731583
2.514543145017625
2.576771655962973
2.6407271180487935
2.641686617712165
2.6434807440753594
2.6736502677448377
2.6927667023715713
2.7233917063757525
2.6547066490483138
2.6459963189280975
2.5773859025714714
2.5855317344307815
2.5409924101926076
2.522894435194414
2.5051040688004043
2.5880848661579545
2.598435525036831
2.7109532649675323
2.6789395213503053
2.5971025767893847
2.5076613799905556
2.5064815197991277
2.519434281037027
2.5814631704537194
2.618887592310079
2.497221801406802
2.4993270875892257
2.3997642648653517
2.465724988906693
2.3933568930083102
2.370125323154779
2.3676458920555703
2.4096350983527475
2.42392560176372
2.372096741392521
2.4065854221718586
2.5430103398967505
2.4808267017704995
2.4808626120186132
2.4669351830032595
2.517508285690847
2.5340126207276343
2.490518025911685
2.5139750913505674
2.455086876601285
2.4134600300312075
2.3539540840536435
2.3651681714001564
2.373030333330722
2.4901630478797694
2.471567005541707
2.3875566164141877
2.3847407054543908
2.403659386487752
2.407940408767318
2.5493351228198082
2.390576905014326
2.444350608303142
2.438207512587072
2.4089454984417853
2.4516616983313395
2.4890101222237493
2.4524435057845664
2.3963233962834773
2.3488920814685637
2.4117628564811686
2.3770901780241824
2.3991038435309413
2.488386133844743
2.463549372055538
2.449575965945383
2.38887590461309
2.448787788627373
2.4895088172133524
2.468560931465071
2.3647243546010346
2.3693619059062887
2.345351472461964
2.353626478045612
2.4576636969613994
2.4012082603408653
2.4119336690503674
2.4100414656109375
2.483108798062768
2.5193788131471506
2.4836002984681342
2.468536766989414
2.4984485080818417
2.5897870094570643
2.4957352895688447
2.448548567525886
2.4207439597953937
2.3393415562484736
2.342625576503286
2.4661286444140855
2.4222656431623526
2.408693495057131
2.334363586170024
2.510173333490795
2.427086211635401
2.4538300677776297
2.492486723034347
2.439032167057679
2.481189186537
2.3655301042507166
2.4127375011105316
2.458614378152306
2.493095318842392
2.5608356656690363
2.5543589358783687
2.51639496568824
2.4842786539381767
2.428942414412623
2.480930029794315
2.4505194502303453
2.3894794055319015
2.3810710571069214
2.4732673757190717
2.4872445116674227
2.4199049427377215
2.4500335299196636
2.556779137932358
2.483716377677664
2.420155710007484
2.511269485712101
2.4243895475075474
2.4375185388912026
2.484906719867429
2.383705707056542
2.373293782683248
2.450584868466396
2.4202193704004378
2.503280798415509
2.379982311461632
2.352534193302739
2.356982747589572
2.4140188385179453
2.546031526950706
2.5374613685454466
2.4195438845400155
2.441245879537894
2.3661936118897824
2.3001704897322
2.3413880040812214
2.3834412898938364
2.362408216918426
2.4416659037865167
2.4942070076543
2.4749466661487896
2.38806675842059
2.3169629240095433
2.3729395052789366
2.4493398473433903
2.442503039557458
2.4736098719818305
2.423156439738111
2.426843177347674
2.4723283038660044
2.372997828311633
2.37290786024005
2.4046383531676816
2.4191049772872626
2.4436463073676467
2.335197502731261
2.3445557121911342
2.3232766680437775
2.442872304482429
2.3929218445704508
2.385854596108559
2.370942542591876
2.398887280467891
2.5064150351209395
2.5540429391011314
2.443247854652128
2.3909107140066115
2.3684241402108785
2.3095715211374315
2.3613363374437304
2.4581700541989413
2.4456591379676795
2.4130783180860567
2.4349002314939248
2.3944722141829415
2.446221304421002
2.432329679707662
2.347040645240634
2.4000783504469703
2.4086526884170225
2.388074873743493
2.39384743615003
2.3892861576596287
2.3991372336447228
2.457706968640683
2.432160852631673
2.4606011769048686
2.468792141311588
2.449541503878031
2.462563286804266
2.3790491965364433
2.4139070159150893
2.4406368735307287
2.3872801290595316
2.433624150428568
2.4833704328361432
2.4528141938926975
2.351142999919772
2.341212162161721
2.436401520516911
2.4608712706967433
2.3582106540889733
2.3136261640657136
2.33974429035932
2.3178907303205567
2.265739974358619
2.274244815154163
2.2638851534912723
2.387489813023533
2.403013122222582
2.552132416753366
2.5201996703544483
2.542796299464155
2.5388908042386533
2.458770746745981
2.4699753722178377
2.5412137453869157
2.373302934665227
2.4804583075072784
2.41422154612797
2.3032659553972046
2.4703764476542314
2.4040983401220197
2.3959041307668376
2.4300871812653133
2.430352567906663
2.285329588593893
2.371638532424821
2.4355645913180064
2.424302861392016
2.3891154043654055
2.3906219261479866
2.3798905188878514
2.3735342042664453
2.5164525193882197
2.447167700478465
2.4513149298781585
2.367550885048264
2.3402502760700963
2.437173317416292
2.4540460833738833
2.375614747258576
2.4078932854039685
2.4413731662322347
2.432336249657438
2.3835957292043153
2.439255256815093
2.516004786388522
2.5430293988747703
2.54258521285125
2.485646367881066
2.5714999409862624
2.578442708180276
2.6422782955406787
2.6544083142150803
2.6099318231376056
2.600496034811929
2.6503344488510208
2.6177201764437443
2.596343078249876
2.5249288127737755
2.526066467084032
2.56663677347769
2.602310483023821
2.570579005445497
2.5492591923795427
2.4836744542236353
2.551186611433054
2.543108473541774
2.5968949726222235
2.5443494863112788
2.618767850630148
2.6578578769340937
2.72683015674878
2.6655601836842013
2.634151404275132
2.6602394227921886
2.6004208547591268
2.601385377698117
2.5937668687471738
2.6241720764148795
2.6146581542562535
2.598821824738777
2.6049125535993998
2.637877621513537
2.6225588874018233
2.650902953610342
2.7464517894039355
2.698481322563124
2.6543052143737205
2.6309161586672074
2.626764821166785
2.5327394981723454
2.472907035964928
2.5191393900305967
2.463408917950286
2.4714387018848454
2.378957159589982
2.5441284796712145
2.617362406086605
2.6855531408320488
2.8029327080108533
2.6779911028134507
2.6698848263029276
2.5839608520451796
2.632716514294512
2.6757466784869113
2.719511087887629
2.6580295000048992
2.6659435421142237
2.6817363907037444
2.7972983828680125
2.857191422314043
2.8654084969888554
2.8271340758696946
2.700819309614575
2.711897489925773
2.6960714902213447
2.6261908622644223
2.6063562147681307
2.655319199189117
2.6012874974693716
2.60403863896833
2.6378903301800287
2.6022856524676135
2.5724542617398045
2.6161632435712834
2.734057955597848
2.735229592086814
2.7502649410191715
2.7246895991150244
2.58377314639184
2.654861695824862
2.6938356295550623
2.7246180903168664
2.719843556492441
2.7020303795232894
2.6618114189090902
2.6870021682263667
2.6438421835823505
2.5859851797513973
2.6515347042925055
2.599998880515343
2.642349905141864
2.5703202012104955
2.6352299692405685
2.6151419135703837
2.6915276926664915
2.707008192211871
2.704455960677262
2.7088086311211383
2.7237732485479196
2.805963265448551
2.789456873089134
2.6890882792321014
2.7133211231783134
2.6964348302995815
2.6033172338222093
2.531759912301418
2.514386465453496
2.5090651687840664
2.4580921449558657
2.4947676322872283
2.5181455297609046
2.481218627535655
2.509110324774891
2.48804086716229
2.4788275416710013
2.369187761990448
2.4650819353144815
2.4555926062217064
2.4874961628166865
2.4539292208082357
2.348783367055631
2.3382584249875213
2.382257562724656
2.512902798864364
2.4686637175900983
2.487011391043956
2.5461216148099233
2.5635523574852157
2.5848321462386004
2.6248246873979353
2.5642350728398213
2.4083963198533906
2.4150830999150044
2.4813357224322767
2.4635841540061447
2.490732291310422
2.4950568602086722
2.4319131678131307
2.586675661194301
2.475833128519187
2.4475131293280636
2.481784620845105
2.4586051061298595
2.4147876244933433
2.4384107744725547
2.5362519493432933
2.424575427758969
2.3967427138300805
2.3576444403184516
2.3591274561721574
2.367567412823014
2.385713504929953
2.2982851198543655
2.3398294449709334
2.435880522084117
2.387627301313984
2.3065148233881523
2.3684410755831435
2.430394501096562
2.4499151550271323
2.3885349877518802
2.29238940152189
2.3925781421870194
2.349777965585593
2.3590118098106725
2.4421322445704754
2.420160669549275
2.4343134740671006
2.515471172770482
2.470736601111199
2.4722512698225922
2.5964400936457652
2.4555769087825894
2.46849125232068
2.351681475044622
2.4278286505189155
2.4755951852162963
2.416232716658817
2.5975549328470833
2.5871685045143087
2.4120821453730286
2.4360781743998223
2.4662123966366245
2.4489290587064523
2.4498303682709173
2.38074065032497
2.3468143954119536
2.3729461665962592
2.4535579899298536
2.4577080507904965
2.3647428225697733
2.3295053664034024
2.282473911600348
2.3115592975223183
2.3080854319496966
2.356409346413147
2.4098999846890408
2.3830792557465603
2.4216775233292256
2.4285814593270656
2.429646794390046
2.45455429272382
2.424527892022366
2.4960476918619814
2.3909673845998487
2.3902173838748175
2.434642458950238
2.3857373459978164
2.3627973751262066
2.4330429911707796
2.371175046912693
2.3024861398454117
2.449171368656586
2.342613024249477
2.3995341006369015
2.4487949509983302
2.555223969630133
2.5550001257530974
2.5782442911239367
2.4890049379732355
2.4916132435400136
2.4673300257778514
2.451744229097557
2.3926237896109144
2.3439146800417365
2.4199567262982433
2.3616215092976285
2.4110565379343987
2.4250145381943167
2.4270191320161065
2.397039902517143
2.3556072334973006
2.40050002378881
2.446534282700266
2.4812908380872507
2.545170936426932
2.5447665726198467
2.5603867656143353
2.4873286485197403
2.410860859211929
2.334488971184136
2.3736056145088855
2.3463245447657517
2.314203288105124
2.330481242288199
2.406103405773044
2.547451653767905
2.37637683242882
2.4723949650770205
2.3967433831415224
2.4296595692876237
2.532995384680613
2.5504248321400667
2.597099778952524
2.58437371629776
2.5512963104400326
2.548792952703669
2.5371153268788462
2.5073873724349305
2.57902805087851
2.706449184545429
2.633651049604655
2.6653613792813777
2.6997220727746796
2.6964717050033906
2.5439632831828938
2.5638180653705835
2.613390515715862
2.5180325006456665
2.511361697845037
2.4427928133697465
2.4443772066001053
2.273264256950719
2.328883063992844
2.3992683728583026
2.483000713924636
2.5053752814396577
2.403838781129526
2.367682744843401
2.3370071805434387
2.3415853239324336
2.3517993220430187
2.320232658381909
2.4240587274655523
2.3582298145882756
2.348719237498993
2.4121879282458534
2.3680394322704035
2.329166212770274
2.2584446274825662
2.4332473709320994
2.386161927381506
2.4413810431005287
2.3470612857632664
2.2979084238315632
2.3523002860191466
2.420405528063814
2.3751927259057934
2.439244598372635
2.4575809048298405
2.365406333815901
2.4474591679809565
2.327872933141969
2.386143396356629
2.46022233977276
2.4662110985311285
2.5026676297463117
2.468588025202433
2.4330617926748075
2.361271227350501
2.4527555940991386
2.4325885050330984
2.46103657136548
2.4637004510638247
2.5231152869505546
2.533266505111573
2.4136069592498908
2.4656604398240396
2.5000158689251513
2.293588607304237
2.360238248206044
2.391332478392235
2.358690355195588
2.40753856794515
2.4779871496529298
2.4795389885750567
2.5111002137881613
2.3757994180538677
2.5245149214303453
2.505158682970962
2.4678529462168837
2.5076657437705117
2.465902012062207
2.5282353341030412
2.459073121313922
2.420734611955053
2.3540835070019313
2.3092357409637554
2.3556506034411746
2.358648134535067
2.355302879622865
2.4635192901604372
2.4969302078394184
2.570776750349827
2.4720870649911117
2.484011944169003
2.3992369736873425
2.443749107519147
2.3400453032807036
2.3691975693676084
2.3328459581599716
2.450055299674344
2.444986020029903
2.5363355694956096
2.4944153442112507
2.443162841667862
2.3645512230839523
2.3819524209469956
2.3815996392018537
2.3375133377707633
2.332369951808687
2.309804896957518
2.4233282762915964
2.5026996074754693
2.45790909598725
2.4279441157214237
2.5077867240659213
2.40558714402223
2.404123718975712
2.410614867127809
2.424839793899541
2.4796324382926063
2.4790113499526756
2.4765050540574514
2.380966652141172
2.491237768719831
2.5481126211508034
2.5180912810267344
2.437937686022296
2.4405895253380483
2.460845195941883
2.498376124951196
2.3946517290890466
2.453046751101547
2.3923801339104296
2.3953189253108076
2.3334606375367084
2.3959571540657465
2.430864090504625
2.4252035953614217
2.4601738520310543
2.44720511053698
2.461467270920414
2.4024685373160146
2.4488286600792155
2.5707385547846346
2.4615489643596877
2.480038599807516
2.5335804624383895
2.5446551452131385
2.496035896493674
2.473617575843
2.507976786821351
2.5294501530003535
2.5371919298231096
2.505310482111967
2.433113954421572
2.411234279219258
2.407286787374691
2.4466802411466375
2.421284023093763
2.4970744321468876
2.4616398155388843
2.3759723972671427
2.378295396331117
2.445394376602342
2.351733385801066
2.4133080067657153
2.397922362380267
2.4726940080188684
2.472988920025369
2.5802985744653393
2.570067066751347
2.628594092585058
2.634096293856243
2.5008503949334844
2.5412200030649217
2.5417722602365096
2.5519846298273436
2.5941466679538383
2.6161025929444057
2.632490989735069
2.6518313447647652
2.574853759688126
2.6534894683708745
2.6652565584074623
2.6264158299562412
2.5764373216178362
2.5972998497378033
2.6217832435040043
2.6463288762589783
2.6270856708213364
2.614700704582485
2.738482301004401
2.7000171595558533
2.683544315545385
2.5780901891662387
2.62002883577791
2.608916330838869
2.620536000548192
2.601442877069377
