-0.7980304939988767
-0.7776688203390536
-0.7538074969521694
-0.7630301673390743
-0.6928917407099665
-0.6333233306271946
-0.5793093031402883
-0.521383601959373
-0.6330488632514005
-0.6590781454111057
-0.7540925476744095
-0.7613284326133317
-0.5630454494111204
-0.515570742142773
-0.6056334955216311
-0.5524511362720087
-0.563306530318492
-0.6237903608317695
-0.6659754536002757
-0.6368145767385314
-0.5815328885244205
-0.6500207201888036
-0.6584134903407137
-0.7556817823700286
-0.6404376699148888
-0.7110150533715782
-0.6031657026307076
-0.5756967071850929
-0.6205932289236704
-0.6422192000862302
-0.7906180442455262
-0.6480793446630011
-0.7180137334975837
-0.6473528761294227
-0.7056441275566568
-0.5911233411509309
-0.648520647150115
-0.7633037475859626
-0.732702512997645
-0.7996677172448462
-0.7552917922597907
-0.6638615053777096
-0.7667673897169827
-0.8141453293793429
-0.7627919903309333
-0.7681337799958092
-0.7655627186897247
-0.73169473909168
-0.706508810537949
-0.7510317160052988
-0.6849536570784782
-0.676789888914648
-0.6617244617493022
-0.6410280653076593
-0.6184625451891959
-0.7769402801724987
-0.7339783929756609
-0.764733790035555
-0.7268846927411544
-0.7328484675974538
-0.6635955705855855
-0.6684754222893803
-0.7367736493791608
-0.7207412212760922
-0.8132728443458538
-0.7700926984816538
-0.6397479037313578
-0.8391760861121557
-0.7798039825247688
-0.6939330972128086
-0.5877773847165887
-0.7130385708342784
-0.6026853839956356
-0.632590490516698
-0.6491846365577264
-0.6501669855170364
-0.7574071631394896
-0.8153256826883624
-0.7791535998201674
-0.8088922022239768
-0.7487380116171605
-0.8063662184432483
-0.7885574636992871
-0.6785082720217029
-0.7293527387423312
-0.7236669177677548
-0.712284988775218
-0.8151591632191476
-0.8351711734159277
-0.8479287650036175
-0.7922331717021094
-0.7415568675116716
-0.7249113640693692
-0.7939978670934562
-0.7783012144725338
-0.7042464178777418
-0.7579514272779401
-0.8134419262830961
-0.6966543729583756
-0.6567162131769557
-0.7348556813022947
-0.6690177368513407
-0.6750204022858961
-0.6925831595221953
-0.8192938802679045
-0.7147599572249778
-0.6909074238766753
-0.7271221561249335
-0.6748271784867974
-0.7177909096109012
-0.7451258585708496
-0.6158219198716427
-0.5998030650612052
-0.5834575917518536
-0.588569563175607
-0.5371671006297244
-0.5239518952761878
-0.564795360753991
-0.5839029879117749
-0.5913686420186877
-0.5431481977833076
-0.5714287053988555
-0.6034979581811647
-0.6276763226131655
-0.7134161522030121
-0.6515096005624861
-0.745267316653427
-0.7233905458309549
-0.7647126595161596
-0.7622985486532725
-0.6466429660990856
-0.6337716190477849
-0.6951076764783767
-0.7353058034886314
-0.608248667929414
-0.644210532445215
-0.6020833291138659
-0.7219757159849051
-0.7893697118166665
-0.6778437743214476
-0.7382771134430027
-0.7535515917027749
-0.718229966428353
-0.8362853646982793
-0.7246828500085708
-0.6594489551734946
-0.683147951323172
-0.6629257810737755
-0.7927323530657557
-0.7853472712583398
-0.8569356370007909
-0.7620110021284052
-0.8304766259413345
-0.6918909620733507
-0.794075069010687
-0.7642597541046949
-0.7641665661538729
-0.7252364182587892
-0.7340259146980679
-0.671329919842914
-0.7067859040285845
-0.7551322162580291
-0.6807078839758612
-0.5463794811467328
-0.5761871655045137
-0.6795443716517017
-0.6701434589754522
-0.7546417720482171
-0.8105178864245544
-0.7759576111628368
-0.8133139480274281
-0.7203382197425867
-0.7970483769781117
-0.7938710510138101
-0.7807442708027832
-0.804429716882604
-0.7401237415793228
-0.6447664136513631
-0.6463559385026063
-0.6866410357098609
-0.6325456071808564
-0.6839308080107463
-0.777797317999498
-0.6527458711053032
-0.6498936486247702
-0.725422370042585
-0.6313104984760038
-0.6915958261997867
-0.7238544884622811
-0.7305105693694162
-0.651774847893087
-0.5726969422545789
-0.6795268718467232
-0.6981772521065522
-0.7833362773912609
-0.7691590911037611
-0.7930081265293528
-0.6713701544821415
-0.7030543277949606
-0.7791517559678481
-0.8211284439689298
-0.7329016937192048
-0.6512714514390469
-0.6286244687657065
-0.7113542855943952
-0.8121155322308079
-0.7158351027519303
-0.6671949986881767
-0.7220428201710396
-0.6144338043042712
-0.6337187969481942
-0.6493588361648172
-0.609972713924549
-0.6720027609014979
-0.7033329822998398
-0.7259622193862716
-0.706189290244381
-0.6311043919536945
-0.5802341765372693
-0.5655889168541063
-0.6104526655522253
-0.6368989768281794
-0.6319135336411277
-0.585952443671007
-0.6564697676530902
-0.5711003549031497
-0.6973483138236926
-0.7359487347045598
-0.7074943912153594
-0.8140036377783751
-0.633487877032939
-0.6154892302213775
-0.7090167070491149
-0.7332495505999507
-0.7045165771695363
-0.7001428275193289
-0.7405616705325417
-0.730403911211059
-0.7055407869664979
-0.7620755925506316
-0.7186850653001923
-0.7872958197996898
-0.7665291892593067
-0.676448607632765
-0.7245289014528894
-0.5801743608708755
-0.5783468981722325
-0.5820034393457287
-0.5896154742779403
-0.6041465531451917
-0.6053513320936025
-0.6372352813702413
-0.5755312514323567
-0.6854041248218643
-0.7929049325406863
-0.6705754373191141
-0.7024163271038588
-0.6367445367211184
-0.6533059957532253
-0.6714693608355329
-0.6259408610462155
-0.649889845037767
-0.6802873976210018
-0.6778485239151363
-0.6451980892557724
-0.6883856957941633
-0.6401514773492333
-0.6987888892695395
-0.7007235111197985
-0.628105949865001
-0.7550675287645536
-0.7955751000425554
-0.7382551576418254
-0.7466520999900759
-0.6964488025729255
-0.724075075185377
-0.7206784066647997
-0.5939351261083301
-0.6989384089032904
-0.7575862756416363
-0.6581776717490065
-0.6487756238947856
-0.7722638659959514
-0.6919654997350391
-0.7066007133816175
-0.6593722899023365
-0.7852982948290684
-0.708569445690516
-0.8070538783332153
-0.7455435436575539
-0.7040603884462426
-0.7148171635685182
-0.7279015979242064
-0.8249893484210835
-0.7472428673870547
-0.7420457389320964
-0.694082419562809
-0.6694000285389239
-0.7584821596399794
-0.779120224467588
-0.7150518532189305
-0.7463974120349142
-0.7633057865089488
-0.6951593083193802
-0.7672841826947819
-0.7958790501814526
-0.7800833517062348
-0.7320189508693827
-0.7101456200448901
-0.6954598890110499
-0.7969433446469872
-0.7165537617553497
-0.7516452650770409
-0.6520741031848767
-0.7193502736744863
-0.6996707247063139
-0.837312363314938
-0.8235527614613098
-0.6793739412942507
-0.6557337228810383
-0.6889561655663476
-0.7263189141647355
-0.7816694443256785
-0.7534020369465462
-0.7762977531144691
-0.6965187566518666
-0.6712581067573647
-0.6470614834060364
-0.6831719536577993
-0.7247302107192207
-0.6632028379956183
-0.5865295780465201
-0.6106785830186696
-0.6983021882925629
-0.755691601483216
-0.6264633845687291
-0.7426792942629594
-0.70107329795394
-0.7178714882370262
-0.7256159450048345
-0.8001273025486323
-0.7545673207116426
-0.7036334906423771
-0.6966064455844108
-0.6789337630374148
-0.6617306730297378
-0.6901680990911176
-0.8432295197953295
-0.8662447989834403
-0.8363251180659156
-0.7706817169101583
-0.7316059899551804
-0.8089548787894315
-0.7226280916603621
-0.7626373977790852
-0.7443087492178928
-0.589068999610895
-0.5877242893424579
-0.6237654132457744
-0.6122815308764048
-0.6184359108859965
-0.6489167464912345
-0.5357388307318673
-0.7927619771405131
-0.8064151015265084
-0.7851325214412659
-0.7291147652086211
-0.7038698070600561
-0.7045946578200369
-0.6380010085359282
-0.6637921176971766
-0.5639002131990157
-0.6789391634987445
-0.6300884850382902
-0.6706248578382228
-0.5723872652674473
-0.5962988003967915
-0.6312709458484026
-0.6444483416961063
-0.6877475187432732
-0.5976867841657724
-0.6314566941879898
-0.7157927075330972
-0.6996964644141846
-0.680859412094577
-0.7714607485199613
-0.723690441894245
-0.7102106250996579
-0.6401158309600833
-0.6158720870724028
-0.6586280891974908
-0.7301345999821413
-0.5817786079979859
-0.5832817367022535
-0.6497653051129156
-0.683776631266349
-0.7269791066222395
-0.7526957358793532
-0.7724210277422014
-0.7225657907465798
-0.6945161210160622
-0.647795264942163
-0.5833278571065824
-0.6112951890747257
-0.5052719560918576
-0.5988391399721172
-0.5804954409499385
-0.7007313844723979
-0.7614423188067024
-0.698514041761341
-0.7339107933036342
-0.7325289413453102
-0.5609910670097239
-0.48451263951844725
-0.48332684151733674
-0.48737292274254046
-0.44133897311322734
-0.46883104454698854
-0.5577408707817844
-0.6281987611539205
-0.7460311280184433
-0.7866443443796135
-0.8814325029685549
-0.7809566009841508
-0.6895305169516924
-0.7590246171372313
-0.7177694176013469
-0.8337712813468175
-0.7506115974853159
-0.746735864554008
-0.7150421304548771
-0.7153663570357753
-0.746359209404565
-0.7082256367442006
-0.7495814385724173
-0.8036794697096027
-0.8590657734208706
-0.8728051689804837
-0.8154443854193197
-0.7759685403828919
-0.7023680995301157
-0.7431391900703381
-0.7412514860018359
-0.6828304202690917
-0.6519160722387145
-0.6033795973006706
-0.7440821789000026
-0.7770744808080393
-0.810497941289304
-0.7918061686383521
-0.7959727354799592
-0.7510532691227558
-0.7443674136202059
-0.7869491511716504
-0.7038551385662687
-0.7506251931738023
-0.7177231058564466
-0.6923078532430124
-0.6823256060468542
-0.6371917194646051
-0.6883414303545329
-0.6132664479656208
-0.6306220102121808
-0.7041901373564837
-0.6975909658903253
-0.782647193872075
-0.6494638518959267
-0.6641863822207691
-0.6846806605439186
-0.7569782466618454
-0.7208196982840216
-0.6840735921629789
-0.7667295980468793
-0.7628561911878665
-0.7648184546341451
-0.7128024764933587
-0.7468038432413222
-0.7407504338969727
-0.7188705739022752
-0.7134485874333854
-0.7416431460108827
-0.8130567252037187
-0.767334058837248
-0.7359710606948283
-0.7198769319231041
-0.7087496954231097
-0.7877945271319812
-0.7541424791884477
-0.7941217451289145
-0.6313370788659407
-0.6940586285613637
-0.628197684298528
-0.6907115911316064
-0.662273241882848
-0.7543398312845861
-0.7818569156332911
-0.7664964389599924
-0.7937280541325079
-0.7181358124745171
-0.8230401824737668
-0.8264480858313372
-0.7968377613096034
-0.7869072048690668
-0.7081655394772819
-0.6686483645334377
-0.6024324754417688
-0.6489110708975199
-0.6921621318628117
-0.6662768597805547
-0.7088664884211132
-0.6878477857173549
-0.7202939741841233
-0.6011403878343563
-0.4462183999416003
-0.4605340922520144
-0.5917488663819855
-0.7308485204617793
-0.7299088532545346
-0.5685553688770186
-0.6004027841897936
-0.5723917316811399
-0.5776939716350351
-0.5111556863341379
-0.6085635136694707
-0.653430181253706
-0.700066677012355
-0.7181899149925938
-0.7258994898003118
-0.7162957617045737
-0.7790313499168242
-0.8173653671955334
-0.7721144673868294
-0.786777492365931
-0.7306068057599098
-0.6301095363532115
-0.4703738058004527
-0.4888711956493741
-0.4305612449599893
-0.4862463533848711
-0.4550658241100118
-0.6091104702909372
-0.7007438227213914
-0.6982355075216463
-0.6179511951116462
-0.6148534834237414
-0.5544784385900983
-0.635934983977178
-0.7065392206829972
-0.7359148662010961
-0.6457551538424573
-0.615508828641175
-0.6818772771927006
-0.7365930124985239
-0.6860420505593053
-0.6219155880263166
-0.6033122116283796
-0.5131116982002213
-0.6046904954321355
-0.6285620430398301
-0.6785769899805059
-0.6535893648819826
-0.7155977325075017
-0.6859787508295768
-0.7168560801950714
-0.7177400364598234
-0.6781883291298301
-0.802381600610734
-0.8817929157659934
-0.8552703107206117
-0.7684590100810459
-0.6250351001406541
-0.7020238588987447
-0.8000067793738057
-0.7350654019712686
-0.6369274122708805
-0.8064590166645875
-0.7579430489503793
-0.7859414379043156
-0.7243988010102456
-0.6816666272529572
-0.6319676195745358
-0.6906500458248563
-0.725202772469701
-0.7041067450629648
-0.7413668616232226
-0.672213481657074
-0.7549643167918868
-0.8336631058327812
-0.7659633021869825
-0.6898247729376435
-0.6678428932416748
-0.6809036314551826
-0.725354218793221
-0.6826221884844511
-0.6441387750813875
-0.727834979437766
-0.6954864152209409
-0.6755833161723894
-0.7532016188105635
-0.7753376585809021
-0.6963514491728227
-0.7407607147829841
-0.7575426387148586
-0.8397447736069749
-0.7961163743927221
-0.809655695632678
-0.7942475069594602
-0.7718164450930771
-0.7542180589016412
-0.7137436703637181
-0.714616182076754
-0.73475556411908
-0.7559608810684473
-0.7845313113269747
-0.7418093305272553
-0.7019108048547261
-0.68699219079511
-0.7246320656118417
-0.6603667254383286
-0.6986010426320941
-0.7508753559656111
-0.7618513209486217
-0.6878750059445814
-0.78732520513852
-0.7758820473331176
-0.7395220699199931
-0.7578748128170842
-0.7564368259492025
-0.6842304113628139
-0.6398630924759184
-0.5471218941148042
-0.5881501934518859
-0.6375910466876994
-0.7486504071290877
-0.7042081258407489
-0.6182178022629008
-0.73999218589345
-0.5691096013434862
-0.7182123801516623
-0.7541460140965944
-0.7296817932586117
-0.7361822371479053
-0.794830509290899
-0.725499629502236
-0.760740197277942
-0.7113800753081003
-0.7695256683316642
-0.7275512561301902
-0.7371513775489089
-0.6898298527179578
-0.7100508668709393
-0.8228525692828781
-0.6815226103930273
-0.6670884452908568
-0.6535773771275184
-0.6864327074336188
-0.8294406023300379
-0.725394212282786
-0.7286014607196819
-0.6585126923712261
-0.6540598342419209
-0.6550477710755903
-0.615529727969109
-0.5861925843800919
-0.6038302065316825
-0.7325332477234376
-0.6898581373646429
-0.7034680622561134
-0.783568858574453
-0.7983586629054743
-0.8332083135161603
-0.7469179445445491
-0.7841391125023608
-0.6924229757611229
-0.7383200576736337
-0.6972366133428901
-0.7839117396427445
-0.6799743252938656
-0.7148875284542219
-0.6873483902799382
-0.7245525585079187
-0.6839448972340526
-0.7299348228833675
-0.6632075064642695
-0.7169657933365606
-0.611251221526487
-0.702676738475124
-0.793337181429527
-0.6523238126509312
-0.5886519007778606
-0.5951440579993814
-0.6318874919558436
-0.6959998637503512
-0.6271569318295492
-0.5827195185373443
-0.6350425362380573
-0.6547423453897426
-0.6899915083369803
-0.6868172280254902
-0.815477031553144
-0.7405381829448516
-0.790320566070301
-0.8552031570091542
-0.8618746565001267
-0.7296254503766351
-0.6467645232402017
-0.6577259363289799
-0.532188570813215
-0.5998067129248017
-0.6278747734132017
-0.6543468761542828
-0.7287805795520627
-0.7938014988403994
-0.7937713929964967
-0.7636813560975068
-0.5945319854429376
-0.5838509137255321
-0.5927494321558897
-0.6170999803563739
-0.6769774861757838
-0.7897097355792517
-0.7698434218102134
-0.7326961823586771
-0.7760811632378576
-0.7216004486551462
-0.6638159528060289
-0.7377789765982655
-0.7565732479710306
-0.7892349953146843
-0.7310545655764532
-0.7459662753277733
-0.7341842263958355
-0.8465851813738638
-0.7439166192880878
-0.650479614247845
-0.7862383957575139
-0.7496668901879732
-0.6735323748881844
-0.7502905015401443
-0.6311692856831177
-0.5596340835513572
-0.5681553876066743
-0.6812634356385574
-0.7213004931745555
-0.6224384240828895
-0.6633330061861882
-0.659724384313659
-0.6503895086102394
-0.6871532497604042
-0.7248626186414783
-0.7020193122512527
-0.5789706266088305
-0.6359405014846552
-0.715948998062278
-0.6835303725079563
-0.6460464134194118
-0.7143398472481786
-0.68754286689647
-0.7148858160579085
-0.6676412312265487
-0.7002146975567937
-0.7715156333639521
-0.6769578237456484
-0.7390263403240938
-0.7634777737710062
-0.7388701624222775
-0.7246833638867161
-0.7064599632585832
-0.8198228589368369
-0.8603815226291545
-0.701205154216047
-0.7269511329609446
-0.8175222984852306
-0.8165467502969542
-0.7733912786290895
-0.7565096525044371
-0.7751005327852944
-0.7300632844142054
-0.6599611045552662
-0.6985040630974094
-0.711218460806893
-0.7997456414721251
-0.7936086564307907
-0.7368017525150178
-0.735871257672316
-0.6836244835868268
-0.8150782463638253
-0.7510427783114485
-0.6474454887510988
-0.6421961423764259
-0.7045460631803206
-0.5780903830511648
-0.6765670871872973
-0.6989623101432257
-0.7107754672922928
-0.7752938532844792
-0.8350534382126148
-0.7127353387437577
-0.7511665535744886
-0.6675938519521798
-0.6639320442627409
-0.8259064684687958
-0.8571570891791529
-0.7733305053072327
-0.7471744802291597
-0.71738971570919
-0.7934166391783114
-0.8142746620377702
-0.8191734464538301
-0.7476922731003011
-0.8127705773421248
-0.7840509588484205
-0.7315587837329376
-0.7805607977731479
-0.7480483428353247
-0.7604746033172858
-0.7355347917790622
-0.7537226605970367
-0.7347082667032022
-0.7705769123441379
-0.7115314600304691
-0.6885224741034218
-0.6831602570940317
-0.6365148697235246
-0.6252129599787846
-0.6663351052265404
-0.5744618064191407
-0.6181099112315002
-0.6129001915128752
-0.5445842774964635
-0.6273551848235787
-0.7206461442112149
-0.6289039372070055
-0.6751771344203398
-0.742420979201583
-0.705282363973099
-0.8056717156027464
-0.7526792475152304
-0.8074302270760197
-0.7702641528469155
-0.6736226892421056
-0.712146756312033
-0.7468275597579125
-0.7632249395560219
-0.7332997655019707
-0.6335613619277172
-0.5013940378199239
-0.4321670667875138
-0.4202760406550062
-0.49607531336210975
-0.5427185619524252
-0.5742909124821555
-0.6568895093513663
-0.6653656362173797
-0.7327119360549313
-0.8198032269399174
-0.7575738565833022
-0.6221744147107441
-0.6813189967743334
-0.6767164127189949
-0.7136349488659713
-0.7399409788443516
-0.7550534331451364
-0.6677287770709464
-0.7686864609646834
-0.7337343336989284
-0.765033514110289
-0.7575096225454511
-0.7225736353606236
-0.8272978171750385
-0.725133029487432
-0.7586274964366012
-0.7469023600924011
-0.7838983141356801
-0.683338080520669
-0.6579081306694341
-0.7136179158121947
-0.6064072950290001
-0.5817024063329019
-0.6242069657019859
-0.745290951517174
-0.7242985773916746
-0.7231824477294096
-0.7222692690455678
-0.6908656769969019
-0.7683908777023953
-0.7644325881306204
-0.76680207221371
-0.7890973891736581
-0.7730915447333554
-0.7238100109571088
-0.733973486591015
-0.6830129851782252
-0.6040586547848344
-0.7445687794293748
-0.7122338016915201
-0.7136309129292787
-0.7557252475288732
-0.784139253408064
-0.7565002354246959
-0.7940735463884758
-0.7344044460988606
-0.74680149537816
-0.7328176587852938
-0.8395324120094879
-0.8212170840111228
-0.8058066581186963
-0.7107802128487359
-0.647134083012396
-0.6636896688920711
-0.7386955269088483
-0.826651530291957
-0.7784283991751322
-0.7292630121435019
-0.6576452088553607
-0.6850858360184185
-0.8041696468675648
-0.7208580334005694
-0.7824803586476827
-0.7319667063253409
-0.7308712732105492
-0.7248707557227075
-0.6749284083707378
-0.5824016876551873
-0.7305246254162528
-0.6825434337254198
-0.6493036600643791
-0.6483502153935584
-0.7206426759677675
-0.6880270370333961
-0.6624915070145112
-0.6100156035215737
-0.6554086574149094
-0.7031021123902946
-0.7735205923883377
-0.6078449395491765
-0.7714233737125983
-0.734783208282027
-0.7844431467667817
-0.7780548468847075
-0.6840164901279362
-0.7621080501182993
-0.6962813688073576
-0.7916927929199296
-0.722563334501931
-0.6567783313524643
-0.6773990568605068
-0.6495451350640096
-0.6877764985853864
-0.6836318079113134
-0.7791364273574855
-0.7345329265358087
-0.7777696171230517
-0.7573005362171422
-0.773073843449206
-0.8008025189178787
-0.8305645896957977
-0.6297436032880939
-0.7036217726766556
-0.7153340195453565
-0.7354712755384646
-0.7780042596304029
-0.7266821548116973
-0.7347578994713966
-0.8265905378658391
-0.7729312263834799
-0.7821661626301311
-0.7471450382527202
-0.6867577113495659
-0.770856790277542
-0.6949044476297757
-0.7099937729265745
-0.7147112563034616
-0.6846721616001344
-0.7011133728955545
-0.6599481714298243
-0.7126123574699798
-0.7387290974134568
-0.7218557153333722
-0.7936339920206157
-0.7840452851325439
-0.760993813348068
-0.7214606406890246
-0.8549600506164848
-0.771460477409522
-0.6561669035451744
-0.7281723113025214
-0.675921119554043
-0.8040250554221944
-0.7521714189566494
-0.7495822487526809
-0.7628400435877315
-0.8191767502989274
-0.6937562797593668
-0.6889517649882853
-0.705593813466659
-0.7409283541712852
-0.7517703506590452
-0.7417984707043985
-0.6659212081013139
-0.6816880093858685
-0.8460943560450788
-0.8541330118113982
-0.7058027290338635
-0.7230180056007353
-0.7186279756671181
-0.6318520878712267
-0.777916172431105
-0.7094295896974653
-0.5806948375047623
-0.5858511660759035
-0.5217755715713174
-0.5738847322720715
-0.5692092029485114
-0.5464457107488729
-0.5311100771810023
-0.5960513284422803
-0.6752051598853809
-0.6087375738017279
-0.6633930284239401
-0.5443397390821607
-0.6704089683134979
-0.7924907598328249
-0.7204242592517122
-0.6603705880213818
-0.7489407975168824
-0.8009726997271056
-0.741620971762669
-0.7882627895146328
-0.6633447868022155
-0.6556379374037069
-0.6715117295194365
-0.6630193116352971
-0.6085557142247979
-0.5935672875022086
-0.5132260623942002
-0.4861446324357325
-0.507068869826369
-0.5591530266341882
-0.527116407488819
-0.4680749639491408
-0.45020585443369
-0.4923375635372849
-0.5846668551986697
-0.4970288901077685
-0.5534597847385402
-0.5254744191088713
-0.5160189125437913
-0.6019538529121453
-0.7557362130922837
-0.7109647018355323
-0.6996374701853858
-0.797747105764288
-0.7732251366458242
-0.8100227038040441
-0.8261088944142058
-0.7710906898666603
-0.7642806380158275
-0.7358240621634885
-0.7222279290918917
-0.7613341394471248
-0.6781371295932664
-0.6797129229257066
-0.7436070133660402
-0.6609558979334941
-0.690440972856573
-0.7927631043543794
-0.718624914959112
-0.5992562029615901
-0.699431714395285
-0.6826244380120754
-0.5393625055685045
-0.6445390700365311
-0.6773457117644062
-0.6544196863519341
-0.5920822484567532
-0.6991962218795311
-0.6570670884616432
-0.6690150052200907
-0.6387298386092394
-0.7257062742219782
-0.7353562778854539
-0.767859510469775
-0.7298601011898163
-0.7326718442166354
-0.7026259920801451
-0.683764334600718
-0.6134758993342986
-0.5087033002669722
-0.3928684570528221
-0.45168195321918647
-0.4351101668436135
-0.4814734414503784
-0.45203554159882003
-0.5782565744372428
-0.5957766664664008
-0.5985256135426636
-0.6487443311245169
-0.5574946381128858
-0.6364841021571863
-0.69791680493404
-0.6965170381433801
-0.7473397440537978
-0.703151714731288
-0.6215700210436264
-0.6864344875636743
-0.7423524366699554
-0.6865423829469992
-0.6571073752472577
-0.7730488319632239
-0.7630901093231217
-0.7017285609608735
-0.6993013226359247
-0.6782366564794482
-0.6285342269594423
-0.6427261030738174
-0.581061082632033
-0.6388867467748722
-0.7026636196967988
-0.661071219201097
-0.7165303992434497
-0.7688214219110109
-0.7473142509954772
-0.6107214615060725
-0.5972756243861504
-0.5961486416056807
-0.6577855069045637
-0.6747187610171657
-0.5813837892083434
-0.5220788080391169
-0.6435414540379482
-0.6493122803794418
-0.6378362906100695
-0.5971853775814268
-0.7100389384248796
-0.6622269109531638
-0.5551266402219303
-0.4028162078557525
-0.551990615976535
-0.6295719954915981
-0.6972168655159652
-0.771321202631466
-0.7373112469181748
-0.6453467288435777
-0.7136602773033205
-0.5248898884479777
-0.6697906313366666
-0.6589081818692644
-0.6845094983557797
-0.7444055512864218
-0.6854357370084706
-0.6907478621193426
-0.6321992213797842
-0.6131337806876742
-0.6403631447267302
-0.6655591319996106
-0.6867975693445644
-0.6423749545966608
-0.7372058448720135
-0.7676721823149678
-0.7178706274976187
-0.6213242817760359
-0.6569426929886047
-0.6994774300288881
-0.6521563011772424
-0.6183319098242498
-0.7378752509880735
-0.733475656011011
-0.7667248672707163
-0.7835935082553845
-0.7393793461505586
-0.7584467443767293
-0.6036038194068126
-0.7215456447414297
-0.6337286117096218
-0.5889053318473617
-0.5973974934590629
-0.6755898709110109
-0.557946823215504
-0.5298016243394905
-0.5672626666791171
-0.5208417718217608
-0.6373276536497383
-0.7191532973629315
-0.7492253356808696
-0.7425240890445189
-0.7574015029796849
-0.6951426541639294
-0.6075403407031658
-0.5418821694120889
-0.5606378216370757
-0.6886746911973977
-0.6340660952111775
-0.706926662530663
-0.6529313091355485
-0.6451555254199101
-0.6738420386276842
-0.7324646920183819
-0.7670893527608842
-0.7325026792504246
-0.7510343440302439
-0.6980174994731712
-0.6625637873762875
-0.747507073037968
-0.7435993683170076
-0.8029971267744687
-0.7492060579327823
-0.6842114394982504
-0.6534033476539044
-0.6217940840035492
-0.5838655801336066
-0.7756277111391242
-0.8211034392133328
-0.8285406130311265
-0.7996047819850837
-0.7439830199420241
-0.6978022768666617
-0.7563290562002971
-0.8154221441719642
-0.8178155349157491
-0.7403434526089461
-0.7002698790216257
-0.7329091982851244
-0.7092575226782255
-0.6440488220791349
-0.7081232224287554
-0.7929212032466363
-0.6449080930708818
-0.6536815369130284
-0.7818840689397678
-0.771077529370024
-0.6350881867284757
-0.6894174174250937
-0.6138378972552627
-0.7789614927206278
-0.7813917929831794
-0.8297043526470672
-0.6649511310446713
-0.7022878937202127
-0.7772374298346068
-0.732773036039809
-0.7879162184101687
-0.8061052424659694
-0.7914274246000162
-0.7348101136796867
-0.7508233636260998
-0.7115164928727326
-0.754789865940752
-0.7039256327460051
-0.619309621080648
-0.7874819192250305
-0.7810042338886095
-0.7381344369195766
-0.796879142152104
-0.8501350263202616
-0.7658542861426179
-0.7847613633826019
-0.6950643931066146
-0.705244246715845
-0.6309065956868546
-0.6985545913894876
-0.7422162014457314
-0.6488649117873126
-0.685252414649057
-0.6591268792982427
-0.5666692866147731
-0.6020536110577794
-0.6606489544339265
-0.648948184971107
-0.6170688788627843
-0.5441533564867717
-0.6852569218795866
-0.6661571261500112
-0.758551544133045
-0.6302903172135847
-0.7021661766532648
-0.8009928890822677
-0.7385115873217569
-0.6996075441217056
-0.5773064927477365
-0.679166174103085
-0.78998872258434
-0.7215578155494394
-0.6515198633580432
-0.6177383889999291
-0.6528212165893967
-0.7078305408331289
-0.7710842060136464
-0.7715542616873127
-0.6210967498726168
-0.6770611168524678
-0.6737466372157804
-0.688750482717851
-0.7172064303262773
-0.6946542699528168
-0.6399919129639271
-0.5518249607973523
-0.5848576482031225
-0.5143904697844585
-0.5996680280505197
-0.5800328014622381
-0.6369034660764716
-0.7222406606415235
-0.6238779704833702
-0.6411874863623156
-0.5970337656936477
-0.6131538332347014
-0.6669776664153204
-0.7434739144525465
-0.7665882265467646
-0.6649164922602844
-0.711895549510233
-0.5531364519159786
-0.6380197502788174
-0.7435953534051941
-0.7140412772262072
-0.7757365192911041
-0.7399635578345205
-0.7369553813738651
-0.8074860565403941
-0.6291008271834793
-0.8159445896728044
-0.8084119568269535
-0.7581333620619968
-0.6583994252074203
-0.6756894618625807
-0.7046821063371533
-0.798525046752783
-0.704291465584154
-0.7324963095122173
-0.6902706951727514
-0.8403595896856509
-0.7929202007734105
-0.8076977433908232
-0.815751456221188
-0.7979174222781462
-0.7262150679257848
-0.7592487585592603
-0.7101437578872637
-0.6735993541098227
-0.6355987745812212
-0.5289113392449274
-0.5467374281022903
-0.6201144113596309
-0.5773426793807845
-0.617698176346663
-0.6585926821679708
-0.6866771269006026
-0.6918210533176935
-0.8431497382386426
-0.7202661175977263
-0.7768226732604553
-0.6903603791429996
-0.8024709516230211
-0.8384694442364535
-0.7810783560640326
-0.643769931201981
-0.6648277074080967
-0.623283926788946
-0.6027735071967074
-0.5413948231101177
-0.6227125322855824
-0.6668443593931652
-0.59980373041952
-0.5924279693310763
-0.6539615847826646
-0.6947413450610905
-0.6063531891984109
-0.7005887112755744
-0.6500760806205266
-0.6279051365359193
-0.5600989597329523
-0.634225420345276
-0.6607847945330555
-0.5913803491930918
-0.6209795021117865
-0.6199617328176062
-0.6378847244187492
-0.5812876773011068
-0.6406781732294115
-0.7933849121788762
-0.8006945621519544
-0.7364944445786036
-0.6960899964494858
-0.6481906019125918
-0.5408240901008724
-0.5854758545519864
-0.5860489851894307
-0.4796535344175389
-0.46640768609742767
-0.510155058157966
-0.5069321933305851
-0.5091614247444033
-0.5481460940214682
-0.5254749453697124
-0.5312407196470899
-0.5180300195995404
-0.5501151763477355
-0.5835652489987453
-0.46785791452218
-0.5729352458174022
-0.6593492234944306
-0.6712149558497055
-0.5808185615339648
-0.5528129342921323
-0.7241958996339048
-0.6141187592396459
-0.6547458918434476
-0.6202923766889623
-0.6516357806928093
-0.7219107032748873
-0.8363448115787667
-0.7877121408874361
-0.766978183159576
-0.6427330031952575
-0.6923888140064998
-0.7358663422632611
-0.7084862178767831
-0.7060183137811484
-0.7167094301828574
-0.647887964799667
-0.49715315170254004
-0.690564683134548
-0.6095677322254571
-0.6811420380956057
-0.7457328474859382
-0.7014956720658977
-0.6072691971000532
-0.6826646872374094
-0.6625587344175711
-0.7678134169102591
-0.6432258647285336
-0.6799682601963033
-0.6986165926503325
-0.6823667907386217
-0.6284865036399795
-0.7831263770721667
-0.7985324454304304
-0.8602737137872882
-0.7560831685375434
-0.6359180738224405
-0.7299061122003735
-0.7375892538671475
-0.7895684523524295
-0.8143156417380597
-0.8158379191883536
-0.8496107816098479
-0.7889245996366644
-0.824895073507424
-0.7410477611095628
-0.709894837031116
-0.7488361031850036
-0.7646557800962853
-0.6810934862688641
-0.7393591326297622
-0.7182414979993199
-0.7904838549878933
-0.7084792831704182
-0.7361275422047746
-0.7175966141824823
-0.7336629424300536
-0.735693723908136
-0.8038096687304241
-0.6300355766648305
-0.7441520397831759
-0.749239224788166
-0.8118635890136965
-0.7671244596417588
-0.7495347839369867
-0.7974877888143683
-0.8532315782714842
-0.794829555762407
-0.6867303424186203
-0.8406495883992257
-0.8292725312932797
-0.7560645074297149
-0.7171618619652249
-0.7488328681557507
-0.7380422807716505
-0.8380978312100994
-0.8035257672655167
-0.756864340159354
-0.784587030417021
-0.7265526519213439
-0.7372625434915474
-0.7603779038889004
-0.7023165734081567
-0.7974340201357469
-0.7774481594871614
-0.7134509429585684
-0.6637446022978257
-0.6785231477728885
-0.7143669738453299
-0.6852866240154568
-0.6616964320181894
-0.7161053904484941
-0.6557715205694812
-0.661152920912884
-0.7560472758488963
-0.657269474727406
-0.8250994552750758
-0.790893050528156
-0.7650941324685362
-0.7415615966710614
-0.7756660092626315
-0.8056675633663455
-0.6619261430019056
-0.6060462152595956
-0.6258711049929778
-0.6849833818801039
-0.6930639668061899
-0.789205493158222
-0.7570890440550954
-0.7419936827077365
-0.6918183125827702
-0.7669108604170746
-0.8457886226505416
-0.723288093701943
-0.6050055552162092
-0.615506275896819
-0.6572653464216093
-0.6328758911474069
-0.6667694844962412
-0.7599495336238122
-0.7513647104723646
-0.8116209199224876
-0.7636436679690064
-0.6981461580637116
-0.7785980468450164
-0.6818102086763614
-0.6779888578962732
-0.715431620225386
-0.7269323942376001
-0.7884747269154742
-0.6248148118817745
-0.7322118578216248
-0.6984853457325998
-0.691572431712077
-0.7300378971698505
-0.8951964865706199
-0.7986450777137066
-0.7546576851365357
-0.7078784981365219
-0.7221856704172344
-0.694097577789686
-0.5851672789478013
-0.5686907271450077
-0.6627892311370274
-0.6125679227484364
-0.6762841193752285
-0.6925228406967344
-0.7753810570883763
-0.6620845281674301
-0.7379991287157797
-0.7528553607330829
-0.8359545063097809
-0.7810545623957251
-0.5806919812731193
-0.5397437278669472
-0.5320404593606026
-0.6580803006859388
-0.6096702939247974
-0.5863939840302972
-0.6633280339285293
-0.7091157817662793
-0.5932315804730642
-0.5646292327474652
-0.5365004644990079
-0.6839161393995623
-0.6814843371849582
-0.5961437017391322
-0.6352947808296273
-0.722184878909921
-0.7536526564547548
-0.7313550418747894
-0.6710035937249419
-0.6725376730639754
-0.6264235009054265
-0.5375728396005605
-0.6426208974439426
-0.6143910988043262
-0.5426163739845992
-0.4287231456051819
-0.4951874811253116
-0.5593904268571063
-0.562267423848882
-0.5343062217284908
-0.5584395424619607
-0.543879009779169
-0.45793438690862137
-0.47116525965643535
-0.5147593869772308
-0.434893539906589
-0.3735941382909884
-0.5347429072997231
-0.6160474847581734
-0.742483737618617
-0.6340318337686417
-0.7079742562190761
-0.7152874044419343
-0.8574160663280043
-0.817789393525384
-0.6866840079975345
-0.6516430378491491
-0.6879538204481787
-0.6324897519126399
-0.6034711550247573
-0.6974819958373686
-0.6956849968593414
-0.773494093695844
-0.738265660719717
-0.7219241190419018
-0.7502420550523919
-0.6730885686326237
-0.6553872307428448
-0.6324091372729281
-0.6336756843217246
-0.550507685916451
-0.582999336171875
-0.6540815604911427
-0.6014436097357401
-0.7009649604228836
-0.5407801912268108
-0.5656287773391091
-0.5946447503511714
-0.5775302113558438
-0.5741914708918614
-0.5361103060103182
-0.6600752127389979
-0.6793286599946166
-0.7077518106465064
-0.6360883890669815
-0.6917846659281508
-0.7913101436559682
-0.8256706224438272
-0.8322994060658038
-0.7664567366735511
-0.7070218276755535
-0.6465079957190973
-0.7255918299080398
-0.7467272566213834
-0.8136029215211512
-0.6688007557093153
-0.7146644869909686
-0.7402296171554034
-0.7541213793035356
-0.6606864831795634
-0.6965500176323598
-0.7116878727574182
-0.7598860176761556
-0.6891463243869651
-0.7592729579977558
-0.7985004003229517
-0.7539289544223315
-0.6867780019643499
-0.642676601202154
-0.6685240748924834
-0.6545798880046508
-0.6808622871715883
-0.7872779936130754
-0.6267240735601463
-0.6517402485738376
-0.6133191417158514
-0.7267801306025666
-0.7540990051259826
-0.7899202163427888
-0.48910295383201813
-0.6812569713863935
-0.7873170039827415
-0.814654170689973
-0.8588711939615632
-0.7793443292139928
-0.7243628861937381
-0.7721457678448592
-0.680224353081967
-0.7132270435006667
-0.776445525739027
-0.8358463115399095
-0.8185676355787334
-0.6867064415550733
-0.7564543425860399
-0.7192091172799685
-0.7823713390491699
-0.8131178990680014
-0.7498311760316084
-0.7061637678605348
-0.649621184700494
-0.7037633703248188
-0.7568283376346747
-0.7316695621644979
-0.6309162776034342
-0.7075676465965932
-0.6766072711160431
-0.7511123154613655
-0.6833875113446531
-0.6882658862849325
-0.6475281511293649
-0.7302836460180357
-0.7691115144070984
-0.7524093355689934
-0.8070775827731971
-0.7450180623910917
-0.6563185140041592
-0.6759264756342513
-0.6871727213573762
-0.6026599598088269
-0.7139082278960638
-0.8040633620053338
-0.7359598223333715
-0.753987503028446
-0.7676125268590615
-0.7032809399085318
-0.774279829261711
-0.7267827812581342
-0.7971517559123527
-0.8706680651723678
-0.8149222542040441
-0.7812136220460828
-0.7740011090856286
-0.7502469675942893
-0.6861946830807152
-0.816187229065905
-0.8038008595281729
-0.8303805697015003
-0.7720565074941227
-0.8557631485900303
-0.682167442712285
-0.7783919617956163
-0.7757880149841798
-0.723814316076978
-0.7471095650686567
-0.7710561668004018
-0.6601435470853388
-0.7906051704752521
-0.6943883396635391
-0.5080883180937611
-0.6031216549304034
-0.6629724118698118
-0.5674180866227322
-0.5190706121318234
-0.5551674096424604
-0.6216570750584537
-0.718912674500971
-0.7076265582513867
-0.7630975904923382
-0.6637962175270993
-0.6066788802571871
-0.6536956026079658
-0.6518849604988558
-0.607555162116546
-0.655625305342721
-0.6708391036547631
-0.7506661144058592
-0.6704927388814232
-0.8108506658564041
-0.7739691990713957
-0.7879499933080326
-0.8209669913655181
-0.6910282426790652
-0.6416339944369539
-0.7769717717424409
-0.6828957829383844
-0.6899986453917587
-0.7048065785922039
-0.6294851631501701
-0.6511357875737049
-0.6858383384390618
-0.5768809014303627
-0.6814526332790674
-0.6499464174821572
-0.6479264879671358
-0.6817544200922396
-0.6364617451319696
-0.7559973713419014
-0.6723395042059088
-0.7130097996466107
-0.7863828857479802
-0.741150732236913
-0.7811185511401348
-0.8219173471060907
-0.7498479878565301
-0.6948672320139879
-0.7943212079025238
-0.657895001574334
-0.718773176342818
-0.61180566242884
-0.5736254977722641
-0.7011000563449805
-0.7391864538540093
-0.7722278495450575
-0.7703576465830679
-0.8022273271574192
-0.7951851580210477
-0.739247516538021
-0.7260775601047824
-0.6333254635416161
-0.6503357427649886
-0.6970320252855082
-0.7317600908985675
-0.7315147400051719
-0.8146926722725849
-0.7742119620975149
-0.7278828695167611
-0.7840633243864418
-0.7242582826917301
-0.7478715877399886
-0.7797090231196985
-0.7615830969895154
-0.7951004213773847
-0.7417718492698906
-0.6384779581331513
-0.6264535403066133
-0.762828180979534
-0.7618242853618178
-0.7484059799332081
-0.7778325745035385
-0.8147810110660461
-0.7018019752296387
-0.6712126420160518
-0.5350952146863023
-0.5217741935363307
-0.6873830263055387
-0.6932100596682634
-0.764100159407705
-0.6729876482139379
-0.631720204715049
-0.5329289382423682
-0.6090815905203043
-0.6535870780318267
-0.6908671978263277
-0.6877221774268522
-0.6559056353693236
-0.6339754809906601
-0.6975846126117353
-0.7015513220050188
-0.7414338921360158
-0.7060012015942159
-0.7103399015784277
-0.7729989369795441
-0.7138788907098084
-0.5861318431851398
-0.6337835473335044
-0.627965901876671
-0.4545840491375009
-0.5736736964881616
-0.7167019805776523
-0.6178989460844841
-0.5436159717048665
-0.603186011719941
-0.691251321846692
-0.6771720560448122
-0.7014421570816838
-0.6648885476835905
-0.7374554889794381
-0.6856400914193655
-0.7407120457615135
-0.7303975854864535
-0.7956164497890059
-0.8318693554372336
-0.7183098453452884
-0.7547499568755528
-0.8165635135198317
-0.7116851411875723
-0.7032531266986914
-0.6588095927648044
-0.5975766026062566
-0.667433205488229
-0.6201269655273791
-0.6627735077379302
-0.7071842842033598
-0.7867515801289411
-0.8207461533911315
-0.6856165546167766
-0.6842120757213681
-0.5873427373705484
-0.5837681615379565
-0.6039199655979058
-0.7166985195304406
-0.7252427717354812
-0.6536424985740618
-0.6971480522974365
-0.6754229245416848
-0.7837270703660386
-0.8229684734638457
-0.7502311618299613
-0.7635716132587934
-0.7599762382219705
-0.7629527342724363
-0.7580117737411557
-0.7629183704070609
-0.6805108796834836
-0.6514874482326469
-0.6757197462146433
-0.6076588839854173
-0.7710089015038597
-0.7476895007345973
-0.6743702842206621
-0.6224575502168339
-0.57576541579524
-0.614176048376084
-0.5780651259855886
-0.580368233964422
-0.6082760618205814
-0.6832258889816174
-0.7767586988525195
-0.7384079858277361
-0.8347006804634765
-0.8405360710797152
-0.8470087959593523
-0.7297272649508655
-0.7604422473750316
-0.7993206210075654
-0.8073277493233589
-0.77335055467592
-0.7753673264383019
-0.7259137799465999
-0.6860775145345618
-0.7176517252667448
-0.6323457901668055
-0.6917390487995125
-0.7371398558054771
-0.6337242771972559
-0.5289899496459126
-0.7895142055239457
-0.6856772161116549
-0.7003513949434647
-0.7104259840824798
-0.5721811453786454
-0.5057164013087562
-0.6821717098482185
-0.7107904707149376
-0.711043843940372
-0.6753441236689095
-0.6175031543630267
-0.4242219647482833
-0.5987195369758362
-0.5611718081076191
-0.6035562496412404
-0.5502502963669252
-0.5095455848662154
-0.483206828022117
-0.6634917180533546
-0.652844893267918
-0.6575850357326976
-0.6112996542792636
-0.6440427343544823
-0.646366958604011
-0.6392708744885616
-0.6685338404733131
-0.8079299068260386
-0.7162837184558928
-0.782929534136654
-0.7393296064750734
-0.7945349474871679
-0.786378709604516
-0.8495906117612524
-0.8157849652808483
-0.7257094950542532
-0.7148938104526497
-0.703514342375055
-0.7034864974929153
-0.7417864663027673
-0.7019374005168297
-0.7403301338729196
-0.7389011779835496
-0.697875480019404
-0.7790245083896418
-0.7459307277783018
-0.7397867341465407
-0.7238573036011479
-0.6753177565444122
-0.6557887362147286
-0.6940880936952577
-0.6135708600263945
-0.6607819410120354
-0.7006975302341292
-0.7652543119109576
-0.6270914487856012
-0.6149992081781156
-0.5175064690939979
-0.5678286199108608
-0.6655971114871936
-0.4965194965914049
-0.4966714137940134
-0.48144141442466715
-0.5631959437634022
-0.5482070350265347
-0.5641595805231145
-0.5677988875547366
-0.6807628409141641
-0.6697069537287677
-0.6711260271290644
-0.6926007335839165
-0.7081248761776276
-0.7106818176508607
-0.6988454311510807
-0.5569701248462428
-0.519212555597189
-0.7182490318227844
-0.8957462831185639
