-0.838854558028405
-0.809581490750583
-0.8454283049945736
-0.7662455228145824
-0.7287976253419716
-0.7565559004824236
-0.6832435152025974
-0.8290620168460859
-0.8251233038075128
-0.8020120541470186
-0.7769495943845591
-0.6780569579731535
-0.7789858658534997
-0.8354139630745863
-0.8350438325454916
-0.7690799384171757
-0.7284287148536814
-0.6841515401298328
-0.7050653909828977
-0.6926674136513429
-0.6442877533979622
-0.7221301405501422
-0.7450926707657411
-0.7632964432055321
-0.6352571538162817
-0.7507707193768278
-0.7552115862834713
-0.718000799490719
-0.6241426260646178
-0.7692226748015241
-0.7500701491790369
-0.7044291132955044
-0.7355601503531156
-0.7961143027263726
-0.7492497697302611
-0.7074934101257235
-0.6539584336033063
-0.7540101436290555
-0.7536222755181974
-0.8144782319300256
-0.807248761426296
-0.7955263784775995
-0.811665409541247
-0.8620702057200356
-0.8162548393415616
-0.7365402484463033
-0.7919552259372642
-0.701573975055589
-0.7532145324933173
-0.6966152405686541
-0.6343375136371908
-0.6431214280098652
-0.7469951545843858
-0.6908253063933235
-0.711875870270582
-0.6816493955040988
-0.6516071914527082
-0.6132049876544208
-0.5913767585506908
-0.611293409783793
-0.6403365225543025
-0.7025856705420438
-0.5838548973796094
-0.5011148680357084
-0.7835239231422002
-0.7809675874060467
-0.7166595691866442
-0.6430356315948788
-0.6427065414845662
-0.7042536884763473
-0.7301140592936153
-0.7488386544981986
-0.8230743699206616
-0.7748519626557913
-0.7343904508783924
-0.6918663301569837
-0.6805193745326991
-0.7013881173839528
-0.6546440407973905
-0.7559765141764418
-0.6688780611170458
-0.7024506073456458
-0.8246475830143164
-0.745098059020195
-0.8416368920505086
-0.769495019284144
-0.8025119138073511
-0.8048455557083434
-0.6577975709861341
-0.6741166855724405
-0.6356681809296484
-0.527748524784111
-0.5514101506971264
-0.49168190044931936
-0.5185664742808014
-0.4829618438851923
-0.4349153688661823
-0.5469326203464648
-0.5291708657522354
-0.5036497741634265
-0.6029069780874469
-0.630354213345504
-0.6752314752431529
-0.6710428802701665
-0.5861901358977603
-0.6652512588205086
-0.747030525380994
-0.8142878125489905
-0.8008397180127675
-0.729408204405467
-0.6540547080749914
-0.6794283168062286
-0.5987252594633001
-0.5947668475231194
-0.772937992371792
-0.809238231981676
-0.6804079959948715
-0.6215953780782038
-0.8245437215223392
-0.695279559178507
-0.69454058864068
-0.5919317911010585
-0.5846846681936145
-0.5296512846599702
-0.5369922334219724
-0.6214528377070009
-0.6992366949766045
-0.6996051513935065
-0.6041668024295764
-0.6245764897910078
-0.6962025667630208
-0.5903069100051019
-0.6152398903144557
-0.5781386900215739
-0.3960643103192421
-0.3863030032950762
-0.30402188559523563
-0.3602269058945139
-0.4158929464083774
-0.4844179995345511
-0.522587686316182
-0.5612256204723002
-0.5060091336504534
-0.6812148623070159
-0.6395464255570658
-0.7981403360913767
-0.7494215992651477
-0.7377008026109112
-0.6639604861512777
-0.7893976021449912
-0.7064766003505101
-0.7399292560762043
-0.7717587372837208
-0.803878989663748
-0.8030622907489601
-0.7514054509295762
-0.6659115157822229
-0.6398411025234693
-0.6469785304822925
-0.632148310683961
-0.8084448094445189
-0.8735562402135321
-0.8192252452177177
-0.7765202277009033
-0.7586387134348926
-0.7295134195907748
-0.6962653673047321
-0.6344751286995708
-0.5537030675309087
-0.6756115785390897
-0.8551151899456674
-0.8187467403541407
-0.7500997756293326
-0.7752775596205093
-0.6636721064021476
-0.7171143407021734
-0.8072086299661658
-0.8435592123458191
-0.6630379591471235
-0.644127261604718
-0.6077364210493729
-0.68115967724166
-0.6806952940315968
-0.7701690551394668
-0.6699737223764783
-0.827878974219101
-0.6936363607274142
-0.676375076376961
-0.6947824711435531
-0.690932759058345
-0.7047971222734316
-0.7445521935540531
-0.780611584270059
-0.7361774210186774
-0.6497387709608187
-0.582374241504177
-0.7203885479508292
-0.664397905723193
-0.7089097500061371
-0.6530940236889361
-0.5967033551356801
-0.7334694722771035
-0.6976573035779637
-0.748145237797244
-0.8050052817443741
-0.7581118719470452
-0.7046761274071304
-0.6333194476070487
-0.6947800791475512
-0.7040340518775596
-0.6730552214951122
-0.6312083241517381
-0.5865873000336439
-0.6991132032077685
-0.6827479916004301
-0.6006635348988518
-0.6764615986616971
-0.7308740592953614
-0.6120901889901917
-0.6161918186898535
-0.7766328910035893
-0.7371303076050735
-0.7630787258651788
-0.7966529912544662
-0.7087712783766592
-0.7004952444820848
-0.6363714786083916
-0.7130365067923955
-0.6473627453352901
-0.7346439862021437
-0.5826448356883767
-0.7439150315748577
-0.7273373097658697
-0.7270081461131191
-0.7363559118547419
-0.7104610182713162
-0.681722682794286
-0.7852166867814272
-0.7822277318921338
-0.8114972063931533
-0.8455297325038502
-0.8007004622881362
-0.7735738768440721
-0.7526310959681901
-0.7111440179592636
-0.7653349109231493
-0.7389934968919931
-0.7354924838638157
-0.7090850002419239
-0.7203620373650633
-0.6906078368296582
-0.6901377760443879
-0.7103187994659198
-0.7752153032653885
-0.7539190363609032
-0.7860662070931071
-0.7149629901011014
-0.5930731075483713
-0.5101582007203801
-0.6038620735789852
-0.5761560196174043
-0.708441987759657
-0.7070291937165794
-0.632861774308862
-0.5807641270160716
-0.6620488806210115
-0.8155699129899189
-0.6818784570017471
-0.8052662043902572
-0.7964677201717065
-0.6691257810116074
-0.6860705478968793
-0.8149322816683001
-0.7951375398321168
-0.7535713744153795
-0.6863595013080064
-0.68861423572305
-0.8213046033346323
-0.8081726444115893
-0.7947974642329111
-0.8014612222792179
-0.815851451118312
-0.6965521217379471
-0.7113355184576727
-0.7120313819766758
-0.6653229239906779
-0.6588606310613702
-0.7819268361141396
-0.6612595429194532
-0.7899314016783141
-0.8137094747524692
-0.8509354128623163
-0.7294341034733282
-0.6001640500226199
-0.7400164804223279
-0.765673981780635
-0.759415802454148
-0.6701073509218061
-0.6021836874229387
-0.7206691083474227
-0.6981301549706389
-0.6832052715299248
-0.6005647502253134
-0.6609686690621975
-0.6993977717716476
-0.5531641538090615
-0.6461194141797957
-0.6708368929207542
-0.5881118039753208
-0.5510404410912263
-0.600543602318418
-0.6560868771909784
-0.7513092943927765
-0.7006816704493596
-0.7234106529476129
-0.9138240641414629
-0.8480617488555657
-0.8130314496905829
-0.6689929061086526
-0.4661764446134225
-0.5885916506377872
-0.6406683191904642
-0.7996570634038138
-0.8071806176029275
-0.687971677071851
-0.6807823106476472
-0.7135960464236726
-0.7260965986635121
-0.716969645893184
-0.7563953507284017
-0.7113764905528547
-0.8009270013967115
-0.8829981976971589
-0.8069984285178728
-0.719484199312702
-0.7892921548082356
-0.7549895939599807
-0.6255014922354095
-0.7092436697755972
-0.7089303222097169
-0.7043616009463315
-0.6748638695048887
-0.691525945144502
-0.6468174113850653
-0.67186426765321
-0.594965689477437
-0.6626424850684822
-0.5691709861190644
-0.6645844075280221
-0.7457926080440025
-0.797588663324252
-0.7872101810465809
-0.8103899757668757
-0.8458341617682285
-0.7523336855681872
-0.8424355682713521
-0.8419880463017648
-0.7573795310646885
-0.670565798542472
-0.7936324608178986
-0.8498172457208886
-0.723572551321134
-0.6770347588184401
-0.6108912127138235
-0.6766343881242077
-0.6233792443368983
-0.6151072627727517
-0.5966043317995848
-0.549713726676582
-0.6290598612721623
-0.6843806429495725
-0.7684372453388381
-0.7324759452634447
-0.6765273135629857
-0.7035902362080938
-0.7560610378791166
-0.6115269169072522
-0.6283669058178588
-0.6719011336895799
-0.7178031878265615
-0.6056845453055895
-0.7932202126282356
-0.8165730935884471
-0.8111135357038419
-0.7467260763815077
-0.7583853414781674
-0.7612995556665115
-0.7923754740571711
-0.8005300473623604
-0.6404283938437902
-0.7708156501063793
-0.6617866583693334
-0.6624027222154116
-0.7489175177059109
-0.7670463561827993
-0.8382068097585172
-0.7062000885801013
-0.6994675025157451
-0.7171507517885795
-0.7648112765539405
-0.7423886399702332
-0.7311750506570285
-0.6845938567018867
-0.7470785639403585
-0.7337261892844029
-0.5982905891077779
-0.6446398149549171
-0.7007169077301572
-0.7449635230283421
-0.6487796458451917
-0.6628287246767242
-0.6741314342198776
-0.7325322395026854
-0.7003401332196962
-0.6512217133143193
-0.6885096616368825
-0.6596786930376957
-0.6854574408903159
-0.8157289516049439
-0.8189563377744091
-0.7538626997764132
-0.8267585217627453
-0.8515412119775471
-0.808449129057524
-0.733166435866781
-0.6192994635884902
-0.6323532018670451
-0.5783082076409412
-0.6637769957583478
-0.6914934666847243
-0.6379213105336159
-0.6716241448615432
-0.7200673978241914
-0.7143541664618908
-0.6234146670701781
-0.5597199542382407
-0.5769596579522862
-0.5442802717545824
-0.47162448573252364
-0.5379835181950731
-0.5978220804461843
-0.6112183900176842
-0.548652230689884
-0.6098448734857291
-0.5491737615696719
-0.4628877109887609
-0.5596036333294472
-0.46140226678185253
-0.454488301742175
-0.41371389025594174
-0.4997550073870958
-0.5345531239548685
-0.48950334971065834
-0.4809570235586761
-0.4151794522091594
-0.5894705433430542
-0.549429486075408
-0.5617536314687183
-0.5925773429304272
-0.6355574388734383
-0.6121294826570183
-0.6137836497405609
-0.6245032322997806
-0.6135792962551065
-0.647473596297991
-0.6956410738340026
-0.8587838084774968
-0.7214147145858855
-0.6508175515999871
-0.71261864515442
-0.7587471609257953
-0.7572509116653391
-0.7193047961070074
-0.6357094801142549
-0.742776619415877
-0.6985628757347709
-0.6981422438649212
-0.6609506303347994
-0.7828428602381884
-0.7471463881947473
-0.8329634569816321
-0.8348364888357657
-0.8260302955800137
-0.7533218779508132
-0.6391511529074615
-0.6441149120310337
-0.6953670008955954
-0.6991667993294322
-0.6685951951709369
-0.7035504337248636
-0.8600074566961574
-0.7631003411014945
-0.7244027524581416
-0.8546827776829969
-0.8311595292733349
-0.788106374741284
-0.8080231824862318
-0.8669853756316204
-0.8467578711719721
-0.7913146215614986
-0.798306410809733
-0.7523551426046302
-0.6914574519650355
-0.6777360789478771
-0.7107581719082072
-0.6304551996606353
-0.6138110818805619
-0.6073287851472012
-0.47620276067955447
-0.5950408715487716
-0.7136274200279572
-0.7282076808884121
-0.7477090615255075
-0.6984990821353692
-0.740087397542531
-0.5821422532841126
-0.5954105013032525
-0.6320290573950789
-0.6256800545466615
-0.6241162424178719
-0.6685675446696379
-0.7257326437628675
-0.7504777039251473
-0.6842653343040708
-0.7099794679388987
-0.657273053897658
-0.638257521438038
-0.6002642804707129
-0.6279238899901085
-0.6850777999111273
-0.7434614436523598
-0.695516052349125
-0.718780391376829
-0.7248673670677983
-0.7679028800722927
-0.7694902627010596
-0.8160726144901851
-0.7326017324995557
-0.5428663549502072
-0.6125584341860675
-0.6642918644826336
-0.6875594328838331
-0.7042540861365012
-0.6359310832237369
-0.6049485916687638
-0.6746197092619975
-0.6547984194756457
-0.7110600761811507
-0.7223194977859786
-0.6486282961227988
-0.6597278965713558
-0.6577982331631445
-0.6685477356830675
-0.7734758080868663
-0.7514299382502132
-0.7495992289089105
-0.8066699335735562
-0.7591423309183359
-0.7472895689043947
-0.8042633744857001
-0.7326836683217464
-0.7886571570705825
-0.7850909631484047
-0.7586275535854673
-0.7635637713069519
-0.8603863698098757
-0.823543860171105
-0.7467321836192217
-0.7841297887211095
-0.856438568725281
-0.7824250723911795
-0.798808463250592
-0.7933747802797095
-0.7438152146149846
-0.6964864573198103
-0.7273786225141582
-0.7412814409507613
-0.668599183240142
-0.6248369438251006
-0.5866596831541109
-0.6229562578118705
-0.6607841294276724
-0.4932183868381898
-0.4623239006435387
-0.49079237292468003
-0.5019676124371869
-0.5269825985034989
-0.542836846455938
-0.5246840302926415
-0.5300937546448967
-0.5584836205674097
-0.5389787328564932
-0.5972038426038069
-0.5664705881014923
-0.49839491230049204
-0.5622481060101358
-0.41562438958641934
-0.5700414077129713
-0.6688016103591178
-0.7328445942782221
-0.7139499275912525
-0.7908830804462281
-0.729450379581015
-0.6484281839947914
-0.6446567761584837
-0.7495539912703099
-0.6793089717261674
-0.6944481119155862
-0.7078527353739636
-0.8175388540571804
-0.6610591365564743
-0.6778673164658064
-0.7677862079013018
-0.6494862479719412
-0.5994502032684483
-0.6244468135854604
-0.6230746002532953
-0.6307549958103623
-0.6472551654034051
-0.7266898286340243
-0.7503837006327104
-0.6847108060594844
-0.648241848043542
-0.7555523854935453
-0.7803227218939238
-0.6886238265372666
-0.668247402821518
-0.7603869369888598
-0.7160165796788004
-0.6895263667476725
-0.640051669863015
-0.6522364256670066
-0.606592772642401
-0.7301865224895886
-0.7168675304445619
-0.8301526645335315
-0.7728374056820246
-0.7006842509715403
-0.7926611667186814
-0.8006424732554377
-0.7205956862021704
-0.7503840012317362
-0.6960210346130292
-0.7045160752239329
-0.7353488967503989
-0.7748518036315515
-0.6857032962294515
-0.6691184520557106
-0.7779486166097018
-0.8419140936711395
-0.6272690372873176
-0.6996178780544138
-0.6472582931406068
-0.6169381938070602
-0.7426908478291193
-0.7751119346870422
-0.7849872770179352
-0.7655798258840941
-0.7446004180901534
-0.7581972661732774
-0.75964393311931
-0.7361619604634423
-0.7371824590665075
-0.7084680869397963
-0.7093024873839502
-0.6901665089690922
-0.6999784827093366
-0.7205463343032685
-0.7275260007189062
-0.858752012890273
-0.772514086265536
-0.7401078041637511
-0.8237671366305253
-0.667260193361721
-0.7260409127500009
-0.7700663627562802
-0.8339647939258902
-0.8221136771031838
-0.7333149078149787
-0.7084640166086149
-0.6702977323147054
-0.6516027117686487
-0.6381926123671466
-0.6757934851905256
-0.7978467721969951
-0.7135050848921543
-0.7763244568746736
-0.7582886861534117
-0.6720668358593054
-0.7688213494436381
-0.8573876733235463
-0.7735381156615673
-0.8261293567293939
-0.7389508298490972
-0.8364460684285789
-0.7899855369282677
-0.784478761695096
-0.7038804638658351
-0.7054869626065685
-0.7082431466376369
-0.7012875614505375
-0.6949601724282584
-0.7690454652363495
-0.6526160211207855
-0.6682016135153483
-0.5791236706682882
-0.6858159797829021
-0.7111522420713671
-0.7150498123092884
-0.7210632798234899
-0.7111305331241461
-0.669951767253618
-0.748032241784563
-0.6235651745708314
-0.6380446079972939
-0.6081245934794818
-0.49831080739887007
-0.4434977595341747
-0.4596450698903577
-0.5174029083178727
-0.5032703737267217
-0.5394949262428453
-0.6114796823427602
-0.742607753551547
-0.7378276673913361
-0.7646787344459207
-0.8555828023460734
-0.7881589387745906
-0.7880299021927283
-0.8810951813772503
-0.7913773686257012
-0.7716860814530079
-0.7923568779106196
-0.7045701868530574
-0.6946858811667466
-0.7212286223535249
-0.7433312855541657
-0.7252493968747419
-0.729282606557532
-0.6370991114821537
-0.7180465713912957
-0.689509887915486
-0.7965767030898453
-0.74621190603321
-0.809455907564822
-0.6920492533051422
-0.6330168438471238
-0.6384653642187325
-0.697747362786858
-0.7268201807664467
-0.7061143967373836
-0.6712358781514544
-0.7663686480309857
-0.6733339028269484
-0.7612999795496418
-0.8041694187438715
-0.7966369182279265
-0.7968355180552517
-0.6547057505676662
-0.7721519238316175
-0.8263457423881863
-0.7828982437867127
-0.7903085888632995
-0.7858993724136167
-0.7527631873715162
-0.7242001971983718
-0.6229864969596808
-0.6798093614694948
-0.6883107713533111
-0.6937601255779378
-0.5236515160735161
-0.4577513120892512
-0.5285708242233366
-0.5248465541502327
-0.5781816975888159
-0.5293921775736619
-0.6537840141539312
-0.6037802299374333
-0.7607629267332918
-0.671793486008817
-0.5906104862522625
-0.5251480589890702
-0.49616565295663634
-0.5828393524213131
-0.595655182889723
-0.589435664626129
-0.5995860207727136
-0.7209529802100031
-0.7840249866763873
-0.7775595436148992
-0.6214066835181112
-0.6161754413370897
-0.6679175879703856
-0.6750280809768179
-0.7619304516035662
-0.6729263501994471
-0.6039994687017504
-0.6673296534754187
-0.8109801094490517
-0.7172529229392901
-0.7093475504593514
-0.8849355360659207
-0.8486754946884001
-0.7397094699050616
-0.8317509262713769
-0.7815982826134971
-0.7118284353705422
-0.7120679043777592
-0.6663431437115318
-0.6818466897820008
-0.6402115628502058
-0.6999817472258456
-0.7250337886975375
-0.7480193263950149
-0.669360039617681
-0.6746176397477861
-0.7367221370279694
-0.7245459892736336
-0.8271014593498853
-0.7072970601357305
-0.657828714960448
-0.7199964384387681
-0.718043154732265
-0.699666587926233
-0.6724295408544045
-0.6150597909144929
-0.7217222612170503
-0.7614854176079895
-0.7074747791854369
-0.7369411361922067
-0.7704956363542161
-0.894557335822201
-0.7369908938517258
-0.6623587941129357
-0.7478636156104249
-0.6599814444121241
-0.6228296744242646
-0.6196893068527837
-0.5433353332013432
-0.4832925990379676
-0.5269478576449199
-0.5266876188122881
-0.5560775997633219
-0.5607320770410259
-0.4758578926294786
-0.4601782703704834
-0.6199910662856827
-0.5890333641291916
-0.6372536195671651
-0.8034515523065565
-0.6426620896180953
-0.7206937491755495
-0.8423778061809175
-0.8192725828451404
-0.7643007239337657
-0.6833111402635083
-0.8124418260237397
-0.8541872236915331
-0.7397102845646112
-0.7174633582278385
-0.6299739482485699
-0.7759654982456279
-0.7665175830283742
-0.7755998001557276
-0.71346854143149
-0.7574156898814136
-0.6827209242708623
-0.8362090522940898
-0.6838677368994979
-0.70137578554441
-0.7383271000510386
-0.730399942207062
-0.7152495765100552
-0.6981423633624677
-0.8333006368214383
-0.7318363537913499
-0.777242776113745
-0.5442625876331675
-0.6181351777902842
-0.7220776838917878
-0.6708412884846492
-0.636612276132745
-0.7516633212332131
-0.6918672707885489
-0.7567239170732785
-0.7599637899264041
-0.7343622371219958
-0.7526746202753424
-0.7771377957767581
-0.7099150481322086
-0.7751449547284733
-0.6446626459787395
-0.7371623113661949
-0.8147246183320789
-0.8015489941105782
-0.7411265006331772
-0.79175446534688
-0.7672845117186187
-0.8407741318872999
-0.833844582545239
-0.7886546138448157
-0.7225207184763875
-0.6804112374766742
-0.6737877476841877
-0.6375569222341674
-0.5524403694979308
-0.7188025968580095
-0.6792231713554415
-0.6738762670498823
-0.6979418035176841
-0.72777919357601
-0.670638579210851
-0.6280486203101989
-0.7371020998388614
-0.7806072336819212
-0.7872980021737908
-0.7896446925598022
-0.671585765375839
-0.8336500476053379
-0.8021155489247758
-0.7939588523232975
-0.716262047922881
-0.8517418972816077
-0.6825846846667211
-0.6965288256093692
-0.6870595033310378
-0.7109696386602968
-0.7588624531624375
-0.7308779272469575
-0.645209168254486
-0.5960279752453767
-0.7295948536734097
-0.6720363579748744
-0.7611413874679939
-0.7217334569265518
-0.7099024387991146
-0.7626035226870216
-0.7143626186024885
-0.6436964910226517
-0.5657575420989515
-0.5590444766171235
-0.7184678543734249
-0.6924198331708237
-0.6881812742748911
-0.6326530434720014
-0.7474168615411659
-0.7419097010632968
-0.7390422837240609
-0.7046881874596104
-0.6782930621570491
-0.6575495827464318
-0.5087066681359408
-0.5776756443708152
-0.7193899955552334
-0.7631909473045957
-0.8101885289074573
-0.756608405052553
-0.760260319057131
-0.6587501790749901
-0.837783001457535
-0.6787626019195163
-0.6508788141961801
-0.6140231900340475
-0.6024588940559865
-0.5937939837922743
-0.6406685099714349
-0.6168091792112241
-0.7016017876459156
-0.7324126003714738
-0.6900805483566409
-0.7174841057874832
-0.7215766344993937
-0.7762229304932873
-0.7264235250417912
-0.7515201219561689
-0.7071313439257861
-0.673328191159442
-0.7481825007070371
-0.7792025641275102
-0.741730762127235
-0.7610982586497598
-0.7632056961841043
-0.6765699772407349
-0.6917863058061997
-0.6711469564659487
-0.7527829259508746
-0.7438014368152727
-0.7222501413045708
-0.6568696390693975
-0.6737837652955361
-0.6302413112666222
-0.7265694353623717
-0.6489861713633607
-0.7166968295773849
-0.6636631014359965
-0.6473377373360839
-0.6156053198936307
-0.664602819493734
-0.6391905832274151
-0.5990336588161905
-0.5237010844196989
-0.567829473547836
-0.6727307074876023
-0.7824083153691189
-0.7192563274825807
-0.7361307842337823
-0.722568238613691
-0.6393734654390378
-0.709024741044322
-0.6915397351898162
-0.7273857717323322
-0.6808148083378793
-0.6124026921493859
-0.5707532700853992
-0.6652852426790488
-0.5850809623192702
-0.6835544440705265
-0.632711942312814
-0.8012072065428771
-0.7527331289837559
-0.7485788035728476
-0.7771551505646662
-0.7254977631736232
-0.7229966323577433
-0.7958520797545033
-0.8105363353931615
-0.8507336214701547
-0.8294665553751323
-0.7809303421640272
-0.7900603422826298
-0.7932351993793736
-0.7970502428604984
-0.7529423637380589
-0.6645629929372188
-0.6569000016373683
-0.7006443781496492
-0.6901653385458367
-0.6949214412246238
-0.7780241205841152
-0.8375876597349402
-0.7842875711161348
-0.7178171287651024
-0.6995474470147737
-0.7931364274561448
-0.6577180143813178
-0.662238182909539
-0.6311632204947761
-0.725622588893517
-0.6863828262413522
-0.8249160617020697
-0.7407348322432409
-0.7312858458090989
-0.6845175896822647
-0.6808635546743158
-0.7804811546951925
-0.8058148157364339
-0.8191243513198829
-0.8356396731184648
-0.7426405562368397
-0.7072241782422962
-0.7007681288263292
-0.796798189824339
-0.8493238610070183
-0.7684702235484797
-0.738645286401951
-0.7196175997388038
-0.7210133991489793
-0.802430358009452
-0.749418454413697
-0.7083836911465222
-0.7288791266523738
-0.6901612464314865
-0.5861728488841103
-0.6648862553755825
-0.5938304338352005
-0.7096072635708212
-0.578244362094946
-0.6006250812971583
-0.615800177573885
-0.6161867691116619
-0.7713929156407735
-0.7430614824913554
-0.7474557265528667
-0.7201060943939995
-0.620517996110223
-0.620589206439634
-0.7783088223279795
-0.8565878993267484
-0.7399501649675876
-0.7464756538877054
-0.7714310232081496
-0.7124852152995452
-0.7669362002781016
-0.8532120288332655
-0.783422261192156
-0.84170237233637
-0.7325604134530211
-0.8069225852143547
-0.7154749075422512
-0.7425097396812949
-0.6671776592172969
-0.7864622592251777
-0.6508548476252396
-0.6603791526009967
-0.7065391343508153
-0.7002854037832023
-0.762980558123915
-0.7728919295926181
-0.7307684126935459
-0.7234997973373022
-0.704737243129237
-0.7505753482506414
-0.7560184416248239
-0.745280837836708
-0.8127725900438372
-0.7069643964848429
-0.728546686477919
-0.7668015482532996
-0.6769951180976871
-0.6898450996990175
-0.758481943276818
-0.7701807035958471
-0.6419167703778204
-0.800802917746147
-0.7519388920159569
-0.7711912782744959
-0.8434774914795575
-0.7436286309952744
-0.7853455250394455
-0.693270608214792
-0.716872857682249
-0.8113074509790779
-0.7571167819578929
-0.8191268852541906
-0.7057860226325073
-0.6727788736103202
-0.6870445526724042
-0.7617855960081854
-0.7145062160281933
-0.7440920927463871
-0.8147567035042749
-0.6650084161356367
-0.755593078615842
-0.7401888057796182
-0.7309327017392308
-0.66517145802181
-0.8405322166140421
-0.8219866889475701
-0.7578707880846612
-0.7264903309641632
-0.6975304454436304
-0.717188657117091
-0.7709360016761572
-0.8118732468276999
-0.7236279562075759
-0.7398484801882569
-0.5941841474921619
-0.6502994178295535
-0.6628350593899804
-0.7397260235402057
-0.752658073160891
-0.6879920531905228
-0.8109941337220183
-0.751562109934553
-0.7394371243052564
-0.890001124106987
-0.7928184088612283
-0.7962717885220892
-0.6585949795235305
-0.6919766152400668
-0.7362587575441879
-0.6965396848435748
-0.7493724525296376
-0.6349195628827875
-0.6913312446924278
-0.626366770110384
-0.6151074382629302
-0.5701100544935899
-0.5675696555283523
-0.5316224338259511
-0.40077181601765793
-0.5328109576800316
-0.43569060279732286
-0.4437554951912345
-0.44200987025188526
-0.42638894986436987
-0.4068687588308736
-0.3690607231246886
-0.37396945521662434
-0.46868888413391335
-0.5996617204961462
-0.7050272079034383
-0.6985043098027559
-0.7026608781761683
-0.699508018663537
-0.696752577009494
-0.7542191871375262
-0.7481079267744318
-0.696365223771613
-0.775904722685227
-0.746929045688046
-0.7132677487510622
-0.7038784428657789
-0.6309184144529277
-0.6348352207552717
-0.5305701831669078
-0.512686624942293
-0.5704846981075957
-0.5345037046141712
-0.6352916629334124
-0.6206094391290033
-0.7302252330667838
-0.7047025044676095
-0.7913607353074699
-0.7764719574358014
-0.7745162636696616
-0.7383932313541365
-0.7411596473869426
-0.6129053344937322
-0.6476521522748836
-0.6365725604035063
-0.5923903596422402
-0.6990343936697521
-0.6696305324945471
-0.7507906160409552
-0.7422084907489205
-0.7232671780565757
-0.6072959739367548
-0.6630168490848671
-0.6448418135931373
-0.6533447211309336
-0.7274007838876507
-0.6879462898897956
-0.7200900897099706
-0.6680765886572678
-0.7261466227491806
-0.7279638205334601
-0.7194625655950148
-0.8316091825246497
-0.6628163411351922
-0.7209528938637878
-0.6179488380359981
-0.6504524567226637
-0.5859956400580251
-0.6459583689448862
-0.6100776898245301
-0.640093902259069
-0.6405007061890642
-0.6117499082378449
-0.6908485584803505
-0.6276252324251245
-0.5511757515991688
-0.650199811385387
-0.730275712184048
-0.6669803480327632
-0.6136977887053913
-0.6651688373426787
-0.7292448087773321
-0.6388383282513297
-0.7207370176419869
-0.7922823875190749
-0.7504938731511138
-0.6267063163224373
-0.7160577137659758
-0.7086970084059515
-0.7338332934718765
-0.6512603626038967
-0.6567491711728659
-0.7192165157162318
-0.6919094058156345
-0.7744722842255478
-0.8362929186927665
-0.8363196949364246
-0.7489700541043365
-0.7521802746892814
-0.7703255782843648
-0.7524349501711993
-0.807368424670498
-0.7942864544324834
-0.7426779238183772
-0.7843577300134139
-0.7593885366298911
-0.7649221102041236
-0.6913480918333085
-0.7498031063102284
-0.7109182668273311
-0.7517199602272494
-0.7049029563347963
-0.5770077474465337
-0.5843965335457528
-0.7729760995400422
-0.6874250125240129
-0.7247433298911342
-0.6975277174090998
-0.6472452436668901
-0.691377531949826
-0.7278826637050212
-0.7488539607680117
-0.7635651660537323
-0.8290200814162564
-0.7432873944785598
-0.8113006947204219
-0.7921681635587621
-0.7311659473380485
-0.6716560182603373
-0.5963275840132315
-0.7722203292763827
-0.77281637176904
-0.8065076098536891
-0.8872561001376655
-0.7868924645641955
-0.7078154713702852
-0.7464265550289186
-0.7289525459561293
-0.6822147035216294
-0.683073340987125
-0.700947024656462
-0.6646592514192119
-0.655695812469278
-0.7197283799452115
-0.7112311564867404
-0.8182919217540878
-0.8043181004917677
-0.8014076891955644
-0.793864395475013
-0.7791484520189637
-0.6595993540071637
-0.7832293503138795
-0.7074205629453194
-0.8211047914539097
-0.7983959048499701
-0.8293795315465414
-0.8130356863626322
-0.784973313102893
-0.8347430029399825
-0.8450274457980577
-0.8291558589016855
-0.7026684686895014
-0.7705873648497333
-0.6520480919494039
-0.718357469525786
-0.7352537509003236
-0.7711862731514154
-0.7494956130785086
-0.6749560114721961
-0.7250189664269816
-0.7050416961108316
-0.6230480940020106
-0.6509750986513824
-0.648516446365614
-0.634180376873755
-0.5953253632182095
-0.6272192521798885
-0.6944022611014425
-0.6720737072560422
-0.6303578379354005
-0.7163481889807631
-0.6269962020560435
-0.753784711710978
-0.7845830079191392
-0.6130172693865985
-0.6436674069395978
-0.664245663388295
-0.6865794197374474
-0.7474775752401195
-0.5974186882658826
-0.6807565636802124
-0.6600253034947939
-0.6905497714544948
-0.6612471750692661
-0.6985276132608756
-0.6036862402314416
-0.7322733562048855
-0.6363201809492198
-0.8036264202995587
-0.7702378764671081
-0.7306934488678617
-0.718867276795925
-0.684775730108835
-0.6316625865224583
-0.6961361533824926
-0.7504067860925212
-0.6195205887142401
-0.6650560363924161
-0.7907573209514495
-0.6561249925697927
-0.7930411218447775
-0.7191516164387428
-0.8652750279838999
-0.7589887440818119
-0.7166162564721057
-0.7908593234530983
-0.8304277727886331
-0.67827829965315
-0.7791886691772144
-0.6813331174526274
-0.6840786192454479
-0.7061280476366781
-0.7513628990055153
-0.7620998661942731
-0.726387957514572
-0.6742837232484065
-0.7602289339751752
-0.7493734462320223
-0.6987656228400205
-0.680346486977577
-0.7387968604066739
-0.7392605961346088
-0.8246703844739016
-0.8343321625829064
-0.8128458277137441
-0.6420221227807174
-0.7689790765031802
-0.5805181643431294
-0.6481378106771991
-0.7624250319828869
-0.6611615363931509
-0.6837903882232941
-0.7322001957653725
-0.7658616798579383
-0.7485161860085472
-0.736111663732693
-0.7082075980191436
-0.7363240575759172
-0.6145346231973781
-0.6441482411801676
-0.5845505088066373
-0.5270564616337323
-0.6227265142940666
-0.592181191855537
-0.6724257862167963
-0.5422587449213728
-0.4527238412822956
-0.5112138095657862
-0.42631224883584107
-0.5177982670744777
-0.5294040315085767
-0.590304198557046
-0.6846414523982393
-0.6491212518774193
-0.6988146981528662
-0.7389031111233294
-0.7568421975687301
-0.6429447923699049
-0.5879220816253428
-0.5448706509173122
-0.6096024447967999
-0.6056998580085882
-0.6502495845205857
-0.606921826393463
-0.5243769901494458
-0.6124014239781146
-0.46754735406156905
-0.6100627398816825
-0.5736178160905182
-0.6524551652654039
-0.7032366641150608
-0.7026973891950276
-0.6042079061719937
-0.6379798836723951
-0.6993372765983281
-0.7590708738513776
-0.7701016817606866
-0.688387647957354
-0.6255285631753801
-0.6104375281155812
-0.6348861092080434
-0.6358810529222254
-0.7814945479957982
-0.7369271159235714
-0.6976161775073926
-0.7215828833358446
-0.6858449698130145
-0.7883159577295377
-0.8042156002521316
-0.7678605625878863
-0.7152072027503414
-0.749391732811207
-0.8143888410155824
-0.6909074040305043
-0.7799303564205446
-0.6067751372291217
-0.7209160511382193
-0.695432279493204
-0.7287079685766235
-0.838232736015891
-0.7540611455571116
-0.7661351868585027
-0.6321569010630884
-0.6180146278303376
-0.6716444893191648
-0.6571062982151643
-0.759029601018061
-0.7594113157670135
-0.7813945455851209
-0.7979227441482513
-0.6691301082366896
-0.8325106940986657
-0.7669549955986973
-0.7574621114468636
-0.7163478680738223
-0.6205824492551755
-0.7337515852957364
-0.6849211480615784
-0.7388910135729259
-0.6267827039121115
-0.5849923307156558
-0.8125289466897871
-0.7518299472450872
-0.7141476623607801
-0.6542282539226103
-0.6739672128618339
-0.734865542936556
-0.7365062963706425
-0.726246568545675
-0.5973581287477878
-0.7253802860135353
-0.7287101302372933
-0.7112955159285461
-0.6506821957759994
-0.688115748217985
-0.6622972626602209
-0.7343006276899364
-0.7423581656848627
-0.6789165533829149
-0.729677204331555
-0.7855580141476306
-0.7151466453232597
-0.7146931175225111
-0.8164330525544717
-0.7578513561776372
-0.7318593596635427
-0.7234204439631173
-0.6188532396104034
-0.6240466884218892
-0.7076897048080146
-0.6454533064980623
-0.6266576856358675
-0.6156192269523987
-0.5729259406623971
-0.7008582695033225
-0.7999317038382237
-0.7297658494534772
-0.649794946975576
-0.5704259348513467
-0.6084327432279512
-0.6705608904053005
-0.6924973593124792
-0.7642902166792156
-0.7969026094872083
-0.6510507963342522
-0.6510404605572675
-0.7335975950615029
-0.7286562051020298
-0.7921852580249802
-0.6783138536963147
-0.8147911964415795
-0.6469548101606027
-0.7945511996718224
-0.7160841298418683
-0.7774070745061573
-0.7334453403767951
-0.7073851925552234
-0.7122905796925241
-0.7396574705515223
-0.7332819128497227
-0.7452629577934861
-0.7340943345095668
-0.8654068462233725
-0.7754044854522542
-0.8111474199293911
-0.7963022033926693
-0.7845500585737603
-0.7476653640071239
-0.7301679328941619
-0.7787682478470913
-0.7638054674221484
-0.7842240801439313
-0.7721432530718185
-0.8673673439587172
-0.8525220877694337
-0.7556476048327855
-0.7834804291429652
-0.7850555751882518
-0.7067884297067444
-0.7567560401649146
-0.6981557841104523
-0.7294549442121665
-0.7107017358817168
-0.6569257634087076
-0.683599761775972
-0.637821188532686
-0.6376872494050905
-0.6485742953678588
-0.5737344204771749
-0.6133812312000783
-0.6174555277190599
-0.8036425510724662
-0.7465713430069805
-0.7525256890748563
-0.7232516764818742
-0.7468606651953201
-0.707723470428769
-0.6376696742582542
-0.6279225961990609
-0.5786082221542852
-0.605771039625635
-0.6563554192143896
-0.5846522561573021
-0.6398859712173738
-0.6080606789259236
-0.6206283122890975
-0.7281878152953746
-0.7373719200560753
-0.7971202781840593
-0.6325374184866818
-0.6161993908917655
-0.7155034504866284
-0.7419190168261512
-0.716211772188033
-0.7015661542537552
-0.7223198093603654
-0.7488985154581403
-0.8081732795095697
-0.8328225729867297
-0.7938898087204695
-0.8445467266511003
-0.7498252147225709
-0.7839858898613334
-0.8358533218105776
-0.8185863520712212
-0.7170318579228138
-0.8009496466293369
-0.7600976069837432
-0.783206588951771
-0.8177925396442316
-0.7724400543047445
-0.7791632847042131
-0.6400528199383858
-0.5967613634062703
-0.5720100428277917
-0.6720080054901431
-0.6681882481810979
-0.7778133345522986
-0.7800601088602686
-0.8078328953752603
-0.7098450231156206
-0.7728447231542365
-0.7736985252153624
-0.7610824688354049
-0.8665910509619648
-0.8743304272761554
-0.8613030998612737
-0.7538470314059029
-0.7869480954436215
-0.8533353037038379
-0.799492447706851
-0.6376328587464881
-0.5984290553465341
-0.6442415623717033
-0.5826189786487296
-0.6007305515682971
-0.6280425482294331
-0.6527765795798314
-0.7564524999206981
-0.6403782109868174
-0.7307126706884286
-0.6664351953246227
-0.6583977260309423
-0.7273702082745559
-0.7003259088320904
-0.6355886314045993
-0.6443909560624282
-0.6207755474470775
-0.7443678345619144
-0.687122494917529
-0.647832173500986
-0.7395671153117838
-0.7519343074846634
-0.6987475658090997
-0.6857438412448549
-0.7430691518230548
-0.762447820311628
-0.7775361069886838
-0.8105328795005473
-0.7791937353288683
-0.6689255771446969
-0.7955577154253297
-0.785569564222703
-0.8626838500750043
-0.6792357780969526
-0.7634144990808176
-0.7410848435296564
-0.7149277059624786
-0.7049338887217539
-0.8536189184153112
-0.786671328740036
-0.7043126907553333
-0.67809806430836
-0.667760615463089
-0.8120472067842823
-0.6937194880637036
-0.7724694351482363
-0.7747306476624174
-0.7846112734560704
-0.7756470231654787
-0.7639599514438428
-0.767279395200042
-0.7970656034124276
-0.7977985032964328
-0.6444229402294215
-0.6580906447861423
-0.8316535254234477
-0.7164200497709605
-0.8060850076004039
-0.8094751891951213
-0.7500973907980275
-0.7257000266565089
-0.7160638632225103
-0.789425669773511
-0.7657491150099272
-0.8714540201178772
-0.8342598847012273
-0.7912508088202691
-0.7206965402390664
-0.6919013757510039
-0.7030436833617101
-0.6703667785665671
-0.6041097896576916
-0.6398779165116184
-0.645746082794934
-0.6324244436705458
-0.715348894303076
-0.7695195061945925
-0.7648520369112991
-0.6822613112786653
-0.6880789589163119
-0.7022029149769723
-0.7521754415948112
-0.7738564225431509
-0.8751048841437712
-0.8097204631695135
-0.8202220039507153
-0.6376778894681325
-0.5961871579219057
-0.7126258611190838
-0.8141113247057495
-0.7576301053312081
-0.787517398988995
-0.8120847135237039
-0.8769717208064629
-0.7898934329570227
-0.7736322140092018
-0.7671342645359948
-0.8246792184728675
-0.7981301768538839
-0.8092125775515165
-0.8518265885064916
-0.818566727131154
-0.7270521518326817
-0.6652806124811896
-0.6710920945439368
-0.7302903512059126
-0.8637422001496404
-0.8370776703411991
-0.8138848368963675
-0.7607840333487118
-0.6167700863990094
-0.7514999847866466
-0.7923364553195971
-0.592206394644532
-0.5949254651685776
-0.6280938533642342
-0.647662123829938
-0.7129560850242446
-0.6562363239925353
-0.5894718855112632
-0.507188197399042
-0.5557134105064754
-0.5908812827296761
-0.6665535243206562
-0.7658709746063598
-0.6900700187085411
-0.6234252632651541
-0.7105928783140713
-0.7479754737464628
-0.6842273613646465
-0.8081122258707253
-0.6116480112753396
-0.7748638464479536
-0.6502445682915443
-0.706036884009842
-0.79543810532578
-0.725528035951255
-0.7826179087468222
-0.8002182753087768
-0.8088385053050825
-0.7659006555305176
-0.8245397552474932
-0.7683069032658971
-0.7506653644467302
-0.7246429928068316
-0.7035413163996087
-0.7155265840056254
-0.7823182939242271
-0.7515811095226148
-0.7550922515241024
-0.7144858698293767
-0.6984410914129754
-0.6937798972785486
-0.70319159523227
-0.8252783626840724
-0.8435683300717632
-0.7627001456912491
-0.7175812337326299
-0.7400827546213423
-0.7171569378935735
-0.6432971390033896
-0.7008806792384222
-0.7444975054498355
-0.702370334189145
-0.6773039888122088
-0.7067340769791707
-0.7920623186722225
-0.7533509868661057
-0.6701620423834489
-0.7816931778308027
-0.8022279008936498
-0.7597013513212177
-0.7208552750240323
-0.7750041401338504
-0.7421319990721504
-0.6856258193046478
-0.7715286802143867
-0.7733549629491342
-0.7437804488968579
-0.7807479538835862
-0.7621665864647696
-0.7329088320900035
-0.6930657833716002
-0.5862526291551295
-0.6896004396099125
-0.6815483372988036
-0.7385647488894301
-0.6447936288727281
-0.6726142457607439
-0.7366370526236631
-0.705394898065291
-0.7765950778429774
-0.7363939667004277
-0.698653347750693
-0.6897296371217109
-0.7656380980416371
-0.7066738295940652
-0.6424526281479754
-0.7394409971305256
-0.6771502260350423
-0.6747133093985097
-0.7565670573740707
-0.7282426852110288
-0.716850051101818
-0.8032957160012171
-0.8217427049207138
-0.7708991711931185
-0.6898610084249116
-0.740266135920106
-0.8030535313449223
-0.6896911858257699
-0.711845208890883
-0.6845341289065775
-0.767840411206546
-0.7594404586857539
-0.6938397113606383
-0.7594731809648265
-0.8723448757436012
-0.7660090657417328
-0.7380411869863444
-0.886295913927117
-0.881173929716662
-0.7477413132318179
-0.6910305224469602
-0.7417140286900052
-0.6404060667990027
-0.6966439799788009
-0.6004182164824792
-0.6389588599428672
-0.5848279079997901
-0.49830245723388533
-0.5477000163103619
-0.5746243542618085
-0.577718538604953
-0.6264353463051063
-0.6919178937197825
-0.6170584633087169
-0.6776534707063042
-0.5867960536058424
-0.7160094119665809
-0.639542315308567
-0.6684210144753981
-0.6926059485662569
-0.8134942789317358
-0.8045882935731384
-0.8189705791245869
-0.830087609680974
-0.7803398896001413
-0.8385492059666795
-0.7602277102278665
-0.8028214171362223
-0.8200411382203298
-0.7449860148055346
-0.8633270391780474
-0.8345213573470341
-0.7290002176459556
-0.7066246259055949
-0.6889199174134742
-0.623749318353081
-0.570733588413755
-0.6204828170169885
-0.5678118654164637
-0.634518874586376
-0.6326522533746038
-0.5334785697891405
-0.6711150303547522
-0.6904405207707731
-0.6652902347772394
-0.6358660355649272
-0.587912609877637
-0.6892870345652093
-0.7158679046016789
-0.7061789341129682
-0.7341522788201459
-0.6468344166772917
-0.6891848138370015
-0.6776857727334236
-0.6899943526518839
-0.6779387887014555
-0.6510383647491115
-0.7504267930437214
-0.6441154752971398
-0.6274162829560602
-0.536703366094141
-0.5994964957317135
-0.5680747057373193
-0.6488518645992838
-0.7794851625528778
-0.6991085937272075
-0.6872159728431535
-0.6838585225046985
-0.7079290332465464
-0.6996417573179847
-0.7471514213860736
-0.773924512742227
-0.7997082866093268
-0.813048839486748
-0.782060155358599
-0.7607952291998942
-0.7496882893792546
-0.8314293222893332
-0.7473531468579006
-0.7228138974156539
-0.8546167681660392
-0.8024701927093512
-0.7390253795391171
-0.7048263994344679
-0.7107590606655843
-0.615846726615118
-0.6442450397313085
-0.7092938708562031
-0.6865640432120379
-0.7001783354591845
-0.7014080501821603
-0.724549513064981
-0.7480131724013704
-0.7450966361095901
-0.8555523079624301
-0.7883243831427227
-0.8224578925679646
-0.7533235572570265
-0.6479070868368385
-0.747200693294032
-0.7391984395582968
-0.6103497987757791
-0.7569230776306219
-0.65174124987465
-0.6274847991713538
-0.5404111755994206
-0.45917306541400954
-0.5412210762802914
-0.5205475670137292
-0.592080773724069
-0.5413346020726788
-0.47373663526932075
-0.5811474801280173
-0.6211682664193999
-0.7287144174581818
-0.6307107083805586
-0.5419966623225719
-0.5182309408984725
-0.592151245449259
-0.6369298133026962
