-0.5554545296728927
-0.5405464232619677
-0.5933208066961941
-0.5855479095849803
-0.5937633859151668
-0.560865729652604
-0.5134981544956557
-0.5436381641758684
-0.6123173919769827
-0.5392651218385338
-0.6363294056627897
-0.6470178112029898
-0.5386724659572761
-0.6040689631319507
-0.6451394714314267
-0.5643053966094268
-0.6898171363165263
-0.7415133208594623
-0.6636512588761523
-0.6219112596042367
-0.6329464268915407
-0.6036236696903828
-0.5420885474140815
-0.5321482723767843
-0.5331507207348105
-0.5069290528319618
-0.5854120449417293
-0.5929983395886843
-0.5639115381076277
-0.6057652461724903
-0.6372857584771318
-0.5780854198606586
-0.50040459449122
-0.531349972833592
-0.503772503585422
-0.5068661396973521
-0.5176255539542528
-0.5393601677308946
-0.5614605920039928
-0.5307807829605069
-0.5484736488273148
-0.6172258832412818
-0.5835235929983447
-0.42481907014683656
-0.5496258541387979
-0.6169549837004528
-0.6791819029004578
-0.6363094191633815
-0.6433355477081187
-0.5744438795236133
-0.6224313198897309
-0.624312218981488
-0.6185351765690205
-0.6235387521605562
-0.6076216272028917
-0.4796665656547041
-0.4756956526458732
-0.5353429050741468
-0.5546620367397521
-0.5649783373521281
-0.55283236403088
-0.6065791722852113
-0.5875455835639846
-0.5603844970287807
-0.5358122196472733
-0.5542337426069528
-0.5611246149198525
-0.6511453693067031
-0.5732812678318806
-0.5275234254554936
-0.5479111191156987
-0.6440714697651637
-0.5819527040860636
-0.6292666263082863
-0.5905488435032725
-0.5619078364559247
-0.6187405738627015
-0.5395544120518889
-0.550605834312556
-0.48030963986504016
-0.5670206082347959
-0.5762326105723798
-0.5163901174737888
-0.47198759524027883
-0.37769148545017167
-0.3475515889694554
-0.43059325210818394
-0.47421510822293983
-0.4089706606560799
-0.34822436832614356
-0.2941393766031268
-0.3619530430359775
-0.32786997795969136
-0.42194730735427205
-0.456575932059789
-0.5110441649277342
-0.4808035249573285
-0.559356894035381
-0.5508021435529001
-0.6229268973111102
-0.6101181492289655
-0.5311213787056782
-0.6065811636216175
-0.526548259929956
-0.4239313973790291
-0.43910019563069796
-0.5475733258929362
-0.527066084892529
-0.5854663595225512
-0.5900928265000394
-0.542386613375393
-0.4275958897021378
-0.5716794577872782
-0.5109754711484731
-0.5138532978671702
-0.5922185868445625
-0.5999963201144212
-0.5785251026863666
-0.5561598408774903
-0.5328102760744537
-0.5532051029686835
-0.528972296542416
-0.5675711408727864
-0.5849439580007512
-0.546014022322961
-0.5567511703371409
-0.6692932397071873
-0.6407820147440707
-0.6812020658879113
-0.6705543828995914
-0.6973303457465645
-0.6558155800357144
-0.6551264810046276
-0.6476891668802092
-0.6372974563346546
-0.5818810493344229
-0.6802022450501632
-0.6879408893640313
-0.5631905230956001
-0.5587490480323355
-0.4898000649319696
-0.47199623077723113
-0.47342073392605943
-0.45541428938716094
-0.3690944901604007
-0.46973281303034686
-0.5042019244142135
-0.5414386019984699
-0.5110654197275478
-0.45265572937416304
-0.45004842762634806
-0.5292645770510559
-0.5629469625726977
-0.5043025341842863
-0.46865192551174456
-0.4590012853226863
-0.45025608616091245
-0.4838812072942888
-0.5022605686985013
-0.6482692711925822
-0.5947565943762207
-0.554487264794678
-0.5399176081246091
-0.554851746343603
-0.6145598148764653
-0.5694924131038445
-0.5894488237647152
-0.6064563870578592
-0.6363721450505894
-0.6306420014003371
-0.5702833247566891
-0.6179078394626453
-0.6632104431235054
-0.5890813940353482
-0.6560430447924339
-0.6321255625722779
-0.6329206683316297
-0.5172134814276325
-0.5208134456445448
-0.5328578215004673
-0.6573861154721972
-0.6064120878871062
-0.5825448687863666
-0.5140217737152718
-0.4430433354513569
-0.5365484734220762
-0.5106509240280571
-0.5209956890703864
-0.5624542052676623
-0.5848025991178206
-0.5685683035527249
-0.6735870365724881
-0.6787180126652144
-0.6115471019057969
-0.5776472726400135
-0.6205210943247026
-0.5467779045895486
-0.5270024554732033
-0.46990875392150405
-0.59146352569503
-0.5143924744977805
-0.5920772414298373
-0.6906267385230708
-0.6224734691422239
-0.7006907151717292
-0.6183507116900561
-0.538924719861835
-0.5266072854283207
-0.5671457085464279
-0.5892568484553341
-0.5460313624530564
-0.5891411062614298
-0.6122731158930624
-0.550740736779077
-0.45585201266809183
-0.45654929864121746
-0.4781934251985603
-0.4663364059859716
-0.5173500027194536
-0.5055604941924086
-0.46674750601854276
-0.47326506049642253
-0.44335726872233105
-0.4153379643213569
-0.4758267957146026
-0.4873860083091631
-0.5109387161727115
-0.3847080692043372
-0.4710383673454851
-0.5183291732142367
-0.5589861575313969
-0.5103164872108022
-0.5396578562635111
-0.5613706235159729
-0.5886065736626758
-0.5603542212314724
-0.5811992825040294
-0.5479775694938718
-0.5710550482727669
-0.5899389295597086
-0.5795623579523331
-0.6539439424333952
-0.7274367335209966
-0.5774730268961703
-0.540650072109455
-0.5234477212870561
-0.54443412247995
-0.5826815684499527
-0.5957327036286323
-0.569094374517164
-0.4907210418093057
-0.5721581155313886
-0.574255391796775
-0.4551751248881277
-0.5675275718872234
-0.648859780263564
-0.6322514476814399
-0.5915734401192502
-0.6002087042263914
-0.5908989241635552
-0.5039317290767743
-0.5321202170699146
-0.6793645970044193
-0.6079000527789296
-0.5542157718092224
-0.536599699050951
-0.48167929518750385
-0.6067735316096615
-0.7084433259284462
-0.6384705905789343
-0.5589008067705679
-0.6648992789741971
-0.6283488052413173
-0.6384636117787685
-0.6213957960438907
-0.5364563749310798
-0.504315547825418
-0.5304495620792259
-0.48833892290497255
-0.5193958902620696
-0.5089561497184679
-0.546404595067416
-0.6117406795475643
-0.6069508529056483
-0.5423536983725838
-0.5631790893233056
-0.6271467327455804
-0.6389924846899486
-0.5399909974439758
-0.5516336571377588
-0.5683342131127171
-0.5868452672090887
-0.5510563409161677
-0.6088125797224766
-0.5322608067606636
-0.5962647734950247
-0.49067054782171077
-0.538857948723417
-0.5943018688077762
-0.5183062932739807
-0.5316497984725552
-0.4851175187118269
-0.4693827659705858
-0.3564757241878794
-0.37663866829249115
-0.4413838267251209
-0.3943005230422277
-0.3809593277820096
-0.44688893725472667
-0.436433021455337
-0.4732002681438263
-0.5162674824533173
-0.5724276735714968
-0.5669592572911488
-0.638166580131335
-0.595867826150537
-0.5066229689471743
-0.4751325982445603
-0.4283374596176165
-0.4298270160241212
-0.46560783953501494
-0.4353141901889871
-0.4369621939342321
-0.4125951283468767
-0.45945606013221174
-0.4647463960777514
-0.5006496681657383
-0.44998708762091727
-0.5327563052042013
-0.5304928784792194
-0.4436038222292021
-0.4599200103473006
-0.5527548242291752
-0.5774726324448237
-0.4358981270841122
-0.4437390862918532
-0.45935529987229695
-0.3736287860136751
-0.34674092130551976
-0.27751143216166174
-0.3672303299705921
-0.4801695636309184
-0.5152225981684635
-0.5307448179983288
-0.44255693805468066
-0.41436436159929674
-0.3876680875307866
-0.4020021687335304
-0.4059224363762166
-0.42960143766140413
-0.3790053731347348
-0.4226455325345576
-0.48628923598647394
-0.5139078375797853
-0.4953127404314077
-0.5821018821680113
-0.5501739596296144
-0.47428700424300474
-0.5576990522075419
-0.6233439320049184
-0.5885425215018845
-0.6403047553735669
-0.7347508976212995
-0.6307763966113482
-0.6470124922334156
-0.6179337587200953
-0.6504102318403617
-0.6363312524909722
-0.6976185281090677
-0.6224731382736608
-0.5115803957048038
-0.5738469798628242
-0.5540611756634322
-0.6102004986763421
-0.5678752892926852
-0.4987338575686376
-0.5968696872499719
-0.6682497401826651
-0.6442578488632015
-0.6540708804508376
-0.5907103907731117
-0.5593259769857072
-0.5526542919980857
-0.6760974948633545
-0.5912569607404873
-0.635959014276304
-0.6171393593978486
-0.5424470822979052
-0.5499940882830305
-0.6017893369756834
-0.5536839659383854
-0.5730632648877266
-0.597269870535492
-0.6070149360492848
-0.5260422333558982
-0.48516083385273834
-0.5451483205032603
-0.5847686988067113
-0.6084417609598703
-0.6162065890936091
-0.6735191291784973
-0.6978905627983869
-0.6630881818184408
-0.48145484931879956
-0.5848409188042526
-0.5359307832480349
-0.5136039302108266
-0.6426589413000225
-0.6172581952040529
-0.6942381696185886
-0.6171285490668287
-0.5640307497048948
-0.4947176117388626
-0.49285692429579714
-0.5174300596280356
-0.6277350271963333
-0.6899868652686283
-0.6749661939682551
-0.7006629963492372
-0.6671154572046734
-0.5529113979604117
-0.5192432182165635
-0.566246936022928
-0.6448066644650534
-0.5537075808140213
-0.544119463452128
-0.5031704336970712
-0.5818877119893752
-0.5630130687814529
-0.5619361821822646
-0.5099956665634242
-0.5323434966867261
-0.5692944250313622
-0.5956393968327952
-0.6485712348571441
-0.6012049926570241
-0.5845653297739927
-0.5317593838448536
-0.46392558677395923
-0.5705235144108096
-0.5325837177108476
-0.5400532578410145
-0.5147170020142096
-0.5577562586141082
-0.5620969011775715
-0.6052922913316041
-0.5895193628819481
-0.6063716077779084
-0.7094892485775854
-0.7318521568642692
-0.5970538471306791
-0.6419719657210111
-0.4533570927063286
-0.4869674840646854
-0.3840025636209156
-0.32832046139882326
-0.3432969130443714
-0.37869324281809047
-0.4329377057733846
-0.501898509527128
-0.47350707767293504
-0.5552102119930036
-0.5660015052984982
-0.527557033700385
-0.5086914246213332
-0.5588221262468053
-0.5310495831341581
-0.541407161188473
-0.590476691655099
-0.5173989862800418
-0.5332783510011071
-0.5657066517131702
-0.5224104525091973
-0.5550494998608074
-0.597327701878285
-0.5853499417647959
-0.5348304433929492
-0.5523284032487761
-0.4890580274202708
-0.46827772176407306
-0.4759273882089108
-0.46976126293116105
-0.41676836030965875
-0.35890941540033716
-0.4324066322500861
-0.40562127726255204
-0.4364167733243319
-0.5740407410458331
-0.5293504660745014
-0.6325554077851616
-0.6079573548639396
-0.5020790659026938
-0.5049070882877852
-0.6400512154658656
-0.6286954311138877
-0.720833824059009
-0.6776713296081622
-0.5988689825841681
-0.6075883502538932
-0.6437534699471797
-0.5353028661621718
-0.578687762807569
-0.5863347196588817
-0.5854100525347431
-0.6297825299059566
-0.6945103253003064
-0.6233064744544544
-0.6481501513483631
-0.6666217849041226
-0.6552183887867894
-0.6276331583984179
-0.6587633258123118
-0.7127198133002877
-0.6546156110380198
-0.5985377526210702
-0.5706799316121413
-0.544062730925203
-0.5711953053119644
-0.6654936126172228
-0.6686247314147389
-0.7219545094080008
-0.6541176190880849
-0.581028136579031
-0.5900013028780777
-0.5980081296703124
-0.6965669146759844
-0.5591141379376096
-0.5013579743689576
-0.518225915739066
-0.5436961770165094
-0.6498033195300538
-0.4918020159207407
-0.592830269755971
-0.5698042383630935
-0.5331065327591858
-0.5759379241210294
-0.6946225542793171
-0.5852477719253967
-0.6636856609140627
-0.576496739324798
-0.5372404200175291
-0.5730361437484758
-0.45844928149657255
-0.5322870581617498
-0.6028542315216326
-0.5677436632845404
-0.5656684401625962
-0.5457322048219633
-0.55187591355537
-0.5746859049804078
-0.5648857734334107
-0.6782963821895472
-0.6779995539227807
-0.6109503260908872
-0.5684394401820467
-0.5987462145215574
-0.5266197546462359
-0.5066186485360528
-0.5063275835304442
-0.5515240672096973
-0.5116577918068748
-0.5783231549240423
-0.609635637740675
-0.5574684621974617
-0.4839620977855176
-0.5090168368423482
-0.5262281726023017
-0.6025050752495708
-0.533966456453005
-0.48989296749633715
-0.5183568900441875
-0.49586176763364304
-0.6458378074490689
-0.5975892389752375
-0.7024595210912663
-0.7201842968560702
-0.6356299823711004
-0.5383421648563126
-0.526207334937415
-0.6409211205852219
-0.4994853052559727
-0.37593310880419906
-0.48048234370319415
-0.5752610164512698
-0.5980196669581215
-0.6184622544657139
-0.6555503223065232
-0.7042544427096827
-0.65605058971389
-0.5879426294565951
-0.4984981016538352
-0.4993105537492582
-0.5361969462563143
-0.5853262001669484
-0.616153447489079
-0.5589577866452213
-0.5273875593844424
-0.4938123734549257
-0.5054126441422238
-0.48311650074084783
-0.47223643944602867
-0.4265358191701661
-0.47825451724256945
-0.5181381347449143
-0.49559773577310806
-0.5989946250479572
-0.5760997031997006
-0.5431310626399208
-0.5543338538281535
-0.5824390868750257
-0.6046957168859793
-0.5152251616747598
-0.594903495118821
-0.582744852440333
-0.5754868555986304
-0.4970995539539609
-0.5211726326618282
-0.49320174839069175
-0.4647903820904379
-0.5261345511618252
-0.5109998680119007
-0.4849724365315192
-0.37970168193231785
-0.4310847561392274
-0.3850880619726746
-0.44005063401767325
-0.5097216871213028
-0.508301145214656
-0.47707468533256836
-0.5546320342043727
-0.5054426562605373
-0.47724304139852225
-0.5290958525232399
-0.5020043933604598
-0.49804829437588977
-0.6174875567300894
-0.5160200538851656
-0.5889077073272911
-0.5418363966664665
-0.576884942501816
-0.5945464665430904
-0.6238912089898937
-0.6552832221914406
-0.6483850395178226
-0.6122734424969511
-0.6794090910422079
-0.6940212374991451
-0.5963338356999919
-0.6754383113380452
-0.6901896269703673
-0.7115739654737041
-0.6685652848396547
-0.6220695790828544
-0.5831421878938152
-0.5687592866216633
-0.49965890610894403
-0.5355804109706822
-0.6071844324569645
-0.5032312159576768
-0.5231616837164307
-0.5792524995448123
-0.5026464578784557
-0.575497372772094
-0.492510156657147
-0.6494284157860057
-0.5960718266238895
-0.5795685511599875
-0.5762676581428242
-0.5074506771618207
-0.49934876940545125
-0.4895971698780997
-0.6473224786583989
-0.5483756987136128
-0.49502195212630257
-0.43781770003188286
-0.4396746623537565
-0.42144591894552047
-0.48419024156254487
-0.3837340591944461
-0.25335500514887244
-0.3296086251917962
-0.3794098808396788
-0.44707674228874417
-0.4105014884664678
-0.4178212886126599
-0.44612922797567117
-0.3834306768617072
-0.35266210940664555
-0.4000190855069527
-0.4745875129381966
-0.4603851269176429
-0.40163585524037804
-0.4447785551236928
-0.4362717456544321
-0.45032876371850866
-0.49033034634733946
-0.4645561533450259
-0.4962709948821849
-0.40232786663774944
-0.5399361850362928
-0.6352963169389522
-0.6852886100206388
-0.5946967899553646
-0.5852704901990962
-0.5570051608989532
-0.5318715228408599
-0.6342693767904751
-0.6317938780189312
-0.5694369464301134
-0.5806524268180009
-0.5611827048771714
-0.46533842543604764
-0.48566655120090824
-0.48390773337893656
-0.5789882297171258
-0.6843681790067251
-0.6261297989289107
-0.6224535635842314
-0.656001029455725
-0.6472119897237028
-0.6273776188118931
-0.5551616982537668
-0.624869146959302
-0.5854477568059833
-0.555981968596955
-0.6295974791215634
-0.6991034233467701
-0.6068772878148774
-0.503913747323125
-0.5311998016658985
-0.4266765057036299
-0.4094408186713603
-0.33781481154785625
-0.41291541968599577
-0.42489159918222985
-0.4268427162173912
-0.46428254311773237
-0.40760618364363593
-0.4242381833306742
-0.5116656591135291
-0.5042509201370203
-0.5387602754556613
-0.534633699066378
-0.47542426684453215
-0.5390830430983565
-0.4494106407877477
-0.38820367142556317
-0.4662528998676796
-0.4075343514962184
-0.4575508979257448
-0.3384169009913281
-0.45660239273126013
-0.3026621346801636
-0.3513776265023838
-0.34362791402731935
-0.3468958697347907
-0.35857886487898977
-0.3528566051122098
-0.3035038942925697
-0.3206289697872541
-0.3388143301277294
-0.38355696265545913
-0.3854625187671151
-0.33030558833538465
-0.3531995801941672
-0.32059441071710587
-0.3931798016335921
-0.39234253956609433
-0.3375022212934097
-0.34356175653135557
-0.42308681308295853
-0.37019589535096303
-0.5189611320020087
-0.45168990141910337
-0.5655584931232821
-0.45072429626315674
-0.4244636345228507
-0.4218561655689067
-0.504314958434036
-0.587240478394614
-0.6183474333274288
-0.6365153376847208
-0.6363369190611048
-0.551923660228016
-0.5762947947052942
-0.5619901180883647
-0.5676952587436964
-0.53501135194329
-0.6256104205000175
-0.5793891341472363
-0.6376148521679895
-0.5282382803595567
-0.6019832987323697
-0.6033864495081379
-0.6626193299106597
-0.6257871562142058
-0.6135218604029326
-0.5709093495029741
-0.5889046937705174
-0.541803253322571
-0.49158539397039525
-0.43541505031832906
-0.49398102141922173
-0.4831276985076079
-0.522939488515504
-0.49962497121081023
-0.5768617462597879
-0.46239065940828683
-0.5016928077395122
-0.5699352414033161
-0.5538532720976753
-0.6925073393882817
-0.6030729664729927
-0.6929853135831401
-0.6082667974653737
-0.5334155292020987
-0.5397008139993993
-0.5156585105372246
-0.46753135893372344
-0.5026040495590532
-0.6298055863506967
-0.6276395507330266
-0.6511603314927035
-0.5784791555618777
-0.5437330623086759
-0.5104535257937467
-0.557760888921567
-0.5097068566973588
-0.5384923501057465
-0.47412218842554815
-0.43924774959975393
-0.34926989071185216
-0.3183811668306688
-0.3619905740740225
-0.37514117730569463
-0.43114157287139376
-0.4228255301602314
-0.4055447168363013
-0.3665108194646873
-0.4230467589835464
-0.29078175374210335
-0.3292326988229917
-0.3424186314910151
-0.4896444070592057
-0.5973270017786696
-0.6293358921683597
-0.643252674345357
-0.6199176569973806
-0.6307751195150122
-0.6299470553338089
-0.6278971987539024
-0.613283389875129
-0.6966323426135929
-0.703908418688745
-0.5701908585083424
-0.5956363211521272
-0.5914753948389512
-0.6363143893504144
-0.5856355096685407
-0.6094566734021488
-0.5528864171113961
-0.5138886058218115
-0.4804933267717745
-0.5920427763811532
-0.5093051388205788
-0.526582714723128
-0.5620830853042184
-0.4571483169755429
-0.5474811080316354
-0.46818027113951677
-0.4337121214849429
-0.48275549943098944
-0.4856233113019455
-0.48796169152660196
-0.5852912227786254
-0.6079250253748131
-0.5854136546134513
-0.6482134428698914
-0.6468086479686777
-0.5864931650944141
-0.5247691210477397
-0.5597069006101666
-0.5922863261933987
-0.5948862430661384
-0.6025494663669647
-0.5311102243863199
-0.5808747995008071
-0.6162985107640484
-0.5181095368866981
-0.48098525868696895
-0.46879840173952375
-0.39302123022862695
-0.386452141630408
-0.3511952605135731
-0.3957006932617643
-0.4383774501046083
-0.3910181788346237
-0.48817376459487805
-0.5017474588457027
-0.5864647140395445
-0.6260169117062486
-0.5366609199028458
-0.47455963255333705
-0.5068440606028468
-0.47239821990000874
-0.45242149582175756
-0.47234377362066826
-0.33570012325390164
-0.4033613080404954
-0.4374506571648402
-0.5788134657355943
-0.4919231467242894
-0.5512462530058148
-0.5983114061059661
-0.6075124263253396
-0.4955493593979737
-0.49637387533937166
-0.5253017836184595
-0.5809021561507018
-0.5923164024515374
-0.5534406012972392
-0.5481738733543248
-0.5375750565659418
-0.521295252183327
-0.662227187333765
-0.6216233542970556
-0.5396151447587187
-0.5307344306974312
-0.545818495933653
-0.5293553470335411
-0.49345925140475905
-0.5564332589952866
-0.5854114833690356
-0.5665485855667189
-0.548789525724599
-0.5163345146515351
-0.5100381860692647
-0.4459491880971886
-0.48049587495604584
-0.5045307767137863
-0.3939104149616847
-0.4842990699926416
-0.46023672046010294
-0.4856560963194489
-0.42784977044675127
-0.37438395090132387
-0.4004938443442954
-0.5218147943216926
-0.5688562642497241
-0.5633450216563585
-0.49432927411914146
-0.5247524371236338
-0.6001044169455078
-0.5561923518424432
-0.6154592264709028
-0.6202622954571309
-0.6935210585158158
-0.7329072308304225
-0.7524698286349375
-0.7220049292850198
-0.6425425662671802
-0.6024201110246536
-0.5708046328836768
-0.5558696388991238
-0.5298455314168359
-0.5058961181906929
-0.5955667038781461
-0.562924000049777
-0.5551587757602855
-0.5533126816510379
-0.5872467679984681
-0.6241818626159807
-0.5258611580066369
-0.4569593461043974
-0.474863175345471
-0.5097932300742662
-0.6449321328411619
-0.6961704442403298
-0.5575940118488352
-0.4730543808678601
-0.5469156665993213
-0.45070149734513343
-0.5407307014844023
-0.6510830434230164
-0.5941140883059262
-0.5663376556277396
-0.6286469624810996
-0.5992231800897716
-0.6113498298821528
-0.530133841776958
-0.5150915287541613
-0.5150251195604961
-0.4964664558498982
-0.5553344542413068
-0.6034756136944504
-0.646896429107073
-0.5727609120056883
-0.5950771948263361
-0.620805459040582
-0.595675609609815
-0.6410561173917149
-0.6055826391821743
-0.6074278784681549
-0.6838690165940172
-0.6100150455158003
-0.5329339396849975
-0.47411985656235095
-0.48811029421372193
-0.4370257037819972
-0.3779236583262949
-0.5077839427801153
-0.49403859666282113
-0.44502651658047654
-0.46898149233574415
-0.4308114863367398
-0.47598690254814585
-0.5696021149888296
-0.5771050828704714
-0.5640655607514358
-0.5767708858393471
-0.6084148517660057
-0.6192939342110405
-0.6331738357454244
-0.5977629784236611
-0.6489034054257149
-0.5785815656556355
-0.6142560137738273
-0.6544788735437616
-0.5792114918178817
-0.5546116160676018
-0.4675788368448256
-0.3571012770004759
-0.40438553610150746
-0.5476263150527318
-0.6008772763029139
-0.60859095204598
-0.6455774303687115
-0.5558596181634592
-0.5721481274453475
-0.5710058471963886
-0.6319469101127886
-0.7339740345258707
-0.7287600331596936
-0.6544423412579086
-0.5431891810813878
-0.5127537558442731
-0.4713373975433306
-0.544146946248375
-0.5516747105301819
-0.6182185252703879
-0.631277572030619
-0.6437036188943477
-0.7069696354996711
-0.6275794139914935
-0.5995980058547697
-0.6132807122469124
-0.5533625748425772
-0.644010590634435
-0.5704464538362211
-0.5116042889572621
-0.5240198898053438
-0.6137749488127447
-0.57181380728901
-0.6552799197062311
-0.5213739472706717
-0.5095234791162916
-0.5182492903253244
-0.5646024972571806
-0.48163471412156245
-0.46364980020280144
-0.503553837178202
-0.45666610334550994
-0.48872021574180696
-0.48930392387002786
-0.49873543272963056
-0.5188760283016973
-0.6104698448213904
-0.50646559623195
-0.4754749781634912
-0.4102965017029159
-0.4177337514494516
-0.4577205282580753
-0.5334149224609959
-0.4555513221101871
-0.48604038200214483
-0.4999173177919344
-0.4074853842764175
-0.44623094362168253
-0.4701783465807931
-0.5014175228100284
-0.5339609256865039
-0.45469106971113876
-0.6124456449013941
-0.6370586514296503
-0.6366426172578517
-0.5868370280366563
-0.5202234588335608
-0.6309875008316853
-0.5720040809262124
-0.535175614615973
-0.6370363119472299
-0.692790771353456
-0.6037759238353142
-0.6062579396341176
-0.6049340531131386
-0.6225342601266358
-0.5240597077100656
-0.5889144125102841
-0.6188260353920433
-0.6603659464582479
-0.583330902993595
-0.6126126903244239
-0.6657040434545632
-0.6260977415021876
-0.6683664906685717
-0.6715790477853434
-0.6151917658650436
-0.6479744445256678
-0.6990575807405248
-0.6515787142069339
-0.5852111049767007
-0.6362216755449633
-0.6400068457959733
-0.5309145742886868
-0.5655142186432874
-0.40987858258112186
-0.4087341569899191
-0.3722207150868439
-0.43961653072393325
-0.48710390837659034
-0.5703366088394958
-0.5984481712525204
-0.5974833914126579
-0.5936102598539523
-0.6357341188813175
-0.4578923261869867
-0.5772163975326945
-0.5329638498722334
-0.5546922213997483
-0.4386849943977154
-0.495112696798685
-0.4949529560536888
-0.4666395543973227
-0.46721528956196373
-0.5013943861957717
-0.5600870071829037
-0.4492345159991926
-0.43610581187941855
-0.5256189953100807
-0.41956140394284636
-0.5002212518232004
-0.456185226385572
-0.5765978949689178
-0.5041431940079569
-0.5112557091164291
-0.4405473129785679
-0.4208485797469909
-0.4914129725835874
-0.5188673180472538
-0.5485582954155974
-0.5306545266880612
-0.49907966996298897
-0.5602148167209934
-0.5090555427865938
-0.5673925284240577
-0.6068333030102389
-0.5593806685418536
-0.5053084167250034
-0.39337288322233666
-0.39255966678499465
-0.33356718277479924
-0.42186272205343767
-0.4712604711121662
-0.5418836847567666
-0.6330679373626713
-0.6792136958526709
-0.6536039458184534
-0.6883626390566391
-0.6689408749333048
-0.6981771070853093
-0.6330260832454919
-0.5368189661762779
-0.46818945950036595
-0.42745717062402966
-0.41425241244563565
-0.495676099191129
-0.5071747311746306
-0.48970488793175504
-0.4377572778545107
-0.45927871152025296
-0.44965041268504036
-0.4366977012319002
-0.4043024699640084
-0.5400572206928379
-0.5190189627654503
-0.5387706347888386
-0.4704808515316963
-0.5619113487005357
-0.49398224391805856
-0.5109707213973034
-0.506613178294664
-0.5021302917753823
-0.3779581225788505
-0.39765481733307334
-0.3692513250533179
-0.41902083200042956
-0.44995745443263535
-0.4947627419675989
-0.5018332969339291
-0.4647902184277387
-0.5104418349774704
-0.5237941099101109
-0.5819631166481075
-0.5718902010022872
-0.5715332271135194
-0.5621777356474356
-0.596736339644324
-0.5816169337696031
-0.5166895251240746
-0.5506238914468695
-0.5683626647714346
-0.503942010752928
-0.48915044068063196
-0.4868121140414635
-0.4944860469304425
-0.5185410333557551
-0.6113937804465432
-0.5336537117935821
-0.607966042252497
-0.5908171565785443
-0.6096224252727328
-0.6480473306606729
-0.7359520827272814
-0.6001524466898269
-0.6059603886374908
-0.586975793213732
-0.5250858810525811
-0.6269476238632374
-0.5533650164796642
-0.5750215031409831
-0.5307336240562492
-0.6360287626831728
-0.5964639465776196
-0.5615257221270223
-0.5820642560393268
-0.4566306267653338
-0.4733453720266747
-0.5810461150253872
-0.6456985086017023
-0.6568292414410216
-0.5735952259460024
-0.5565676454831687
-0.5496383702415442
-0.539175456744135
-0.5567371991797513
-0.5764221866919422
-0.5131501422568527
-0.43621235318804163
-0.43687723987766514
-0.4849629361430421
-0.481944072225041
-0.5422081910014089
-0.5097149713008109
-0.5281878121124965
-0.5073885752471429
-0.5978876043913068
-0.6005920135930768
-0.5410579127144394
-0.49125828311246633
-0.538528861233154
-0.5872384631885462
-0.5211698384453227
-0.5768214470809004
-0.4772546800587608
-0.5103392345604182
-0.5791938499466056
-0.6609627200044657
-0.5936228696035143
-0.6155033627700208
-0.577177779425646
-0.6220938230246511
-0.5318441359067204
-0.3773604697255961
-0.415355753769901
-0.3763891229339555
-0.3362678215343693
-0.3239619953381495
-0.4625902679607053
-0.5994171251517912
-0.5765908686303688
-0.5511348645118859
-0.5229728816021753
-0.5657481059057052
-0.5869068109685248
-0.6231518691903908
-0.5958278138565859
-0.6646396208025576
-0.6672289536392391
-0.6253371172105985
-0.6431272154533999
-0.7327628459361091
-0.6881066041129881
-0.6309586476879938
-0.5800198684412105
-0.5723404307531368
-0.5542100748480497
-0.5839137480114752
-0.5680159721714574
-0.5758585206649877
-0.6064297590071267
-0.6236155006853684
-0.613985987124079
-0.649718484065414
-0.691396726231529
-0.6459584417417745
-0.6048724365478415
-0.5690046235365833
-0.6568827245794666
-0.624380981007036
-0.5381290958522423
-0.6863846612665779
-0.6823512698389733
-0.5781452602473661
-0.5952023258507878
-0.5187090935615027
-0.4464148029829161
-0.5043994245996863
-0.49668837035924795
-0.49000618667244245
-0.4706282475696659
-0.3944336049163989
-0.4344515036504207
-0.4885003666085266
-0.44929295555788235
-0.6095081000237837
-0.5551801698477485
-0.6095524467978166
-0.5325118977699494
-0.6356633200788876
-0.7001984184194298
-0.54211706526577
-0.6344077110500824
-0.5987604715519016
-0.52429138212638
-0.6222791433979006
-0.6695548994704065
-0.5816268126091768
-0.6061177656743706
-0.49676607105840154
-0.6041203377535856
-0.5614997621853736
-0.5948334545437048
-0.6248384547049157
-0.610802927476378
-0.5703370466020362
-0.5368166440941095
-0.5293463914075076
-0.5317377728128269
-0.544544622855264
-0.6037275106186154
-0.6075615788588362
-0.6112700354932558
-0.6170400771004427
-0.5435637770719552
-0.5830597676126047
-0.603448905985961
-0.5748600075663891
-0.5936508941723025
-0.5603123279874196
-0.5217706074212769
-0.5370887838472304
-0.4486346274459077
-0.47689296737143083
-0.5383762972203042
-0.5181097595732888
-0.5372605089785931
-0.4373712263599727
-0.5736644838488045
-0.49397428105234614
-0.5691004875853386
-0.5895324212281632
-0.5284111310575376
-0.5554243428125419
-0.5607699744948185
-0.5936819351271496
-0.5833389078405071
-0.6102709078622454
-0.5956554793672586
-0.6014044298117397
-0.5639959870041219
-0.6615094824308108
-0.5494709230264414
-0.5381057621681538
-0.5159522565493468
-0.5716338035432031
-0.5338494010923553
-0.545176233927719
-0.48632050449916353
-0.48024062741174267
-0.5673080327645887
-0.6072370784690401
-0.5256684122013939
-0.4911499596716374
-0.5352528719476531
-0.6275490663928356
-0.5556034649774276
-0.670971553117449
-0.7117895554682229
-0.6537227627151889
-0.5691613920803935
-0.44752233325274
-0.5087115037204561
-0.5146822620931976
-0.5369812018290806
-0.4945676404131476
-0.5795679840644931
-0.5256165769655431
-0.5666844828850299
-0.5982886476572172
-0.6418883978145247
-0.6014516387410761
-0.5519294929008209
-0.5314701818565316
-0.584913202807066
-0.502049568912546
-0.4884479345968518
-0.4000756304287779
-0.43974828543200245
-0.41534790447309244
-0.42368532433517514
-0.5235855973371105
-0.6112957977999347
-0.5925935659646502
-0.5437668650741871
-0.4666064800779861
-0.3593294121568244
-0.4053348559949712
-0.38743605385867286
-0.4585100907981761
-0.46454375428903494
-0.5218279349160785
-0.6687364402794899
-0.6067483015097496
-0.5492937629513581
-0.6121585584724567
-0.6399433651581631
-0.5440245477551753
-0.6025560594780922
-0.6886842219049056
-0.6543140324041402
-0.6254071555622506
-0.5549282445011088
-0.3847024120347286
-0.5595130760364228
-0.5761280031515605
-0.49298557045643826
-0.49779425315958226
-0.6001616097482159
-0.6009273052675083
-0.5984010879478452
-0.6745818978064629
-0.6591326350659412
-0.6238907966036613
-0.6206562996195588
-0.5772412432187871
-0.6018201365095595
-0.6344370554392342
-0.5415610143597519
-0.49851373193852894
-0.6162856036610511
-0.5439643867560799
-0.5022024803639009
-0.6243675886897626
-0.594483669116179
-0.5874395439206381
-0.6028334315119969
-0.6226833223749609
-0.630974877119067
-0.6558215475983852
-0.6863747259774462
-0.6921244274753846
-0.6193636791345136
-0.5647751207283657
-0.5360109220298257
-0.5766515594123177
-0.6840915624973163
-0.6613012869400133
-0.5996123142929201
-0.607657203663449
-0.6186519406303089
-0.645610229852953
-0.5007258857090229
-0.44445961121418154
-0.4854350865450156
-0.5709173067664253
-0.6051098222087308
-0.6790717275529495
-0.6698358998377044
-0.6445334091861987
-0.5505013728244438
-0.6812487791896515
-0.6403788021438022
-0.6137244046576057
-0.5638098284300852
-0.5684310586653654
-0.514048374910265
-0.5689128172576579
-0.6129441515294375
-0.5704366122299541
-0.5731773184594732
-0.5190911574680032
-0.5356538486136448
-0.5942389634739065
-0.5548358906392458
-0.7070646380959075
-0.5900840708563054
-0.5901261941393323
-0.6087502282913018
-0.5258466951077579
-0.5919157022132396
-0.5610792718038914
-0.5866688417820309
-0.5897499173794981
-0.5915261820607155
-0.549615983009754
-0.5512685603245675
-0.5491456622015936
-0.5503651400156833
-0.5364524754407238
-0.6121682374015083
-0.6464945917501458
-0.5847967998760855
-0.5872908879625569
-0.54179405648989
-0.6422384013448186
-0.6345720433473451
-0.580874390683657
-0.6135264883927051
-0.47716876193252533
-0.4635068323772017
-0.5058968333773171
-0.43428068219867866
-0.5363829416124695
-0.5898990581950674
-0.5787665588880901
-0.5130501100699113
-0.5439833087629186
-0.5703793025213574
-0.5784134265637765
-0.4831975228349265
-0.5459698278135453
-0.5371221415454364
-0.5672139001501775
-0.47287245189808996
-0.3064291650948408
-0.35971050081977407
-0.35199767083110894
-0.44007995744934153
-0.43482823326952635
-0.49524140244570897
-0.49648236935253526
-0.594073297411105
-0.6254590529343738
-0.6300179793177056
-0.6118961348902034
-0.6160095630532542
-0.6167749536827865
-0.5641929005140859
-0.5812655555867338
-0.5705138457868704
-0.5527273868245137
-0.6090959972034652
-0.5032981378804865
-0.6185272521960885
-0.6014195210898279
-0.5591186055947593
-0.4528140771845559
-0.4342739010172994
-0.48345528226006784
-0.40878714773299846
-0.3833099207177986
-0.4399411990425693
-0.514113388589035
-0.6120151325752261
-0.6348972140350493
-0.6105246657061714
-0.4901991287052451
-0.5373959236325344
-0.5485935262523008
-0.48554130881057816
-0.6161302726808778
-0.6386835698978971
-0.6533891170784554
-0.5758037913224818
-0.5917109397526077
-0.5286756955070541
-0.4626647929432781
-0.6146508211017164
-0.6064542533706623
-0.5693976200128292
-0.568768002287959
-0.5442669721417084
-0.508051600901148
-0.5375408108552142
-0.3980717096923719
-0.4039084137784209
-0.324325155500342
-0.4571391853406278
-0.5267206378871009
-0.5337501733357304
-0.42865563674753704
-0.5286969949272716
-0.5431295046106766
-0.5840937972008388
-0.5198534887630581
-0.5500039581286866
-0.448670894599616
-0.4038248935698403
-0.5109618508604263
-0.5362693796352003
-0.6338518992797414
-0.5513308859192947
-0.4918492032221996
-0.41386421421729946
-0.4078957934239513
-0.4403456365767436
-0.5184892991510117
-0.5862200848490103
-0.5967698281200784
-0.4839486426992195
-0.537960330341272
-0.5565459488525837
-0.4856240093802633
-0.5090780315489852
-0.36968246242020153
-0.33971541210590683
-0.3315606022914507
-0.3280421640495208
-0.5016178555747032
-0.5746686077987354
-0.5428257923741757
-0.45997151722222046
-0.6003210811022892
-0.602464458684146
-0.5943075344591384
-0.4955595312799267
-0.5401276921936295
-0.5558747787305081
-0.6393936351275317
-0.6183222773526449
-0.6925946872956239
-0.560163444075725
-0.617374482903823
-0.6531149588165236
-0.6272957216323022
-0.6039523652871235
-0.6419619440318589
-0.6367416448089511
-0.6009057142844804
-0.5354637330717469
-0.5153148046561294
-0.47623920416737675
-0.5132321035285008
-0.5191571943534573
-0.42987057367813036
-0.5003944306220008
-0.5433169592501411
-0.518827199764599
-0.4961447838666304
-0.3600921622252953
-0.40399943203008415
-0.5082830743413224
-0.4324401820394331
-0.44630222712134787
-0.45460229986152445
-0.640159893176236
-0.6591441849139138
-0.48699175711359893
-0.5676423431408258
-0.49202405541259814
-0.4752358921791951
-0.488491891142966
-0.4547814373302841
-0.5457472306480702
-0.6142253385210232
-0.6595292084746962
-0.5991373651111536
-0.5643736929800707
-0.4810343896139046
-0.511587009170253
-0.4704188585626981
-0.5226790192955723
-0.5422010232002636
-0.4771818191763195
-0.49279278583683206
-0.4254961432503485
-0.4805957388230504
-0.6279545988053633
-0.640855870848448
-0.6250120890067347
-0.6451320085470895
-0.6388953990457467
-0.577988024174949
-0.550507139544065
-0.6927731605584192
-0.6125459713031536
-0.6013703348747431
-0.5436685516918935
-0.6063695127482269
-0.5090901456581556
-0.4796738848694197
-0.5183216581101127
-0.5530821612442375
-0.5219191960176025
-0.5865207338423007
-0.5689227263559465
-0.5802775236395873
-0.5664050664764838
-0.48142112037265755
-0.4918809870891423
-0.5243968173502473
-0.6955699377621523
-0.685789298223384
-0.6247030417755466
-0.6005018298557192
-0.5296404611439087
-0.6309190222123401
-0.6406356304557721
-0.6742204369922468
-0.6647681029625357
-0.6352436316519293
-0.6176058773983398
-0.4639794348841606
-0.5159479824911004
-0.47568913083650216
-0.498903161570257
-0.4834228008375638
-0.4749388294286633
-0.55694362077931
-0.5675518177498335
-0.596691298666471
-0.6347970562730919
-0.6421823466357415
-0.6567454901306479
-0.7082107763986126
-0.6313794918363056
-0.630043320804208
-0.6210753336008099
-0.5955496214233205
-0.578416576941193
-0.6810086895267967
-0.5255690278508064
-0.600380887959569
-0.5266582550841462
-0.5087335300204372
-0.46242610536285184
-0.5578604448343707
-0.5715779687309044
-0.6158675445839077
-0.6224311925383225
-0.6205962308742394
-0.5907221223676224
-0.549051293447664
-0.5984911884762579
-0.6076532556340514
-0.49905603945127264
-0.4886929688507132
-0.6123847374018764
-0.6164081787586065
-0.583332904680019
-0.538291735106644
-0.525739255481699
-0.5591982871005612
-0.5204919227876145
-0.5578163881495715
-0.4606931084647282
-0.47594371073492336
-0.47952876708423126
-0.3994401800198103
-0.37684747863596296
-0.5300567102831634
-0.5331483947576009
-0.5373894914789376
-0.5642786196837911
-0.5418701409677822
-0.539443917985988
-0.4599941561838307
-0.43554641918847525
-0.3139370860941043
-0.24902769097063138
-0.35444763735146845
-0.4481265345595022
-0.4964769884596376
-0.5119494459637013
-0.4725144951029809
-0.4421880532612771
-0.4214642985149008
-0.4562139520204431
-0.45133988121156976
-0.43157699681178363
-0.40921109641222875
-0.36023820398525436
-0.44254414514672114
-0.45311972445461823
-0.3971088420876147
-0.39732596345380156
-0.3861989298064931
-0.4584858862782377
-0.43777230912560877
-0.46905246401818823
-0.5711429511763421
-0.628794739001734
-0.4592684370564527
-0.5937998841216785
-0.5128144392531502
-0.49231304603932835
-0.4869547998960523
-0.43910444391281445
-0.40191445847824
-0.5079502652311667
-0.4760325775955572
-0.4328969362428853
-0.4743213500733988
-0.5641114738069991
-0.5070885664670315
-0.5020796132132002
-0.5321415539084721
-0.516663286905699
-0.5364456626980071
-0.4608055888799688
-0.5279519332164
-0.49693702116169935
-0.5977648058444321
-0.5960445425096461
-0.5897935828950611
-0.5102658936651389
-0.5009208340145085
-0.6460436940016062
-0.6269101598227177
-0.6038128645954188
-0.5569113664215404
-0.5147304149627879
-0.4727545246291342
-0.5406451811167019
-0.48136114626363125
-0.5328453188166545
-0.5581728990438813
-0.576201569939396
-0.6568602966917266
-0.676902867529857
-0.5508271844541933
-0.4487168295253083
-0.4770404193499202
-0.5324016917137033
-0.5786499354658075
-0.5709959464687083
-0.5419474456328444
-0.5223545554961173
-0.466893089712503
-0.48320614919975713
-0.4904414352873033
-0.6393514111870623
-0.5577826238542715
-0.5195059877523895
-0.46747704826633074
-0.5716524565244715
-0.5503124842946043
-0.49157316573500676
-0.5385860676074637
-0.555152547196134
-0.5269090354778819
-0.5520830366943023
-0.44968180918236
-0.4445730326394268
-0.5107075944518743
-0.440775825716626
-0.5627403598418705
-0.5956411107965868
-0.635633055075214
-0.5068314982895628
-0.5519385709327345
-0.5788195379891844
-0.46165966830094923
-0.5301799876009203
-0.5381874683701089
-0.5651653735623671
-0.5032761487038128
-0.46813173824071075
-0.45532774463049386
-0.4626928915914395
-0.41357837354842414
-0.5581450115059491
-0.5615070912273058
-0.5516025143604993
-0.6687085036721956
-0.6786822390376506
-0.6317087194908064
-0.6840215565540522
-0.5759951708119073
-0.6008646312875615
-0.576189398587045
-0.5820443983593531
-0.5876447881273721
-0.5144549138757003
-0.5189225058963618
-0.5454040766687412
-0.5862329409413163
-0.5789995442855691
-0.512396601610804
-0.5230799063724723
-0.5647084863154039
-0.3756302220043609
-0.48231106232208476
-0.44914413941075404
-0.3919737310183757
-0.322518418838779
-0.4005087065313491
-0.4080924927945834
-0.36005973742068126
-0.3213480245147159
-0.3511712617527142
-0.399222847980849
-0.38837420825054064
-0.30989887630657936
-0.43578734063199326
-0.4238045635884443
-0.36883548358101403
-0.47605248432562414
-0.44844321580661994
-0.4480377615401794
-0.5312667383603098
-0.5041612810041337
-0.5398429625438386
-0.5376492499321764
-0.5021458790898253
-0.655573514699622
-0.5661682447681287
-0.5454008712680793
-0.5459529891011863
-0.6075411879275507
-0.6971036942845202
-0.7179155944227391
-0.5880222917157883
-0.6346870157900318
-0.5657287465076059
-0.46240186481994305
-0.5520079835653473
-0.6392096507674887
-0.7259642326911642
-0.6476993782173257
-0.6142342664447497
-0.6751932461249626
-0.5197018324392305
-0.5747892764351469
-0.5590755862514829
-0.6008808554223586
-0.512988764871118
-0.5917379415136937
-0.5734224755516591
-0.6250977196968732
-0.6753727141611705
-0.6670800606081697
-0.5863400798397549
-0.6116991127579673
-0.5641636110640031
-0.5276761548366592
-0.5445972404855608
-0.5339123671129167
-0.45908069648647565
-0.458068615966477
-0.4184268690122782
-0.3983327445459284
-0.5446349557818866
-0.5704970894481239
-0.5824752794391641
-0.5284533177889329
-0.569594340193892
-0.542785020416083
-0.4940130721990203
-0.44102775097162883
-0.5488762705373452
-0.5162331092961252
-0.5690574155171404
-0.5537697473644493
-0.5049209181297223
-0.5330440060211777
-0.6120283209528479
-0.5879185741645858
-0.6096950263394261
-0.7015941446378511
-0.5698798865745606
-0.5562359574519675
-0.5306330066827725
-0.6128215093486202
-0.5960837734101476
-0.6230597257614683
-0.6445554783509521
-0.6447587363524496
-0.5643540171988033
-0.5704655583461689
