1.7048066533503405
1.7252822852054681
1.8414440428716699
1.805893620822187
1.8164378841552802
1.6212621872420416
1.738870192695915
1.7373761806963488
1.8720276033651353
1.9368102803472518
1.896681419991491
1.7589738290098644
1.9952063125731263
1.8827303536289173
1.8636417384881727
1.929767544729614
1.9344488476434516
1.912890063753868
1.8506356505886645
1.8750591042120055
1.7886847627991704
1.778981237848103
1.7489320782482092
1.7660336242712247
1.7849985348193182
1.6225479727498116
1.5715291364863644
1.669505851336255
1.7489522825321604
1.788510452564453
1.8395136922460178
1.6158370149145243
1.6662077167047713
1.8076801879103965
1.7464526932245632
1.7302265191341268
1.8126809862070095
1.7510696585905008
1.7017255317789797
1.7170260324031663
1.7313193145269299
1.7636591174213019
1.752080826015256
1.8337554516647945
1.6731678564554775
1.7336281595382947
1.6939434620975466
1.7537047996334496
1.8144693861616161
1.7041208843736797
1.717938363745937
1.6347158935295651
1.7167641240273976
1.7232467539877463
1.7878050740722469
1.7759075057233522
1.6917755199887223
1.770840420074179
1.8432111044102721
1.748812529151683
1.8983323832887757
1.7670584513289826
1.6942952395999937
1.7853738305446047
1.7390267224100473
1.6860833628413316
1.6894313237533842
1.6467548845264677
1.653150890943231
1.7091867978136188
1.723189712037193
1.8215789413044072
1.7889853952325474
1.7315224676354521
1.7509683372704286
1.7507435374031386
2.013473174099833
2.0120983457537793
1.8238190939080667
1.8191387145521252
1.7302183252865606
1.73085368246596
1.6252734572650531
1.7516786505922368
1.695155251234985
1.8830268501465521
1.7856564019973824
1.765365422933502
1.7049939469002677
1.7799240312342925
1.8269827944905672
1.8070754508812332
1.8780803727181916
1.7784004466097139
1.7916141548736522
1.8212561875998063
1.9163151684738424
1.8253484654549124
1.8095257421909747
1.8471545881596527
1.8606553448265497
1.7691557385646761
1.704263129203132
1.6785499004820303
1.7694217661006124
1.818993048006882
1.6989430881528407
1.823246541061727
1.7896877341508253
1.7893021445056296
1.667236367382999
1.7513245460190863
1.8181639687020965
1.7584541602475723
1.8701815973769953
1.8870364623423352
1.8140388812559889
1.7202303670783545
1.7548725255430186
1.8419217526497247
1.8058078867250713
1.8491720227157535
1.745519901906612
1.706219392030464
1.6752356723326467
1.764506289307928
1.882062193477867
1.8552856704036957
1.7052663636871968
1.734550410460395
1.8089757586789537
1.7820357583963633
1.7433514415387732
1.8066029818603693
1.8823986225508338
1.7842773593662244
1.8378390772956872
1.984037131197701
1.9486557565275426
1.892922043446084
1.8685679867598006
1.880407672686661
1.9113255341218522
1.808819489332607
1.6855483254967503
1.8897355300230996
1.8703510311812224
1.8277762864576301
1.7907766108291328
1.7886550097830214
1.8096147263911602
1.8791707958913917
1.8194992792800688
1.8366214503290605
1.7418338224564647
1.741002718310446
1.7100058206517261
1.7579841225526194
1.7674085558648704
1.7145502224612907
1.713964619950753
1.8207848172627112
1.7381453851121977
1.7002641748957317
1.6609191524672013
1.8843188692724335
1.8205309428649237
1.8048520948337725
1.828200524095132
1.856534964663075
1.7915196161065048
1.8351291958341707
1.801307903392093
1.7784718660999106
1.738199920209971
1.6959707879626411
1.7152845208312792
1.778033662127751
1.8044281429284754
1.7720441612375877
1.723961541593354
1.663555070757081
1.6387819206707936
1.6456629518260124
1.8049747475678426
1.7365897973121547
1.7135911659498577
1.6830472543573671
1.6673214508384973
1.706811712394654
1.7249246411944665
1.6345401078169928
1.7252495413322677
1.782966307075398
1.6160232352857424
1.6776623694776849
1.714997526462274
1.8123558861981661
1.804321001463614
1.8505656535737427
1.8772287728564339
1.8685825664979767
1.7289207293618263
1.6505754819146417
1.7205911386223163
1.7758710394044166
1.8109090353067845
1.9012417096708258
1.8695126093380174
1.956397754906783
1.8830337207891956
1.7882987952252787
1.7901762686302793
1.7343344052817236
1.691842825649469
1.7842356542452287
1.73337092670696
1.8412909958022747
1.7204701537327423
1.7465746071895314
1.7791092186598705
1.6607900464992276
1.588931529045494
1.658871723513831
1.7955489460277623
1.9042744317813662
1.8415165281104167
1.8704700368034344
1.844378250233408
1.8291127204060038
1.8591355377104133
1.8612034551766963
1.8329244048105569
1.8559486560384355
1.8671786600173028
1.7969599313228255
1.7905407290890123
1.8091685795744867
1.7991278930606083
1.704462959074491
1.6910304812355528
1.6651722965706879
1.7297466546464877
1.6426179613840348
1.667813697999312
1.726963065491855
1.699330501823597
1.7223693860117506
1.62727183530128
1.5944205471258484
1.6902876963411646
1.8388969281527878
1.699534281430018
1.7313330274246803
1.6537580661942703
1.6331133390328565
1.8081179528551996
1.6649082406321638
1.6318711435361701
1.7190947731268977
1.8555789651663557
1.9144633247304474
1.8059577746492552
1.6870305707234925
1.7539031314888578
1.744844567822359
1.6906709504401491
1.6388773823523115
1.6574070546441124
1.7172238278701513
1.7359403224753378
1.7188595092847652
1.7349694571599403
1.7053252325619017
1.7053544929665465
1.7190948309677165
1.7203396499180386
1.8507333303945166
1.8500098054849767
1.8163191734400255
1.8429360613396835
1.8559104622639195
1.8482918022033135
1.8899211295508889
1.877509602656809
1.8261252132425796
1.7372705608818049
1.7108534430928817
1.7521958424818085
1.8216249373904854
1.790529851842769
1.7501286893454302
1.7115110652058758
1.6326277443653014
1.6186218516939357
1.7267911593335807
1.6803249996079865
1.786697329155269
1.7385206873883823
1.7739604487861151
1.7802725048398906
1.743256880757945
1.8231115150580297
1.8003433844445462
1.8845609070742801
1.8125436327973277
1.840328589422303
1.6724346918655952
1.681647304277974
1.872488202325526
1.8757362217449882
1.8021976185392496
1.7502675146556612
1.8783219556176036
1.7442667884634273
1.9081219264076574
1.9125025900237276
1.8357022702450203
1.8572805692736094
1.7961015374061184
1.822092094399875
1.8035465072646797
1.7935808185265028
1.733132755328922
1.7931276840182129
1.7588113520461028
1.7965640885573064
1.8994908025034984
1.9238534384445367
1.8420784942302055
1.8546765124735245
1.8727485593942053
1.8423612260165345
1.9247799172594524
1.8044887910888079
1.749087042835238
1.725865123695142
1.701282491853991
1.6553232713001524
1.7356551711570378
1.6592170606625836
1.7297878798998914
1.7372085275789044
1.7703880144821666
1.6897453494407182
1.7383021018209817
1.792980202983156
1.9165422336594318
1.775045542837455
1.797051925119113
1.9349151158268196
1.7183996151478733
1.8523773190054131
1.8242278374897534
1.8236973898718103
1.8816843330204218
1.7381932609665778
1.775653315027637
1.6846256182068668
1.6639140946695627
1.6676529867232033
1.7351949424493494
1.83261264199298
1.7971103443809793
1.8021957903062265
1.7821525034277588
1.9147520475030357
1.9288333691900426
1.9561949163647783
1.9598600391014394
1.9524510958171961
2.0043522591419425
2.0034737096605606
1.9662602836501915
1.941139478605795
1.9230317905092278
1.9477503811545218
1.8996834435930163
1.7853738103870052
1.8789014330219447
1.8941017486017515
1.9468038593209835
1.9235585097761034
1.9569865466726946
1.848982862555219
1.9248926554550638
1.9754799627247448
1.9391944583054088
1.7934429557904972
1.7468631784104631
1.745377633034731
1.7090159153553617
1.7485104037862997
1.6451962491494394
1.7181018465808426
1.659971439527554
1.711954434379763
1.7244686369258941
1.6976309781447714
1.7213795053839225
1.7430567451991104
1.753279799819723
1.6932501669135243
1.6167762517307094
1.6568222618572017
1.6866121775730032
1.7590587031293548
1.637845279760819
1.6100075084986176
1.7667839583025162
1.760736923762459
1.7964507388275974
1.7090480944570992
1.7298568107828851
1.8408876004709642
1.8441110762279045
1.801475855207275
1.769086640210837
1.6837764419314483
1.72675101435763
1.7702246523987957
1.7371344671369282
1.82209552523359
1.7551743476789876
1.7901595624730815
1.8218561800594424
1.6605086343577895
1.753308173541204
1.7128574835441799
1.725560436257782
1.7284290553660426
1.7722865956843812
1.781969459638854
1.634588921695869
1.6969424720153643
1.7710894758341786
1.7298436396766943
1.7760651772583522
1.8573454036313455
1.826808921204107
1.7894540599340283
1.7308067928372737
1.6717646702511049
1.713157934769359
1.724050104852216
1.685040556030339
1.7972455823148334
1.7312663689705152
1.7682949436241278
1.605326720475672
1.737058012553248
1.8206372784804583
1.7939476880472265
1.7633696889735935
1.7014976839166114
1.6741496024708011
1.7513247295206844
1.7101497406267658
1.785253997935988
1.7150231800002742
1.7600678695578909
1.6750039417070501
1.6509795869351234
1.6776082283526514
1.7457446102837242
1.8146059321672583
1.839055053280912
1.7838573265419888
1.8960037309700484
2.089902412890991
2.006616849374434
1.9493494570145944
1.9831025185111746
1.9277234459243753
1.9097993871936763
1.8616771631498183
1.823205107952493
1.677925568063985
1.628409572396538
1.7627455043333653
1.724786851050897
1.7617095096999056
1.8083997847366982
1.8095415861014712
1.8779133536440347
1.9712192519176446
1.9344632799484778
1.8508535701218647
1.857390014629416
1.8393237568288117
1.667331434739318
1.7350475776153154
1.7606825422859684
1.7067898602449094
1.736339572737802
1.6823942054436378
1.769340496633203
1.8791933153864457
1.9482426606350352
1.9441714021808791
1.9077987441745003
1.942059085247036
1.8040652427174324
1.8194094639106781
1.7721007273738811
1.8289315717398722
1.7378900234115755
1.6882825278843514
1.7460257483467263
1.7965656959825302
1.7038439272628016
1.670725934196326
1.7986954160010689
1.7923441864396579
1.7326337756922834
1.6925132420266968
1.822740383443475
1.751163011427909
1.8028097509471188
1.7270340300276956
1.670882963425982
1.7667674929471284
1.6655014413575906
1.69449525194489
1.686440515102891
1.6875540034584373
1.700580689638241
1.7479446922777364
1.7940159095389803
1.7941092505777958
1.9375652488352342
1.7939897268068148
1.7608726068957339
1.7345989756883469
1.6242892888403906
1.5834487497173764
1.6462013889321372
1.8171674222377248
1.7256466579983167
1.6340845770614276
1.6200593019942597
1.65831865039467
1.7037952005346195
1.7866873959235554
1.7413917253515472
1.7945586016542956
1.843788038907689
1.7532745356145638
1.765125953514258
1.7237065116285273
1.7544623170723768
1.832014307710273
1.9264013956962334
1.9954858053414608
1.8867210385064703
1.7934148483822647
1.855416795607599
1.6936853380837749
1.7562799810191096
1.8852244676848415
1.7068547090471096
1.7194509459922134
1.7309033010649215
1.7291893771850078
1.7473442215072472
1.7842157460444168
1.8042635011035695
1.8361502192634633
1.7428173057476408
1.7845408886309753
1.7694908612138476
1.8436853709759422
1.8223864470885849
1.7434800397754067
1.7636166507504814
1.7591533053208372
1.7089458439643608
1.69260935611088
1.7448140466138793
1.8431470155115024
1.7186476257780947
1.7141135453858118
1.673824816937343
1.7027302261495283
1.7576447482749529
1.7640454829018195
1.7501068775106199
1.6845058998328906
1.7691443788968901
1.6690346396996767
1.7628030786573947
1.6774259565591614
1.6960631588319246
1.6386662235129676
1.6987922917235314
1.773300521122216
1.7699868596658077
1.675833869598071
1.6893544605636075
1.7192705451255448
1.7191877885729696
1.8363481249658211
1.8801561723689004
1.8711588328818047
1.8171150693462077
1.6991121740247968
1.8012422555197023
1.7923106032328744
1.8153238479299554
1.7053094732478025
1.7467799465983287
1.7724750490088697
1.8701988505100848
1.8034074818143546
1.8584407716807332
1.779733063542822
1.7482764963440245
1.7669136280615307
1.704924663243255
1.7085213190116646
1.6466173954031667
1.7030011330409274
1.7387813531678267
1.7061026862859165
1.6535798484633177
1.693951454822349
1.7674845934029089
1.722430749912375
1.7118640274128498
1.703856450026416
1.7144389054377902
1.7346205144993037
1.7515791301005326
1.7990812446785378
1.9284151077159883
1.956540122061875
1.8958694970701457
1.8583591271018562
1.8126647399426685
1.8083551348405433
1.8431350559209432
1.8301960421832195
1.7679240624439274
1.8110627158250985
1.8421078468458045
1.6972008672323269
1.7536359838340947
1.80266914257644
1.7364597164791205
1.738733144631606
1.686294170996682
1.722064403878458
1.7000967927413242
1.6878522052401346
1.856936335553408
1.8467081573670112
1.704526233561992
1.6376162889173476
1.6724119776536286
1.7840764677522245
1.7209637989897402
1.6941068692205843
1.7342848008985634
1.7890634047256422
1.6677080082507962
1.708506564843676
1.695516010246356
1.7400681118328931
1.775337086314359
1.7522237000628307
1.8052741564901085
1.7049079538999272
1.6640309838720873
1.762066077532694
1.686991569801265
1.6739553947280252
1.7096594825838198
1.7242925313214736
1.8124290097524718
1.8750240732200745
1.8206464529289565
1.7438610341595002
1.7691285217600718
1.76095452765522
1.8860998270862501
1.915530842314749
1.8733181681542628
1.9180043571330705
1.8292164887952096
1.8057862532339972
1.8603190758810095
1.9076204811865407
1.8914273425664971
1.9570745723428913
1.7901216596113823
1.646442999407355
1.7678631049965643
1.7848519286716946
1.7260121039692706
1.7219896097941536
1.7664660563053585
1.7954652074973394
1.7123709821443556
1.8567154479446972
1.7745402616344619
1.8219085807802622
1.678670074645285
1.6458553167531866
1.7367450527516348
1.6527036804908504
1.6789246100576798
1.685249153030906
1.6284420024777695
1.7611990435677791
1.8077990671388018
1.811895690209937
1.8009449448905936
1.7257246336772876
1.8599058073573558
1.7887888917042505
1.7591757002930808
1.9322175087802276
1.9081520343880582
1.731866462309384
1.7991097119837165
1.8991743443852473
1.9609959026388972
1.836830242981486
1.8170549005111687
1.78119637702017
1.7087788650750544
1.7138095436990024
1.7138402523877114
1.672352329088588
1.7394253224036904
1.6948744824820883
1.7347488918072174
1.6672837847484565
1.7119270098542974
1.667304170191625
1.7018197814470284
1.786457863501884
1.674266276308036
1.7301364055993433
1.73912476789073
1.7203968883747138
1.829115772159492
1.824850460009417
1.7725148932476658
1.7897493727353952
1.815148178440899
1.7648806242366162
1.646118694094906
1.7716195860006154
1.788851384955325
1.756449777456901
1.7397370031529784
1.8563512093186727
1.7852639462027233
1.6340185154154003
1.804299145939704
1.794756177032175
1.796308742220523
1.6445211329464324
1.7822462435787836
1.8001038764991093
1.875125807732416
1.8172621509963442
1.6773894962432905
1.7315940842473148
1.7151852017682334
1.7939605321645815
1.745254500628533
1.7725639908656405
1.807087610897469
1.78964822811062
1.7566227291558847
1.6585341499160104
1.7068131295696296
1.7155910650944706
1.7034764375796834
1.8535980019736191
1.8193319842790059
1.7241156208225616
1.7100544240154403
1.7453716546603524
1.7311960464862657
1.7494779628218204
1.6434059724129715
1.739755123048722
1.7637713671958304
1.739689157251993
1.8510721776013184
1.792024579444951
1.7162136979459925
1.723902812210317
1.833806213094135
1.718061200512715
1.8081365324727927
1.834062691632864
1.795976338425552
1.8613937650928527
1.8050047178721962
1.8786678198945679
1.9669371134375888
1.9915288982355748
1.976971986314258
1.8851470541515694
1.901894737737487
1.8094089611629685
1.8597528163276271
1.8075505572844224
1.7479896859181647
1.7220430439169652
1.7874988216953105
1.8107199695546379
1.867145150676051
1.81445580177573
1.7906034021782673
1.7986395664665529
1.7524024087755494
1.7922436817061236
1.7240404997049545
1.7270671114947465
1.7924824394583225
1.9384970058556668
1.9436439360972946
1.9068312666758753
1.8682263637752374
1.7905651887963827
1.8654166427566037
1.8289460018018184
1.8509715269821725
1.8003728902682294
1.8618337345845637
1.789775240421102
1.7048028577730023
1.5642155294612876
1.754652609980847
1.7566031979873107
1.7781034105105742
1.761357151421739
1.6273734909686841
1.7208421518868733
1.82338884511703
1.886240657679194
1.92297416613205
1.7784495693512279
1.6749278575860025
1.7814818943119088
1.6829597900775366
1.6809246183993904
1.7750094642469423
1.7589537481045314
1.7298424210293775
1.6832975572133808
1.7647824461910948
1.726856284470995
1.7710910560125979
1.8001257616733581
1.7754860110423236
1.7719938128159667
1.8309488135880947
1.8766042834504746
1.7550615849548155
1.7002038627730227
1.6456803649415541
1.7555344959218715
1.8530189776030794
1.7697554870075656
1.7707636625464396
1.815402318750603
1.8534379469499918
1.7797507582089793
1.7963900373578663
1.6904232905540806
1.750410213644193
1.6884343223387153
1.7273456909603695
1.7072493221570064
1.760032397873831
1.7526984678244641
1.7789027908771957
1.7791728043085733
1.8510940284538604
1.702871936036379
1.6491193776549808
1.7034324717842861
1.6355843986233736
1.7595114872506605
1.9046587240242525
1.791582148533975
1.8073389795935624
1.8173592119416428
1.7434198017887537
1.7142240276457996
1.7334848571656158
1.7789442778590812
1.76893996224336
1.7511551404749104
1.6934154822974694
1.6436798022773282
1.628961023188376
1.749802388294749
1.8316190334981177
1.8364623068960857
1.738333762650296
1.7405649788615905
1.6044342774343772
1.71533505967273
1.6734056621108442
1.7059841425323048
1.7100246360219666
1.7913198560413433
1.7841669631639232
1.833624457680664
1.8071572349943013
1.710377823561818
1.7324769055023674
1.81177604351093
1.7382436269203145
1.6973632931002853
1.6673676814450773
1.8411595567191126
1.8023527184675467
1.6474732630419917
1.6944366336239722
1.7443822479221132
1.8077567935026255
1.836989300568253
1.7111742303329496
1.7422602366991249
1.6263640341139363
1.6354849131974474
1.7431636248488438
1.6722288993930132
1.7316555838288785
1.6933123738317055
1.7110949140173557
1.697548545461204
1.8414908660694675
1.760133685131516
1.738048024568389
1.776914024841667
1.817419866521755
1.7750095971687379
1.7928335168838039
1.8431058741321387
1.7618588223521678
1.7267118437330462
1.7848963098678299
1.6169711548597616
1.6486116295812985
1.718295127971499
1.745696499277257
1.8185845959109603
1.8382157430880173
1.8237241756924045
1.7551753013400888
1.7041201521650102
1.7038862725683825
1.8015483305967623
1.7451604539217531
1.673629589693879
1.7921934111154485
1.6974730331497088
1.7593804144135887
1.798517538131388
1.7639466893039881
1.7742966617086922
1.7562162884184624
1.853473892170725
1.8428980303370581
1.7319226786809268
1.82010663480483
1.9465031283850172
1.918168994843662
1.8024480810717782
1.8472580820668614
1.8005225248857775
1.8970827701197943
1.7542051126510454
1.735770822652657
1.6850973466311796
1.785894228050777
1.7424833381564075
1.7208168444006795
1.6869143739817287
1.8569612895196879
1.8481792599789881
1.7537022369408264
1.760201570154761
1.8550757408989877
1.857862947090052
1.744489907381988
1.6709010057885294
1.7630139214567935
1.8678979870049932
1.831451196017586
1.898840519340844
1.9105655358390778
1.9530560410318936
1.8730885453752255
1.8148450004051047
1.7462125414352363
1.773973135258736
1.8189389346782152
1.8039080398500675
1.789644875419842
1.6603013100804664
1.7955813589608751
1.7580900669679045
1.7863528328934426
1.713227915586919
1.788358762930527
1.8230221383333705
1.8888933135778927
1.8068525422968018
1.8140428951903593
1.6818483901794399
1.7072468549637405
1.7701801990218218
1.7240969869097649
1.7524278624564156
1.7566158622922552
1.876165351916245
1.7360656037001518
1.8189752136884978
1.7316916542110237
1.7542540859360518
1.7736528327646628
1.6916062571691743
1.7726839269185233
1.718302839381883
1.735432005364928
1.7591598100840509
1.7170913614343646
1.656036564967482
1.7656838065111824
1.723022886898717
1.6876814683009722
1.8017611451096769
1.7700433407719711
1.6953824888177313
1.7791015924603544
1.6796949404169887
1.8361541402194952
1.8149160538666835
1.848588450164599
1.82548875532975
1.7134167083422855
1.8148024108003287
1.747039974178954
1.823577813055235
1.6882756017158993
1.8082514097734768
1.7854544885416155
1.712328229157749
1.699803868968929
1.7595720747273642
1.7473979968333067
1.8651608825544626
1.8123322055645739
1.867641358999983
1.8420144576732054
1.6600983549930513
1.7324578479572947
1.702743500970186
1.6990318645402702
1.8459379396680353
1.8360785841595137
1.7412707095811997
1.6790767040026535
1.7848695846375549
1.8224233080443661
1.793086596110704
1.76135896539486
1.7629110834536363
1.8088712496386192
1.8136692584021925
1.7479469956160005
1.8390900997405806
1.8652838854188967
1.9984826043442934
1.958556212749651
1.8311741997207271
1.7300456842848582
1.7300503645882037
1.831569766869117
1.8467716751990118
1.9248775461345626
1.6875863753233902
1.6582634440910111
1.7711262358420032
1.7453661307736894
1.6624605917767616
1.7515341560988182
1.8730152904119306
1.8061479675213774
1.7374980849909534
1.8295365572327928
1.8330982465081216
1.8362353475039226
1.7770270637134173
1.7431232728647479
1.8180561193531253
1.6574398419912975
1.73944024665408
1.7463688220466675
1.8222377010228339
1.8375523316625015
1.821505618767736
1.8382811950109215
1.8259093492399883
1.8480782891567844
1.855046486751832
1.902135511124591
1.964131575967207
1.9631688682409247
1.7486191776086817
1.7930869843747055
1.8140564279563804
1.7956875087957427
1.7800810929604467
1.856591075790923
1.8592574923960266
1.8686753247790941
1.7980407680799657
1.8092398065029751
1.845028818316024
1.902291818937222
1.7943686514223867
1.7424239392430199
1.6926866605930113
1.7002164686584373
1.6744093673467264
1.768214238367591
1.840625324699943
1.7347117489386759
1.8393025040531892
1.6870716738228166
1.682484681113399
1.672207841229371
1.7720224541489886
1.7540228763263725
1.7777034550294046
1.769171975315712
1.8670940968367569
1.7480755072880627
1.7387513247360324
1.755737372355343
1.759570044551304
1.6701029736897541
1.711567942060217
1.7564193463347482
1.774663926817574
1.817763607030253
1.7484714760271147
1.8084430388242738
1.8431171581524248
1.797632708760919
1.7977105548464225
1.917877207642077
1.735534629548382
1.7434321804368529
1.64506600391667
1.7617368610383648
1.6876230542075765
1.6885576788130627
1.787779271409953
1.7100581731107027
1.7852877997345917
1.6838535550071885
1.7525303451710283
1.7269624582878458
1.7360867432632003
1.7232936251618765
1.640048489330843
1.802898065255252
1.7159669663756925
1.8478583570028055
1.7444091403566144
1.7230120855812783
1.716157267250095
1.7620267715759763
1.700641201560259
1.7483185524189837
1.7048437314384692
1.652012009323382
1.7090826628534945
1.61977559994585
1.6978112742647675
1.6731482159461808
1.677357051549209
1.7290962536196295
1.6435007979053782
1.7342277517399538
1.6693558222954554
1.8083352970391096
1.8244599074510965
1.7705805572003448
1.7401942082062158
1.8290630034186872
1.929403042685378
1.8097042612684309
1.9129379446441799
1.885820518067613
1.8473367928342133
1.7668546897984043
1.7071752533461242
1.798946652852919
1.8129887005166079
1.967548208876076
1.9452455449506307
1.9263620774732204
1.8469996357562368
1.9063291506425846
1.8939155570329553
1.8768726422857422
1.865114747407526
1.783202819541727
1.7617064990327393
1.7494406486342813
1.8342171352237164
1.715507070659046
1.6787670046676126
1.7049939718526415
1.7388097496147925
1.7588383241665662
1.8016194120816271
1.8874126163611447
1.8472006469732594
1.928357040813965
2.060063655441927
1.9456168085617926
1.8539966665407
1.9118312346449429
1.8370556133340603
1.8368828113665558
1.8398339534323749
1.7777315786956187
1.7943146927358629
1.8046238476114043
1.8039039582836482
1.7396176306283753
1.7732100622711247
1.716279186642066
1.6435787688308086
1.7116748643869248
1.6121264917985372
1.676258226748509
1.7249865047858155
1.7846219219388977
1.70551849816025
1.7795265054903655
1.742224395270916
1.7664275429070593
1.766362163494862
1.8528286188613736
1.9194765842255825
1.8015416663968882
1.9591926399050326
1.9189833011553643
1.8631804141044837
1.8549547884792923
1.7703385710417938
1.7514845846859133
1.8278860988956314
1.8444339437458555
1.8112894625373646
1.9049254210272994
1.8834378817538064
1.8549085052567316
1.8572318612641754
1.9425817260664962
1.865617390695129
1.797056549828552
1.7660434402992375
1.8410744161920392
1.8291234799758902
1.7952624513947812
1.772961449115029
1.8026726205426855
1.755788304360447
1.7823205489005305
1.767948444439917
1.6906459944214673
1.7531782416519905
1.7075094741333852
1.7497016457072196
1.7694196829694908
1.8379047358210756
1.8419964647413611
1.7807080777247772
1.7624292476092167
1.7749453096664352
1.8110068505862902
1.7671345473360618
1.8911658928291626
1.7857607719236355
1.8401137696131213
1.8186020050773517
1.7217335812105758
1.7901530597738202
1.795942898338701
1.74324235041399
1.7668415520245786
1.7729764854855212
1.82526004496441
1.832210834404789
1.7670839217429146
1.7707477516509709
1.712977119189463
1.7086262649319157
1.7114767297911937
1.8855593293687578
1.8467846652878108
2.10550850897185
1.998671819939344
1.9922891494258215
1.8509092783115437
1.772111381281376
1.7855103474184224
1.642465801799695
1.7489092320178907
1.7499982557626657
1.801696881850028
1.7029367919161504
1.7219666846655497
1.8324770553758225
1.8227594127390974
1.7845174301325435
1.7924012943485776
1.868551716024038
1.8019799810105153
1.6671753956920503
1.6898650487532951
1.6430022118964103
1.648802870187807
1.7183532492520648
1.7266427938873952
1.7503438787288903
1.901424811691402
1.8077747522715168
1.7423277073066523
1.7066511588790731
1.7263817075588506
1.8146861898594417
1.8392789654027073
1.8444196821493986
1.9453560210086196
1.8423405845846015
1.6933877332077916
1.7489000363020675
1.7488465278129255
1.802474455080363
1.8981330657300195
1.9498364248166993
1.8025485545943691
1.7596632369153007
1.7726904670105765
1.7256600515126252
1.7257782643004322
1.6807806168925867
1.6891527939948427
1.7275763769323673
1.769266117914988
1.8013277571363937
1.7856171671060355
1.7806831227580677
1.7269849084402351
1.7862187583228937
1.8079059630462364
1.8789666289822196
1.811114703624401
1.8162852795603315
1.8580287589371638
1.7792002627180776
1.7373945664054262
1.7679219347934019
1.71853463551832
1.7546783108741268
1.624635910491025
1.7581146961563363
1.7814175435100696
1.7575132323379303
1.7817186690580649
1.7770041983342106
1.7849904993758847
1.7717815863753807
1.8377715199052889
1.8121028278108293
1.8616360701543697
1.7876869641100797
1.7799042546252521
1.8133843440151607
1.8234981079563881
1.7436228120889028
1.6517496414555872
1.693664081818036
1.6919384587424195
1.7538411728048915
1.799318239928192
1.736026670820014
1.6638737237621937
1.7781439895654407
1.8489042256915893
1.811892039441026
1.7232255572234156
1.8184088227128048
1.884525711382203
1.8690032379648231
1.7341062699147112
1.6741965059627582
1.741117635001594
1.8111973329800402
1.724043960689264
1.6487729864006604
1.702362481292015
1.7219716307964
1.7222518563081897
1.7566922137407075
1.9212735815583428
1.7755152490890025
1.7688019863375144
1.6984374179941173
1.7582509663514263
1.7458640832264318
1.7431268685108687
1.773701770258559
1.7291619068788957
1.807011217647763
1.6712543471132997
1.6666255749367527
1.7369401004273877
1.6351042586940918
1.8449935940781044
1.8575342365347176
1.7152248932328296
1.659868106929335
1.616635965202334
1.658313986949764
1.7402190208593211
1.727367958035218
1.7567500297914644
1.607976491196048
1.7315863038072774
1.7244282316164659
1.658249059861158
1.8507001011523
1.907103561803953
1.7169344676352292
1.7379665179619157
1.7061470442756885
1.760750190324468
1.7803747770608118
1.7858546445971801
1.8273301575605643
1.762616627185261
1.863565815042281
1.6780475332142752
1.7602049936010533
1.7314339594598578
1.682277014543407
1.7484739876059847
1.8237254888772385
1.8318058025766
1.708618763100414
1.8151851084317505
1.806780347052888
1.717239526432744
1.740317845905134
1.687432906502908
1.7236700525160091
1.7222764611992303
1.8225114972637757
1.7916414208237206
1.790841117314572
1.8999179058533116
1.8839800850519155
1.7954219532648303
1.7736460561672998
1.81841744526494
1.7479596055310391
1.8155602344144166
1.9171952610935405
1.814563391060659
1.78619129356953
1.7281612826615615
1.692304199255344
1.685948186218244
1.7605512661903222
1.8115611190355252
1.631233303513782
1.7501391427496094
1.7097054874604727
1.8409579052915561
1.7715028382894324
1.7108734990773597
1.7267796446563612
1.7129565058580987
1.6989253469883794
1.6963707202282812
1.7850424384898942
1.8938256684455774
1.8523979579322278
1.9513677318626748
1.9142199925989065
1.7925020599882482
1.828929027914387
1.8492704459866147
1.8096652445872345
1.7361434758380458
1.6173578410603309
1.630751641543968
1.6482676629045745
1.7022783683578098
1.698516836947786
1.8040901198788677
1.7277527040561882
1.7681490787972125
1.88733641520482
1.8270067582381375
1.8554593442893426
1.8232423024663178
1.8767407981146091
1.7920306768425776
1.7008384637260359
1.7412505897844692
1.7766256360661459
1.9020346500397523
1.9173613132101752
1.9025439892302376
1.9828108695888307
1.980368066475315
2.113953874923658
1.9913421352864062
1.9839492061590507
1.8006467094402498
1.756746348173523
1.7656402381730298
1.771416487100836
1.7264302047914786
1.7910404812828327
1.7920980595724125
1.7614042227330649
1.7352915038665644
1.7765559660317756
1.738909967727573
1.6671425398610362
1.6184364706913261
1.8786242089625982
1.9283204319370317
1.9736611411016254
1.9467688783120305
1.9569360885670748
1.8119500684808703
1.8458006213552494
1.8093378020521949
1.7403530795599658
1.7967216126484908
1.823741487393333
1.8191774320243508
1.8748247278831454
1.683591897624574
1.701079492283372
1.708704769748876
1.7939894998380626
1.7643408077968097
1.7446961854114575
1.814032627450639
1.8226353350464197
1.7790001656759329
1.8640520612209641
1.7579769775363883
1.9145924686960432
1.8394524808021369
1.6791929869561322
1.6287800515325983
1.5960302222435119
1.5509607938749774
1.6812621098068627
1.6323777495886078
1.7187461403207582
1.6737597563653441
1.60149114127802
1.6137882334764997
1.6071436278618345
1.7183064125385874
1.716526542745747
1.685950928694725
1.7539643616338714
1.6991885591257265
1.7588657005207062
1.7963489527928826
1.795831039067561
1.7199776095196921
1.6742048212153249
1.6621290136126727
1.7125546357223964
1.6106142762846989
1.6941322235531189
1.782608893866256
1.7761960261530936
1.7105592764641722
1.8573257991458745
1.784606095610468
1.7826759390175932
1.8520072982391704
1.8146704409302676
1.9259303337975993
1.8602109251349268
1.7655174455575224
1.8043766042112264
1.661643912290442
1.895627386519843
1.767507148809919
1.7252068952004018
1.7211728568264033
1.7502923882957013
1.7142233232025585
1.7766422081360498
1.789074116942051
1.7312158247596856
1.7903822318990876
1.7809560233482666
1.699156201506713
1.6962616044884817
1.7245791557015113
1.7760427099117528
1.7081752787353763
1.6732017014269258
1.8008155029284152
1.7512384153696319
1.830390662900578
1.7045264040010313
1.733531978001424
1.6886854785599166
1.7212739532276717
1.8537969558424234
1.7628656615085583
1.8030538420197972
1.8780542614495248
1.9293715749735858
1.848372082736356
1.8784204704271525
1.8201353964548157
1.7497163964398945
1.75121901517363
1.8422320460103239
1.8221641643327657
1.8327375274496138
1.7946386004178105
1.7992821005455115
1.76648744746704
1.6907216891911119
1.7183150859425123
1.7230030377749987
1.751396777396532
1.8260685296412502
1.8355142164650828
1.7644544619722538
1.6684010650220205
1.7042347335055743
1.7423107903624298
1.6745645275044196
1.8005387522850733
1.7170262674248504
1.6749479023465377
1.6520729727552774
1.6767837921009239
1.6998665669292579
1.7915633330906653
1.82017222310912
1.8622405122017471
1.901079605567654
1.8988371603553935
1.835901473372879
1.7626969667616383
1.7768769867293723
1.7881961420461157
1.7678102083619516
1.8083268167189521
1.7910325866939565
1.7628644699502376
1.7432828945900354
1.7457846518814768
1.8178820656394599
1.8811307176361218
1.742526261044398
1.7944860430869185
1.8046115765055122
1.6642515834604912
1.7277160436991303
1.7646968693046534
1.667723110978624
1.6938038421504331
1.8360106041427509
1.7471874330289254
1.7804662715689803
1.8082356857282202
1.8525723821845075
1.723773394835755
1.707828027241639
1.7182032112501404
1.7220912613272823
1.7556588801949982
1.7824364565936233
1.901059429188714
1.7563188791032744
1.7303692352899938
1.8579696922861788
1.8790116841100186
1.7761983134067578
1.8585502295456533
1.7519917518995978
1.783702297027477
1.731302914611261
1.831887584848873
1.9130799767143782
1.8480332763131568
1.843890361833161
1.9168998912589614
1.9881957591830788
2.0461012589417624
1.999764150908041
1.8871504527030956
1.960888788956311
1.8428330095099819
1.872757134324848
1.8905045566302223
1.8262262324672274
1.7631630776535845
1.7414426676479864
1.750544159257825
1.6437149773281798
1.6778927023482177
1.7763320327355387
1.6819434606090913
1.761550625862815
1.703796335321995
1.7340104300975059
1.7646309974444934
1.71012901519138
1.7059270801297628
1.7865011053355815
1.923962088151909
1.9968614439001038
1.7493988695954337
1.7069503926015048
1.7561761863668721
1.7791345405001366
1.7256848470086548
1.6443217181477578
1.6987544123538223
1.6694128871274543
1.7423109008223465
1.7744496048305767
1.802650199144381
1.6538618298097731
1.7873996232883083
1.7432527214460514
1.7429136570202133
1.8326997749486524
1.8434901446839331
1.8190742815498784
1.875689834223937
1.7468608989157937
1.8340381485622255
1.8565116407356457
1.8509453434795697
1.8363332181797378
1.8577042142478095
1.9776480309976905
2.033845948530974
2.0572733353114905
1.9297801797371121
1.9270997875564766
1.781199706342749
1.9052106588488316
1.7950377462816403
1.8041528266593785
1.785962166249987
1.8789815432501087
1.7633717337730896
1.7512270035343664
1.7704129276958847
1.8265392407667074
1.8540068835373433
1.89842682053776
1.8104587169028712
1.7755110657883137
1.7089522375972954
1.684399569169147
1.7468698739593544
1.6228019135137428
1.6561380167064261
1.7506929558576423
1.8475967061484981
1.9337049599518796
1.8250722319070836
1.8475600092308917
1.8290704541490377
1.8006904272689221
1.8160431288602497
1.712253739325096
1.736994478502524
1.7390544415779878
1.8418752674836774
1.7560547420572687
1.7868905477029946
1.879858834130372
1.8625795269119083
1.779386618393577
1.7918205189158076
1.85483384822275
1.9932045970741799
1.7833294354870004
1.7681621127908564
1.7526613787368535
1.7173715104854734
1.62257476625627
1.735851600132655
1.7315595164236968
1.8316838298968208
1.80910293284473
1.8362161698098838
1.761648981049063
1.8343588377386428
1.8802907740977817
1.8409898614642148
1.7544256954709645
1.780291200843957
1.8868463046699944
1.7379312338748878
1.779083762601698
1.8188295063536695
1.83268484218815
1.8262366787469966
1.803683009738145
1.766570638651129
1.702986984668758
1.755029022025465
1.6391604676973763
1.7073978546128208
1.6786871633159557
1.7097104478666945
1.7898107724755272
1.7607243160975556
1.8668683728710664
1.7863115492840316
1.9153810937719136
1.7765764380523086
1.7584400174082238
1.811260567468842
1.8999094485297685
1.820435024456206
1.8131616578517031
1.766656455203512
1.7471940036240186
1.700299289491765
1.7357046403771608
1.8113308414513372
1.7647690064697694
1.6564284157114462
1.6565444641968396
1.7447025458467649
1.7856409649565572
1.6917047998379209
1.8138208560095266
1.7831287676156797
1.7987964741885607
1.85532662576466
1.843646353839963
1.859085278475192
1.8353998239976987
1.8028631238261152
1.8061918961404397
1.8724670329477335
1.731339545637088
1.6923573704637227
1.7545664802179237
1.7442587493783996
1.8208936792664507
1.6747173027966835
1.6676217777480815
1.818396294307144
1.7752980642005358
1.8045278998856602
1.8258261152138306
1.7325901484405708
1.680932933000492
1.7391696955515694
1.8188327742585497
1.8757870246962007
1.942302317475878
1.9543524523859
1.94175276109285
1.7781809371865254
1.8565273013202295
1.8711424943801704
1.911662474309942
1.9924628012750711
1.9051722289855875
1.9077164887182565
1.9143526763963417
1.8538072358770885
1.7364999842546156
1.8313062935988556
1.8095022575088382
1.6953332361266504
1.6459142891978165
1.791406241996258
1.7943806804470799
1.7296318751679418
1.8288897919213385
1.68909530778752
1.801817759689279
1.7780674747320881
1.7643098585863544
1.8166716556282707
1.6908425197381194
1.7000912054756323
1.6876715555558532
1.7686522024814413
1.789669812133257
1.7613183405204529
1.772619361342452
1.8127072185366793
1.7604143493261954
1.8468772332189196
1.9151989589065506
1.7351525682990305
1.6388472088601889
1.610586422872247
1.630110788263238
1.7158203149531635
1.7309214378746662
1.740185208198606
1.7038145432900764
1.759583326867502
1.829103288589981
1.8620563531924748
1.8428312325742544
1.6756523712728413
1.721997605021566
1.7088310283840755
1.7949796038789028
1.7492136866217143
1.847207508318752
1.7950439018446167
1.7241056729878133
1.738640748818739
1.7414992691910538
1.8436053456725305
1.7167403718520542
1.6714329212047665
1.7361361887176243
1.8169571410380894
1.7562014769260614
1.614684340235622
1.6684399375925332
1.7095260616691408
1.6325086272835718
1.6980797357075805
1.6942229396068813
1.7959652405037623
1.7735500349167936
1.7026803463871274
1.7612637766115915
1.8194952227809114
1.9203974692291732
1.7509398528474596
1.683968697047184
1.715185889233878
1.6517317597523673
1.7712371679890255
1.7424683845193545
1.6820381852175577
1.7893488284037302
1.722253059280223
1.7255268895583538
1.7866255869986065
1.6838399708178928
1.8200434971827169
1.7036211511275157
1.7973694438157921
1.7941142406656332
1.7712014750678504
1.7576980828646322
1.6711159738819767
1.7018135329238189
1.7568747769281
1.663425879025922
1.8128713103963892
1.8438689689521714
1.9125807077519785
1.9279487180026302
1.8042887704128852
1.6528432675385956
