-0.6879300278529297
-0.7496637739678621
-0.7075963093298833
-0.7221268930135343
-0.7595285769015078
-0.7445628597451824
-0.719367893630279
-0.7169719095019371
-0.5787509279902704
-0.6598790779610592
-0.6670997518788766
-0.6451114522335081
-0.7065577370716433
-0.5806202773354688
-0.6251646351292584
-0.6689421994987325
-0.7161038762634889
-0.690312942173815
-0.7658682926452236
-0.7069165726707624
-0.7256181123416848
-0.681398249883397
-0.6863057423301105
-0.6116332360891544
-0.6220617751128367
-0.5940382305528416
-0.6035886097273305
-0.5973310263974672
-0.561349348035026
-0.5585872160292478
-0.5939785539203384
-0.6141022620200948
-0.7178781566264573
-0.7153121811053597
-0.7190030843795421
-0.6043975066040661
-0.6313267145461732
-0.5969511626289964
-0.6955922917411751
-0.6729441272403829
-0.6013976477971337
-0.7022610831091713
-0.7624468450111948
-0.6956858216594045
-0.705014213051707
-0.6233498309798188
-0.6145158939527509
-0.5821375846813008
-0.6651973014561327
-0.5942881858557121
-0.6295730312488591
-0.6084921758835966
-0.6222363315965621
-0.6104975819228432
-0.5273308425720316
-0.6087331863151231
-0.6145389648867602
-0.6490329588425371
-0.7664635918058126
-0.7451620456990387
-0.7757870389425376
-0.7327263516206743
-0.7758056771069426
-0.7146662263928656
-0.656994420983104
-0.5917780619010999
-0.626155318494736
-0.6775067715145554
-0.5500234649548837
-0.6149112746756931
-0.5727149261066593
-0.5768665798490158
-0.5067973257278916
-0.5060338651575806
-0.5692338229521905
-0.7417982826306468
-0.7462150255591058
-0.7276331262831859
-0.7455321444697589
-0.6888317228078458
-0.5654254094007884
-0.6007779372482676
-0.7104112290364049
-0.6622231257709632
-0.7149229774237686
-0.6298561809181645
-0.6329905939442652
-0.5678123336873855
-0.6366503250771912
-0.5917642094171623
-0.5805402789564533
-0.4944525673606033
-0.5806073116290998
-0.5739515247540015
-0.5368126160027966
-0.47955745359634966
-0.45227484809242824
-0.6266716246580123
-0.6152154809003693
-0.5231008360591753
-0.5102752929708965
-0.46335513742123136
-0.5652386825892346
-0.5682224919358119
-0.5800547542802452
-0.5961500461328815
-0.6503392273217421
-0.6446184102158767
-0.6399247763885382
-0.641544587066532
-0.6698576606280155
-0.5432606439549457
-0.6449910315308065
-0.6722926728534889
-0.5899153712438485
-0.5697375607244279
-0.6284670838200149
-0.7569402223200202
-0.6434956003561112
-0.5855818928803449
-0.6517826369959171
-0.7184738074973106
-0.6134033876325385
-0.631794581197638
-0.5860312064918198
-0.7093822511912937
-0.5931206853747214
-0.6157646657495052
-0.7037334306319056
-0.6309893683966312
-0.6507327123333457
-0.6360945006299881
-0.5531563278401375
-0.6091868341493164
-0.5543729304840993
-0.6243287710514547
-0.6852349220354793
-0.6790867777944782
-0.7014661149241825
-0.6995710409978579
-0.7766847295357234
-0.6936162276795035
-0.7327101425049998
-0.724148780852747
-0.6212866846661433
-0.6024106680099693
-0.5761050775207602
-0.6433869175032159
-0.5703638742728536
-0.4979123036487138
-0.5273945848141519
-0.6904241126992124
-0.7117143306265862
-0.7352346896113608
-0.671805496954709
-0.6402375448128624
-0.6823627182083385
-0.5921440710808832
-0.6220160878542284
-0.6557878804094504
-0.7218999905115988
-0.6429902372334109
-0.5769460824689897
-0.5008100284369666
-0.486218341215197
-0.5134831897302071
-0.5803863364483989
-0.5212749614779538
-0.5549474842350242
-0.511083121681882
-0.5517262643390649
-0.5147101433570576
-0.4584457175933188
-0.43759956048695964
-0.5002733244396109
-0.36684635828063245
-0.40315431051733186
-0.34781719004992306
-0.3645627714475613
-0.3862815349212168
-0.38507906466809744
-0.34176008657863544
-0.35447121886844085
-0.43674262929151286
-0.4304092478165925
-0.5169813542950077
-0.6040160460502417
-0.6079961775929824
-0.6317446360269247
-0.52420459375623
-0.6952304216459761
-0.7431936332514539
-0.6756401616058714
-0.6666011653169687
-0.6499827739521586
-0.6266120459884443
-0.6420718075293512
-0.6847211580885367
-0.5593785608043955
-0.6927647824741344
-0.669862245385366
-0.6579121143272428
-0.6543625221199931
-0.7207768700954565
-0.6611165528950325
-0.7279051783199241
-0.7523471973506796
-0.7710756405508998
-0.7379153711361531
-0.7014804399664071
-0.6874973405307357
-0.6797507813327568
-0.6225326762703294
-0.6391491445787219
-0.6407645072876147
-0.7606672050264544
-0.7909434593866177
-0.7885459336442343
-0.7835946187513659
-0.6850348857952298
-0.6461034556163466
-0.740868885080189
-0.7324738167670266
-0.6565465741803629
-0.61544445577713
-0.5815519218128474
-0.6023415682889042
-0.5907717328577692
-0.6565769038537761
-0.6072858311287871
-0.6560724237287385
-0.5860179605040866
-0.6046685967238659
-0.5204792647100102
-0.5641655034524093
-0.602993454220272
-0.5945876769585251
-0.6060742798106449
-0.6795316142977283
-0.598535407933063
-0.6811689042063155
-0.7215011698168761
-0.7281536278276388
-0.7296526370195936
-0.7301673129939847
-0.7063710502528394
-0.6649176960501875
-0.677071741899985
-0.6272187137642222
-0.7660705160305312
-0.633281876255185
-0.5478773612976019
-0.6343161520563095
-0.671686001676334
-0.5984057361262473
-0.5775902717884411
-0.6269833675176648
-0.5485655924281949
-0.5565754122570827
-0.5829077141009289
-0.5765629500450956
-0.5560757605048605
-0.4930757130211783
-0.4771273918515773
-0.4286681771775067
-0.4032174854788508
-0.4386445544032807
-0.449455494133702
-0.41685590305427067
-0.48777950750845817
-0.4712217025971842
-0.5128526719058866
-0.4841362658039535
-0.5597920769302311
-0.5301982451456043
-0.6769699456655592
-0.6464706418758002
-0.6928994640401719
-0.6444565004910847
-0.6645258568284151
-0.6211389836844208
-0.6518448924936722
-0.563991678270538
-0.6009539888563256
-0.6209568870053174
-0.6957769316046183
-0.5859973354547473
-0.7309450001891818
-0.6875335601431216
-0.6816850117559492
-0.6659898099479749
-0.6259155829968428
-0.5661936670585911
-0.6336908029238808
-0.6712734803111149
-0.6628976267711153
-0.6966221206632056
-0.7554548535782611
-0.6378119671903225
-0.628068226155997
-0.5575006648534873
-0.6053809072638354
-0.6171238744499307
-0.5585661651925938
-0.6058446813591541
-0.6964950588203795
-0.5442038703720748
-0.5788877137712323
-0.5525140246982126
-0.6072190011444789
-0.6512520473734025
-0.7400610345366085
-0.7515933024662546
-0.7769263332201357
-0.8027203850162458
-0.6193591788324079
-0.531010926992357
-0.5282628063350975
-0.5943331528802646
-0.7195973269284515
-0.7152623805657801
-0.6856615341607399
-0.5475561430003705
-0.6053523544867092
-0.6496709986143043
-0.592213427199265
-0.6215555471101402
-0.6039373116555818
-0.5469879264811189
-0.6181793134209598
-0.6597444730220863
-0.7090562761147081
-0.71081136640373
-0.6687585940280107
-0.63242785562356
-0.7875873572470302
-0.6903528949510979
-0.584441894111235
-0.6204630007798619
-0.5171688302087504
-0.5174977875768345
-0.6101090556661042
-0.48437763651561766
-0.4456517255526088
-0.4749950422600124
-0.4962076184322553
-0.5629689087665962
-0.5650426597263365
-0.5902573754272067
-0.6863721549186613
-0.5938578578046664
-0.6236807154982015
-0.7347770536735865
-0.5946928602128762
-0.6105972390916808
-0.7402519613720119
-0.6710049663179387
-0.6185101179419026
-0.634558688789196
-0.6399170955506344
-0.5801196578308351
-0.5431482429578266
-0.4812027397576695
-0.6959891421564449
-0.805726907392533
-0.7555221216070389
-0.7127166459776018
-0.6615283582886077
-0.7265439508856071
-0.6924999363633635
-0.7257954885165643
-0.7203251411542263
-0.6260746988066954
-0.5675396893936535
-0.44796408224081974
-0.5414109352926189
-0.5903421469280833
-0.553937708816718
-0.6047992116604008
-0.5535102886208606
-0.582864409462261
-0.5844603587550218
-0.5833802617190511
-0.6384213459952279
-0.5030186335793418
-0.6077621094516251
-0.6090738738703696
-0.6020153155410016
-0.6904105573654502
-0.6731776776158725
-0.6746585777965901
-0.5944356304924346
-0.6426929361423023
-0.7054960128443931
-0.6716493248355807
-0.6876107559305955
-0.7226484875707642
-0.712761135729653
-0.7224694378346881
-0.6576099683902381
-0.5789289718847732
-0.6091652698432054
-0.6380909369699195
-0.617898099027109
-0.6666653908792513
-0.7529674565704315
-0.7129867568082195
-0.7158935591418361
-0.7337011864208062
-0.664385352586403
-0.6597356317569305
-0.6356558312667107
-0.5938336055210398
-0.5674732067774915
-0.5989580425521678
-0.6131384774886539
-0.5506048990008775
-0.6047299366219613
-0.6148990981379051
-0.766430047572908
-0.7142377758131898
-0.6249161983211369
-0.6039758568308261
-0.5477545293588303
-0.5561473401887813
-0.6526780776961951
-0.7119251354029275
-0.6363505790553846
-0.4718572603840616
-0.4393516027185879
-0.43958617632180325
-0.45712658084997887
-0.5636016614747582
-0.589755700110034
-0.5991890847604853
-0.6336836841199434
-0.6189825306546622
-0.6457165810991652
-0.6359977628592017
-0.547683700393007
-0.5037558765326997
-0.5171640534337661
-0.518620119402752
-0.5637490017096017
-0.562461739244766
-0.6451385552404856
-0.49654108792373386
-0.5477247302104206
-0.5553383024399724
-0.5522640003884085
-0.5427536074021835
-0.5198141716920085
-0.48025305293623577
-0.43633897969575497
-0.4476337481949075
-0.40366974653508664
-0.5726804329055399
-0.5974839562694787
-0.5900446781949202
-0.5165180131386785
-0.5253088817285697
-0.42703039876945337
-0.48269356479154685
-0.46196746789366877
-0.6115174325970324
-0.6346920854229117
-0.6453523633504584
-0.5616554502714672
-0.5313754251652034
-0.569920911028724
-0.5661194313397047
-0.5902601511570442
-0.7227667375002121
-0.6452478976533024
-0.6981581709930439
-0.6301081926229495
-0.6799254203805752
-0.6267196165633313
-0.77626803917102
-0.7508911739198934
-0.7891336249202161
-0.7605172261915658
-0.6877493884444801
-0.6167418041515076
-0.643631882810181
-0.6317789348233441
-0.560532466341986
-0.6125538846764289
-0.5382133046222497
-0.49490244822741203
-0.6031816582509846
-0.6560384081534418
-0.6118670742670586
-0.5994910155082437
-0.6003433142084809
-0.584571105123358
-0.6355013311998075
-0.6162209366554849
-0.6320594580309945
-0.6493918500378787
-0.5885877092895215
-0.5168945221071408
-0.5930944851547502
-0.6730980589685319
-0.734153524833741
-0.7070221301841176
-0.6807694688489673
-0.6214452251590568
-0.6089261145971543
-0.57715972762912
-0.576087770950067
-0.48892585040788694
-0.3760953690461518
-0.4194718528862438
-0.4920005498593119
-0.45000063776701055
-0.5251965115507998
-0.5284718862990433
-0.49067283888582536
-0.5738055249819211
-0.5386639609913974
-0.5017217066923849
-0.5519003063234478
-0.5302849439504362
-0.5066041704771673
-0.5215262538283241
-0.5850427391910454
-0.4756767572180024
-0.5341601698037162
-0.6117512859704591
-0.6088753447074712
-0.5504345343292449
-0.5969249745845842
-0.4891862137996633
-0.5467572237608211
-0.5516790468312899
-0.5433326104644398
-0.5876902937236841
-0.5497607679203427
-0.661081228800774
-0.7227013111065255
-0.6954630034554141
-0.6219512692945326
-0.5023656193354904
-0.4660165121930816
-0.5121677086391367
-0.5050699588589245
-0.5874973447696001
-0.5503147393040058
-0.49866220013884055
-0.49582387210871587
-0.5421150427040753
-0.5857891664126801
-0.5324304862476141
-0.6114713365372341
-0.5873177676422072
-0.5433601552335005
-0.5691512669368495
-0.6219340147709904
-0.6952382277570388
-0.5717891650630441
-0.6734457803280866
-0.6274812728170932
-0.6335984218199701
-0.7131044251875996
-0.661778949641772
-0.6798744530695472
-0.6695207293824839
-0.5208761245814526
-0.5612126024661469
-0.49589930802604676
-0.4116056262100385
-0.48844279367674637
-0.5102794999410363
-0.4308951477308068
-0.5400301019086581
-0.46251247677635526
-0.5088151873239749
-0.5143284683964591
-0.5310000538077471
-0.5641768384396827
-0.5082352398545099
-0.4659093651595297
-0.5503746353810441
-0.5509329300525687
-0.568033049007601
-0.5948610466292439
-0.6281803852701227
-0.5801080310152421
-0.5815822619089785
-0.7126277460430893
-0.7199250668191569
-0.6549200786525332
-0.6002809077667965
-0.5864011749064743
-0.6090323429743686
-0.6951866816440851
-0.5248780864738167
-0.6243312919594115
-0.6541155888710728
-0.6958401795963646
-0.6454170441218027
-0.5987050354207993
-0.5597128197898924
-0.5642855910936255
-0.5534696782297879
-0.6146661290636155
-0.5660985489476373
-0.5856080680753277
-0.6314207072763391
-0.5600834386413598
-0.5411028252949492
-0.6164673680948004
-0.6354471166505805
-0.6652322486975604
-0.6378507060893513
-0.608570810283352
-0.5901957710812693
-0.558588318349783
-0.6037537360245887
-0.5972913917698929
-0.5792923004272863
-0.541033376215894
-0.5570999979176355
-0.5506356581607309
-0.5832649252713944
-0.579577419711804
-0.7023648638209641
-0.6605304116554014
-0.6994368824636894
-0.6964303186396237
-0.696814016317865
-0.6411401422523255
-0.6285056677855534
-0.6253336382968129
-0.711019140962994
-0.6480244143147484
-0.5429345242728333
-0.5781795349376853
-0.6102696852394196
-0.5562477108599154
-0.49940160436141284
-0.4536466249624639
-0.4500367372719574
-0.34766396659305804
-0.4213352926927663
-0.361185013884646
-0.3860336810103646
-0.4219399734075
-0.464520656039453
-0.5036338367112134
-0.49793591117920105
-0.5035021662469907
-0.379494447930091
-0.419919585312877
-0.36579478023216844
-0.34944798478720224
-0.4141385009765995
-0.5313367333814196
-0.553542280115521
-0.531170200151221
-0.5789011925978207
-0.49940808965301525
-0.6554774920350217
-0.6968208456073421
-0.697467217620044
-0.6359335372348884
-0.7075353299927595
-0.5878947578130949
-0.6947305950140822
-0.6115695945402387
-0.6863544654836831
-0.6133561261090074
-0.6740265686657063
-0.6790968216324602
-0.5687909881409964
-0.5210798354031563
-0.5387203454685973
-0.5644777483008104
-0.6548850187372854
-0.5399875082725027
-0.5809128590764323
-0.6439235439391245
-0.6454013415844909
-0.6610471588248376
-0.6803398284743261
-0.6152913438358594
-0.5794397456976871
-0.5761330436363501
-0.57118381016919
-0.5466250996861453
-0.5417239450587772
-0.5361998258049206
-0.6151286187995905
-0.6633997796984265
-0.5824051833891475
-0.6187062333261212
-0.6665332128415109
-0.7383093769703358
-0.6703256658972284
-0.6214830991506552
-0.6538302971027248
-0.62329638785173
-0.7666742766291147
-0.743313387702728
-0.6956082428008914
-0.6341531692239982
-0.6801788437772868
-0.5971555102677981
-0.6547035775563126
-0.7589891475829472
-0.7779397009350836
-0.6425151942240719
-0.6822041463648253
-0.6957486889278826
-0.5912431992240543
-0.6311433226676963
-0.6658128209062798
-0.597412434316817
-0.6504363710460968
-0.6806327188345201
-0.6707024351020667
-0.5772507820652116
-0.6517455713966644
-0.5742210762580482
-0.6023490499538268
-0.6397077143469672
-0.6439597920036085
-0.5815219821923894
-0.6437197824599842
-0.67903738985572
-0.6545257434962335
-0.6154864347298803
-0.6378578893990566
-0.630910083058326
-0.5750934298322974
-0.5441992897396976
-0.6343838112995538
-0.6760530962591198
-0.68755029793601
-0.6657782204633791
-0.6208804084466428
-0.6438284352936053
-0.5576171622210581
-0.5299374218576298
-0.37513425132318334
-0.4559963237431928
-0.5385105985908702
-0.5994006768571442
-0.6837634968371643
-0.7191049372221148
-0.6779894534688269
-0.6276526519876792
-0.616955368983175
-0.6956802068780399
-0.652786379101965
-0.6992431389229051
-0.7018584402526036
-0.7168394688754398
-0.6508708043797975
-0.6019539759594114
-0.5275994187276667
-0.5027330340208588
-0.4661462702262627
-0.42816132628128933
-0.46176409536247937
-0.4187000725511444
-0.47181676721915766
-0.3919976119012022
-0.4315640518642656
-0.4278477258554964
-0.41082952576450377
-0.42560053642268075
-0.5569668529850221
-0.5810826992960795
-0.5856978560446567
-0.5939214033778895
-0.5299596717973005
-0.6122385249686488
-0.6103581566519664
-0.5490232970256362
-0.6739305402749116
-0.5595981665240386
-0.592197527254447
-0.6103339354842605
-0.6159776974067747
-0.6300452080958356
-0.559428921882508
-0.6216057426944884
-0.6330075259139136
-0.58864136546511
-0.7591736649544941
-0.7083143042370996
-0.6147870127927987
-0.6610131024252427
-0.689876847400204
-0.6736638872583235
-0.6903815220174716
-0.656477694698692
-0.6426146045468941
-0.6370151885003562
-0.5265881956134233
-0.5655035859983685
-0.6205267205160231
-0.6111728081869083
-0.5972460612186481
-0.6871084095833765
-0.6737202931131615
-0.6595049645793444
-0.6933567761862485
-0.6641174117089085
-0.6623012062333598
-0.7087210974697646
-0.7700667988779457
-0.7721822326833986
-0.7371166252618052
-0.6609379369851628
-0.6634781883485147
-0.6285322225287021
-0.6400568378729983
-0.5838067372054259
-0.5993074577411037
-0.622713278859832
-0.570221330996503
-0.5610225982317287
-0.5501796525778309
-0.689737511235232
-0.6686331823373594
-0.5839587172641549
-0.6513692328559397
-0.6396770904676462
-0.6169764882091436
-0.684666741390041
-0.5266177631707569
-0.5240334832286648
-0.5901938604804946
-0.5048788132846986
-0.43107735574838535
-0.4371035831088174
-0.43047261182900526
-0.4176867639108478
-0.4035332196276267
-0.4919769283358026
-0.49654970747668087
-0.5161112940046814
-0.5669771158133075
-0.5253137465326582
-0.4994617431108154
-0.5766522928014569
-0.5177836394023299
-0.48675471707457174
-0.6115630965284791
-0.55844067959948
-0.6139508648536034
-0.5983111328745039
-0.6229191947027872
-0.6669183764323717
-0.666629010524388
-0.6096478636569785
-0.6298449727176868
-0.6236418075816856
-0.6357244554358515
-0.639530980221491
-0.5308758430035754
-0.5500712965292112
-0.6781773191340337
-0.6390250519676066
-0.5772390349528854
-0.5235796262202175
-0.663145118721496
-0.6682282217308455
-0.6748808536154107
-0.6234823557726922
-0.652495806510453
-0.5660438280085384
-0.5239542305531906
-0.594880573351962
-0.5903936369023207
-0.6157199438702333
-0.5599009841772092
-0.566212604213275
-0.6470921332619738
-0.7086950255357873
-0.6095076120870344
-0.6412438385267363
-0.6260227157618258
-0.6557295427366998
-0.6639854178794249
-0.6380144118664559
-0.519493052146293
-0.5815132491732925
-0.6323484391359397
-0.6580552483839602
-0.6102073399775374
-0.6334212462819109
-0.6718051372161646
-0.6607390452040686
-0.6280520858342166
-0.5897808581980988
-0.5609826470415534
-0.5963690603133707
-0.5915204499728374
-0.5307833484145795
-0.4761204599029297
-0.4885789725514582
-0.4552587282641878
-0.49646414715299053
-0.5229076944990002
-0.46098298049582215
-0.5697510042869147
-0.472263529421462
-0.46056190307670114
-0.5064877190321513
-0.5042689157708986
-0.4618065652134916
-0.5262214900829517
-0.5829318900431273
-0.7428275451993397
-0.6637835249317242
-0.7465579563674722
-0.6910329015747485
-0.741966864776638
-0.5894112755333119
-0.533013753938425
-0.59238006285746
-0.6547667691059519
-0.6161246719099408
-0.7066977566980904
-0.5682632063573092
-0.577155652726976
-0.5681932083032762
-0.6996862041841477
-0.5779469237497138
-0.6376586264517244
-0.6045186404326639
-0.5610327583747362
-0.5608953006074322
-0.5434345924058824
-0.6948452728406677
-0.6574762374719165
-0.6677453225265364
-0.5462456494980085
-0.5903098665207627
-0.4856905289409386
-0.57298352223813
-0.7049507322984032
-0.7290469651565948
-0.6912706205576771
-0.7264694306385482
-0.7083649708718891
-0.6685349294487815
-0.5865160962335152
-0.5811797055731814
-0.7055362810807521
-0.6877455547612386
-0.607010393064888
-0.5829012631186857
-0.6043034696640536
-0.5342233376567179
-0.5071046846260524
-0.47808813737641204
-0.49397248332386995
-0.5428120827422228
-0.6139514762073291
-0.6070289024047287
-0.7118086664545273
-0.6236704757045479
-0.5783317812078678
-0.7676395443868597
-0.7335900097687038
-0.6778437653511378
-0.568268535293479
-0.5387785281976012
-0.6524161147040332
-0.7647530455324727
-0.6270161655747365
-0.6185734601039332
-0.6352224295536082
-0.5792659260332229
-0.555172671724177
-0.5292542082425049
-0.5667994306401204
-0.49641617656595505
-0.6401199981937498
-0.7222300349922082
-0.6913409940441665
-0.7302128427065331
-0.7461396721435022
-0.7375579896192413
-0.6491637742691045
-0.687346588358423
-0.5536917334966682
-0.5913542575114515
-0.6394523861956036
-0.6587671714782962
-0.6507689340675348
-0.607186545807401
-0.6996117512960792
-0.6155687121941844
-0.6388556254899107
-0.6963854090287216
-0.6300817821438449
-0.6289818840114485
-0.558590922752639
-0.5610950374212614
-0.5797420707750501
-0.6730616932410877
-0.7222654447348704
-0.6119973507976858
-0.6738401728976502
-0.6572145546542875
-0.6792790103481544
-0.5581523856631134
-0.6237055659148355
-0.6257884347070543
-0.4847516414114199
-0.6163969477307313
-0.6607122607948692
-0.6758690382453808
-0.68852822051391
-0.643587158402872
-0.48964440501709644
-0.6097021922969861
-0.5806889973776682
-0.5456710738228187
-0.41917136222419593
-0.4544774108339022
-0.6174605443747284
-0.7050409631910742
-0.7529571468431955
-0.6226956241446571
-0.7152618455855275
-0.7203466605967823
-0.7068895932891213
-0.6316856205062585
-0.6964339550167575
-0.5787427452863925
-0.6449664046283223
-0.6512817427928438
-0.5905028552324485
-0.5224415476128916
-0.4111747324161167
-0.5300483913395991
-0.6201994155181202
-0.5856346771229025
-0.6024275297119872
-0.6563447990407941
-0.6236129094959069
-0.5880582247181394
-0.6479735217939582
-0.5726791438477998
-0.4912773554392616
-0.7162593045660179
-0.7326910606133995
-0.6990164332808948
-0.7673306082793682
-0.6939450875344401
-0.6935513025696015
-0.6336855012605268
-0.6514112826540209
-0.6736744089601809
-0.685835852042805
-0.688648016542039
-0.617607649206387
-0.6056568150233884
-0.5850289790377762
-0.6308569649374668
-0.672017264210773
-0.6654590074070622
-0.6187773496223067
-0.588215873555219
-0.5804976418755802
-0.4946878043185711
-0.5881082051873106
-0.6769809110681861
-0.7173348490470532
-0.7008903672174748
-0.7117831237995851
-0.7070776757692752
-0.5642126418867395
-0.5254169406538964
-0.5774332055840511
-0.6237623044367501
-0.6421064732790835
-0.6769988170003742
-0.5936677723922436
-0.5351364357064186
-0.6058100914331742
-0.6848282698079153
-0.6755587168607009
-0.6060000191809686
-0.481449357006273
-0.5823938696678065
-0.5631795548209015
-0.6171823364698806
-0.6608219463347024
-0.6859177167307745
-0.5214140650689024
-0.5798423247901991
-0.6598948729005295
-0.6546617165757088
-0.5031727137741547
-0.5349885583495342
-0.5789420381917938
-0.6837693785172209
-0.6789820333547414
-0.6329195332501281
-0.6225804354565515
-0.6490370271058847
-0.615389678009829
-0.6220681880897083
-0.6127000992843686
-0.7088135472143972
-0.6946632314002904
-0.6753501967850275
-0.6372521965765892
-0.5656358555692823
-0.588176409531317
-0.5455351653135553
-0.5769663911523581
-0.5606366806807394
-0.4860273459606418
-0.5958891187266222
-0.6240035650632928
-0.6737495380039332
-0.6266861840262468
-0.6135483184258136
-0.6043423036647547
-0.7610207648649023
-0.7491271974203656
-0.7458274119290202
-0.7193776730069913
-0.5953833038831167
-0.5338035602183034
-0.6229743826575772
-0.5887288992260692
-0.6244942170100812
-0.6749515195239126
-0.7213962830681374
-0.6278091480812847
-0.674486360989122
-0.6488754761114188
-0.5946590314943265
-0.6193180506748603
-0.6579907324708522
-0.6343233290199651
-0.6069525019161042
-0.4940538440913985
-0.4059201596843764
-0.4985419932639566
-0.5702674672846728
-0.620333362573088
-0.5671456929885321
-0.5747526514540305
-0.5126721142219228
-0.4422732326200802
-0.4117065466882833
-0.4360436603151282
-0.4369478411699569
-0.467746333217915
-0.5977279147552859
-0.5322463359904916
-0.4387095807081908
-0.42138780207762383
-0.39903823796089244
-0.4537459814255254
-0.4935499614845991
-0.5213330982094994
-0.515344227748612
-0.5963463859742604
-0.6038574406660244
-0.6147693900203217
-0.6377458048855286
-0.6055160726319462
-0.6598632702433136
-0.6809345871264392
-0.7462784930491179
-0.7137654183861167
-0.6670355519184841
-0.7026444760127637
-0.6820379867939043
-0.7350063482099399
-0.6442491356913742
-0.6370791843780461
-0.6445616668312493
-0.5667446860317026
-0.5845100014014613
-0.5850087023813778
-0.5267481318213986
-0.579368433695546
-0.6173206977413733
-0.60739537164662
-0.650044558717829
-0.7528589978411016
-0.6946409367651067
-0.5681793193668475
-0.4942221985928784
-0.5811665125707917
-0.5368821411865324
-0.5422245274978389
-0.590638317568282
-0.5759677594476533
-0.5748187248253704
-0.6880152680914378
-0.6651089216879977
-0.6709921271020557
-0.6485881733525247
-0.6865455927303368
-0.6214019936624183
-0.5620911876799042
-0.5290247032184479
-0.5956115016053357
-0.6200619800295109
-0.6089186997382481
-0.7195048935516151
-0.7457026680977514
-0.7599405836065589
-0.6534651565109562
-0.586290378115675
-0.5655467858594366
-0.6376271403174665
-0.7016308522082557
-0.6079773857984636
-0.6207851827660394
-0.6866144204592207
-0.5892591777699973
-0.680079107518684
-0.6203382056408551
-0.6098654846997502
-0.5633455955676223
-0.5780627283984716
-0.5725687935648452
-0.5223851945279772
-0.519801185492789
-0.5582145943056515
-0.5759710639936594
-0.6695497991327223
-0.6234488547827084
-0.5526288229452864
-0.5792796144051318
-0.7204336267791281
-0.6953396962211678
-0.7304010976757971
-0.6307445482550934
-0.6345734651431596
-0.5810085534769425
-0.6101546252593364
-0.6959403420122856
-0.5825908251975483
-0.6859909584406
-0.7676949341494187
-0.7377075304903415
-0.7358194086701257
-0.7060296289907462
-0.7657203215666257
-0.7838911702015031
-0.6977157663683562
-0.6613408844287186
-0.6811264859492417
-0.6692966858200959
-0.7790243811870176
-0.724403111976949
-0.6812332842377985
-0.6666392940878589
-0.6431159318935936
-0.6023381412265139
-0.6916260892020383
-0.6245860570238179
-0.6766919307628383
-0.747226520732644
-0.6584841381617625
-0.6162186537609011
-0.5752389687614026
-0.5819089055897005
-0.5446812891850682
-0.5388705170352605
-0.5101312174098966
-0.5698932279699929
-0.6807012412395701
-0.689958282303328
-0.6613288586261492
-0.6585093811796866
-0.6825401898342658
-0.7104020136236988
-0.7575554026510376
-0.6557904734802782
-0.7363132738775608
-0.6874063787188569
-0.6076437839091082
-0.5354947467998084
-0.4531408936610023
-0.5303071443344373
-0.4230394518153421
-0.5108546432298383
-0.6416440462815081
-0.6595781264908475
-0.5730997885637732
-0.5778020989683387
-0.5094227703434255
-0.541453820539322
-0.511512654989435
-0.5073763425893246
-0.4207789350613052
-0.5383647974568267
-0.590100042490922
-0.6383136145583596
-0.554085326794725
-0.5732116965151137
-0.6380990727080408
-0.6325091409591846
-0.7035964425628746
-0.6963911522842682
-0.6919699216224897
-0.6782158347643251
-0.7720020055039164
-0.7506837131345684
-0.7187394982529879
-0.6856214435583435
-0.6576837034770254
-0.7262511057244831
-0.7518022075936841
-0.7467428115656637
-0.6212367573690459
-0.7090271131203109
-0.6356352649407757
-0.7355433442183409
-0.6161980257997939
-0.6810885744319911
-0.6698530974616954
-0.6881909978154607
-0.5744797579075273
-0.5532984090747618
-0.5854631853520992
-0.635925702233353
-0.7278235601192485
-0.6181898047080501
-0.5586192240957504
-0.615345197248534
-0.664946816823724
-0.6567195005859119
-0.6625751518745034
-0.6362491797771377
-0.6179543862913891
-0.6935026956375637
-0.7143353782263182
-0.6968897659069209
-0.6104169347311971
-0.6343720602950648
-0.595861786931408
-0.5964615305927372
-0.5542275558894375
-0.519074480938576
-0.5355748202987112
-0.6121059441058608
-0.5562646621675977
-0.6782740624274352
-0.5582428498379852
-0.6076497108948291
-0.6060200972726921
-0.6780069537962375
-0.6903492473795567
-0.7125446649452171
-0.6843592391567905
-0.6961655811938805
-0.7424005343914568
-0.7314087975725833
-0.6651050729997081
-0.6009888489123391
-0.5844096008595402
-0.6719188848671653
-0.6221225489735356
-0.5083868103043744
-0.4893539558366606
-0.574012754860468
-0.7132259392902147
-0.7130397167198738
-0.7645905629053346
-0.7565557784275316
-0.7859584704000873
-0.6656591669535639
-0.6321518976064745
-0.6561290809112903
-0.6327128431517968
-0.73278204314129
-0.6778945570491559
-0.6987552767421503
-0.6015226705419155
-0.6751370767770595
-0.6634659661620409
-0.5537808993124577
-0.7090260262705208
-0.6067449746969719
-0.700167488306867
-0.5542238045783067
-0.5993437335049608
-0.5227760161875927
-0.5053604636289083
-0.5520749699534988
-0.6505564130384545
-0.6141269097202496
-0.6619061586928604
-0.6203856636101144
-0.5813886533106775
-0.4983038779973321
-0.4195334891765082
-0.48328806379086753
-0.6572652659267304
-0.5937886759987925
-0.6323736574654528
-0.6603634783969557
-0.6448322724306521
-0.5137236917087162
-0.5715967300109888
-0.5190180060739588
-0.5399760368319924
-0.5523193100341469
-0.5709467979235053
-0.5719906351244098
-0.648511500784166
-0.6608075615661883
-0.5419479165643736
-0.6741392519251335
-0.5948583352807959
-0.6273910830633052
-0.6239210767778703
-0.6068211327539623
-0.6988497518271293
-0.6701779000099236
-0.731147176271819
-0.6471680303433774
-0.6888607288772718
-0.6546415455573678
-0.5666893378742276
-0.677008237925459
-0.6293141057370167
-0.6435877912482776
-0.6724914803454987
-0.6719516219786684
-0.7550546316851481
-0.713065998525415
-0.6354203994396392
-0.6617508176464075
-0.7369638879897481
-0.6230288313871573
-0.5762250888782605
-0.6404798995740869
-0.6501972773338601
-0.647455315325824
-0.6543160972525786
-0.6402396572446961
-0.5921939078782444
-0.5913248460195631
-0.5332483107411051
-0.4492465717998018
-0.4686172462559968
-0.5052931961873464
-0.6661654245127657
-0.691844923625558
-0.7329530199834458
-0.6777539636097529
-0.6276306290684258
-0.5127865182866832
-0.6870515408012408
-0.5212588183931645
-0.7215669148946495
-0.7614827846407173
-0.7854979493304678
-0.6935261071193874
-0.667696560781166
-0.6833451637002211
-0.5964660393265269
-0.578646769020846
-0.5360636724984427
-0.6518575453919347
-0.5864537709465792
-0.6275434592777049
-0.5886362742124172
-0.6657897374537884
-0.6468275486894203
-0.6661887857156772
-0.6706292755710587
-0.5989366688527151
-0.5099890345724019
-0.5176993349849712
-0.5203628962225616
-0.5270181824226173
-0.6134092235377422
-0.5925454416484164
-0.566267245546569
-0.5635959744439163
-0.58984067663304
-0.5827282897295952
-0.5977675980800169
-0.6516313513257579
-0.7029852951794979
-0.7078151588665996
-0.7708647221418706
-0.7918308880399865
-0.6896174005170195
-0.6846014954005107
-0.6299768756915819
-0.6475005796462653
-0.5974572631472603
-0.5493757632120653
-0.5764472730638849
-0.4797255833518042
-0.42731282512901003
-0.47388395929950655
-0.5802622960126097
-0.6080486610278584
-0.6585610116416802
-0.5938520379027835
-0.484016448171268
-0.5270983509326799
-0.7266388191523518
-0.6100599360515959
-0.687359930666792
-0.675804935847496
-0.7387003125322612
-0.6405569838774194
-0.625426423437199
-0.6229265179869143
-0.5429426082192756
-0.5836375407414441
-0.5137391592752759
-0.5917880328965013
-0.6257442277382319
-0.6748117117885686
-0.7356163082508419
-0.7727562049662888
-0.7066422850582864
-0.634507596508406
-0.7070000362374764
-0.7203010155114002
-0.6876056697116166
-0.6210448163915655
-0.6450127547839059
-0.6140446039943332
-0.6436713941619813
-0.5870325482916069
-0.664143205810033
-0.723316448273924
-0.6715275478497709
-0.6236988329272658
-0.660652948253077
-0.701969591532775
-0.6434419251984618
-0.6457937059244252
-0.6566711475712453
-0.7381367505538986
-0.5992538426747465
-0.6302252596896937
-0.7135336409489258
-0.6971233002849143
-0.6828884846843304
-0.6824175045072411
-0.6513246120612018
-0.6430205801539323
-0.5583505209323593
-0.49556000572332415
-0.6074678405671676
-0.5566497097616065
-0.5908472099412556
-0.5909765136666002
-0.6267523059628216
-0.7280317866562354
-0.7270745632060219
-0.6853916734453809
-0.7144731431895959
-0.659583460522451
-0.7053147085905767
-0.622901004098888
-0.5962767280404784
-0.6149258296353053
-0.6175672866115693
-0.5664408016158594
-0.5998940084777786
-0.6251118590726839
-0.5515784589673758
-0.6038283233407155
-0.5359858774597198
-0.5517735269361168
-0.5186609071407058
-0.5972002981666928
-0.6567124900093554
-0.5934359393872546
-0.6108914082901702
-0.5158635961986139
-0.49248362288161296
-0.45977474749552283
-0.5673272403460435
-0.5483886611848454
-0.5672479969492877
-0.5439234538032194
-0.6041225592394937
-0.6132080779571942
-0.6767597649981653
-0.6269160691360606
-0.7742646306298273
-0.7480990916506894
-0.6911879825226478
-0.7878838316505806
-0.6947019317639926
-0.7226257780724649
-0.6427631561506126
-0.6298468588485655
-0.5973292332670793
-0.554697760484118
-0.43042364697946384
-0.45054819607768676
-0.4880115804778985
-0.5713769801873456
-0.6609258466821143
-0.6774478694043933
-0.6625765331744957
-0.5444234457339406
-0.6518376393760432
-0.5841134080968181
-0.5982064052578427
-0.6769397507814021
-0.5625479125453008
-0.6927002431504109
-0.6647955302367711
-0.7169150855998018
-0.7014871647660679
-0.6860922674695364
-0.7207726975148698
-0.7472994374644519
-0.7045342645536979
-0.6989393311722578
-0.6124492243847953
-0.667855850157349
-0.679189824825986
-0.6651894598097364
-0.5710911603762189
-0.6370148093551748
-0.5931403883080545
-0.5534243305777979
-0.6598639091253864
-0.6415782049407126
-0.6057454581321708
-0.6056949930708672
-0.6358231665329429
-0.5851016981636409
-0.6990807765945724
-0.6495605030120145
-0.748660302698422
-0.7180197019030378
-0.595139524317677
-0.6401449306808902
-0.6520207947599311
-0.7584595021861237
-0.7265992762748918
-0.7922842843812267
-0.7765536515458913
-0.6889687469413052
-0.6816444183871112
-0.6131470926234313
-0.6350141818512235
-0.5730242409362389
-0.5350090670905964
-0.5752081585936222
-0.6517511400062953
-0.7712854138105624
-0.6927175831416569
-0.6968719742344389
-0.6993631954447382
-0.6993956757253902
-0.7090550860299231
-0.6805035731915624
-0.6821633645270259
-0.6889638451678082
-0.6815369552127477
-0.7189876341769532
-0.735002608805889
-0.7738554807467238
-0.6635067272749652
-0.6291518617028315
-0.6342233830490309
-0.5536329225250306
-0.652403650305053
-0.5918823844777377
-0.5222023371380232
-0.5508598076621986
-0.5546242298990162
-0.5393488912701738
-0.5200058954982726
-0.6078940581752109
-0.5868868049639665
-0.6035724382912524
-0.6110821647331633
-0.6294411407390325
-0.6803818532511341
-0.7257136016314613
-0.6830160767429542
-0.6484941850976886
-0.6058007578491601
-0.6376765885872602
-0.6605870941065473
-0.7891278120576218
-0.6826326935847593
-0.6714545811825907
-0.6545188624462966
-0.6498592545050502
-0.6277840502905994
-0.6668840994535536
-0.6780103014312673
-0.6322810251565778
-0.8294975194831729
-0.7202007524852656
-0.6538097965965379
-0.6866475351938611
-0.5852920551584293
-0.6926601575676734
-0.7390093611082449
-0.6719856800622268
-0.6444932456303839
-0.6662675942366767
-0.656585652603936
-0.6893188992275237
-0.6914385002648648
-0.7005703186130732
-0.6349746491531846
-0.6171244857338503
-0.6229378304923746
-0.6893414757060699
-0.5986882273611338
-0.7072806965195549
-0.6588216969426735
-0.6630722698916779
-0.6073464790798389
-0.6725716295770733
-0.6142101996379064
-0.5830862237738583
-0.45365315011764634
-0.4293393707524868
-0.5207621876330899
-0.6171599599886615
-0.6314530981132653
-0.5935018342076221
-0.5656034907171164
-0.5556914140867807
-0.6378632816710206
-0.677001649825069
-0.7247336362709058
-0.6604609606753777
-0.6070660330545705
-0.6904673964440292
-0.5832871795900044
-0.692755842021052
-0.7104458732800272
-0.6900907243106714
-0.7337861320673572
-0.7432258846875188
-0.6324651832771115
-0.7119224358385514
-0.6786307149417683
-0.5892660800489695
-0.5947196759697226
-0.561929168853182
-0.5871591196670415
-0.5253568828917402
-0.6075342428035833
-0.5587593381120574
-0.645074870625868
-0.6304941238169386
-0.5944921423524842
-0.6780891935301308
-0.7408448767928342
-0.6685848633864664
-0.625005987961793
-0.6469840499452206
-0.6958403585278236
-0.6833485074094201
-0.6932732352652685
-0.7313834400539216
-0.6759891068736548
-0.7363151241706715
-0.6404836034499859
-0.6988875645173589
-0.7036755663579715
-0.6597005004926851
-0.6959685292980295
-0.7188825083901165
-0.7132379765242729
-0.6287951639488027
-0.6265588821246166
-0.6819623402147663
-0.6368528374108714
-0.6275484025459171
-0.5590615022612412
-0.6051311462986589
-0.669695682153545
-0.6938653598830725
-0.6790407785175421
-0.6181081806750843
-0.7187867041087287
-0.7917157122948532
-0.709719170974455
-0.7712136636643971
-0.7011332126577132
-0.6441693917012568
-0.6837884903093979
-0.6695168059642684
-0.6319429935962201
-0.5617551896065401
-0.6223384364378943
-0.632253182519818
-0.6536492445730483
-0.6441192179628858
-0.6651991110631795
-0.5575749234070111
-0.5871671169021109
-0.5866950847341936
-0.6345771643949605
-0.5725266562283408
-0.5932758007300789
-0.6366010718376798
-0.5831940037046957
-0.6166246020222185
-0.7122374058838127
-0.7379649998229427
-0.6794476424828857
-0.8204312515595763
-0.7294761591589266
-0.6777214746318632
-0.5539287056945671
-0.5438759686401154
-0.5395071467952695
-0.7058407479512121
-0.6328990136873568
-0.5791496849865023
-0.51101479710375
-0.4520727523376108
-0.4516916567272026
-0.43798221093053935
-0.45619592215887755
-0.5326724954777983
-0.5086899499893224
-0.5313648079028446
-0.5964898472339044
-0.5500252808158625
-0.5182241185864307
-0.5571711465375858
-0.6371795892166086
-0.6281730495040005
-0.6436710531652893
-0.5967107171414455
-0.6208537320416481
-0.5779798699451075
-0.583944356060508
-0.5373106928971181
-0.5793405162793567
-0.656030891500282
-0.6546624678020243
-0.5690047566853235
-0.6092144556476458
-0.5810151489951202
-0.5319777312472171
-0.5945326913077945
-0.45989137515760264
-0.6489697542147789
-0.6396202155510594
-0.5931706543984725
-0.668615482788186
-0.6315556713463525
-0.711860668099504
-0.701613145880815
-0.6770657343261365
-0.7035101754324967
-0.6198111593671723
-0.6715012862966998
-0.680838739159297
-0.6403999470888094
-0.5534752724988331
-0.552631628698928
-0.5890868260349701
-0.6290884314900889
-0.6157858791835596
-0.5757155445567476
-0.5731452460184424
-0.6484472172190169
-0.6593569010252489
-0.7292883391177291
-0.7103991280434292
-0.6220921914933746
-0.6425206517666143
-0.5574624700355272
-0.5841189808652443
-0.49400051576332205
-0.5052728677328953
-0.5156034636331811
-0.6058751980271889
-0.5841241595092026
-0.521582815709137
-0.4168049184333233
-0.4406431231900522
-0.4792095681086153
-0.5517865667181133
-0.5709213166510477
-0.62150959842577
-0.5930249916821453
-0.5921180728886595
-0.5762656182395557
-0.6339456214112915
-0.5802178365941987
-0.5865693035781864
-0.6572616599811163
-0.5059744034349383
-0.598456186001884
-0.5818132206227105
-0.6209302426155782
-0.6784784172016805
-0.6076430505902822
-0.6430246038549002
-0.6253107578624425
-0.5444787982890259
-0.6263389565546262
-0.6411403088120305
-0.7065822426572542
-0.7499737524766763
-0.7343880074368194
-0.7164696406715017
-0.6622260559422224
-0.6451460921981599
-0.7087031490927026
-0.7579446924282058
-0.6251326131936372
-0.7001980137068955
-0.659117328114813
-0.6307993942518977
-0.6583111499420702
-0.5207093471019169
-0.5709442153216877
-0.5692877039066228
-0.5876041565790306
-0.6964183220347898
-0.7274437733740637
-0.6477372883099026
-0.7747135467684908
-0.7073678801722342
-0.7225943309704141
-0.7096194693610153
-0.6400411141078105
-0.5903363462769274
-0.4888902037539914
-0.5463025090040223
-0.5746919167923725
-0.6280081554851942
-0.6446205021329734
-0.7224978953912667
-0.7599288710670701
-0.7433279413498785
-0.7642151892674854
-0.6994947923108649
-0.6500927672269783
-0.6713770745907183
-0.5874558943565868
-0.599721134834696
-0.5438005217699342
-0.678641649457934
-0.6547294968192676
-0.775607390706563
-0.7050266175716569
-0.8483263198150102
-0.7660410903845913
-0.761299468995878
-0.6650388803771072
-0.6063596924301621
-0.6315674180830271
-0.6039449168784576
-0.5716419199417362
-0.5128540460591576
-0.5508636919833881
-0.4827894336107621
-0.5286364202565973
-0.5718908310456783
-0.6483680677961077
-0.7409311107147138
-0.6832221535516465
-0.744100320483773
-0.6225883823515667
-0.5721468014317246
-0.5391956134853756
-0.6588615780328679
-0.6654393365926916
-0.6831863794109605
-0.6139921449058379
-0.579950009367488
-0.5693088388052582
-0.5689931102775353
-0.6144181769110457
-0.5947962829162675
-0.6145879361167106
-0.7016931151259913
-0.701304813517563
-0.722084730188009
-0.7549387368958378
-0.6333280233134391
-0.6552855704347385
