-0.9165547450705234
-0.9715517700815649
-1.000172636768361
-0.9819014218533815
-0.944676539558868
-0.9172298520051168
-1.0640607725098605
-1.0926393541043136
-1.0696208537476377
-0.9194666129440567
-0.8309924770036136
-0.8963878197297019
-0.8381125199713363
-0.9715889914784321
-0.9909332122612359
-0.9194982513363235
-0.9218657153000821
-1.0186355104879703
-1.045292368642602
-0.9505091076258948
-0.9732052415103811
-0.9422253800811992
-0.9258728644622596
-0.8661685253785922
-0.811980530383563
-0.859396460296224
-0.8539614884618372
-0.8911726524530043
-0.8267687740388241
-0.7632842075627438
-0.8436350730329496
-0.9321748655501205
-0.8616817481661887
-0.7972073269560944
-0.819248948339299
-0.8459484457804449
-0.7885815689649704
-0.7577652248255224
-0.8009914493850464
-0.7257101602555857
-0.7041181114097935
-0.777607840766334
-0.9164388776209172
-0.9121207750682108
-0.8638272880804689
-0.8845962416437116
-0.8972284448228657
-0.970032387058927
-0.9874616718096545
-0.9949348639016335
-0.9305718570605013
-1.0160818481070069
-0.9412281447471648
-0.9710396272528304
-0.8796603310879495
-0.9293886261003145
-0.961673417151482
-1.0526281834996287
-0.9301216563449627
-0.979140021167595
-0.921073124799577
-0.9853937607158775
-1.0500282641918774
-0.9831639060687761
-0.9326220946487764
-1.0289214320941824
-0.9801118802257746
-0.7714099359893996
-0.9275930799979236
-1.0027418788502644
-1.063870693827883
-0.9328887746569635
-0.9249435711955116
-0.8631606229935279
-0.9750152321828607
-0.9964205267103626
-0.9996863801936388
-1.0021430350766856
-0.9344345300993493
-0.9431759343347677
-0.896819773856036
-0.9899007017129433
-0.8524854428386651
-0.9024202277266776
-0.8715266040050289
-1.0038385682639868
-0.9301167348953043
-0.8080278036352306
-0.883554144355949
-0.8026379511605223
-0.9109978587886449
-0.8720584191476322
-0.9388216180964992
-0.9784047506138314
-0.8606663433405086
-0.8047266614959717
-0.8419682827715774
-0.7244833760515783
-0.8889245271415197
-0.8601863971598306
-0.9119155055626891
-0.7281491527425465
-0.8691861782562378
-0.7864184045357305
-0.8666711933895976
-0.8823302702463163
-1.0471357768407135
-0.9633974572948569
-0.9757832362039618
-1.0299341153010249
-0.8847209180984384
-0.8728285603017688
-0.8892661738139023
-0.9529630682147765
-0.9818433232339444
-0.9779185902556601
-1.0693546663108866
-1.0177356925495389
-0.861729420109814
-1.0046631349647213
-0.9988846360060873
-0.9404812398524971
-0.8520610594222625
-0.9496485067290356
-1.022083202937965
-1.0244208997503914
-1.049641936043013
-0.9773996350100348
-1.0225739209260423
-0.979307272304983
-0.9889698729518737
-0.9768846765696103
-0.9783447223201133
-0.9816916316454687
-0.8013847099620662
-0.7732437943545424
-0.8242445170072097
-0.8560639744864442
-0.922427273088827
-0.9546874746784507
-0.9372947112315969
-0.9934942166255667
-0.8717311994021841
-0.8821892712168753
-0.7636859366310262
-0.8780776019928276
-0.8420462721139957
-0.7033339406520883
-0.6848086858529054
-0.8095454681618416
-0.9114645854031431
-0.9896298748998017
-1.0337270568693937
-0.9136550498804668
-0.9410439662840253
-0.9651258635041096
-1.0019445631328239
-0.9798183035217021
-0.9550456693066127
-1.0206865187842298
-1.032679918829875
-0.9542529280717699
-1.0386438831195786
-0.9488824013640554
-0.9070168176682354
-0.8508049397193584
-0.8468465801241518
-0.9814296427846664
-0.9881503742711496
-0.9159136720981067
-0.8397253154709583
-0.9513444346588353
-0.9779357846731747
-0.9494764625214822
-1.0048420109330205
-0.9269431129542701
-1.0236662726329782
-0.9722918336121925
-0.8455744902318896
-0.8311396448180154
-0.8832563464522144
-0.9623667392592876
-0.8145402558294073
-0.7696074905222856
-0.8912405759307539
-0.785573707388794
-0.733903931764569
-0.7917548904684157
-0.8862380185403496
-0.8655577379157072
-0.9550070264913311
-0.9221802344725624
-0.9315317964831779
-0.9224401877629879
-0.9441137802172307
-0.9660838648505081
-1.0351225886335145
-0.8884773479343765
-0.8296297089296367
-0.9440457008506141
-0.9107739893046367
-0.9865115923863408
-0.9208728144011905
-0.8863066556998408
-0.876804022593077
-1.0023726298414835
-0.8930286800837733
-0.8620449434471799
-0.7373530760290464
-0.8896987598343448
-0.9272822563873894
-0.9414835870786291
-0.9209825817801427
-0.9534345654619724
-0.9779109097316573
-0.9787408166561569
-1.0905315818838526
-1.0155194141829313
-0.976720545195426
-0.8453311556031189
-0.9012860411023864
-0.8162768800377607
-0.8752605178867519
-0.8466939594024586
-1.0045169215737446
-0.9632051458382003
-0.9294527306619507
-0.9576601511297901
-0.8244213647754428
-0.8178013609818434
-0.8316346348450049
-0.9062830196658728
-0.8801348978031189
-0.8550417867265352
-0.9423027975671238
-0.9640186032922936
-0.8816190980009824
-0.9611505156275109
-0.9203762837180884
-1.0444385382677213
-1.0485155350740036
-0.9986384251141748
-0.9782958782496507
-0.9362704960441557
-1.059375230342747
-1.0458073654157136
-0.976955075027693
-0.9992296962837748
-0.9356909120760436
-1.0151287444792332
-1.0324146983297446
-0.9808022663144351
-0.9739343453566709
-0.9847585986992801
-0.9529019620967346
-0.9321529616091868
-0.9526893716964552
-0.9514086612601885
-0.935502491092576
-0.9095925964274216
-0.8866046823996871
-1.017067283259676
-0.9323990703859022
-0.785124865899876
-0.8836471291569351
-0.7837013908496224
-0.811948365704486
-0.8579158251621128
-0.9694092061542611
-1.0039353469957122
-0.7246485452829017
-0.947566779673988
-0.883356316757531
-0.8264580301212194
-0.9247680107642273
-0.9559324711602982
-0.9465398453975766
-0.9546911573157345
-0.9416698483941188
-0.978334783841183
-0.8815153838002425
-0.8856302695202214
-0.908475329939626
-0.9102884408822832
-0.9585221467129791
-0.9856079929052225
-0.8138916035314891
-0.7074854042564888
-0.8945065367548948
-0.7437522203622463
-0.8341556446534432
-0.9107914048347144
-0.984980401131799
-1.0047203128447286
-0.9491937045142341
-0.808782950897142
-0.7580108646481145
-0.9190975160814208
-0.9313158609274546
-0.8061265377722496
-0.766828922443468
-0.9296234759042279
-0.9570660052357512
-0.9216530978302501
-0.9674281935363837
-1.0110506243721662
-0.973694063395953
-0.9737709063488742
-0.9555025215263857
-1.0501076037093164
-1.025492024429586
-0.8869548509398157
-0.9733386923951579
-0.8715453739316498
-0.8749573382390445
-0.9212932992251767
-0.9849259032304359
-0.9233416662366578
-0.9991667012503256
-0.9653788020121701
-0.9986341628021325
-0.9877604334196173
-0.9878461262777638
-0.8845806410361773
-1.023099204501263
-0.9101661181166251
-0.953550277684586
-0.9526156146471715
-0.7752115320164351
-0.9406112854014452
-1.0120914744627478
-1.0707584499203548
-1.056239823825103
-1.0240819666968533
-0.9181502854095281
-0.9740398455586521
-0.8493630305996014
-1.0544206565810328
-0.9671350839803179
-1.023643393863184
-0.9817370621471334
-1.069334665178171
-0.8895988995889504
-0.9533164313975442
-0.9739207120509014
-0.959222344396967
-1.0669771919239668
-0.8740738111629665
-0.9361666867176686
-0.808584816876413
-0.9742290061017695
-1.0808081420010995
-1.0097924670317397
-0.925980386159911
-0.865436443172115
-0.9474883160037513
-0.9560802062982112
-1.0235873215464546
-1.0072509994076826
-0.8919015443766126
-0.9974673729803071
-0.9791923862173278
-0.9086601990525679
-0.9575707020720597
-0.9087375695561983
-0.8248144717778068
-0.8776365591799932
-0.8676341571740525
-0.8726496536123401
-0.9746003646917794
-0.8255217821160972
-0.9311054331340212
-0.9612147788609282
-0.9282467715029177
-0.9409702608565456
-0.8833775482449792
-1.0214787145800273
-1.0391300904527627
-0.9674513501967554
-0.9904458174928127
-0.8501179966045516
-0.9246044474606355
-0.9785605616373922
-0.8874925994133037
-0.8947015172652925
-0.9193922704175456
-0.9099079515509323
-0.8731762671203878
-0.9840298347013001
-1.0039104735157398
-0.8250338999723656
-0.9341186949673618
-0.9282296245695321
-0.979248951714747
-0.9501360523687837
-0.8859411928536864
-0.914198900406785
-0.8825832539696291
-0.9813322918632139
-0.872748345364138
-0.8073502002407322
-0.8929070228538302
-0.8577719685730579
-0.9985431236676814
-1.0205176244531435
-0.9417716756088492
-0.9271096607750966
-0.9570707517743936
-0.9082521487531504
-0.912196491793031
-0.9821688906172398
-0.8358724620480739
-1.032837257618642
-1.0302902528957827
-0.958254114684157
-0.8414070443478798
-0.9284530913298173
-0.7907145784971291
-0.8976336349763625
-0.8742178040506731
-0.9354831201497442
-1.0669362369651298
-0.9971266941087047
-0.874995714255119
-0.9683134256615102
-0.9882308030827354
-1.0670532218830955
-0.9633788341403924
-0.9338761782421605
-0.8763925868515203
-0.9056460829711219
-0.9179437988996867
-0.8060555657330952
-0.8176748422139282
-0.9299718160286713
-0.9078407876441057
-0.8257267266613756
-0.9328076433637402
-0.8990861161442378
-0.8659176383352356
-0.8294190036019986
-0.7434490118444824
-0.685375373475511
-0.7000452595530505
-0.5600595187830824
-0.7091208810690971
-0.71884283643165
-0.7172934369908662
-0.7317345327830842
-0.7641563457322715
-0.8487946630838329
-0.8655345714279586
-0.8902224414204088
-0.8909233678908763
-0.7653784544545206
-0.6851008279127055
-0.676609516369406
-0.7371161335017125
-0.7126428948006155
-0.5053017387921551
-0.5186394849966578
-0.6452292784453242
-0.751192140007798
-0.7954225817313727
-0.8713867960180006
-0.8933748642147106
-0.8514423731115512
-0.997134382899242
-0.9694826608990128
-1.0049680850203715
-1.0623075128460948
-0.9929649682274814
-0.9780549159705956
-1.0054751332756053
-0.9872178400776123
-1.0651632262842754
-1.0379908372464866
-1.009292211656564
-0.9173345147067242
-0.8717081279624114
-0.8360076346989939
-0.8726107364909563
-0.7111659474467527
-0.7421692981495244
-0.8040001501407429
-0.8767791206881926
-0.9333314032026616
-0.923604052207241
-0.9715391482945352
-0.9473501764560379
-0.9448754943246933
-0.9251522729021632
-0.8522488384687169
-0.8117382777499708
-0.8603962488012544
-1.01110296954678
-1.0289162162405663
-0.895647065301842
-0.9255731931407043
-1.0391315224802318
-0.8770814101334683
-0.8137573250643851
-0.8526517188724158
-0.8354413895943933
-0.918152032859338
-0.9469350493397862
-1.008244826254545
-0.8850596767837128
-0.8725924302616332
-0.8228189782343623
-0.9434036443071878
-0.9939859651726861
-1.0381768775795224
-0.9787801385522118
-0.9549340602823242
-0.9236494498051283
-1.038405869890426
-1.0198768821285507
-0.9430708444147176
-0.9517980593509878
-1.0051647487150435
-0.9976809004147561
-0.9031763550710035
-0.9475092900016123
-0.8446702604966206
-0.8684658069008826
-0.8687892566862683
-0.8041911730878724
-0.8042577943873189
-0.9091713158558801
-0.9922265059888423
-0.9623748146748557
-0.9575077588875893
-0.9511068277628641
-0.9933199225605703
-0.9395890273001439
-1.0215862166435747
-1.0325191406223866
-0.9994068060846159
-0.9750487198720028
-1.0300875267574303
-0.964395364870793
-0.89011559660864
-0.9235199625514239
-0.8026749050253371
-0.8491752462673912
-0.9468794130136458
-0.8686496811622996
-0.7259091745709377
-0.8624965768543684
-0.8613860966307962
-0.8957205298853599
-0.946214639140604
-0.9232229678423481
-0.9367636834337969
-0.9857597908592409
-1.0818765474189005
-1.1088471727733804
-0.9269385287686365
-0.9005150440925374
-0.9038682471255519
-0.8858757133935626
-0.8941239572796804
-0.9414461019443476
-0.89297885878646
-0.9454121812471341
-0.9226861145128573
-0.9174731762480759
-0.9146704395640857
-0.8465072230554479
-0.8669289476175386
-0.9458902136689433
-0.671296613276412
-0.8521718394610496
-0.7988115910757068
-0.9519113628699284
-0.9075549014128595
-0.9600657661595706
-1.01873358493431
-0.8990735297486203
-1.0113468085814092
-0.9434282036412975
-0.9085154612291516
-0.99588383312262
-0.8947016966232064
-0.743758240003667
-0.8346329863662204
-0.8147636455171244
-1.059034286011829
-1.0312448928266866
-0.9983052184306048
-0.9424287486459247
-0.9358284491886639
-0.8834801084884855
-0.9607775855950416
-0.8864411559354273
-0.836587304102475
-0.8690809310563514
-0.9179093758005247
-0.9422004108930282
-0.9349701332326434
-0.8794700998454337
-0.8631591498176516
-0.955511493628724
-0.9926439186268634
-0.898742653508705
-0.8978315777383132
-0.9960944458534393
-0.7785835915592436
-1.0102449538894653
-0.8931543037895371
-0.8172069115699214
-0.7835211860704574
-0.8302299733060292
-0.8614803442644701
-0.9328779985832499
-0.9020066672636781
-0.9066299198149828
-0.9708271580471138
-0.9748037850955297
-0.9594075646871448
-1.0580107427534704
-1.0392463922808801
-0.8674536790269457
-0.9152760022116896
-0.8686778878322419
-0.9218376709222792
-0.7000364872318633
-0.7668788499493954
-0.8530621402683242
-0.9611245126205894
-0.9223248538671759
-0.7783704851028113
-0.7968787592137407
-0.9876511033489408
-0.840231932497575
-0.8122823705448293
-0.8381161234615586
-0.8844301355022182
-0.9002961952394317
-0.8534975576262139
-0.9957490889542715
-0.9751280252278487
-0.9122889505576617
-0.8508383728834985
-0.9145761968941365
-0.900870941193695
-0.8808046195826761
-0.9842461379238168
-0.9961092212031551
-0.9287500222202444
-0.9051322582330641
-0.9845448112409971
-0.8477670857785258
-0.8656624981274086
-0.880142589400962
-0.9492352630522575
-0.8594289289214828
-0.8793581728992156
-0.879112294573096
-0.8150274307068189
-0.8421527911008376
-0.7960188708194466
-0.9195060793851734
-0.9719932185321687
-0.9413866728268774
-0.8940755382662297
-1.0315003329835306
-0.9403944936041364
-0.840819886584095
-1.0207888379183743
-0.851267352197688
-0.8735695635874657
-0.9886217412349665
-0.9964650226163843
-0.891102726700418
-0.9597925933232091
-0.98261752021
-0.862294224407272
-0.7480045340049152
-0.8159072524638129
-0.8021805961346453
-0.8944421179022766
-0.9646750804557528
-0.9171391164882581
-0.8905724406795167
-0.858554882428942
-0.7966897480686124
-0.9037734085125105
-0.8440083187863595
-0.9126355648011892
-0.9228454322795306
-1.03263281208377
-1.011058804411205
-0.951535037336978
-0.9849156348529065
-1.0008078427225606
-0.8946429858694696
-0.8266694066396858
-0.8542544732186304
-0.7495015567811066
-0.8018743368337642
-0.7134725979407716
-0.7694682535802381
-0.7301276295769077
-0.8171232833774528
-0.8551353994400718
-0.9485006572724214
-0.8992726497009681
-1.0459454842679659
-0.981620010564902
-0.934048774276651
-0.8978720450842624
-0.8223125854080334
-0.7801128249134586
-0.6988606330600259
-0.7648179528417012
-0.9870202270153451
-0.8873198080887257
-0.7902291483759973
-0.8190247273039715
-0.8238080097798436
-0.9694900579187766
-0.9460043850735889
-1.005211726545732
-1.0464824715638956
-0.9304037316545092
-0.8521323968105395
-0.8943585885538036
-0.8300458075437579
-0.8868787966747795
-0.8929145626262136
-0.8475064633371877
-0.8924582588569675
-0.9496023012036923
-0.9354292652890429
-0.88884807603485
-0.8402325574239315
-0.7974721546387719
-0.8039912174075359
-0.9471351228361808
-0.998613189143611
-0.9132360388314549
-1.0059503547298314
-0.9805352973246344
-0.9758487323979526
-1.0131375310860902
-0.9409491702802403
-0.9446757395413437
-0.9396027172770527
-0.8433851234259749
-0.850756004053339
-0.8996463976848498
-0.9776472472401297
-0.999264914034578
-1.037890006161497
-0.9143797137101413
-0.9300627106249546
-0.9560378115844365
-1.0390748174471136
-0.9827627350445775
-0.9736716453179348
-1.0543527798042633
-0.959341443112707
-0.931255500970089
-0.8583761667082468
-1.057197715377822
-0.963199348860375
-0.9538103758015322
-0.9626665950020388
-0.9510003572974477
-0.9228364552764051
-0.8267429015009742
-0.9371939800722611
-0.9537020043664312
-0.8831505495863553
-1.001948125980781
-1.0035587560179533
-1.0052986441087393
-0.8731007672212483
-0.8178226245951528
-0.8767710811328147
-0.7834543148199578
-0.8001658174057825
-0.8655689088088117
-0.8968105945471677
-0.9701223564180543
-0.9369421713160255
-0.9767897751372505
-0.9818733458032355
-0.9290038565483159
-0.8803444861340688
-0.9674247330220892
-1.0357199341942722
-0.9598564197053174
-0.9112773379941833
-1.0154866549284145
-0.8914300298819114
-0.8641800730275485
-1.0005265570484274
-1.0564593427922029
-1.0111496321588669
-1.0214069068752805
-0.9229574940385881
-0.9661094186945965
-0.8659784153723795
-0.9160821446749158
-1.0051701939033684
-0.9032598190823309
-0.6686848286763565
-0.7713322337249137
-0.6234661279546624
-0.7463040371091975
-0.7603657320560523
-0.8433246935183174
-0.954243104360321
-0.8928060790675895
-0.9671811319543545
-0.8899584428287356
-0.8676524319708624
-0.9369082284806121
-1.0317211585277672
-1.0117641507658315
-1.0230560296431057
-1.0306831940368288
-0.9334064945903856
-1.0298509697419296
-0.7551572622003663
-0.912922803806027
-0.9237468619582427
-0.9590343562786858
-0.9051078644067749
-0.8939262312671296
-1.0144219024841965
-0.9799669565205178
-0.9886120477028875
-0.9462787859929076
-0.9904393853269869
-0.9870388420146489
-0.9843219753040137
-0.8272548035204695
-0.8200929502544247
-0.990364709376973
-1.0890918689731146
-1.1138386085552932
-1.018957024982803
-1.057336486852122
-0.8796519673706633
-0.8724444131374506
-0.9118544621578075
-0.8809121446478237
-0.7664505028357834
-0.7705853238460209
-0.9342194889551586
-0.9570054591579291
-0.78321512837555
-0.8644675059584815
-0.9508347022139574
-0.9253358618944135
-0.927107548665829
-0.9839953660727582
-0.9300150241830235
-0.92075741531999
-0.9608337190603997
-0.9326309503952447
-0.8745432017033807
-0.8243266991749446
-0.9400824977547886
-0.8994149944883791
-0.9231335834700736
-0.9252672790791188
-0.8944515924083132
-0.9593713819310836
-0.9063126119012004
-0.8591973502565435
-0.855312161634932
-0.8755562078521792
-0.6156037915336364
-0.8404775322445031
-0.8453587186850013
-0.907340072407944
-0.9417023342510088
-1.009761965336986
-0.9357575338549292
-0.8201634646872037
-0.9057167924389372
-1.00526506364478
-0.916424565134746
-0.9521030351154379
-0.9095526715885583
-1.0316076251772124
-0.8843192443863237
-0.9895705948263922
-0.9121849043984319
-0.8495069356262164
-0.9067095425090571
-0.7573403026843065
-0.8639934718234488
-0.8409485866521365
-0.9901637575725674
-0.891178629797366
-0.7785867891734684
-0.8499372416733363
-0.8311340991519308
-0.9189229519620334
-0.9760691479355673
-1.0386621354014252
-0.9444761291921845
-0.96837220845398
-0.8778081990904206
-1.0099744784272147
-1.0178404342897842
-0.9641538667976063
-0.989954663035629
-0.8399016369449289
-0.8827617495531233
-0.8574159076955723
-0.8833536696327002
-0.7897586255311261
-0.8999761389909243
-0.9709302117716933
-0.9307508923252449
-0.9316408795049818
-0.9393010303532736
-1.001315733164463
-0.9433027393443465
-0.9379839227144022
-0.8648378987993738
-0.8313379149165802
-0.80301596013238
-0.8690260301048449
-0.8295056075811532
-0.9070484942871911
-0.9572092726901037
-0.8491346489053156
-0.9058572850453076
-0.9416436053176361
-1.021619841951717
-0.8847037058293482
-0.9447042427653675
-0.8862018913628934
-0.8875791328217638
-0.8458918563462289
-0.9224581574472845
-0.8953614177289823
-0.945214166963312
-1.0355974327835311
-1.0465105409235302
-0.9171546855403431
-0.789444285345929
-0.8048358261043277
-0.9289996004130346
-0.8791062852117631
-0.8482104957843698
-0.8400462017832756
-0.8568369376543532
-0.9188076572781311
-0.9889793446833723
-1.0187574038519498
-0.7808790934389019
-0.9409005983782939
-1.0106843108345536
-0.9652676423278536
-0.9640222179567597
-0.9969238117945574
-0.9095263625581844
-0.8684800830683199
-0.9092172515809247
-0.9252080160720995
-0.8848076848227636
-0.7951529456874915
-0.8774963590356248
-0.9407564869282562
-1.0163766329061208
-1.0128142387153969
-1.047245473294179
-0.9271675232857021
-0.8577001908567496
-0.8197224847807213
-0.8266467827309969
-0.8809562288016404
-0.8699253867347934
-0.8370026555317532
-1.0272653817862263
-0.9530259038256235
-1.002081550565887
-0.9238977982557552
-0.9279488973123529
-1.0101419078249976
-0.9967260866646837
-0.9491364020194986
-0.8512793750923302
-0.9148856098225716
-0.8090770223866088
-0.9657213858449414
-0.969740525457752
-0.8676069440336002
-0.8804242435105157
-0.9322358781527675
-0.7814740114853377
-0.8313323850876325
-0.8545149678518303
-0.9897271170222636
-1.0474605130009447
-0.8987643612594597
-1.030873117209809
-0.8849918939820773
-0.9206886218184825
-1.0176816092504242
-0.9755726839643222
-0.9527119491526166
-0.998447984948402
-0.8930166988988097
-0.8605145730313201
-0.7401875907836722
-0.8375768459037161
-0.7051910031055777
-0.8039033601394121
-0.6878244994965207
-0.7155910862418053
-0.828507117797162
-0.7215748987326527
-0.7471230136775919
-0.7050475374171491
-0.7063311243082171
-0.7049115411965701
-0.7820569844073002
-0.914426215214188
-0.9868120533317825
-0.8744721758589462
-0.9576539014102319
-0.9152519016266694
-0.9084148233405974
-0.9034392354829274
-0.9403147667071049
-0.8904461809848787
-1.046927845027025
-1.0019502946965944
-0.9235965276909267
-0.8491734314242538
-0.9709943824826842
-0.9084458517747076
-0.9096384854714388
-0.9847411458284332
-0.8821347165717441
-0.9528143987662882
-0.9076051220657866
-0.9327440572620296
-0.9622239457852259
-1.0251130104211894
-0.9076181612021942
-0.967594144373839
-0.9730484553037347
-0.9869046250909635
-0.9396877303057836
-0.9991241622365794
-0.8535176872526709
-0.9213718697293525
-0.9074478509970835
-0.9479309291547658
-0.8819729740681075
-0.9494794136926249
-0.934573539129507
-0.9163635514714162
-0.8626634145745206
-0.952777598090823
-1.0320285927553952
-1.0096783720906342
-0.9466746460937734
-0.9470664311500367
-1.0511130628209997
-1.0031924888698565
-0.9797973689955616
-0.9711079721853437
-0.8940862771384837
-0.8535692637396208
-0.8892306019830419
-0.9823348918529635
-0.9672409462726518
-0.9707955476728819
-0.9629933630975904
-0.8582391185817155
-0.8327729899779379
-0.870186736101563
-0.8272212650583666
-0.9529419023275733
-0.8993890307542797
-1.0111528291688312
-0.9926109552998643
-0.9457871612761916
-0.8770957565185714
-0.8076297389466327
-0.9362767001408209
-0.8374803347420281
-1.037246175539765
-1.0160447988355066
-0.9476712297115136
-0.9807259919651946
-1.0171005771401944
-0.9258730206863677
-1.0088921205083574
-1.0212420267406979
-0.931315157868099
-0.819902859663907
-0.8202622723838231
-0.8207354457614575
-0.8605456900901859
-0.8592775042967866
-1.0190523799118185
-0.9510407647660135
-0.969998646294904
-1.017034638979987
-0.9749462140883125
-0.8994349468631364
-0.9245025253813881
-0.9914567318569097
-0.8575725630427308
-0.9140531330423667
-0.9281882213412826
-0.9053785716109474
-0.9220245593801172
-0.8195586231239972
-0.8179470524590302
-0.9511503447413908
-0.9035230506781706
-0.9485692744536778
-0.9505839801340226
-0.9288646420904618
-0.9430590667731331
-0.7949567299652436
-0.7346385350553263
-0.7736446285081144
-0.7677649467043666
-0.8985510257803824
-0.9026106646209098
-0.8335421939245805
-0.8262529490349778
-0.7109767796711501
-0.7188560387612996
-0.767457167976689
-0.7546779139199986
-0.8464593442958406
-0.8652992033420114
-0.9790575874893797
-0.9065867896009634
-0.9697243827036843
-0.9388648221135771
-0.9354555786148402
-0.876328554301745
-0.9638732060811581
-0.9761265172292787
-0.9476007720304263
-0.9660854722203386
-1.0207967810473253
-1.0014301260412495
-0.998985039331973
-0.9922393422968495
-1.0589084077397013
-1.0106933222408985
-1.0557025168629186
-0.9549076484654224
-0.9565952979714007
-0.9810936100051146
-0.97002811026084
-1.0123824600333766
-1.0488664341067204
-0.9968967454866801
-0.901145028475592
-0.9367977906011791
-0.9661627332863602
-0.9686128777025232
-0.9400596020667036
-0.8899805653258412
-1.0654988224988053
-0.9660268085273751
-0.8828678677211006
-0.825583720649161
-0.9248339704856593
-0.8806674068173675
-0.852162120485326
-0.9245185782350717
-0.8963744594059103
-0.751035213712561
-0.617384639217702
-0.7612737056134887
-0.83766538786854
-0.7525758002844959
-0.8853999667321863
-0.8137959899694761
-0.9365845584173266
-1.0045678415581258
-0.9823374130495098
-1.01603654277787
-0.8707157334232316
-1.0140455679150648
-0.9237782310332882
-0.8886555428442539
-0.9048539866006888
-0.9985358958964854
-1.0430681278803122
-0.9443542028506567
-0.9186446562216468
-0.8686530873907817
-0.8391714934496279
-0.9632537152350774
-0.9197722558620913
-0.9567870749527567
-0.9460858976481868
-1.001368340566206
-0.9437337852135517
-0.898442946482157
-0.9393398564132058
-0.9039032951301531
-0.9495102172793461
-1.0347672335824802
-0.9340245316889733
-0.9189037745417911
-0.882709389784835
-0.944442498246288
-0.9848014728374401
-1.0690350241199171
-0.9891326486401313
-0.9981722649800711
-0.9458436339660723
-0.9550270826730777
-1.0120820245173294
-0.8667687012074954
-0.9566530779019669
-0.9912194179053737
-0.9551331649365336
-0.9029954496466006
-0.9563194464338977
-0.9621133006318636
-1.1090386582435363
-0.9933646492452529
-0.9052525158454436
-0.9312152869268786
-0.827750520477449
-0.990341662008894
-1.0094961918141347
-0.9671657890501604
-0.9836118194377951
-0.9705232382609568
-0.9856635834013072
-0.8806845284076331
-0.8671472422432108
-0.9417652105960407
-0.8757723717699427
-0.747629590596363
-0.9582574149855162
-0.9260120322916597
-0.8499958818362883
-0.8774145625060079
-1.0723061416359434
-1.0173631775553025
-0.9168271394775744
-0.9442706996329551
-0.9613679195059652
-0.9123591359202425
-0.9655581913875211
-0.9832146145516536
-1.0171205474294416
-0.8756306071046994
-0.9085550315270429
-0.9573779049839565
-0.8981289178099559
-0.8627604131804545
-0.8692227337177267
-0.9655864991094942
-0.8903238251731942
-0.9252987832066125
-1.0281644344912526
-0.9743746183802255
-1.023337027502202
-1.0766095223998884
-1.0466582578240728
-1.0183503522648996
-0.881955741513438
-0.8806414691967795
-0.8685953063306587
-0.9362532879792317
-0.9372306870872621
-0.8567495430806832
-0.9068581657593543
-0.9075919112510921
-1.0321074155294616
-0.8395680250256725
-0.8510146404658637
-0.7683523829161609
-0.8811822576454084
-0.811851489225015
-0.7541090248590705
-1.0102362334584374
-0.8704496606690769
-0.9600418654618857
-0.9443301907475166
-0.9889441631796618
-0.8398027195151021
-1.0113281563733645
-0.9344400859648058
-0.9337017196084456
-0.9058646432575379
-0.962581614501162
-0.915410960156031
-0.9200742408822401
-0.9368526009726351
-0.9076585605655114
-0.9681054236480306
-0.9663691034465999
-0.9154224423846871
-0.9324926666357312
-0.9308437312416937
-1.066903867471461
-0.8797195785041741
-0.9129428974021979
-0.9160262128950205
-0.9353198337328343
-0.8268089136431082
-0.7975319638355339
-0.8892674221311776
-0.87655414461445
-0.7894673012574176
-0.8720344508765201
-0.923815834987794
-0.9180049013662346
-0.9678795259124773
-0.9597903896854455
-1.0601521427465759
-0.8539034015705373
-0.847633655032368
-0.8665542949677241
-0.9446451960645138
-1.0022288862237974
-0.8967788879372145
-0.9003079636188848
-0.8541596141945776
-0.9082273923059977
-0.9816538887876516
-0.9893201370637934
-0.8385531413646224
-0.8939298472527191
-1.0118248543986854
-0.8448197228624151
-0.8068089474841512
-0.7466760396172023
-0.7207811147931791
-0.6698478302835679
-0.722768421935253
-0.8631436012875324
-0.9429679685784307
-0.8971743455423723
-0.9658849640388284
-0.9335346221031069
-1.0630168034246668
-0.899987212468941
-0.860040539761446
-0.869950120479123
-1.0311127494826058
-0.9947793039308254
-0.8743400760607654
-0.9096970344268773
-0.9758235695797532
-0.984040535888672
-0.9918880257173254
-0.9831815602597773
-0.9812920441067372
-1.003571600561603
-0.8778177574876552
-0.9316371887396623
-0.9325787749492913
-1.070947057746978
-0.9600127156519142
-1.0082343713876853
-1.0074217846007762
-0.9894956172896133
-0.9850139117712622
-1.0547750430909115
-0.9332187167935102
-0.9330989324121561
-0.9046987360403222
-0.9282818478318394
-0.8871477603854976
-1.0339896404180169
-0.9686102799606303
-0.9724499238856373
-0.8775848708332044
-0.8641974760540787
-0.8936010357908799
-1.009770176063891
-0.8872578523514931
-1.049456003613304
-0.9446911535149616
-1.0363024198475217
-0.9698432761074489
-0.9778533460541127
-1.007788101346913
-1.0255481241590867
-0.9910593226591259
-1.024379300237205
-0.9722145585441729
-0.9115574252409139
-0.8888655979518413
-0.8196915728164874
-0.9056722698629488
-0.960362446253822
-0.9476237793998292
-0.9148419941955009
-0.8701455427417505
-0.9577298864114581
-0.9181880907318904
-1.0488207357931767
-0.9333359608711178
-0.9382033639055897
-0.9294733065331076
-0.9495117132687603
-1.0101982903883144
-0.9568104507774052
-0.9384815540840102
-0.9851738197160773
-0.908350801283785
-0.9991557413475771
-0.8762499938287287
-0.9780350297021476
-0.9920299679621094
-0.8902665621246946
-0.780545983356151
-0.8342181528939423
-0.7884172755649133
-0.9637575102595346
-0.9007467643026587
-0.7925414123503904
-0.8032273310887836
-0.807798610876721
-0.7312497470160403
-0.7738609114734424
-0.8399893970646906
-0.9008124507281543
-0.9154588419951657
-1.0123737603038798
-0.9978371226354779
-1.0237362751202708
-0.9181501351423396
-0.9687006607441341
-0.9726796432609486
-0.9923693244899452
-0.9039833641747745
-0.9838335899107252
-1.0594591762612342
-0.9629065105426031
-1.019472945531764
-0.8738084239007767
-0.9008778973765232
-1.0121692858019693
-0.9716028844082032
-0.9529732879187272
-0.9560701088510583
-0.9606321614988301
-0.9891324446818648
-1.0065681233687545
-1.0448420755525811
-1.0249100533821167
-1.130863887335005
-1.034860686432044
-0.9414031421581799
-0.8877442729432634
-0.9986714431864734
-1.0224851117958327
-1.0152924074356744
-0.9511697379456059
-0.8999576145313374
-0.8835158015973671
-0.8506449072605949
-0.9304352435950164
-0.9348545116233108
-0.9714842050313933
-0.8404815917899872
-0.891984306397803
-0.9140368552438375
-0.9783710190174467
-0.9506418169105684
-0.7626721981595854
-0.9205450125063057
-0.9836253043527416
-0.8878529888412332
-0.8853948885707246
-0.9515253771864036
-0.8574961041742141
-0.9141065617529687
-0.9252659895818248
-0.9644904217375186
-1.0291937262421682
-0.8739528981899697
-0.897974902448341
-0.9216908321172147
-0.9509577824209928
-1.0142363293819303
-0.9821333109721266
-1.0728526406053418
-0.8844430900298894
-0.874072255195417
-1.0056780917517851
-0.9151144604088992
-0.9075536298077538
-0.9261363640750777
-1.0182250758900013
-0.9381675865894666
-0.9529404629086321
-0.9639514286245005
-0.9780777647173521
-0.9257402670437693
-0.9057005952075969
-1.0008370191410614
-0.9285534782573149
-0.8970591813413654
-0.9140356683869486
-0.9604565502637548
-0.9811983028068822
-0.956058218245869
-0.8843427479652709
-0.8683010868207764
-0.8321674070915461
-0.8690594146825485
-0.8135136570856508
-0.8952575399195525
-0.9560454856769327
-1.0273894270131816
-1.0142185952405989
-1.0190978170810334
-1.1113881860834471
-0.9135976825437528
-0.9318392539488968
-0.8938801770607647
-0.900875625629103
-0.9261615440651352
-0.8504017580782357
-0.8604008891601271
-0.8427816427245464
-0.8894005207087897
-0.9828028499064131
-0.8449194195504747
-0.9463066122817381
-0.9979182954438806
-1.0083628555408841
-0.8948865518503262
-0.77924543113411
-0.77724410603835
-0.8227055113724524
-0.9759328792955508
-0.9464868649741447
-0.9816029160527571
-0.8662374482916811
-0.9152441752867344
-0.944000023284688
-0.9160938834744186
-1.0302330066256375
-0.9635084921478474
-0.9870241058270682
-0.9646227970482546
-0.8394222235778398
-0.7596192582537019
-0.8643992310756674
-0.8758690694145097
-0.8604585401483642
-0.8763716027556337
-0.9323384638522281
-0.9560653360793121
-0.9486523530173194
-0.9359597006115432
-0.8951441586716347
-0.8975861864774415
-1.0255331813165158
-1.0338256915217257
-0.9782956509268955
-0.9820293270717948
-0.8644355815692502
-0.948159028480678
-0.9774141221966738
-1.0135990268682913
-0.9598204361245337
-0.9735599252758997
-0.9211835763873945
-1.046030126106943
-0.9847831955747367
-1.0061195081714063
-0.9838798159893416
-0.9671012875254208
-1.011652241167016
-0.8995447845549598
-1.0572775039536961
-0.944171589618065
-0.8808060362535153
-0.9291908464519705
-0.881503610674153
-0.9007514222635579
-0.8956664417448552
-1.020411719772133
-0.9951400084887979
-0.9653652797664857
-0.9263532379806376
-0.8409904361860945
-0.8634539819284054
-0.9316571840816616
-0.9477514682338958
-0.9907816222139677
-0.9383012154291988
-0.8853512001375561
-0.8567027619910069
-0.8660008316938839
-1.0387382059033536
-1.0651412543360974
-1.0559492921625222
-0.9386607588708421
-0.974953464489084
-1.0474481547798256
-1.0231300391690439
-0.915307158258908
-0.8902765265515629
-0.965001402547157
-0.9006186246110516
-0.8629772323749264
-0.9527898803905731
-0.9253087657535061
-0.8824285413093071
-0.7740009942952271
-0.8486921633319463
-0.8030868044650635
-0.7222578095608077
-0.8113859242319954
-0.9023992737224769
-1.0082504198845812
-0.8848858114661378
-0.7899867115543823
-0.894820257019801
-1.0056354324467105
-1.0069235806869976
-0.8975848196994678
-0.9167905682802993
-0.8884245324078697
-0.9876970675686001
-0.9519227587135949
-1.0041956159404755
-0.9482670536588732
-0.8782169008193015
-0.8657916876795323
-0.9251313055124842
-0.8479655137455745
-0.8783142126671832
-0.855120496164633
-0.9126308712904658
-0.8305311353239359
-0.8984591240869899
-0.8715329199514344
-0.9384081096278585
-0.861292043338934
-0.8783092072522997
-0.9746449813827018
-0.9264701080901835
-0.8579013559992308
-0.9438988062974545
-0.8693843360050734
-0.8537546315217881
-0.9347262442386346
-0.9420987015701854
-0.9125802364087691
-0.8678551918231023
-0.7111874693238792
-0.8756642865369133
-0.7556909638063298
-0.8630581581533473
-0.8182152297412397
-0.8509194203520458
-0.7671793772156831
-0.8575582910267263
-0.8729424668931818
-0.7403774272856498
-0.6818145244932231
-0.7660644146451359
-0.5923371294208054
-0.7358615042001273
-0.6622630766344251
-0.9244499082638218
-0.7270118595509837
-0.7406723415259496
-0.7653010573678635
-0.8789305646625728
-0.8126945668635983
-0.8963658718561565
-0.87346366404505
-0.9539142575651818
-0.9296695750345664
-0.9619669722997495
-0.8349407871599368
-0.8345680584448032
-0.9295242121153013
-0.9953299429656839
-0.9072963444559343
-0.9485206880715303
-0.9943333334012401
-0.9854257315367257
-0.9341100586376186
-1.0356798135763037
-0.9456671242035484
-0.9536169311424276
-0.9138198189234474
-0.9179319211340954
-0.8163909082431913
-0.9406248631792877
-0.9582848137104446
-0.9764661113335156
-0.9415039762674046
-0.8951335022300902
-0.945655553979709
-0.8731638327401623
-1.0818488116807714
-0.9505689317796367
-0.9742493867131479
-1.0211545641097268
-0.9374086311794194
-1.0043817429036483
-0.9040560086562868
-1.0407599206930596
-0.983153003702642
-1.0151319660784555
-0.9264395597109047
-0.7904506962071128
-0.7235088696290476
-0.7790944408592803
-0.8873856810092382
-0.8754107637163857
-0.9791692431069999
-0.9646640578199439
-0.9187433763952291
-1.0449560420305295
-1.054786278013328
-1.0276897794563793
-1.0528845721660407
-0.9889062446340101
-0.9527881144071733
-0.9182890094373374
-0.906334809444491
-0.9551733319093213
-0.9488955228214802
-0.9557888194855864
-0.9507018982491952
-1.0901469282282328
-0.9364591706466366
-0.9338795958622577
-1.0093246613977562
-0.8963177175994174
-1.073648302360979
-0.9856609163622169
-0.9243006849674802
-0.9906358734265889
-0.9642955834980154
-1.0437153801775767
-0.9835151944425512
-1.029080006715596
-1.0729199419889162
-0.9044264261395624
-0.8082029168039551
-0.9110874142382641
-1.0088689704876503
-0.9559202939194117
-0.9107457982887538
-0.9203305979193644
-0.9432584507129258
-0.8487177455296895
-0.8268570924434514
-0.815894964428768
-0.8087040548724617
-0.8488172349862678
-0.8170631099624649
-0.924395660018355
-0.9804744021039657
-1.019269132764347
-0.9258288977903624
-0.7505983831037759
-0.7070458424377496
-0.8406935942474827
-0.8638874445134594
-1.009630351511794
-1.0057384935581515
-1.0443564568362407
-1.063930823387743
-1.003396863284161
-0.8981720252387105
-0.9159487611715122
-0.9891120254645885
-1.031519846169677
-0.8892907725234103
-0.9430100865059273
-0.8277554430285954
-0.8705668858330662
-0.9732937036509778
-1.0120954588468496
-0.9510686467833411
-0.9508469643112959
-0.9300085733149438
-0.9494666182291466
-0.9655693263284353
-1.0571781216695022
-0.8699738129742919
-1.0011362934949593
-1.0078255824705262
-0.9074886191247208
-0.899103915809085
-0.9119682384907156
-0.9435698064100477
-1.0267771958379226
-0.9842763812949871
-0.9186172313493821
-0.934669755438958
-0.9213658112300975
-0.8734980909755666
-0.9511728026609365
-0.9119148256174653
-0.9239959484028368
-0.7889363433355879
-0.7716501724314717
-0.828367553269103
-0.7817235252521433
-0.8977127494783964
-0.8525423799243437
-0.9814610233618057
-0.9422541405081559
-0.9684392763729551
-1.0224483954103007
-0.9757779759224664
-0.9437007845250351
-0.8478773566417309
-0.8954448064188613
-0.9306953215967104
-0.9284102598646885
-0.8879114492383698
-0.7786747929464435
-0.8641214684915668
-1.0057423063353694
-0.9719257243370814
-0.8597017858872343
-0.8576492673566061
-0.837989814738211
-0.9044135097975382
-0.8941970783136843
-0.8739968517400746
-0.8810399854360698
-1.0152745193463575
-0.9186512787153313
-0.8997677564544817
-0.9075597900654824
-0.7985422585781079
-0.912932185527796
-0.9177657036393615
-0.74408047620906
-0.8646536327968198
-1.033846074909417
-0.8902658847306447
-0.8977458668535149
-0.9646261712844291
-0.6839598998251262
-0.810433799879555
-0.8132403175210701
-0.8340568351417413
-0.6981389245244145
-0.7514625257127656
-0.7978384161187526
-0.7674884860467777
-0.7066419770572069
-0.6491472584298328
-0.7544007152578948
-0.904095775051445
-0.7500005106150034
-0.7148398830693286
-0.6391109919628588
-0.7390845219368856
-0.7123871409987355
-0.7344538956377976
-0.7009721917076867
-0.766990836828015
-0.9156330806187692
-0.9800496975023758
-0.9154895308855308
-0.8620750334271281
-0.8219284472307739
-0.9143161999735887
-0.8846510187021099
-0.9042922346774883
-0.9527434424252189
-0.9350946544036168
-0.947504172466245
-0.8918130729052212
-0.9321301956911309
-0.9194819927801923
-0.8291268480969313
-1.0521785748687948
-0.9896077830745998
-0.9738726835059106
-0.8663840746569113
-0.9693357765858794
-0.9651604214326032
-0.8451302917949024
-0.9703666309970549
-0.8839192475950254
-1.030832738354182
-1.0180235430142162
-0.9308226137535364
-0.9121655192241718
-1.0324386294831096
-0.9733925260931118
-0.8738608344686202
-0.7290127091477923
-0.8802437042287965
-0.9603893834788718
-1.0111196298525513
-1.035626678235661
-0.8634941266468878
-0.9770461741827996
-1.0157453264777367
-0.9064921658078525
-0.861908119377119
-0.7770315167016256
-0.802435720189216
-0.8366199681165888
-0.8728998043960148
-0.9874990508168051
-1.0020522064311872
-0.9957487519691194
-0.9830887721453355
-1.046226209377813
-0.9290756442734347
-0.918037152612343
-0.9361488361569407
-0.9419621577095785
-0.9654248022581268
-0.9991870836600224
-0.8682143035955148
-0.8536919255210335
-0.8791990576077946
-0.8008204908417149
-0.7403856991641884
-0.8358369933276294
-0.8589050166860217
-0.7360100111629695
-0.744366564251026
-0.8538744217299915
-0.8026510322304237
-0.7970433617325828
-0.791942368140467
-0.7565043677862471
-0.7959907983054157
-0.7550248935667957
-0.9352895558474628
-0.7908559196784837
-0.8169655545279613
-0.7684098748211411
-0.8926711711638495
-0.9329179215353696
-0.8389381715063932
-0.9032809558044105
-0.9461953071760234
-1.0071217251009827
-1.0283722677408136
-0.9538046499002997
-0.8070199128935522
-0.8075014124363566
-0.6858591641192051
-0.7623991814273088
-0.9061169435669503
-0.8079771023881933
-0.8652826207206855
-0.8721994149083869
-0.899795264523638
-0.8775293124179253
-0.9364241804454589
-0.8309792669475906
-0.889002115331007
-0.7481678269192538
-0.8465855541664531
-0.849320139876377
-0.904197911273515
-1.084328748687505
-1.0508175701172213
-0.9376705890087275
-0.8112630907972386
-0.9025503367567056
-0.8394508083846532
-0.8844478993421757
-0.8655920976230342
-0.9519354025655112
-1.0683819054061754
-1.025937580042614
-0.9204633862280998
-0.7812994838643498
-0.863012029948552
-1.014543474780928
-0.9824821515312285
-0.9527612344669355
-0.8263786823408928
-0.8765141318277123
-0.8246392148911695
-0.8846342458797557
