-0.631230833327098
-0.6377216174873301
-0.6213843328715897
-0.5450088483052213
-0.49927451400627426
-0.573304253684579
-0.6281366462881337
-0.6514655968372421
-0.6915204034808584
-0.6066582423262755
-0.4723660498540512
-0.5316026905558825
-0.6214706480541551
-0.7384462038847392
-0.6786156271621404
-0.6328508958176297
-0.6583005142327802
-0.6612462705207035
-0.7180843684542565
-0.7140880229617177
-0.735273293810704
-0.7159204705407252
-0.5601377864998162
-0.5058357851519487
-0.5642339367802546
-0.6283851838388212
-0.49711461348750074
-0.5748554308956993
-0.766343377202645
-0.7378736182471558
-0.6207317873142524
-0.6449174965609864
-0.5310656648886376
-0.5552135686436321
-0.6093409190066265
-0.629447941622421
-0.5623127070282218
-0.5795351215350761
-0.6188591889442279
-0.5937035058015986
-0.5997312019285791
-0.5263785615568847
-0.49000078649583273
-0.6166458861835387
-0.5437400774755574
-0.5428007416411175
-0.6473568066214144
-0.5946573181122886
-0.6375695293793894
-0.5958897777543386
-0.6044292624931448
-0.6775908597394572
-0.6382366752050169
-0.6819121398816884
-0.6934548726049009
-0.7957093688958082
-0.7847167432674939
-0.7242835956208531
-0.685180059173384
-0.6833750704048523
-0.6725935878543801
-0.5903504522290791
-0.6083766905857266
-0.5964997613227694
-0.5622585117915007
-0.5983703118438023
-0.5466223823426493
-0.4601492629899143
-0.4680339605178112
-0.4903656386791275
-0.4371414401474277
-0.35723373653212576
-0.4510220311025996
-0.433942121047371
-0.4851832200886943
-0.6209015195525864
-0.7364880309234573
-0.6245969662680246
-0.5208133497311349
-0.6229465591649177
-0.5215925980278786
-0.4963757454545598
-0.49477270044752236
-0.494583742072948
-0.607703978812835
-0.6375036239767692
-0.7712627555861645
-0.7114871524716105
-0.6179767432762526
-0.5553805580799401
-0.5979345778254963
-0.6569024705196165
-0.6908145084413324
-0.6716287564652943
-0.645640063937189
-0.5710849189162291
-0.4825010393661768
-0.6718948091399813
-0.6384820468278896
-0.6256109753529018
-0.5970496210946415
-0.5806468926147771
-0.5440773607361988
-0.6864543631185155
-0.5791651558170919
-0.5503199382468398
-0.6373314602954805
-0.6712124007413527
-0.6671505824352979
-0.676923392547952
-0.6257749020314402
-0.6000859104373185
-0.6673807761856814
-0.6642470409761847
-0.7051842848942804
-0.6161360407916445
-0.523598497162019
-0.6326168932895324
-0.6142933927354209
-0.7354603069148493
-0.6518035563878377
-0.6325969710974358
-0.7051900732508123
-0.6422053791747815
-0.7931037114163368
-0.7070836101929774
-0.6446861023282582
-0.6000923062372528
-0.5028643801868777
-0.6183297947398783
-0.6817789110391352
-0.6779834070592867
-0.6781601483232279
-0.7389258382654391
-0.6602736122498369
-0.5443848503297407
-0.6265175800879683
-0.5667472796394708
-0.6025603216179557
-0.6765597471736107
-0.6964440253825321
-0.6667038776338784
-0.7343606132112372
-0.7456338732646848
-0.7680595797362534
-0.6989942451835188
-0.7120513498169003
-0.6627914188197694
-0.6963535635317419
-0.6844900555041795
-0.7495770923925429
-0.6118292977075147
-0.6776417534016084
-0.6506204249608989
-0.6124262423670888
-0.6827495208597185
-0.7288859828775621
-0.6861941309128414
-0.6858671401078232
-0.6189916185828317
-0.561911858475713
-0.6169340914023107
-0.6391644724245887
-0.6736149587043936
-0.7285650251987335
-0.6263121382482636
-0.6035459489284913
-0.620533231267814
-0.6120321982819474
-0.6369356767462823
-0.7228620068955321
-0.7167360374075791
-0.5801521666761031
-0.6039373039570867
-0.6273522704901408
-0.6514490428751148
-0.5837897763054344
-0.6545598995303669
-0.5201125302971388
-0.47883488980728145
-0.6042086066677761
-0.5868226934496633
-0.5517988819176877
-0.6217759009201094
-0.6570516266041679
-0.6005703261876433
-0.5224308488564081
-0.6010708752278233
-0.5561501467644837
-0.5299498663695268
-0.5360465999084639
-0.6591781797588528
-0.6182645406735615
-0.7589383672499735
-0.6440760992931077
-0.6256257234051175
-0.6651650353247022
-0.5951375623057389
-0.5838502273223517
-0.6931577753768076
-0.7029852250921959
-0.6875444103414691
-0.6202335702657952
-0.6781776273682889
-0.7563836312420046
-0.6946853677749715
-0.6922732773581632
-0.6711386851129331
-0.7013388432877152
-0.7752327706199219
-0.7316157872487095
-0.6321031157800832
-0.6427914360669702
-0.5890965965330465
-0.6194813588461731
-0.7014611441829558
-0.5731309210116795
-0.5750836056871454
-0.5824178673990488
-0.6685523896626724
-0.659226929194488
-0.7134947168760707
-0.5975374278909911
-0.5462730173708766
-0.5657565575926221
-0.5862470878821843
-0.6133381365900844
-0.5559768577933043
-0.6342545476887048
-0.5459675987873289
-0.6338551315614929
-0.6871245745721613
-0.6661781042998587
-0.7339339752967355
-0.6610848960394138
-0.5883971089552975
-0.5993991772914602
-0.6227478876812059
-0.5997293489332726
-0.48404797101834207
-0.4476798046486575
-0.5134792703783675
-0.5311469146679252
-0.5960755580271934
-0.5511078616217338
-0.6324564233037069
-0.5850585773407335
-0.5723177036066059
-0.6763158649015725
-0.6397705126279796
-0.6658060276689974
-0.6967352180284886
-0.7607785939189874
-0.6647113208318444
-0.5955986139440177
-0.6431370011562576
-0.5717281434407973
-0.4569112427397084
-0.47848624018715313
-0.6471978210155652
-0.6288322523351786
-0.6285231620048934
-0.7161012202397898
-0.6902549850700509
-0.6664267902554816
-0.6680280310478434
-0.6570430766137872
-0.6451004775731559
-0.5944665870331943
-0.7029137165878905
-0.6081288146832119
-0.6542797580914057
-0.6231534256659796
-0.6063252865038
-0.5548913007959867
-0.5480895367829733
-0.5022193978069981
-0.48995581207915145
-0.5020830304608892
-0.6424595314939074
-0.6377743188297019
-0.5916280063491026
-0.645918597710614
-0.70482767403666
-0.6716760475825929
-0.6480511555417424
-0.6194081817676323
-0.5114771875640445
-0.5985558574318435
-0.6383937892851765
-0.7462409467324925
-0.7013490998844476
-0.6931327979616035
-0.612645682110891
-0.6657514673119231
-0.6161391321499178
-0.6218201472112599
-0.6660747316005431
-0.6193809135502427
-0.6850128849500162
-0.7290874123778063
-0.6868897716267696
-0.6855696932659253
-0.7652088183509856
-0.7343388526253165
-0.6484938965027506
-0.6926875407352164
-0.7110456229999669
-0.6933080054190262
-0.611767809673371
-0.5541581656241379
-0.6397354162490848
-0.722483568189413
-0.5918825695045488
-0.6111312008574303
-0.5519278510605654
-0.5419032191379434
-0.4911754785201936
-0.6290161202310722
-0.6492693147389198
-0.6438576077919821
-0.6367978724335766
-0.5729387769239397
-0.5618965273789301
-0.6568961543174323
-0.500987229957468
-0.5439288092907137
-0.5530732187757429
-0.6122702013918014
-0.6082745576981692
-0.677993509687705
-0.760648862324341
-0.7192010133027142
-0.6355102210667923
-0.5526218935881709
-0.6476510103801384
-0.7150320154572138
-0.5706982410870625
-0.533675571275107
-0.5917708969658175
-0.6050492829734607
-0.7225576777894452
-0.7019419431393983
-0.6784480225434861
-0.703217174530168
-0.7371912288840746
-0.7488614726400171
-0.733732678710664
-0.7371476530031607
-0.6143533532796035
-0.6169997319729641
-0.5314624017389279
-0.5656044782724131
-0.6648844624436012
-0.7038834973238529
-0.5428205508929622
-0.49581651724265097
-0.42839991509221403
-0.5081247530643839
-0.5061803990966265
-0.5015048129485927
-0.4886184464582123
-0.4866705446966891
-0.6059800800816495
-0.6614396231572377
-0.5848828007879607
-0.6145368879624636
-0.5770212216915087
-0.5495036690128507
-0.5744608148146744
-0.48796934105431305
-0.5544535733025852
-0.45698764418588533
-0.4176399939857337
-0.5172316798824331
-0.5036113368402232
-0.5095139103823748
-0.5825169112253864
-0.5567515495723968
-0.49405388334748296
-0.4401617643672066
-0.5924996200390886
-0.4805365341993494
-0.4874939779099328
-0.5521235766494317
-0.5143430724764244
-0.5428154966197584
-0.5554108341396418
-0.6205936802325661
-0.5437564771192168
-0.5376658322585048
-0.7049402765284701
-0.6765801073299207
-0.7227234702685214
-0.7342617264025846
-0.7053561477034713
-0.7135694616501137
-0.6512546433995327
-0.6556382591196133
-0.6456512782571653
-0.5214621378276938
-0.5246832074886334
-0.5681629625143241
-0.5830975137452634
-0.6785461786191246
-0.6246797577425093
-0.5416887846560675
-0.562957910738887
-0.6396811317921484
-0.725678996286188
-0.7317108234040463
-0.7054215387097765
-0.701014666345823
-0.6958212915212656
-0.7090724183400322
-0.6297109360496228
-0.5891905999688568
-0.5080069406035942
-0.5510212786257511
-0.48199073432238904
-0.5202310273547878
-0.5828777823409863
-0.6810673538952025
-0.6746944308073474
-0.699048811118252
-0.7494311335920995
-0.7067217038750229
-0.6842557010774413
-0.6671648995903494
-0.7856661177835443
-0.7898080530272005
-0.6690588063051912
-0.6494476806739293
-0.6571277671935672
-0.6386245782507776
-0.6946955551939833
-0.5641495461025472
-0.6030220445082367
-0.5944181802466969
-0.5151561993973106
-0.6659219340657886
-0.620312256149335
-0.557165629578919
-0.5115593246156095
-0.505428991980261
-0.6524989418143259
-0.727570892515886
-0.575135317610921
-0.5675953250028666
-0.5772024928688891
-0.5511485716464288
-0.7166247746258421
-0.6446131501063275
-0.5220819003557694
-0.5508899544867248
-0.6677971670750087
-0.6117422187338492
-0.5471638120943365
-0.5433819267617482
-0.5494265802245645
-0.5483959937475685
-0.6599758308308796
-0.6571403220949248
-0.726494448511955
-0.74992507199389
-0.7361842352350005
-0.6599940625044091
-0.6618412735678754
-0.702221117858095
-0.6410678899361185
-0.6982652232007743
-0.6998077046069056
-0.6387317977398974
-0.591129212873716
-0.7011234343248741
-0.7069211066452469
-0.6406486653447945
-0.6902707681563358
-0.5509420064633394
-0.6585941914915715
-0.6545100112524814
-0.4711253722879727
-0.48707386771897354
-0.6106856885724246
-0.6292348610483264
-0.5675980930742306
-0.6911596079719001
-0.7496480280323382
-0.6887982181741392
-0.7044609270779846
-0.6841443865964095
-0.7047247789646707
-0.7275706147028661
-0.6020493993172099
-0.7030684781033554
-0.6623015019119568
-0.6285099346136582
-0.6826535839995262
-0.63755923371207
-0.6933554835520178
-0.6824435733246038
-0.6774072866754266
-0.6765147497377442
-0.6549171026420317
-0.7004727717554724
-0.6200876303095749
-0.6040504219799181
-0.551447942803944
-0.6807500359823848
-0.5804110908823747
-0.6605507104836702
-0.6254249501372617
-0.6166590010114984
-0.7651063954889121
-0.6475603936452833
-0.7035298097949259
-0.6802226633358905
-0.630607834129523
-0.6354022018676845
-0.5882107220558319
-0.576905189595581
-0.6592765882591379
-0.6520137396091755
-0.7004767456339146
-0.7318698525046772
-0.5136347199449273
-0.49827240664917916
-0.5744127207144862
-0.517287654402055
-0.4842658939652095
-0.5401544077267165
-0.630813201708417
-0.51581980405224
-0.6192434275275519
-0.5918849398669477
-0.5547471133988022
-0.589760501685081
-0.5901776527960053
-0.6086059024515335
-0.5856828974466246
-0.6933208588690453
-0.6434374613992642
-0.5513002358213058
-0.6377186305122513
-0.6149390369811878
-0.7210331681525555
-0.6901900416502783
-0.6645941534654177
-0.6398099555190424
-0.7113233496141222
-0.7650784852550758
-0.7039271155933842
-0.6947915944771521
-0.7154484154557593
-0.704374566488193
-0.5418110625563384
-0.544506847714702
-0.5768637745272137
-0.514675168452074
-0.6454607061504933
-0.616147969539874
-0.63139488650211
-0.662981761335528
-0.7585146005619532
-0.6992955662775238
-0.5682961448540889
-0.46547804433324064
-0.5843119101524754
-0.6677369320405191
-0.7280649304384845
-0.5612595933010138
-0.6448077335846509
-0.6037341183849954
-0.5529272077254006
-0.6733913987637316
-0.6413910247900155
-0.5363843444796025
-0.4922508925515394
-0.5516631191916608
-0.5581131777742482
-0.7125572830446009
-0.8064665404817146
-0.7319958551115284
-0.7099108576013213
-0.682156751344311
-0.6379800154053109
-0.576254782434048
-0.6151707105227834
-0.5892210902078604
-0.6047473493681148
-0.5923706747350796
-0.6777435741440951
-0.6425512797610934
-0.6292862472338155
-0.5875730856529252
-0.5967960000990323
-0.6268063222088202
-0.6523559648491027
-0.654817033605724
-0.5813045178384616
-0.5704753050499651
-0.5761218102758549
-0.7056719737986757
-0.6975133937879864
-0.6788131218465452
-0.7695222930570844
-0.7914523263876653
-0.7312149069435779
-0.7387039630525964
-0.724126583069236
-0.659231455031744
-0.5571723211749349
-0.5644235462939527
-0.6174933895871089
-0.5601653930095442
-0.649711178308468
-0.6809730806143555
-0.7667290235979191
-0.7690235708190991
-0.7413096922877612
-0.5988796606507637
-0.5815253106511852
-0.570454181876184
-0.6434727030125182
-0.6676607415943553
-0.5732706648927371
-0.6074240477125914
-0.5785082534557034
-0.5270226075936593
-0.5183388426611955
-0.5571270975889687
-0.48973749247301007
-0.6121454564813802
-0.5787333172664892
-0.5850181403312185
-0.6778294111791735
-0.7502649207376096
-0.766971642570328
-0.5549364709481882
-0.5875041423972787
-0.5899928043545106
-0.7058410080306183
-0.685820308040801
-0.6943955794628128
-0.6979514039158096
-0.692978971402803
-0.6995103875478673
-0.6470218657623588
-0.6072305426994499
-0.6632788060959872
-0.7092685729777258
-0.6259328196784868
-0.7176921786364872
-0.7032700617455964
-0.6727444721497732
-0.5978161112239112
-0.6803185649621989
-0.6974018972069671
-0.7857628336296334
-0.6535351986109015
-0.5387951803725417
-0.6236860039399328
-0.6279432259133919
-0.644402372426852
-0.5789143895884118
-0.6475981832652256
-0.7074894824972039
-0.6678848256431245
-0.693071093032379
-0.6795293494738254
-0.6916205721668478
-0.6570438849658662
-0.6571246489111694
-0.6516866371599301
-0.5909996033589879
-0.521834056038698
-0.6541349162943583
-0.7151516923414974
-0.6519624475123897
-0.658985022000306
-0.7381134835192513
-0.7304460372272621
-0.6562619061961701
-0.6370047172925933
-0.6307689797331218
-0.7622595315425212
-0.5840711731594442
-0.4892543437868897
-0.5501185290094133
-0.5560378366799464
-0.5815534158805755
-0.5944718082033521
-0.5606545071683025
-0.5179642304852162
-0.5893636233604486
-0.7031706534495664
-0.5470433042982836
-0.5316852045278407
-0.5547072206366754
-0.47950024599276886
-0.49083361816322957
-0.5250688366872635
-0.5106571719844412
-0.5524010808304948
-0.5665002957758362
-0.565271107195248
-0.6236329509558363
-0.6357826000023826
-0.6125505443516561
-0.634301871612163
-0.6245131232917277
-0.7258841928259835
-0.7179590512267203
-0.6752228745991684
-0.6941908501495936
-0.6236097067614496
-0.6604370716026438
-0.663543821163123
-0.6606450797367235
-0.7385277548931156
-0.7321804128340907
-0.6722082978752253
-0.7778425990115846
-0.7528891083154846
-0.700282919283236
-0.7346330602925758
-0.6663426772520885
-0.698943479413888
-0.7569819055004627
-0.624179658751582
-0.6205414156261276
-0.696545854275101
-0.5416719134542526
-0.5363536467723503
-0.5671605884204671
-0.6130100040202944
-0.6117813995127125
-0.7030990207525977
-0.6171094324406732
-0.6985964010049512
-0.7441837363149764
-0.7302749586295696
-0.7368307871054686
-0.6501227822533544
-0.7289896270018699
-0.5923540433884513
-0.5630458608524873
-0.5267239371288601
-0.5240053670552097
-0.5197798145488302
-0.5713542403044661
-0.5966262542802304
-0.7223873497496188
-0.6454455509338051
-0.6191740429150635
-0.5721615621728052
-0.5724300502580374
-0.704388966973962
-0.6823075755541806
-0.5804162655297701
-0.5538914805661947
-0.6017268214930751
-0.542594003984686
-0.6034751141665001
-0.5805692005747313
-0.6811591054371379
-0.6865324832023436
-0.6405363648055725
-0.6597411004500517
-0.6450336906520212
-0.6179473134079213
-0.6053624837679163
-0.5290749711321583
-0.5548693812429253
-0.46479323317753385
-0.6351754664584617
-0.687122334910932
-0.7150900497371407
-0.6230272688947809
-0.5920633220566378
-0.7084215136382362
-0.6735981205751904
-0.6714153382454796
-0.693801764483168
-0.6008874762840585
-0.5768763141068026
-0.6649529729087778
-0.6544059758786873
-0.569485585328688
-0.7299498119893839
-0.592692701794647
-0.6652852304667813
-0.6098397220202779
-0.7774007979550275
-0.7807738540580909
-0.7876476435950118
-0.7620117075255114
-0.779657180104603
-0.647527514638297
-0.7198822186683936
-0.7175682909904205
-0.5852264880415317
-0.583732391892781
-0.6007275297402302
-0.5762550311218174
-0.5567836120791946
-0.5145368658113593
-0.4220009840326898
-0.3549200171929444
-0.327328251392361
-0.37585068734573257
-0.444439677177937
-0.4766070222119292
-0.4629752664736126
-0.5333410485686085
-0.5749660865444544
-0.5506511604719704
-0.6329964075549385
-0.5871699595526483
-0.5291960806061845
-0.5580795720168982
-0.5795648261624369
-0.48912151628178313
-0.6090597751076524
-0.6293274693003028
-0.4981358658206056
-0.5210780758470078
-0.5668952013588091
-0.5792518470264048
-0.5771571353907784
-0.6231515422276662
-0.693602352475374
-0.6918926551913759
-0.6163966554358212
-0.6637481051407773
-0.7070111850738423
-0.6345980292389545
-0.7559848958192827
-0.691137677731632
-0.6020302871880476
-0.6600764790708342
-0.7066751843436083
-0.6840978190059672
-0.6272086734798228
-0.6326773204559427
-0.6402867956335572
-0.6069763980245612
-0.6539647777211477
-0.6904895614330427
-0.5903611862587016
-0.5333547918886853
-0.4505855996672905
-0.5062605180355585
-0.6205585405616296
-0.5498127682968668
-0.6933545190072108
-0.6650280876727163
-0.6880245582496154
-0.7017880142562134
-0.64838160928376
-0.7216359831218427
-0.6994641894786319
-0.6326472190467848
-0.6063107696654034
-0.680443298398078
-0.6211378017444196
-0.6134909110866401
-0.5315949556606041
-0.5653153875230725
-0.6298129823266378
-0.5614437268577505
-0.45736040915742415
-0.46752899728053904
-0.5731470206232812
-0.4863435573103325
-0.560862822336213
-0.6232385144282673
-0.5683626143426294
-0.6074939450561808
-0.5582811582257224
-0.5802522155096648
-0.5657423471861757
-0.5307202091227132
-0.5525779410002102
-0.4698571274645169
-0.4887653894779143
-0.5166649809418573
-0.49745662120519873
-0.4411864160947851
-0.609599667359765
-0.6057448979565649
-0.5373546670283152
-0.5217238876655621
-0.6264290783179851
-0.6279058467914262
-0.6725055694708681
-0.6914594247306161
-0.6948512716834916
-0.5377107149695878
-0.4936951464442354
-0.4914275926291449
-0.5742349186473471
-0.5520035913283547
-0.6650418489721418
-0.6466618501847639
-0.6562336763645119
-0.782853480675362
-0.7727332747685091
-0.7264466981292955
-0.6154951979464603
-0.5064775895706819
-0.5564936059212997
-0.5995323868588776
-0.629569549450578
-0.47538989031437356
-0.4548492134225921
-0.5020934409356996
-0.5579726085113909
-0.4530122209826054
-0.5413971305631939
-0.6704780499849038
-0.7077730840390148
-0.5954040863003973
-0.6668673372439669
-0.6940818167835491
-0.7110574600997986
-0.6427141718167078
-0.6325301010607055
-0.6584978055485009
-0.5775703491413862
-0.5094728955159901
-0.5115252676956629
-0.4577538184758049
-0.6045842892735414
-0.5961427274701556
-0.5471723863753202
-0.5570831835413685
-0.596241648203679
-0.6591346309850953
-0.6871307283257897
-0.7102351278934921
-0.6430044609041397
-0.671554825907291
-0.6830316916130151
-0.7669611179625057
-0.6182557493918016
-0.4799192641592368
-0.5440936006063105
-0.5842439114777846
-0.5278492791560804
-0.573818281940555
-0.6886762812252496
-0.6632389217058421
-0.6889062958710146
-0.6606257472419037
-0.5899539293247342
-0.5440143410600905
-0.6017771970554536
-0.5775383362423837
-0.6994034353198177
-0.6544995089629784
-0.6433699192668317
-0.6221691526338783
-0.694367175145367
-0.6367114937442002
-0.7234642498678869
-0.6575680599213148
-0.6815231708198188
-0.6383090195786163
-0.6297786981668971
-0.6846618961394959
-0.5766778813008308
-0.6499123759296257
-0.592703397382463
-0.5407157178805044
-0.6851960554286529
-0.7348388543357777
-0.7348875939105046
-0.6302264398051622
-0.6859280917105386
-0.7112036983932261
-0.7014468837417523
-0.6395847132145661
-0.5639979475207622
-0.7021615027708756
-0.6958027734720419
-0.5555243751951335
-0.574032562253594
-0.5177002718790397
-0.5083549266963456
-0.45859828202367303
-0.41716836690375403
-0.595213169340054
-0.6264939886767802
-0.6678448198349044
-0.725812937635098
-0.6905494539077464
-0.6391093123498269
-0.6790138303328105
-0.6343078858651672
-0.7038162240197732
-0.7110271968410083
-0.7414779752186627
-0.7024557082817297
-0.6298118024533048
-0.6139806116977568
-0.7175486161930148
-0.7294898310691217
-0.6107617115210486
-0.6286011049957406
-0.6636434777478453
-0.6120170020938287
-0.6353688934979191
-0.6239051023250614
-0.677780329136876
-0.7035133248866933
-0.7020543398860257
-0.7832285765391774
-0.6921450734922244
-0.7192184216571536
-0.68130378476975
-0.7324224542457101
-0.6102134625392589
-0.6104124590537143
-0.5341205113884208
-0.5486143683698076
-0.5925904717185876
-0.6073798128352343
-0.6579408113740657
-0.6300644655765278
-0.6103557005734855
-0.62906654667341
-0.5518646928772487
-0.636172235778215
-0.6087424620971557
-0.6786754138529227
-0.6536420418345908
-0.608166523166781
-0.6444154639943374
-0.6071828866546922
-0.5670088202580339
-0.5543278508937538
-0.5999068046389155
-0.7052956558435806
-0.5848923702678711
-0.6141803839740042
-0.6718508980226346
-0.4806133182713845
-0.6516745923857202
-0.7249005791257767
-0.769622777952681
-0.7061122461826008
-0.6829831750285832
-0.6712321138680317
-0.6549105654310065
-0.6131276011134503
-0.6494805065187773
-0.5858536344155859
-0.6019358450335367
-0.5180468555799862
-0.5111607936631772
-0.5300555430798468
-0.5781135017936707
-0.6856318343975732
-0.7177144939291418
-0.6649958211966218
-0.6300039153135213
-0.6084209292766647
-0.6674871536616716
-0.588189980094659
-0.5606817415815519
-0.7123727405458522
-0.7016929193735298
-0.7824078700562842
-0.8015999526435772
-0.7224223973370589
-0.6974816451098854
-0.7247242522041755
-0.6473301839768132
-0.6538111127814642
-0.6642228443459725
-0.723081060546111
-0.6713931097336339
-0.6699206333667608
-0.6441386124736121
-0.6627806246319038
-0.6958148256753093
-0.6665787665552683
-0.731575669032348
-0.6364841089199166
-0.5271149226431785
-0.4592783363825979
-0.4073877141702511
-0.5997205150004026
-0.5555370999935
-0.6248234657206068
-0.5437829816982364
-0.4985419745723056
-0.60253283442036
-0.6662188977786039
-0.815693805693766
-0.7111820470632109
-0.7420220863936012
-0.8163430324613474
-0.7530110136286239
-0.7070630949871317
-0.6962374302620782
-0.6617883351665756
-0.572280210928196
-0.6362980197953432
-0.7132684189134112
-0.6879071928928342
-0.6559254021206877
-0.5332910080728792
-0.6011157923816669
-0.6372291368753105
-0.5574573171661771
-0.6736225679666401
-0.6082218213759266
-0.6049707309649741
-0.6111659730752536
-0.5952960777144813
-0.5916140308959279
-0.6644182940814374
-0.6937951983726283
-0.5695769084958988
-0.5878697825171523
-0.6277848508084211
-0.5774367376238245
-0.5017410634289858
-0.4941471516207367
-0.44191320862086836
-0.5256518213562451
-0.6807928841617633
-0.6585705948698406
-0.6738194372929233
-0.7077091793884116
-0.6727575993060152
-0.7146110653512897
-0.628805334986578
-0.6090721854314444
-0.7200304064034073
-0.7283504885518143
-0.6143116496630131
-0.6070782882745398
-0.7284613943063186
-0.6848198010646623
-0.5609272749398178
-0.4980048750764511
-0.5909302702514991
-0.5438450427626023
-0.6854093605948497
-0.7330514049075159
-0.7207434550253882
-0.6236914156793224
-0.6278004701458597
-0.647173805470826
-0.6885046331410903
-0.7012988172665832
-0.6431157187221888
-0.6435473583023579
-0.6054105204999233
-0.6585391505460401
-0.5939584917647708
-0.5662451318823122
-0.620566472314444
-0.5442587603083386
-0.5674393535766166
-0.5614938798868188
-0.5947576480560764
-0.6302273130490152
-0.5902517868567742
-0.7055311773859877
-0.6619813738197392
-0.6918544048818438
-0.594790671154778
-0.7412548636389645
-0.7970697214239452
-0.7653871735446085
-0.7199010302638864
-0.6946731631620243
-0.7287906298352365
-0.6387011498063003
-0.5861904521892303
-0.6221550819072346
-0.6398530437764067
-0.5786926391543438
-0.4989599208759924
-0.5416236296525533
-0.6231631250318809
-0.6115034237356014
-0.6611037250092779
-0.6411416113590825
-0.593383754115137
-0.5679383702555213
-0.574240844744354
-0.5843935733248773
-0.5634399482167045
-0.5673683220030868
-0.5630810679298954
-0.6945152610394149
-0.6893432981799549
-0.6364675388092168
-0.4947883184893336
-0.5056311385979447
-0.5987168668675615
-0.6262418687855309
-0.747160230475747
-0.7552752026603686
-0.6053517035998829
-0.7024443379578535
-0.6492526917977078
-0.6538703917257609
-0.6350518294593914
-0.7123059164701263
-0.6040847060472285
-0.5558793638447784
-0.5159409810521308
-0.6932612937414449
-0.6675862624332869
-0.7549534151772891
-0.6991064957383645
-0.6414869642025008
-0.6684585159485946
-0.5515381579237368
-0.5946684149655754
-0.6875672190016537
-0.604020755948144
-0.5766832310256286
-0.5529471142087748
-0.555953344226334
-0.6339319850260148
-0.5484009991811547
-0.5163024043612034
-0.44316700062779146
-0.4717869666901934
-0.4950970576914403
-0.6076022365262314
-0.5775186404752481
-0.6241022482172736
-0.5247645607940619
-0.5339707511760337
-0.5289783634664328
-0.4972704600279077
-0.5687897546604284
-0.6458755014127041
-0.6442555398524891
-0.641936987059105
-0.650020712440163
-0.6273150999147414
-0.7414159887103123
-0.6370377788175748
-0.6862900235023335
-0.7221354971189704
-0.6855436679300538
-0.6473497530422175
-0.6723896567349544
-0.7753584143823222
-0.7412197021961534
-0.6967481217917497
-0.5120875778648232
-0.5786704983348009
-0.6227405158712944
-0.5995392287041863
-0.6680320248038241
-0.6522953724025327
-0.619339481307709
-0.607746710365582
-0.6212232580332488
-0.5934997444662986
-0.5156134507490083
-0.5871249117852992
-0.5957346864690697
-0.7108166609049332
-0.7175535458309032
-0.765771569446655
-0.7250479797861428
-0.7104756082135133
-0.5991986198564374
-0.6445004240124369
-0.6734175967349185
-0.5750306353298525
-0.5072576177807402
-0.537870764310751
-0.6670109125076307
-0.6873724676855311
-0.633522398813634
-0.6399371284795924
-0.6777793744846998
-0.583519179134535
-0.615156361348435
-0.6232960337147684
-0.6340281847447319
-0.7119238050038377
-0.6207396301751545
-0.5906416312430562
-0.5386033270948721
-0.6359638389665014
-0.7402476806862862
-0.7212682371152916
-0.7188788385339081
-0.700531456870739
-0.6551442953615877
-0.6403133774002098
-0.5651912521612121
-0.5533266994993359
-0.6866975958734116
-0.6802926728753282
-0.6384453212151964
-0.6523497855212946
-0.6755647885357047
-0.6318114580775368
-0.5578687531267073
-0.6881175513984841
-0.6059465611721305
-0.6899300635845803
-0.6369226309427645
-0.6775186035728771
-0.7021754394798593
-0.5411189166166372
-0.6561300088339468
-0.6371090375971492
-0.7295649459470515
-0.7160537345819407
-0.6730147057288681
-0.6454686460284316
-0.690083067631801
-0.6078091657534608
-0.6514951033904568
-0.5820481809373904
-0.6005796848555764
-0.595936362098341
-0.6132785493683842
-0.6995128695160139
-0.6473834642488336
-0.6395818017416355
-0.4788926684040208
-0.5725001050870603
-0.6048090486904193
-0.6691949828989021
-0.6604291013735412
-0.6282801484104278
-0.6296291958126656
-0.7490295392206148
-0.6568982357856386
-0.5745549243012451
-0.7126000645100675
-0.615990979912014
-0.6705820598330706
-0.6736101635954447
-0.663428125022753
-0.6082522888189223
-0.6415545229640183
-0.6912470967742882
-0.6276323892169144
-0.6307858293016457
-0.621298538518478
-0.6282303448072972
-0.712096753162033
-0.6390479058586963
-0.7276499140520383
-0.7215672544208427
-0.6671766602145696
-0.6553962765616678
-0.6948582663823722
-0.6604036083274605
-0.6828671235207926
-0.6865443693163913
-0.6103476286925883
-0.7054212265177513
-0.664369726235064
-0.587374743372275
-0.48570644324075685
-0.5451509363435854
-0.5619701219139056
-0.5854991742628186
-0.6141051323713597
-0.639513613264129
-0.6026222509649135
-0.666633845277314
-0.6875645153665679
-0.6568509636292368
-0.6647006709032608
-0.7534867067295717
-0.7356804728116023
-0.7237240509587379
-0.6218047108828763
-0.6165900544158256
-0.643780881727356
-0.6706879200159312
-0.6906770537391098
-0.6777484557229199
-0.6007431348180963
-0.6597817689788207
-0.5120664225082153
-0.5560715295334518
-0.5708379541651911
-0.6487134318154928
-0.6912625034470966
-0.8077479397258155
-0.7444291168342255
-0.7301508652945741
-0.6598385236928719
-0.5862799555220198
-0.5232213641918372
-0.5827343843042596
-0.5141721818403479
-0.5206712147808908
-0.4841824503608523
-0.5281156569256521
-0.5611079371655845
-0.512384224029524
-0.5282301313013954
-0.5111360757229769
-0.5824192159272629
-0.6068769648938276
-0.5748970592027239
-0.5847235190362855
-0.6004495265090796
-0.6261805858510434
-0.6585673599015374
-0.6457847239268735
-0.5625819107232866
-0.5875143508075953
-0.49819079487976564
-0.5805411116635573
-0.5154155745330019
-0.523082228073452
-0.5249612407310928
-0.5706457094680146
-0.7150559977093038
-0.5564315671468372
-0.5204269952169681
-0.671102437648646
-0.6235140967472419
-0.6065310653570163
-0.5646853709571056
-0.5591246758026779
-0.5922611575218669
-0.5667527121328889
-0.6146613873568532
-0.7352686332799068
-0.7066858428088323
-0.744382570069076
-0.6989925023952049
-0.7211048463863908
-0.6931673893593494
-0.6281803332099862
-0.6862549978374821
-0.6866779396313156
-0.6701936237024773
-0.6345440447719676
-0.6170049593620484
-0.5987439016854738
-0.6762865438946885
-0.5752930057646416
-0.6463870878017677
-0.650618290094545
-0.5972643620804206
-0.5752024500338553
-0.6174253137342859
-0.6547508522951978
-0.6403283316073467
-0.6690340450167835
-0.6572427595465644
-0.5906984572693006
-0.588499189582382
-0.5278338440360929
-0.5272286988448228
-0.5774414619662069
-0.5357298739399794
-0.6314194466549302
-0.7035226269670125
-0.6158021895672133
-0.6728958345571195
-0.6920188025227694
-0.6900130199710626
-0.6868575723853636
-0.6750392223501619
-0.6600596901901213
-0.504488184558647
-0.5969169420067082
-0.6575107856050243
-0.5287714793803396
-0.5731520026606436
-0.7456591657181968
-0.6627821044919272
-0.5149532246138645
-0.506625611056614
-0.532387122446912
-0.5342709648735726
-0.5965903501654028
-0.6158238877582937
-0.6811040271369282
-0.6041582081564463
-0.6470933352634439
-0.645189107868693
-0.5704395394901275
-0.6468829014469313
-0.6767758117547467
-0.7115456954522654
-0.6378195632643779
-0.6055606136168273
-0.7329996987385509
-0.682487406636717
-0.6650633143635372
-0.6442521491328418
-0.522537157377724
-0.6774943704407538
-0.706210379717977
-0.7620952929226437
-0.6202359434727452
-0.6400067522851082
-0.6661742153080803
-0.7255638853924602
-0.7439026755640766
-0.7670945036224244
-0.6578014276797635
-0.6415162057582011
-0.5944164605804702
-0.5735546345977396
-0.6235655868973787
-0.6314704971922872
-0.6115938397973908
-0.6043154658342721
-0.6466892469373801
-0.6516510657858529
-0.6737882784239305
-0.7154401658589336
-0.6804922425176685
-0.689411958571905
-0.7030295633869699
-0.6573135550743829
-0.6667662372536554
-0.6541049202708131
-0.571808198218704
-0.663431807128751
-0.6885285742704956
-0.6660056229634442
-0.6466142094773123
-0.6830071726436833
-0.6829025655855195
-0.7444551502353485
-0.6682654418686231
-0.6758415346962381
-0.7468355106482785
-0.6639789971000923
-0.6519337658075232
-0.7953567195577416
-0.6415826418988677
-0.6409168903470661
-0.741798080333015
-0.7161580986350351
-0.6443742295310037
-0.674824010525171
-0.5764962568840664
-0.6369913752967878
-0.6000616922275288
-0.6499573512259782
-0.6666803677817832
-0.7438834531838102
-0.6508894787509524
-0.6224477707673925
-0.6024857067786296
-0.6448036062433289
-0.6388795489244207
-0.617897196962921
-0.5782900353317606
-0.5571948193108226
-0.5396370621154872
-0.46631164164604616
-0.5484402715500183
-0.6983986035584664
-0.6476012046248215
-0.6953969617266336
-0.5929519863817462
-0.586755893675974
-0.5854623969040232
-0.5622013053004387
-0.5419945411418587
-0.41516903887303
-0.507642836416693
-0.5817848021696708
-0.5103379960354757
-0.4817182574623709
-0.5079816110108876
-0.499664790523051
-0.5291872405730491
-0.5391464573976796
-0.4953283955570013
-0.43985598068665943
-0.46400169163205157
-0.5479342008490712
-0.6077059006430288
-0.5949635775376557
-0.5461778264216303
-0.5053117067615263
-0.46444162082927243
-0.48349174790082794
-0.5605975672244495
-0.6671233172828158
-0.7520956845858673
-0.6479293197869118
-0.6226194033450192
-0.6576461494644541
-0.6577495977852856
-0.5860880689703605
-0.6757834733357067
-0.7132941489084725
-0.6354017871847432
-0.6212294775103194
-0.6136988478027204
-0.5495071423463955
-0.6065566731389429
-0.6897229445635397
-0.6589796627971827
-0.6939755338115933
-0.5946305829740054
-0.6585447030987608
-0.6485733308091778
-0.673833930807294
-0.7782809900807532
-0.7452878878424181
-0.7674281750752877
-0.70045638917112
-0.7201233512872219
-0.7362570800872911
-0.6616378071286884
-0.7303230573697694
-0.6249695793769233
-0.5578991094416323
-0.5677719901757267
-0.6734901222732733
-0.6391558797617174
-0.7107606316453945
-0.6631371736908471
-0.6424487914029932
-0.6646892747400219
-0.6605705718067025
-0.6564130355232459
-0.573662555852941
-0.5853323010180715
-0.6821935955730656
-0.6549677941463143
-0.7578811766235827
-0.6084285884647272
-0.6012980752779259
-0.6595148985528372
-0.5298692813163619
-0.6356399244509948
-0.6354415450125642
-0.6563464511525066
-0.5656372681656257
-0.713201166821716
-0.7365162692354761
-0.6229040193708663
-0.5995388158281376
-0.532487997778042
-0.5392186533755469
-0.5641613173889793
-0.5580359247316977
-0.6923084851782122
-0.6596775303703809
-0.6303459399343797
-0.7436105012023109
-0.6517118260111014
-0.5715856395733824
-0.6401832458365522
-0.5860794303781897
-0.6261753503493653
-0.5958211251779764
-0.7138706546800225
-0.6683094283265624
-0.64020089822896
-0.6323082024732791
-0.626390683257114
-0.6439592456240005
-0.6499368342452332
-0.7223967747320587
-0.7795258574853606
-0.7507264181320372
-0.732041443667612
-0.7527348653916572
-0.7289401712917171
-0.6945395979620113
-0.7313172152609844
-0.6966044770460657
-0.6225441470192733
-0.5700702746432387
-0.6016840503826031
-0.5813185174975074
-0.5426348142665365
-0.565709753298389
-0.6470699732503131
-0.5793730439504752
-0.6687362887045899
-0.689873868730467
-0.6272584288593706
-0.6743393241606995
-0.604551269279398
-0.5802149998573479
-0.6593203466080558
-0.6637359934237346
-0.665296461898441
-0.6432412154620528
-0.7669593141917722
-0.771330488322321
-0.6930462596391623
-0.7385669879750593
-0.6587437800316974
-0.6807005245566911
-0.6915365396045612
-0.64080800436687
-0.7297838068528849
-0.7691927760745535
-0.7182789266542655
-0.7004855591890566
-0.6100671555256743
-0.5914533954890112
-0.6397615055106624
-0.7355450882406972
-0.6117881882975901
-0.7282690566017639
-0.6324780715973092
-0.5699878633457567
-0.7147672324953795
-0.5488754946190739
-0.5964812720520142
-0.5366989202000416
-0.5546549609946588
-0.4322063427951812
-0.4340326497165344
-0.4641023387268182
-0.5488535451769868
-0.5892824118960823
-0.6274819688784888
-0.6808933222137311
-0.8012747090003896
-0.7837497365737308
-0.7574016428922982
-0.7353234553121479
-0.7480585248416602
-0.7953227584036495
-0.7198567117026001
-0.6928363789935192
-0.5655762143694472
-0.7144914517800737
-0.6969638357549277
-0.7178891948539866
-0.6950530907542393
-0.6798729205058768
-0.6617051098130143
-0.6129291797426984
-0.7453950807169522
-0.7359604464781555
-0.669209399459142
-0.6187279695414829
-0.6366002718132648
-0.7446943737532807
-0.7115251272514966
-0.6109034342578724
-0.6263302225458711
-0.7176475024790732
-0.6729353686971231
-0.6308772398594635
-0.5816195060343072
-0.5816653940330792
-0.6112346882307915
-0.6443659689683413
-0.668574199061826
-0.6667300372482329
-0.6473902738940964
-0.7276078883430142
-0.7278700374941889
-0.7031252207574628
-0.710357361962441
-0.6830695574121481
-0.6617105514593963
-0.6080357277065764
-0.6714290325269099
-0.6598043632077948
-0.626327750365924
-0.5113758477044691
-0.510309510791807
-0.530314432117878
-0.558954465405715
-0.49056028848581157
-0.5491552299134723
-0.5802233750053727
-0.5876528495389084
-0.5789168388408751
-0.5827139521594137
-0.652552300191177
-0.6669481050163789
-0.6800207590837024
-0.6065528466145665
-0.5674303176732188
-0.5873187793303372
-0.624929756978479
-0.5791190551173898
-0.6491281237404916
-0.7255070629005187
-0.5733143948305547
-0.6224743081354216
-0.7481808595917416
-0.70078233255979
-0.6745968224548298
-0.6556966579589406
-0.6514057527828464
-0.7419003635405208
-0.7272140420085725
-0.6932793062891722
-0.5971517343589665
-0.5723075439063342
-0.6419298831079262
-0.5221345953384223
-0.6594293143013896
-0.611581814743647
-0.6606443859067498
-0.5899020492872404
-0.583254758550478
-0.6209240619001398
-0.739128343979963
-0.6975207623546426
-0.6747808940476203
-0.6303514752273786
-0.5450931726819185
-0.5710754743727128
-0.6182874685797046
-0.6655439021564272
-0.5811223829712091
-0.5905792771290426
-0.4545486542598174
-0.39199040135659297
-0.38805280087332145
-0.4550139925972347
-0.4352367647347865
-0.42040067729847513
-0.4045918771388119
-0.4522675600139608
-0.5555086037231108
-0.5619819925897711
-0.5382716149837814
-0.562802988433671
-0.38582220392928906
-0.518213601543254
-0.6111635473945851
-0.7105255925375444
-0.6925007233517123
-0.6819389651151154
-0.6052031802030357
-0.6090256470572704
-0.6441323360599657
-0.5786555296625211
-0.7158946616482671
-0.6879017207989931
-0.6987963344763002
-0.6712337003962145
-0.5943523118196009
-0.6916732680809589
-0.6021949770716534
-0.5981884037213551
-0.6321065754737281
-0.7457995551879144
-0.7429141223616142
-0.6134178681306152
-0.5731717081305778
-0.5153565307534002
-0.5635789305024389
-0.5743377309750737
-0.5596411419590925
-0.6621051171967133
-0.7788699742543914
-0.7889801951054141
-0.7475828971650902
-0.7108793664525153
-0.6845475030509537
-0.777026062228807
-0.6021442329543338
-0.5990332934967946
-0.6561371479799155
-0.6389288463770006
-0.6886317410700736
-0.7224462018078724
-0.6125912825023692
-0.543955369725682
-0.5562784739552991
-0.6250305507156896
-0.7098654269156517
-0.622545006343501
-0.6034770308469084
-0.6303634393343247
-0.6543748813792517
-0.6598367733097349
-0.7367872757713174
-0.6868651667790519
-0.6252094584014043
-0.6405464924485085
-0.5571267122159654
-0.46087918456394505
-0.6369818956029069
-0.6903338098226779
-0.6616565560060609
-0.5616229187308936
-0.5494986433321647
-0.6159612364434673
-0.5307662724559358
-0.5446931695283094
-0.5406665903288322
-0.5646772396065508
-0.6339746498104136
-0.7098841126656557
-0.6475528308488957
-0.66781616500245
-0.6905976413226218
-0.6518366222589466
-0.5657530136646769
-0.5453973283355565
-0.5740046894852808
-0.585549716402746
-0.6328947762952218
-0.5208272759006826
-0.560757625249103
-0.5265041262131135
-0.5143445824188205
-0.529161769392226
-0.5864197464509076
-0.5366195881995446
-0.5887938951129814
-0.6702665347376136
-0.6429005439850495
-0.5915717681773
-0.571652825725369
-0.6825634119136965
-0.6728666883829246
-0.5705072594816326
-0.6070548544437433
-0.6441020455937398
-0.6308169499144537
-0.6592996652206328
-0.7217882222664775
-0.7237571858915814
-0.6976604309600961
-0.710440926918877
-0.706680729457273
-0.6426031451420328
-0.549071033807536
-0.6213359186331149
-0.609516468294192
-0.6154818972370537
-0.7239954183123873
-0.7540936101865973
-0.6753099450800766
-0.6374095128380931
-0.6074570726987094
-0.7011136878289156
-0.6568154557430086
-0.6108473872605151
-0.5819990667933558
-0.622479945284141
-0.6668495695294341
-0.652508417705073
-0.659168631852263
-0.6316947712899879
-0.5800212820800017
-0.536279999551195
-0.4789425852632485
-0.5454150709984165
-0.6002441659094817
-0.5413582708193726
-0.6041573820492727
-0.6043634251693886
-0.5828060707599239
-0.5235390310163102
-0.5310470155554506
-0.6122530990220442
-0.5770816901080728
-0.5832905678128576
-0.5781785368684751
-0.5755492382288597
-0.5574736598637182
-0.5828446162563414
-0.5448165559246732
-0.6148667441266996
-0.5579685514091106
-0.6057216540003199
-0.5094316294886495
-0.5509473465442599
-0.49013061749630793
-0.5890804946067543
-0.6103173386820124
-0.5856198334851022
-0.6248739195311032
-0.5298254815949625
-0.5208395100459544
-0.5201576273987585
-0.5360754992851132
-0.44024817586061976
-0.4414430092897652
-0.4939254712009408
