-0.6339363492136451
-0.749029573257578
-0.6762350681247884
-0.6865787828445398
-0.6272360585632447
-0.7552746576257794
-0.6372741373494638
-0.687062182484141
-0.6330880356126282
-0.6686674823003571
-0.7343655858297433
-0.689527634975326
-0.735143961713108
-0.7348017256896737
-0.5868975161428674
-0.6530563189613149
-0.662376563258808
-0.636741990156531
-0.8452161557795032
-0.8220800363162846
-0.7452068854412472
-0.5914287153316815
-0.7064580596559235
-0.7187960957458186
-0.7939109789017449
-0.7249774033115909
-0.6823975173563442
-0.629695528276234
-0.6913128012378453
-0.7382366881309138
-0.6934613533027211
-0.7605768422306182
-0.7750184127529559
-0.7352811296982834
-0.7876214912526625
-0.6709377771944673
-0.8166793546792325
-0.7999231109690029
-0.8074526161820754
-0.7754503361845696
-0.7269519589100415
-0.6853070083786256
-0.713215118852886
-0.6866398177837791
-0.6998132576094359
-0.6902181833180583
-0.5446465256370461
-0.5980891769497455
-0.6126749074239413
-0.6694693056587343
-0.7507565701082975
-0.7664104856854351
-0.6247698728885462
-0.6194288193569009
-0.6907676801503678
-0.6945543996550044
-0.7115181049277434
-0.7476016301535156
-0.6860016060104371
-0.6759087594872101
-0.7665586021151959
-0.7579193779382043
-0.8311673836978676
-0.7672899650362329
-0.7790552398200703
-0.763562619653599
-0.7781181897705243
-0.7415009764652102
-0.7845242164074286
-0.7004016281503175
-0.6619251269688472
-0.7149936092547913
-0.8271550402053394
-0.7897374995137747
-0.8681192644017801
-0.8766270821356862
-0.8145950350008101
-0.7845679920101284
-0.8097290684181555
-0.7946504042253415
-0.7940317082009302
-0.8195623015278384
-0.7168105141003441
-0.770815538886009
-0.858275540200366
-0.7923148284083673
-0.7504079244117821
-0.6515783319312276
-0.5726995426803487
-0.6184437583864862
-0.5850838435611339
-0.6817509745335348
-0.6181340402335362
-0.6580775198548862
-0.727320507984113
-0.669011034495454
-0.7632493477850057
-0.7966886449749323
-0.7945446825760323
-0.8283058709679286
-0.8586790555168461
-0.7644162003863035
-0.8798720303110912
-0.7894429088072744
-0.8391972766479191
-0.857011763668583
-0.7805450018466842
-0.8956903242818403
-0.772796991254233
-0.7424179605192686
-0.7327708509778892
-0.7300604056787511
-0.7759766087118231
-0.722303287556861
-0.768873506981229
-0.8099311849615602
-0.8148078488754739
-0.8301990509449092
-0.8262757061849656
-0.6474687288542242
-0.6808932274818219
-0.6873600880801564
-0.760807644737369
-0.7035152923791013
-0.7708989388069004
-0.8121805271454459
-0.8905881768912222
-0.8244837231709203
-0.7839647055860601
-0.698026103809458
-0.7391040029764872
-0.6662896270678502
-0.6712872353725299
-0.6582470764767594
-0.8091688210212301
-0.8248125210100169
-0.7930908654280752
-0.8393384765789541
-0.8437684885792665
-0.9297712830858743
-0.8667213179798464
-0.7485115335622314
-0.7320446823775543
-0.7450514630645676
-0.7393964085923939
-0.6786776862133187
-0.6933611007422436
-0.7407539275087367
-0.7982512925327137
-0.7496584523254392
-0.7528406021800773
-0.7698496262167491
-0.7792191200761915
-0.6787789732563065
-0.7343155013739385
-0.7097157889645483
-0.5707519960171735
-0.6830040791285077
-0.733516411787884
-0.8057475438432078
-0.7474902547601857
-0.6040656099155758
-0.638078073054581
-0.7201545775318281
-0.6908596935373343
-0.7214466372890271
-0.7224628656682274
-0.8043715848707015
-0.7497575909629022
-0.7074173028733084
-0.6523855666933047
-0.7411901930776837
-0.5909207910808304
-0.5674589266781191
-0.5657881434338244
-0.5923990638725141
-0.755970846556754
-0.7306741171724684
-0.7216131783903894
-0.7644023691336019
-0.7538070774301856
-0.7105991559609404
-0.8007681105980424
-0.8844794675666922
-0.839003783633708
-0.8104868046272756
-0.8333250365527698
-0.8666778648244423
-0.8126715197207708
-0.8538785666026809
-0.8435504034060379
-0.8721426936443103
-0.8219978080431163
-0.7862480440341607
-0.712311872316271
-0.7532812322411353
-0.7895278122631191
-0.7391039896021273
-0.7364128363993651
-0.7055821041364666
-0.6539490891683887
-0.5839697672137215
-0.6446691049769129
-0.6991520790428072
-0.6664104357142521
-0.6383195907431597
-0.6623218533659212
-0.6810817352248978
-0.683564287376793
-0.7862928036672902
-0.7734603821933053
-0.7676133284448825
-0.785593955396506
-0.5865743487485586
-0.6657318759402368
-0.6363951922894138
-0.6347512182189745
-0.7866327507683393
-0.6797173263200109
-0.6401494883143608
-0.6723767004780616
-0.7795452100818206
-0.7391613155769112
-0.698265467870395
-0.7781390972146559
-0.7614069822656447
-0.6772119533541738
-0.7113868762047485
-0.6189044548474791
-0.6033747112956594
-0.6779890438808615
-0.7213362650410089
-0.7108264532650193
-0.7308428054115123
-0.6846342350824561
-0.7041383176537794
-0.6788573500279975
-0.7155811579129129
-0.6968638714249314
-0.7279167014747127
-0.8262959805278888
-0.7885279537896304
-0.6680176554216208
-0.6840749108645451
-0.6268090633318029
-0.6129060965266802
-0.5481586748741081
-0.5788704912575333
-0.6496442095129873
-0.6923059912956343
-0.6347092622167712
-0.6971081585996892
-0.8597072188045675
-0.8154242569302992
-0.8775926202011612
-0.8306450882612205
-0.7714885004745525
-0.8010009577611379
-0.7605612250962056
-0.8501452865312227
-0.7674673625679661
-0.7095026713681007
-0.696731830342053
-0.7215370104190402
-0.7744035305716533
-0.7852005574241924
-0.7461151235257376
-0.7138668038740249
-0.7917198901701816
-0.7251183352463815
-0.7163948174024084
-0.711018222899987
-0.7896789977756422
-0.7986976903077361
-0.8000034546133646
-0.6706979448985133
-0.7804691532522204
-0.7343788184202829
-0.7733827796643769
-0.7642538352677513
-0.8391980464620398
-0.7874902123973793
-0.7315675870784568
-0.6868953272090599
-0.771872818846289
-0.7004605857379187
-0.6955433325760657
-0.602386619700068
-0.6919236364260979
-0.679778900479541
-0.7241678548944837
-0.7430130933504087
-0.7915782348175587
-0.8322864361401827
-0.7862271152858349
-0.6591726431731856
-0.724065634885944
-0.8127595491093796
-0.6558034399069385
-0.7073221803947142
-0.5726922653311385
-0.5033535036016525
-0.607500623061317
-0.661446254833094
-0.5568684798781367
-0.6761463289385834
-0.615562283185831
-0.6711722549221601
-0.5598149640043332
-0.5886483411701784
-0.5508381520650499
-0.6788754285169452
-0.6890188366492551
-0.6453383441244003
-0.6964525081879752
-0.6117792677889938
-0.7309995887862546
-0.810720037393948
-0.7199485107508994
-0.7201630074342984
-0.7620078688000333
-0.688785138842522
-0.6447026817018715
-0.7223536971113218
-0.7488772529205496
-0.7618297165027705
-0.6785377816517371
-0.7010158375387514
-0.7406288860997825
-0.7514168807013804
-0.7906523604482928
-0.8521570675614217
-0.7859350089728598
-0.8021054232795377
-0.8048637491438253
-0.8538594324865553
-0.8132543218759007
-0.7189527423190473
-0.7368225677099285
-0.7717619121711263
-0.6544857425341275
-0.7113580699659371
-0.7170847025624846
-0.6243581034052142
-0.6947189405198656
-0.7400724536914378
-0.7034196868410721
-0.73734761462463
-0.7557255354727013
-0.7114968704550011
-0.662849522045008
-0.7549519401141029
-0.7109838905579797
-0.5967628819766216
-0.6452166403187121
-0.7256153947179272
-0.5706138114949141
-0.6754114855959378
-0.699467848175287
-0.7447917791480395
-0.7391200403322182
-0.7055222465927342
-0.7419752076650921
-0.7242341653906252
-0.7805565570422413
-0.7865538696779866
-0.7208183290113502
-0.8127294192422846
-0.8423267564642788
-0.7612474726699097
-0.8480325989050772
-0.7040560023850806
-0.695643052722291
-0.6884079178452126
-0.6828273578419742
-0.4380732459766011
-0.5308328238154278
-0.47082334867872955
-0.4393323698168371
-0.525698631636008
-0.6573228839390309
-0.6601702146621851
-0.7388420427648336
-0.6829303745642303
-0.5686792505782601
-0.6328884939199423
-0.6075243371205225
-0.7614208877667441
-0.7773445259169629
-0.7370542523867512
-0.699869240569124
-0.7217683232724107
-0.7956948252466277
-0.7869836342990684
-0.6986262561286921
-0.7948682216199594
-0.6904817821484679
-0.7557926249732416
-0.8004365058600624
-0.8368599965475216
-0.8815952661537626
-0.8236260044644717
-0.8331290363697859
-0.7064571357462449
-0.717547156763625
-0.8856895871417019
-0.7647745137945339
-0.6472486996130383
-0.635731217525504
-0.6179846234487735
-0.6606635098504762
-0.6613280876648963
-0.7784830948571057
-0.8407047343446594
-0.8134875863399589
-0.8218389091744308
-0.7481506927411846
-0.6672284409896124
-0.6601210975000454
-0.8253525915160098
-0.7042906234440133
-0.6291913933805114
-0.7285735920930737
-0.651122491092503
-0.7835757708243787
-0.5854084349647929
-0.5604165391041849
-0.6121257273807482
-0.5955613297493765
-0.7243627149852779
-0.780645756531224
-0.7390463533208693
-0.7197189687563219
-0.7160833995011255
-0.7619390953286452
-0.7775876289406992
-0.7878574838225036
-0.7666860070830285
-0.7306296250895183
-0.7269490653335915
-0.6990973206787152
-0.5926541728458012
-0.6700097066097722
-0.6748335459172821
-0.6044688556995985
-0.6217792240028238
-0.7298725236175672
-0.7566668302308088
-0.7229782713149767
-0.6638470152247002
-0.6569419303820315
-0.6869004467989923
-0.727655707320015
-0.7415820395835692
-0.6546753056719753
-0.6650175005015145
-0.7750558792179163
-0.7497732698370929
-0.6357355809555624
-0.6081532026271009
-0.6634212199168318
-0.6084139453342986
-0.5694088142149264
-0.7494618166685003
-0.7045471213704336
-0.7483046971626485
-0.8260470406122316
-0.7869729698256276
-0.7030384081337999
-0.632846202602225
-0.49404412832776373
-0.7332226316467076
-0.6634348998001512
-0.765537550973362
-0.7548856446135974
-0.8822746937557362
-0.6837595719779219
-0.7148352064110484
-0.6511677100303553
-0.6505570452727883
-0.6114056907530616
-0.6660126004112111
-0.7065452613009011
-0.6773723046051658
-0.6681426228279768
-0.5518485346371498
-0.7068065050229864
-0.6988415338220643
-0.7312154782424344
-0.8044979279618442
-0.6705452773084681
-0.7888887890800612
-0.7413344736952338
-0.7613644456330296
-0.7253889424452967
-0.8144479788977663
-0.7210546894885349
-0.7981054636631485
-0.5999538616268564
-0.7086304017205142
-0.7004165604945415
-0.6944699664068236
-0.7523235320138968
-0.6851758319408849
-0.6272589205810852
-0.6198769863148046
-0.5518756192344676
-0.5849732033894615
-0.6013020514663504
-0.6805257313355647
-0.7293539235538277
-0.679696573173592
-0.6636415450394261
-0.7098055594813836
-0.7078157377826453
-0.7272193491060008
-0.8233041693251925
-0.8017613549146673
-0.7751956633610223
-0.7217124820530997
-0.6488217929600137
-0.5260794725657046
-0.5561855837821917
-0.6287284704351762
-0.5953289559081253
-0.6689042236095879
-0.5208568615654913
-0.7383841081684765
-0.7024868843479612
-0.6936334265354306
-0.6080199594205471
-0.7482732269505731
-0.8238670569643568
-0.8600630317986178
-0.7122760633569479
-0.6726803295998702
-0.7708272347577488
-0.7291395349787166
-0.7861670005978827
-0.7197439495953357
-0.7609117590072618
-0.5936041869689106
-0.7370207452826548
-0.7470648117993596
-0.7485315951520035
-0.6708416197878745
-0.6137807170742149
-0.6818496547028677
-0.7392396704865876
-0.7829507125663717
-0.7840565448531751
-0.8571192082060678
-0.7227430757319995
-0.8078339998372741
-0.730765155669451
-0.7292386339815764
-0.8488073119678244
-0.8520097424508426
-0.8513093771970148
-0.7704219961147474
-0.8410176299532146
-0.7111557102468714
-0.6477784007339182
-0.6961916278487462
-0.7709002956015969
-0.7822992102098745
-0.7608605720973474
-0.7617403777398705
-0.7435278369025026
-0.6251052484157205
-0.6438907964386461
-0.5948806404724479
-0.5731891037225944
-0.5981781178463934
-0.7107778666832165
-0.6446976957948747
-0.7654584124286412
-0.7676607284832163
-0.7697373523179178
-0.7243784991208875
-0.6615952000319157
-0.670369450985629
-0.6793675283888402
-0.8331821394399599
-0.7933522396238654
-0.6986744737390274
-0.8651758777015699
-0.800205337274942
-0.8155572046174846
-0.8293258333288414
-0.7268785923826108
-0.684537777627277
-0.7901046389350898
-0.7817358575582986
-0.7677163245488465
-0.6803603790733959
-0.7032629150553602
-0.6894235445240074
-0.6846424761306518
-0.7760807430359511
-0.6495019028038961
-0.5735252682786631
-0.651262685928555
-0.6942106451206634
-0.7634024347762731
-0.7245043814822905
-0.6915408093234101
-0.768445812214849
-0.7436725588171521
-0.802728204725256
-0.6974873352244533
-0.7471290929698365
-0.5758708532073104
-0.6928818124605901
-0.5839758477440316
-0.5817422384847706
-0.6071207396692164
-0.7569102772947631
-0.7135034357771546
-0.7199716544692302
-0.8164830275995335
-0.6657004767589061
-0.7053196260623202
-0.6438361812938815
-0.7862282783399444
-0.776214217170641
-0.8204076117024571
-0.7630132257707072
-0.7215387234563923
-0.7771938782280663
-0.8188464802464648
-0.6780075706864078
-0.811533064313039
-0.7322484305960828
-0.7857903076481053
-0.8083263862663583
-0.767109110367682
-0.8072592045806144
-0.7932374784330096
-0.7138165377238032
-0.7570587281842321
-0.6772725310642227
-0.7193806776820972
-0.7002419783368489
-0.6855475836596054
-0.7689628224249382
-0.7356040616559851
-0.7414691204209133
-0.7326301036935716
-0.8886683528092132
-0.8189732922527437
-0.764426264516839
-0.8196740365131927
-0.7603970317104548
-0.7858793049672202
-0.7738283375554359
-0.7202184736155496
-0.83084491065416
-0.8727559863853404
-0.8142800981444267
-0.7725327085892835
-0.7949596470690955
-0.7924865673839125
-0.7401496208683416
-0.7623451457888037
-0.8113961897790483
-0.8780644369600143
-0.8181231598386647
-0.6819499999164983
-0.6797788258452034
-0.7091798198980516
-0.6121621056183293
-0.6972558540763809
-0.7017832047735645
-0.5716351157935095
-0.7425466757309243
-0.7604169586325241
-0.6939538695283147
-0.7307607044250766
-0.7031557816942134
-0.7799092635348729
-0.8425045884232775
-0.8620552679038402
-0.9081162981018371
-0.8887406171350393
-0.8166301203740624
-0.7634578315931687
-0.7051642600721935
-0.7326777672831735
-0.6883644191108127
-0.797557907892819
-0.71563918974914
-0.7381568123147886
-0.7719467487881038
-0.7246631761672243
-0.6929251400462305
-0.6215417847197048
-0.7046380918247004
-0.7336097156483319
-0.7580755310040049
-0.6795826437063333
-0.7073558366116882
-0.6605924864335048
-0.78532989235855
-0.7849981988447732
-0.7275202340297842
-0.78747891108809
-0.7555721410114021
-0.7529297876163543
-0.6957329671103013
-0.7071719694995274
-0.6379478971728324
-0.6765879720963094
-0.7126640513984541
-0.8064860381707524
-0.869144144764555
-0.8346326544808014
-0.7782109053273549
-0.7632068916032165
-0.682632686538702
-0.6741530630523616
-0.681524942442263
-0.761707933369553
-0.7178432362428762
-0.7876308884774893
-0.8558991196831512
-0.793571287954071
-0.772185275048973
-0.8375966920369137
-0.77118018503451
-0.6778753720970516
-0.6421613010230602
-0.6527788243855945
-0.6822000397059432
-0.6758709801330935
-0.6957974547888948
-0.6534805613909338
-0.6316981983231715
-0.6732574876715828
-0.7210531789729426
-0.7712003977769277
-0.6534151594184547
-0.7907923146660509
-0.8213868898665725
-0.7176252385031977
-0.8286590230852924
-0.8325383887073575
-0.6856322175850211
-0.7672073602402455
-0.7346516926422726
-0.7786596707794744
-0.7023210724768307
-0.6288405763260436
-0.6087709642403558
-0.6546865563347851
-0.6956454591447143
-0.6506657899164355
-0.7952972193708526
-0.7388257928919645
-0.7166074119288403
-0.7304815641326322
-0.7430895545142006
-0.7435207023584021
-0.7060175195405176
-0.8763923114806332
-0.8216495788019763
-0.9535525242923256
-0.8152669546956878
-0.7829129201731885
-0.6553194473414292
-0.5962652540626572
-0.6684626897138334
-0.7822365432379089
-0.6808722390684464
-0.7204186848902928
-0.7117612680647106
-0.7473444142701394
-0.7945111130721189
-0.8054779956910445
-0.720896522401568
-0.6206759411925131
-0.904940762854168
-0.8507802773967302
-0.8767588769421951
-0.8260453800885543
-0.7841262302895156
-0.7142298450675552
-0.681658162937548
-0.8736602438777658
-0.862732521752816
-0.7117776052085022
-0.7537441797236631
-0.8330795904419879
-0.7575264931198766
-0.8574912621656277
-0.7533468336404366
-0.712218789123738
-0.7174187868402468
-0.729249658536969
-0.7464883532186231
-0.8075546578298847
-0.7181424291825148
-0.7479555681716288
-0.6785668959424792
-0.6973326203885183
-0.8741416037484315
-0.8204948865194686
-0.8382050136851446
-0.8306040613372093
-0.748093913066163
-0.6464771652114859
-0.6420238173405802
-0.7089458805090195
-0.7179314061430689
-0.611036056638161
-0.7375030605813708
-0.7975182665783815
-0.7535442797325655
-0.6510409738618453
-0.5966440830024548
-0.7009962981355479
-0.7795841134039283
-0.6647903246373135
-0.7200539966546856
-0.688920636054953
-0.7752250765438512
-0.7510208500033153
-0.7588936644896086
-0.8571023810353811
-0.7216878378250638
-0.84830944263494
-0.7042796495998239
-0.7285244466397254
-0.6474880142400729
-0.6327406051726039
-0.7614962615004248
-0.7744326269414913
-0.8135059923845863
-0.820366363426516
-0.8240649158232028
-0.6817347377009081
-0.809055216994806
-0.7271547242784522
-0.7606522998920353
-0.7219587809563242
-0.7690382069084614
-0.7679063492750695
-0.7280858485603939
-0.7701117341564312
-0.8151899317373065
-0.7446284727174958
-0.77865666240722
-0.6555425753688712
-0.6154113771594779
-0.6718003022603316
-0.6447801277858914
-0.7230337416375131
-0.7432629502358937
-0.7402821390924984
-0.7385464287209529
-0.7377159729731962
-0.8056877491478251
-0.6849075538805246
-0.6313906552828042
-0.6084035945874635
-0.7410084787763527
-0.8372971826598599
-0.8556103069239598
-0.807926110502115
-0.8185140337119119
-0.7750315133112899
-0.6744452443120376
-0.6791313405972681
-0.7191885387267365
-0.7876820987941604
-0.7926225875287973
-0.8156460162600819
-0.7371625974064131
-0.690234624800867
-0.5680178685452574
-0.6494346975660787
-0.7406066251506809
-0.6655459624817316
-0.5952220665431198
-0.7625665021504151
-0.8929061722641644
-0.8938328661550894
-0.8103373522033224
-0.7629051778249025
-0.7571163144485199
-0.728303287556922
-0.6689909551928459
-0.6853493605745556
-0.6995730111738782
-0.7320740675125893
-0.6663201315668801
-0.7404143835489176
-0.6814882627729547
-0.6524051309113756
-0.6958947434800188
-0.6367285801475053
-0.5810276945204623
-0.5608602499615407
-0.5871340193285426
-0.692115731143262
-0.7393306600333107
-0.6894678328313575
-0.6217736020737423
-0.5503277800019516
-0.5505389692622427
-0.6179210098398358
-0.6621202385193897
-0.7965271004387456
-0.7856776793829414
-0.7412858160074532
-0.6683401467721857
-0.7301591431339517
-0.724297634726483
-0.627386287967252
-0.7111740283319533
-0.7319292309213837
-0.6850949154919659
-0.8157207580600511
-0.6725312028926629
-0.788312576420498
-0.7762330349387909
-0.6917294695651285
-0.817337407544813
-0.8473306968141299
-0.8373885787197598
-0.7578447186724091
-0.8419184970394795
-0.745386673606834
-0.817267886876852
-0.731196068383446
-0.7074815455289486
-0.7959789947361378
-0.795975576977143
-0.7216957748357289
-0.6571633581590482
-0.6839989334199481
-0.6605240478971874
-0.7805755929323599
-0.8163365477796174
-0.6961529912707219
-0.656393293313
-0.675987642849375
-0.7846426279874075
-0.732201581225925
-0.7181555082629953
-0.8008707784145981
-0.8040651001376817
-0.8065874013521073
-0.7825112439627439
-0.8493768183570245
-0.8550443576312745
-0.8440737819317017
-0.7885580952826617
-0.7840144158147445
-0.8366462367255424
-0.844653434705121
-0.7517608951032114
-0.8035064249643146
-0.732347813639003
-0.8299091913479365
-0.8157745792196465
-0.8136149383788556
-0.8877778976547932
-0.7716042201191163
-0.7301027263873702
-0.6414870122053413
-0.6676884851198833
-0.6691276057790878
-0.7096682194785284
-0.704431213157672
-0.7129249607143017
-0.6831469883546534
-0.7184391558413207
-0.6567126516619914
-0.6595376668070081
-0.7833640170782933
-0.783471352021241
-0.8561663265448997
-0.7682371094862175
-0.6899851990926587
-0.5817853423978872
-0.6528363938999255
-0.6931290886343919
-0.6923666539151685
-0.6774631408935246
-0.585908796244512
-0.5009299644908104
-0.5960299059537997
-0.6653107826802211
-0.6901911030587655
-0.5507093003655228
-0.5522888891932379
-0.5842861768732244
-0.6288016664405967
-0.47430582774648883
-0.48858390180857747
-0.4750239137680969
-0.5087658837421303
-0.5872404963003577
-0.5275570593993938
-0.5009296314580465
-0.43994476180860037
-0.460085049303304
-0.5773246250768428
-0.4771252642348394
-0.39098054930711523
-0.3708175380310384
-0.40728024095635945
-0.5005280003092948
-0.4714378556482426
-0.5124295788879218
-0.6365951849657715
-0.6150849582372768
-0.6110785621137826
-0.6121488731517504
-0.5985511335106198
-0.6595804144655948
-0.7990721716935885
-0.6955274853569565
-0.8372432121379115
-0.8660050344311014
-0.8511498419777809
-0.8400068146920945
-0.8651844246075399
-0.7854402310609994
-0.8359931263300501
-0.7082975412241074
-0.7619407926030324
-0.7485461817221502
-0.8088773758411484
-0.6923767353371222
-0.7857024166741168
-0.7859272160476231
-0.6804202639462268
-0.6348927789272212
-0.6694874238929452
-0.6959013832807933
-0.6462429144956531
-0.5575006829046298
-0.5982472893556398
-0.6140720694270775
-0.7142150800030617
-0.693618382400843
-0.7116825810366648
-0.7624628170900625
-0.7947160392993472
-0.7933794478159399
-0.7255150791489121
-0.7727252082518021
-0.6446655130801422
-0.6510289570755401
-0.7700520509667353
-0.8144419592638792
-0.7408636204973493
-0.8279075124327441
-0.8147625773532318
-0.7584383319099778
-0.7138037412759917
-0.6958553561682685
-0.625604210325479
-0.6034647885577435
-0.497845672814412
-0.6557252690545992
-0.6993977669928861
-0.6306062565553473
-0.5301268121064381
-0.5823730371244709
-0.6132984865480758
-0.7662833284341911
-0.8220284685355663
-0.680058517832469
-0.6992780033284918
-0.7455183548957885
-0.7387848334936777
-0.6231435558642378
-0.5866962966638471
-0.5578029093730701
-0.5690943353555957
-0.4928416971944236
-0.5466806861648079
-0.62507371069507
-0.8091863663422525
-0.6870255372808175
-0.7129729065696043
-0.7390312444432542
-0.7524034013648254
-0.7427506802474135
-0.6598961448099031
-0.7078778133838662
-0.7783321861283463
-0.7405520384791935
-0.7779830116922364
-0.8079037814498189
-0.8161307574636696
-0.8166400598364977
-0.7315839249101719
-0.7587860967191297
-0.8681526167485633
-0.7886413517222391
-0.6461720996140117
-0.733059371554732
-0.7766713088755478
-0.7891037866929113
-0.825503729516848
-0.7920919368235891
-0.7418676209058194
-0.7566222413454796
-0.7024160468542969
-0.7141622779142291
-0.7614531660617488
-0.6570846422090081
-0.5822403436368428
-0.61087156780405
-0.7068399333134372
-0.7203832355836046
-0.7545458930429401
-0.7692243692674087
-0.7969691834989102
-0.6380354262854999
-0.649408220123766
-0.6690420404412664
-0.7093729910610432
-0.7417469789171501
-0.7163169904387868
-0.7371692853301246
-0.7201227493759258
-0.5596699202642399
-0.6035947126686254
-0.6565333560727388
-0.7822477049369603
-0.762471918162423
-0.6964325175293266
-0.7170088416399237
-0.570057844428873
-0.6833666530380127
-0.695683469715395
-0.6030615397411574
-0.6812018844662693
-0.6644583972226673
-0.6548792653199723
-0.7187048599002971
-0.7149297828965365
-0.8002435802248331
-0.7890590172801496
-0.871406573614786
-0.7183246186735311
-0.7228861750700349
-0.746140068089584
-0.710170212865383
-0.75342587964697
-0.7259211040145349
-0.7926273522024259
-0.8465493914235385
-0.8339301510205508
-0.8140193972278277
-0.8168584065986044
-0.8602650658108818
-0.8954594770647106
-0.8192540502279747
-0.7163546696869587
-0.7792706679808795
-0.7889787712815086
-0.7936087594311162
-0.777173223228424
-0.816869401372942
-0.737353114585872
-0.7031212785212565
-0.6919067585680425
-0.6957164015487612
-0.6650580749802445
-0.6629404836584045
-0.6641661574475269
-0.74581105004634
-0.6897387152547477
-0.7338371197258199
-0.7251544181719903
-0.6178043448498449
-0.625624129322522
-0.7456034436671773
-0.6684475699706592
-0.7849697526431184
-0.6243097472738744
-0.5686479507656055
-0.658110858650362
-0.6619522381640613
-0.6055666657765908
-0.4495877194044097
-0.507469870035488
-0.6398219760824158
-0.7726003902955144
-0.7939383052529481
-0.6257879304723256
-0.6176095468924352
-0.6518242708313483
-0.7147700459443357
-0.7821432993713227
-0.7034843286130947
-0.7057391745615649
-0.7649852111978431
-0.8254799494422771
-0.7876777256120728
-0.7560665375395983
-0.6919778920903235
-0.8097115604132976
-0.8225069730028836
-0.8375302845241656
-0.8399860749753306
-0.8204138823957609
-0.6643992147172013
-0.7506570475084747
-0.789397017113028
-0.7566020323851878
-0.7714050187021502
-0.7752883518497904
-0.7562000356173609
-0.8304543951883097
-0.8012303419911434
-0.832834938546343
-0.7294699870470733
-0.7289010218355975
-0.747143342926331
-0.6667098082314142
-0.7292864449050116
-0.6860347316791003
-0.6954716720964367
-0.6975852306898395
-0.6989891164597707
-0.7332159977231711
-0.8325433139765333
-0.700441520020351
-0.6843299283425432
-0.6112221104922871
-0.6972252613282719
-0.6854116796809968
-0.8306356409345855
-0.8213957706868782
-0.8059500116160897
-0.7514992907043864
-0.7562347611647374
-0.7262917699957074
-0.8227077669722385
-0.7381404613604778
-0.7212787427703303
-0.7145495143612379
-0.7762784311782108
-0.5974418364339075
-0.5819452316293353
-0.6780432156769877
-0.811254697112977
-0.6760962356433771
-0.679731611168147
-0.5497258667946375
-0.4782631169711371
-0.5650916186262839
-0.6809582770012778
-0.7360951542168296
-0.8290608809020834
-0.7433229281308651
-0.7863307375938094
-0.7886992320629816
-0.7650998489126887
-0.7269786022185944
-0.6494410479789732
-0.6475657242749518
-0.7688493550558204
-0.6628609715078361
-0.7117208671616798
-0.8784597425259622
-0.8566489278955086
-0.8702515381958953
-0.7341242163175274
-0.7146917345781681
-0.746326040044136
-0.7324017579057481
-0.7388412318750514
-0.8485144449622937
-0.7352209260125318
-0.8570296709506326
-0.7744536471878959
-0.74783710388993
-0.7658281211503228
-0.8047480525008589
-0.7479440975796058
-0.7748157874579377
-0.7625442906625305
-0.840947674097931
-0.7213331243962889
-0.7687323594624702
-0.678075889924334
-0.5525646428618337
-0.6457193732223443
-0.6939164694147754
-0.6827210377317121
-0.6259875610602086
-0.6673492789838359
-0.618978480023052
-0.6154998174999243
-0.6493110372419335
-0.6326913427199854
-0.7055641448139331
-0.6472074763026366
-0.6643231501068184
-0.7279718489175953
-0.6808614037923431
-0.793947287118281
-0.7224151393921924
-0.7432277962886377
-0.7697295348297475
-0.7673576139593616
-0.732792989743414
-0.7415935150811988
-0.7229252481331299
-0.7599791361800956
-0.7315109769869474
-0.7370822238724475
-0.79355247568899
-0.7226190011571063
-0.690285296226183
-0.7125507505183981
-0.8294727153181884
-0.8348281824952245
-0.8674872785076961
-0.8114460952090948
-0.824994829827955
-0.8568323147865637
-0.8123972903543882
-0.6862243513629117
-0.6815627052805658
-0.6799359915209119
-0.6662470973100575
-0.7613874811512978
-0.6781656197334592
-0.7742573453179167
-0.7521369903856017
-0.6712674119784264
-0.783373229320887
-0.844416082796942
-0.7339960005099745
-0.7166354632874556
-0.6863181074142488
-0.7201075614029967
-0.7055666106833535
-0.6366788112939699
-0.7205385126556003
-0.6947800686222214
-0.690933797593765
-0.7512869535833084
-0.7326818937714805
-0.7268458881428385
-0.6590657613932337
-0.6994073118988497
-0.8354520732360726
-0.7575214400275553
-0.7900737067411978
-0.8411812362092099
-0.7852915840676875
-0.8278451166971109
-0.791258705859245
-0.8475233811055749
-0.7430201187702018
-0.790735831459912
-0.8007391816302203
-0.8029988379817717
-0.8511870131656035
-0.8152284155961697
-0.8250316406593982
-0.8162117860862694
-0.7278183709355263
-0.8149765520688735
-0.780347944378851
-0.723118554782217
-0.7797913595555706
-0.816052330023153
-0.620864249730219
-0.6316646386614126
-0.7437944862214075
-0.6357860869987294
-0.6719468848887804
-0.7480356092196367
-0.7235810381963302
-0.6663796893804457
-0.6935941306376374
-0.6923685196973209
-0.7259356416426315
-0.6977036225888075
-0.7993781434655274
-0.7369931899424974
-0.686106508792218
-0.6848380217191297
-0.7734553795910077
-0.7008699451632663
-0.8338735263395013
-0.7501298607420862
-0.7848749419919386
-0.7315607628129295
-0.7920527697694205
-0.7204841984555111
-0.7217397828654672
-0.857881503704601
-0.8289768821548108
-0.8813457772981003
-0.647610380069132
-0.744518674322575
-0.7528965199782269
-0.6196398736887884
-0.7355462660369144
-0.8052931361827296
-0.8127566417209774
-0.8575753560274446
-0.7683598040398831
-0.8077565116600852
-0.8290619281709515
-0.8010055068961434
-0.682551106244057
-0.7355638846785264
-0.6876423924927232
-0.7469898062988639
-0.823257679820308
-0.8282742849536117
-0.8315709034491343
-0.8632656347621256
-0.7816094806012879
-0.7820431478349369
-0.7578386399018893
-0.7208079503589959
-0.7218235696088682
-0.5928159243181153
-0.5603591565919099
-0.6435316202422483
-0.6405368033410203
-0.6973068253478114
-0.7875157820606206
-0.686266857932612
-0.7143218003047654
-0.7646906002378998
-0.8097448304648875
-0.7408987451895478
-0.7947193043204376
-0.8579399979748719
-0.758869858609339
-0.7106066601758986
-0.8164245870603247
-0.7701574251870995
-0.7498103909673175
-0.8620178178485811
-0.7740704295989219
-0.7210562295797325
-0.6677906869241633
-0.7304778335743819
-0.7661324146339025
-0.7914048336811584
-0.7306554354197882
-0.8081420749245685
-0.7408908969997114
-0.7687904333152258
-0.741379867312822
-0.6689574569754828
-0.649305918746807
-0.711882684450918
-0.6109602595429282
-0.6598967746778696
-0.7482490423135718
-0.6679763165137416
-0.738977139321031
-0.7011559097711578
-0.6568456622607665
-0.546669985636517
-0.6195628042747462
-0.7245989965662171
-0.6204090543110387
-0.6136055972949107
-0.6479290123097982
-0.6919993123669783
-0.6604858335096155
-0.6680469474350759
-0.7965593498111343
-0.7056332956780006
-0.7351010071375447
-0.6817750436865614
-0.7296521629190216
-0.6787985846562106
-0.7407170817031951
-0.6909390471797965
-0.7003546992994248
-0.7461315708747148
-0.7411012587084479
-0.7391119982463631
-0.7891646928446965
-0.8124074695672687
-0.7950931959582765
-0.8508348606812893
-0.7345196643261799
-0.7237388482003837
-0.6516440968089747
-0.7032430987151698
-0.5715268664261427
-0.635898093290348
-0.69176852430218
-0.7506795383177814
-0.734328412500753
-0.8462669774723381
-0.8203189117190042
-0.8005877386970229
-0.7385963491288164
-0.6920199308119341
-0.7257023040514535
-0.803477021511192
-0.8398980956543823
-0.7469981719670673
-0.7803478678948101
-0.7963581991046977
-0.7666575272265433
-0.726943474719732
-0.7625624068238044
-0.7741292105045924
-0.7216119076345653
-0.7197119527405962
-0.7551348260133396
-0.5170438014758794
-0.5910151367330233
-0.6139783884574956
-0.6042337176286732
-0.708896430605111
-0.7253140756811328
-0.6291928292001763
-0.7049645133079826
-0.6091608465457613
-0.6736761151073527
-0.6370468631335189
-0.6867199089871113
-0.8618924396346734
-0.7637878096647053
-0.7928976314057459
-0.8362382157803114
-0.7494805667593569
-0.7043008421938297
-0.6567322801432677
-0.6560789675442746
-0.7159951318675016
-0.8458453713936509
-0.8197949061912781
-0.6502723320556905
-0.7593497145993195
-0.7987384012312949
-0.8860853796899211
-0.8157059600310841
-0.7750474158647438
-0.7153166136690167
-0.6588925216583649
-0.6587474126748922
-0.6884759596703299
-0.6737730375393358
-0.6688506826236479
-0.6830983783136965
-0.7246743319184769
-0.6943695835730239
-0.6225372842170643
-0.743153611848496
-0.6899187182330687
-0.6613161632111783
-0.7213614947636322
-0.7303855661519183
-0.7466920339595768
-0.794808225042562
-0.8515309202062433
-0.7961267650220165
-0.8010002355797883
-0.8527676161733773
-0.8526989415049422
-0.7841583687881075
-0.7668152307953222
-0.8370366925366195
-0.7064813609762073
-0.6860526060541936
-0.8314481123438404
-0.8839053235498852
-0.7745285059119402
-0.6923977437437825
-0.7535459565310252
-0.7588247328958214
-0.5987252147342569
-0.5944515444371535
-0.6758781958634971
-0.7604727625990726
-0.7175883845471368
-0.8289675611705074
-0.8423523620157174
-0.8112549324185587
-0.8020276192268997
-0.7309779400273079
-0.7615522873686089
-0.6047825526598123
-0.6078787076587219
-0.5497173663919902
-0.6539018855433816
-0.7108514359061855
-0.7236274189911832
-0.6761595482175754
-0.6482587628405491
-0.5722465332859181
-0.5155427491818257
-0.6916715378586334
-0.6962747717438533
-0.7817538101358427
-0.8833356039183263
-0.8154713811997887
-0.829886692906628
-0.843696786372514
-0.8229985252099902
-0.8441869264941708
-0.7628061171130623
-0.8421755001002043
-0.7503060294617274
-0.7065049205600699
-0.6088749787419944
-0.6469363062304702
-0.6742067220794653
-0.6956294458291763
-0.7878054166511917
-0.6463401663049354
-0.650911705346908
-0.4790458431385725
-0.5743662864998992
-0.7095232712511481
-0.7162811829486286
-0.7589399980104174
-0.7178480044028694
-0.7233319931165452
-0.6451099186419079
-0.6768838504461057
-0.6923516657835818
-0.7667852012816975
-0.6504075100828579
-0.7170133371959431
-0.8211377604058736
-0.839525686344237
-0.750751079851995
-0.7899358663592182
-0.7267555574723003
-0.8481276351068266
-0.8257917644466772
-0.8605900744160009
-0.8367419904815139
-0.8751278105532381
-0.7604982980934285
-0.8052251809064627
-0.7209147912439484
-0.7452556714886109
-0.8332006082115425
-0.7809205078402383
-0.786147366237917
-0.6877687303524707
-0.5986001482216959
-0.812784754458876
-0.7767200225548305
-0.7827255708730952
-0.7774217071916897
-0.8203121070300885
-0.6585153888020164
-0.535706440392193
-0.7321630567193246
-0.720882707627726
-0.8095064845655853
-0.7786557295998169
-0.7250457753140986
-0.6802353545962687
-0.7454493885173058
-0.7678377579669033
-0.7644965097467237
-0.7174459999253733
-0.7272424685601993
-0.6783639248157415
-0.6596107665031883
-0.6280076608229546
-0.7336481749989405
-0.7421742292897054
-0.6981921541452787
-0.5929347083718687
-0.6175868870828272
-0.6018201087297788
-0.6834077542076277
-0.7646970912225036
-0.661586193634315
-0.7823645970655589
-0.7702871007384591
-0.8364615882145993
-0.6433020732312842
-0.7914138645948016
-0.8882533329262617
-0.7983964862083924
-0.6931474572670892
-0.7082824999112838
-0.6039343259639347
-0.7157920415647486
-0.6796540700922544
-0.7111012511269806
-0.7233469255350129
-0.6861071770370017
-0.7532492239107739
-0.5860855467784339
-0.6490818222665296
-0.7062321409609884
-0.6048765787640776
-0.5830649751846043
-0.6781862719762741
-0.7177227360617577
-0.5594474385180729
-0.7828357110686386
-0.7601294144922895
-0.8068784525660642
-0.7654448011206373
-0.6861787475151412
-0.7725572002861775
-0.794462409505376
-0.7890521746232545
-0.6626671751716238
-0.7322601023366088
-0.6756191387604955
-0.8053381918538478
-0.8526511780259638
-0.7940186179278922
-0.77515925073643
-0.8576164495484048
-0.789965924953481
-0.8200787775448226
-0.7671238414870458
-0.6788679069197214
-0.6672760039570454
-0.6065443355986031
-0.6002692819411712
-0.7374447303407865
-0.6962174304041581
-0.7206371182923281
-0.7260755978431678
-0.8046470828466155
-0.8340461199691751
-0.8403168017155409
-0.8321955874267278
-0.7301786475749898
-0.6330124351812908
-0.7270454974380752
-0.7762413849772712
-0.7369806701285729
-0.7839882069558826
-0.7167562469723932
-0.8165646181567547
-0.734348927082217
-0.7287663451701176
-0.7431027882686022
-0.7727481769302853
-0.7909491945280792
-0.6872293342682527
-0.7049227830309346
-0.6453168917196945
-0.5846097092521189
-0.7027993639261566
-0.7800823771827273
-0.8165952179923642
-0.8071114494768029
-0.6929655125533863
-0.8250412173733802
-0.7645069379089608
-0.7161605634898892
-0.734322438302171
-0.6822670169572363
-0.6924598559051766
-0.6213462006912988
-0.5698875107156427
-0.6128158593132785
-0.49440444077611334
-0.6375477075375472
-0.5513399751144958
-0.7499264854369362
-0.803008815763156
-0.7843893920650751
-0.7657247824558446
-0.8758085616857245
-0.8104101933682109
-0.8599805446711776
-0.8424635597333326
-0.8098864126294674
-0.7921496960643881
-0.7404838335705419
-0.8668380124306343
-0.7123310960982366
-0.7572731869490643
-0.8025202050033761
-0.7996204154506669
-0.8219996378849054
-0.7328188852446643
-0.7285269348777054
-0.6231251770680255
-0.7699238244486721
-0.7815960005840427
-0.6275269630602796
-0.8003357880362385
-0.7514036547150268
-0.7507115082488995
-0.7220807667884155
-0.6995953007630065
-0.6939855508945536
-0.7556799003487308
-0.6814503019536714
-0.8314072659643746
-0.8489386181316259
-0.8901661147178537
-0.7252442762496519
-0.6756227495493231
-0.7150969406150651
-0.6699262126110579
-0.6434054485916264
-0.7097912676099557
-0.74196881912831
-0.7640138935154117
-0.6598876404236557
-0.6639822037963877
-0.6643355189606894
-0.6351240453958842
-0.6319770896775307
-0.6368472503196213
-0.705196024498414
-0.5737085527487101
-0.5776365885604681
-0.5854983153879294
-0.6455913461641323
-0.7787961712666057
-0.7709413798443845
-0.7989805021522957
-0.7900638770520184
-0.7659293814841188
-0.6400130571330662
-0.5388976676556718
-0.5050572904184315
-0.47515074904661736
-0.46356817682922447
-0.5123205953418878
-0.5268989599959822
-0.5009474795059471
-0.47064422098109515
-0.4612361244989755
-0.4432317906971672
-0.4609974476437083
-0.6054709412309378
-0.7224888509615084
-0.7124475736802185
-0.7295433305583966
-0.7645791190803161
-0.7891529057540042
-0.7917296556356503
-0.8426782945627209
-0.767885712665006
-0.8590443592937936
-0.7709086116598267
-0.716767510739257
-0.8830368173321587
-0.8308459111701445
-0.8311371309579898
-0.7871044334693345
-0.7530371454698472
-0.7156373739290858
-0.8242945569614661
-0.8130503034867671
-0.7837891001065802
-0.7342247658156859
-0.7235820028594001
-0.7709482828583736
-0.7948452374760426
-0.8033782018421864
-0.7964187824075888
-0.8052551867628474
-0.8197544192766861
-0.7214775680940636
-0.6589984396209908
-0.7531832999704271
-0.7385611826942549
-0.6487295424818357
-0.7794269084372485
-0.8248588868787432
-0.8233969734566883
-0.7310747847884296
-0.6943962789432966
-0.6273220562000398
-0.647140385614462
-0.719421727741952
-0.7214664827265794
-0.6882279653382687
-0.7239425307924633
-0.7760494016740306
-0.8072270010631459
-0.8071780504228484
-0.7014471903620109
-0.7664431140071657
-0.6565229032624217
-0.7257323778094609
-0.670359426501733
-0.8415110964286912
-0.764640767793537
-0.7358073548316398
-0.7574328415633254
-0.8596472209150525
-0.8555800872322459
-0.720160377864381
-0.7161671905157974
-0.6707837202055967
-0.6194204902155542
-0.6202754063935497
-0.6363151110264562
-0.7207719493689648
-0.6708142788311154
-0.6444113148217631
-0.684132613114275
-0.6103085068262758
-0.6675981118495807
-0.641463027523604
-0.6342849070897141
-0.6216135071746133
-0.6341772484270112
-0.599842333732271
-0.6234750669315741
-0.5663966432907237
-0.6516822852378787
-0.7559660919424525
-0.7259007971629624
-0.8582979701924007
-0.8774852324433559
-0.8132867116364838
-0.8493422101118117
-0.7777628386367617
-0.6256082254051051
-0.5928132503743695
-0.5314370142281137
-0.6670491473095481
-0.6845968459581635
-0.7506197208453055
-0.6669136713739425
-0.7832554505815885
-0.7961203999937874
-0.6863870828290498
-0.6709168063511295
-0.6184405368584204
-0.5619162717993472
-0.7125128782603565
-0.7734179894018407
-0.7929349994759922
-0.7163839662578969
-0.7623681616875315
-0.7103378639837281
-0.721713409013033
-0.7509443360063573
-0.6668460898541753
-0.8270379520365476
-0.7960785382885432
-0.7883742537657931
-0.7741020762637513
-0.765897919535357
-0.8151296293905244
-0.7988346410551165
-0.7745115295014129
-0.7331851551934042
-0.6377546309428539
-0.5315427342418917
-0.6571964034923732
-0.6755515666615981
-0.5704431475003284
-0.5990253483639418
-0.7126530272526247
-0.6589161663729254
-0.737287184062672
-0.7944922261640228
-0.7023413159046444
-0.6861450036677833
-0.6683302535493136
-0.7780985093850642
-0.6814465677108904
-0.576023327791075
-0.5864612479549447
-0.6629998111473849
-0.7742178600164281
-0.6859438722128678
-0.795683831680638
-0.6951957713473496
-0.6026071475468627
-0.6838241863691397
-0.788268347337495
-0.7492365336052537
-0.7361242263771174
-0.7188440904782709
-0.7579947208324828
-0.8181947548340528
-0.7753596522473463
-0.8045777799688686
-0.7948007971641378
-0.8484899012375344
-0.8256566321169995
-0.8369369441759055
