6.849122802159468
6.86555212636801
6.835798274567983
6.822588643166161
6.82838404164956
6.840629690316524
6.843292740784826
6.824253534905064
6.832583287302584
6.849926130527477
6.837419124802134
6.843768595654252
6.8304102433917055
6.81712994486065
6.791918952776347
6.82256669771776
6.82230845302278
6.822226032363968
6.810301910473688
6.8163505340498
6.824354035458758
6.8153768825056815
6.827717887958
6.844952265460697
6.837592046840979
6.82719957130597
6.844061331033047
6.817761641228196
6.851655557787687
6.843674743267025
6.830702026411045
6.810835630264659
6.7967192147517395
6.811929494015568
6.827626700591889
6.827859362567964
6.811306629394207
6.822279183044009
6.809432597582018
6.816392606013447
6.783537375679756
6.775831681004169
6.798803451534037
6.802848074810622
6.790074989589283
6.792801464779613
6.796874314863163
6.812931239354902
6.828266342039339
6.867103909932585
6.832915712314032
6.82170089904558
6.81619061262729
6.808677780835758
6.802765335438257
6.823400651080134
6.84137497656146
6.8172707200345775
6.832325202022177
6.8215099660544345
6.839347485763179
6.838696487150187
6.800564134275927
6.78530530078536
6.790856083552134
6.776777425710321
6.7670240939271915
6.817082502009104
6.813242132577819
6.799011622946667
6.793581347762185
6.783023826139669
6.790560498967627
6.806459334489441
6.804492230772937
6.826993227537374
6.829369096063367
6.850788983266739
6.831400182057158
6.833133322304327
6.848150340320312
6.841011744937214
6.826543976572844
6.820753187263633
6.771886952937588
6.787775770208416
6.771517989844103
6.773748914685583
6.820200762596979
6.813461414452377
6.780758030248822
6.80788782594856
6.793057620161731
6.797047965079528
6.7783273502437345
6.797703522455677
6.802501085209301
6.795787683742321
6.8145793976284255
6.777260117876679
6.788526179690525
6.779495268901867
6.779179870425113
6.791075691955741
6.770296033244064
6.807580194384988
6.8237446854596255
6.860530278704848
6.832405862854105
6.836798807100455
6.806054079527766
6.82098361543067
6.8147232456088584
6.829262774859192
6.85160919792429
6.839804366442051
6.822601699713122
6.853814840461454
6.85168581494361
6.803343074257893
6.796987646853907
6.8047234155173655
6.811949303386096
6.806659144731619
6.802944728358058
6.809797611851144
6.844050340505342
6.8323280319665844
6.852960958067991
6.843514748424825
6.841081203441685
6.83721126791527
6.8066560294291545
6.793641639218705
6.809152805735755
6.873620861896127
6.85326554483302
6.838463382288328
6.86156519244283
6.837340740868776
6.846742394091643
6.844195945428311
6.874084049594829
6.852005510474613
6.844694741854177
6.835325901435776
6.824555666374077
6.823972449037279
6.826495860298844
6.824945333392684
6.849348150909259
6.826501513483132
6.822977293911288
6.808618353359107
6.825760832891441
6.849387910550903
6.853575972728695
6.850474333302941
6.8602116634365125
6.85945638617997
6.862722558155822
6.83918222823262
6.8505352417781875
6.8686999285223695
6.869406951769874
6.841991859541943
6.838259935992967
6.8405620619407195
6.839881535496824
6.830221627293274
6.841893910031313
6.819321595592323
6.812300759292508
6.82632872015056
6.801980002334657
6.795780654464801
6.782538128890525
6.802166512500763
6.812642165838314
6.811611571474362
6.8292353612640015
6.835761383384681
6.8447069965867655
6.8502609726092905
6.840342495386634
6.8189254216125965
6.810452401329678
6.830425539299495
6.8379205921136785
6.85812940838639
6.82958098659711
6.8380047167303735
6.8339527242559255
6.835994285014579
6.853089701648714
6.842202179658985
6.830265528713978
6.856061897602072
6.860446618573526
6.853962722110211
6.854480769993524
6.840487011860546
6.841410684544472
6.842614429436837
6.84927624978527
6.861370125990957
6.84612071032678
6.831857291292766
6.828179903103757
6.829475395049418
6.837265147028514
6.833962133471858
6.835693839053982
6.8264195161676895
6.803044276177525
6.811301240493821
6.837728571641152
6.825683508153266
6.837807882658591
6.861167544496412
6.84535657651739
6.883747562559083
6.883366435776655
6.858801903702429
6.858871037016493
6.828185098926039
6.801609256987168
6.812056914275919
6.80428726581599
6.809334725909479
6.811075001499704
6.835064493134536
6.820901478131372
6.824486260368462
6.848061278343157
6.840218969102599
6.895845164851244
6.899392658518865
6.852062193528933
6.848114536951477
6.847546223919171
6.850257674147682
6.867452564127316
6.865178347673541
6.858820288748866
6.867844269330084
6.835469549251125
6.828151962079646
6.852287417148863
6.833933059005406
6.850614869751065
6.865654226296573
6.855283738631382
6.863889191823999
6.876014031306485
6.864614455187557
6.855095303349314
6.821647781815969
6.8484242629033005
6.837154393867671
6.837539678161946
6.849195948966443
6.825143569761654
6.830044722751657
6.852396648483041
6.840773304972709
6.834259816659969
6.831534625321187
6.834943501695163
6.82690171117922
6.842442409451668
6.834667852017231
6.825729512072082
6.832011252295493
6.8277780161461905
6.823557913344685
6.807844847284208
6.8163657516820635
6.810518839624576
6.809756018830779
6.837341886520139
6.847265844397039
6.839014659997754
6.862042716707402
6.865297838218208
6.889066257017683
6.85242697192255
6.836287592990906
6.831662863945015
6.820648813792568
6.802805986293023
6.789613024651846
6.806871185821084
6.822963053781735
6.827630503403433
6.818772592068253
6.827686489907302
6.840886724784331
6.846204541940045
6.820140190208631
6.84771363450878
6.84884597344572
6.834623699697064
6.838019536764323
6.836262570594588
6.825327008460055
6.815495782422252
6.811820969681292
6.786137354167263
6.789587733374542
6.822015918192504
6.820686461331114
6.841947964494721
6.855446554471018
6.857623830681331
6.861455906793012
6.8528323109849225
6.8676855418057015
6.875451850215018
6.889027430597461
6.873180200934543
6.8727535952513765
6.8531758520837975
6.852404116298131
6.841782277680083
6.824685458938336
6.812516032099081
6.799157821055494
6.818277206660323
6.874139719865036
6.88888428737046
6.896983469268788
6.883546260139189
6.881145687856348
6.8577123215210865
6.861179151230528
6.873519241722177
6.8761323009654
6.8415140755611334
6.848690766849216
6.8463527405119695
6.858442695667391
6.839875921226254
6.82044483869182
6.850434658215592
6.859095052970569
6.859011837620854
6.8357004634106575
6.824686812020814
6.836573072819905
6.828710276590987
6.852063388255809
6.8465108446022205
6.843091329665981
6.829828124581214
6.832451837211767
6.843830749643404
6.8313568942335365
6.796444454253955
6.780778601801676
6.809245765642766
6.792118157560197
6.802785080779628
6.806684708587484
6.82969844820965
6.838289890420863
6.866622144033501
6.882980380316241
6.888906331114797
6.86341275901868
6.865829577107636
6.896944598364358
6.874853379769279
6.854642653747492
6.835655854314283
6.838949365677241
6.851765395650312
6.874072059217837
6.862679478931049
6.869808403328838
6.864333507041458
6.887319999503255
6.887314261315672
6.880881437008929
6.878781180669213
6.865587040799442
6.871334502739393
6.879080389986859
6.863581027220622
6.859958536779001
6.842957054529542
6.838970607022824
6.850530306520188
6.846710071623472
6.864448999941004
6.834202343039684
6.822085806288754
6.827107130279111
6.819485270196536
6.834774030967251
6.81592474861295
6.791847079483901
6.771998380664428
6.764800999149539
6.807682889860054
6.807862744326514
6.812228035610964
6.835194454942143
6.843867482536168
6.81601984570667
6.831149985770395
6.841951928218927
6.839465134636529
6.836371804515592
6.832224835271007
6.850335973083236
6.849338654829776
6.880066785313326
6.8714822549985195
6.880088851630101
6.890439166132016
6.887574609379959
6.876945106872751
6.860617675926076
6.829635496006405
6.801851317353513
6.80906533119333
6.778398103285733
6.775537847919269
6.760752608687037
6.7345161743738835
6.740440184292605
6.7386971281506005
6.740663638875992
6.759931756845997
6.77906591169731
6.780349942929372
6.8085899245260855
6.830675856201579
6.821568546844997
6.839116327583639
6.808968834556578
6.807473309701408
6.833330880895536
6.821353117322859
6.825081194211564
6.81644735005842
6.768977029149259
6.784305102879504
6.794657651939227
6.786440633159509
6.814773985192924
6.8111704100729344
6.79975389006439
6.787888522175602
6.795953984229879
6.797293425318757
6.784049202683045
6.784479427293141
6.812263837572969
6.8123621863760055
6.81515905553073
6.824897550624793
6.844442649531699
6.842880081539134
6.85381962647727
6.813744894614747
6.818863689579759
6.819112995821424
6.806949881732038
6.817188765663712
6.810865352099906
6.809474171033103
6.806057833816997
6.818968242814342
6.823105549711696
6.823889160294825
6.805476583471359
6.8052820419250715
6.840072286754507
6.865682074716679
6.87256977126151
6.835959631309681
6.852216097652611
6.8279220042956865
6.823483222400989
6.8179078051947695
6.818489044654012
6.81911961834308
6.835419783588259
6.817288011243038
6.836247560631911
6.834306724866345
6.849618110780483
6.8379823796110575
6.821417031149305
6.827215980112798
6.8288445144935395
6.855778157772642
6.85638033973891
6.8731133796885455
6.852463357543799
6.8517972890482
6.851836559445151
6.8671526091080075
6.839825927405361
6.8587831809832975
6.842617125927658
6.863398038989972
6.824529230114534
6.830259286748674
6.83503151915772
6.822127493005075
6.828629539929485
6.835631544474621
6.826218704365768
6.837044034268185
6.862361409124457
6.83228055567716
6.867215152897466
6.884600090070331
6.875032160579793
6.865818515339078
6.868652455949477
6.862730416048471
6.860844033558019
6.842051844426404
6.826723224894946
6.81583499960845
6.821700951851899
6.818163921603899
6.82916406052111
6.836610894173374
6.840594751736591
6.840626445527657
6.82794658006594
6.818788901611012
6.817804313307478
6.820919756471071
6.839601808746315
6.8698212823188225
6.872152708958648
6.873078028103215
6.867834899305036
6.871904171206856
6.869663247030375
6.8646322959718615
6.880973537787831
6.849817195473334
6.832723422464749
6.80350040847874
6.820734930417575
6.840169078908743
6.834570048366281
6.834701000622844
6.81320634169323
6.824486699198062
6.849353219956757
6.849710300479505
6.853391668397006
6.850900744791934
6.835943849338853
6.833957082177535
6.797499462249924
6.776855674474706
6.767915262266204
6.800664911137863
6.787679592094672
6.804667284450208
6.813728133837176
6.822587243100181
6.837289892120902
6.831471204093028
6.844816345321495
6.825188251872184
6.790903880669061
6.8323418311267545
6.796413245840194
6.79130859698476
6.783944988258904
6.78713078367948
6.776773889423726
6.765333354087463
6.773099983752372
6.80061239007004
6.819172347578055
6.821347257658561
6.8262304135043825
6.839130491533264
6.83094275389047
6.825072968463762
6.836533336180063
6.828305617122132
6.846271710689025
6.840474871866004
6.841617772360552
6.83244179726599
6.843734707801243
6.839661771940147
6.868880042483389
6.82654679947872
6.784090542848373
6.802442434853991
6.806550822254054
6.828763103005147
6.8400224653768396
6.871062893201073
6.864574458493501
6.847835236071976
6.8691811101461715
6.867268655371536
6.8411204853550185
6.835153804011309
6.829688823375575
6.8221758809541955
6.813736843100757
6.821111474222603
6.833965578683745
6.827562860049776
6.861298538320483
6.857073947663692
6.846314499125754
6.816145208278496
6.830602428086978
6.847386798092162
6.851748625791388
6.850433685908815
6.8498488862360105
6.85221452838319
6.847509583366115
6.847781923457241
6.85121626336459
6.860225760915776
6.885250376041894
6.884079156799036
6.856437609187077
6.858194766629721
6.8709202969271646
6.864689920937301
6.874628430015911
6.873667641576166
6.885476342797817
6.861301211205591
6.833934755821556
6.837018391057336
6.866411648408276
6.834191406673105
6.849095257642835
6.818744484428358
6.809068187775525
6.818076307793518
6.819769269222045
6.830528929145789
6.823511754100064
6.828430796941374
6.840183212960822
6.876352811850472
6.853564850461654
6.842637071985791
6.856755941589616
6.8789660385604
6.90246342163022
6.898456490215747
6.868686587508629
6.868947535027761
6.861786168546266
6.844677506365812
6.860732202372802
6.837339448964746
6.833805346413213
6.845407450184438
6.855023863611331
6.8414516778370515
6.839565037351713
6.864310340482155
6.847911917114972
6.841736596014227
6.839583955559923
6.828095028665136
6.824532356279333
6.804530183079065
6.803344359430373
6.774801383218555
6.7881371456024135
6.814617300944541
6.835014434203824
6.8398499773662484
6.832382288861886
6.818139670373272
6.809961202197381
6.815397636715611
6.804260660434855
6.799778579170995
6.795520421114883
6.789253673070339
6.81232050725648
6.825242259181662
6.834163094875213
6.842490811173322
6.82450285066064
6.81953433643116
6.839600150221598
6.820473746009344
6.821607290511196
6.826542838307904
6.830582261040137
6.844406696761181
6.825215930960562
6.836433575647333
6.854030522956003
6.855493770165318
6.836874895648586
6.8371348779048855
6.83893679194765
6.847293551917895
6.834459581830071
6.832816133447753
6.816274871678999
6.845569393795647
6.828659174581989
6.8699824534492056
6.854376976241048
6.864868130464855
6.880700591035573
6.867917123932855
6.867264416376313
6.844893094789258
6.805206247366867
6.799249186359596
6.8067368394326335
6.797618700303552
6.808349982158591
6.806902662663966
6.817276436472656
6.823570623443492
6.833387378870488
6.8365210507457475
6.826606262399094
6.823388515429584
6.827129167404681
6.8198314467520795
6.824752119663326
6.841954625283584
6.836641097774063
6.852813102454997
6.846921610693451
6.861158350519073
6.819753494721135
6.834396860668331
6.831359835206386
6.832236182002517
6.831364092436967
6.825067741229153
6.837208100873858
6.832072803052737
6.840396524086021
6.833458936452022
6.816607042711361
6.827724289039266
6.830378935280934
6.8117409857868925
6.8308173077127465
6.815147628230026
6.826736597774731
6.836792370424554
6.829251385257627
6.875967727162156
6.851631978049952
6.84241502549337
6.8391283903271995
6.875291069736855
6.856217837013114
6.846967509877709
6.860036260303287
6.861707391654053
6.858771783440089
6.850890339572453
6.863420218432712
6.839564648631537
6.862857060356812
6.868466011789906
6.855759959434572
6.8710878630301355
6.859363781737282
6.862054793954388
6.8304711744437165
6.811625198748998
6.792200711799026
6.824954500830906
6.802289176957317
6.799268538744339
6.784785976142515
6.756177771758746
6.782163810244729
6.816028581437527
6.82726995659879
6.859639511078778
6.8679169745987325
6.875549832983593
6.854321207196284
6.858622022188919
6.876270760576167
6.897704455205459
6.906377643390933
6.915009730159558
6.909317053121096
6.876096685292332
6.875454447488229
6.897483152682239
6.891804287390667
6.856000076592226
6.8633411479214335
6.86993802363004
6.847097037302892
6.841662656628741
6.850469926780502
6.837567462414171
6.848341347464758
6.806988978898802
6.813548643616614
6.8021712122178455
6.807033868844052
6.803117772479014
6.795975567471481
6.818737704115485
6.837627222952931
6.819824927555266
6.808125530794345
6.825304647173314
6.853535263083513
6.87139075853969
6.827354046883753
6.834225535574832
6.864173837831773
6.857018493868438
6.8633885143059254
6.84784531892349
6.872696158031977
6.887766131353611
6.848918275262552
6.8461839590179165
6.851472461364082
6.862359986849222
6.8468021278539775
6.806682998659027
6.845529757822789
6.826988811717746
6.806899538620961
6.800721483023406
6.820503359393787
6.850250903014685
6.84193366028018
6.8484097606265175
6.85073681792555
6.852275189726986
6.861464232909808
6.843565601534602
6.816864483089802
6.830664826780664
6.814243863892162
6.810587827562055
6.8101308701746675
6.843296125503897
6.839255466454838
6.832070826161596
6.845826256000221
6.830618186153177
6.829935201923688
6.836253297876541
6.810003760837779
6.8195093762136105
6.817626283148231
6.8380039665492065
6.823002528796869
6.855545010792692
6.859235331004625
6.846457078211188
6.837157032682459
6.8296192732841865
6.817376385228278
6.802666618593363
6.793551281367849
6.796370493624707
6.8058070443650305
6.833069483357536
6.8409827416637725
6.82308402948642
6.820584865358084
6.833114959977962
6.837215483955827
6.826424725335236
6.819777291695336
6.8092102362087
6.817083778549733
6.8179436523574815
6.822626311651595
6.821850098386672
6.834846228255673
6.849759681502255
6.855392413986699
6.8810981564181235
6.871466709272821
6.87780817532994
6.8775565283953615
6.8632464345135205
6.845382775124599
6.843373187279002
6.846435313555722
6.860348493774323
6.856060619916838
6.875702544354137
6.869770572140189
6.848947765355861
6.878619052756736
6.863114541217086
6.849904537673735
6.821773951164269
6.809132050590325
6.8003997404051075
6.793288083672862
6.766214185276269
6.829613399857993
6.836336970415624
6.8043722824901245
6.8202263519251245
6.824687871599526
6.8215623043786335
6.812471416471068
6.809667449975304
6.830438152577211
6.841061458421897
6.868737166551034
6.87486742573373
6.860359177196118
6.868456227186814
6.863551852350878
6.839543148252318
6.834328683598734
6.834444137839276
6.807258294779104
6.804988837222686
6.797882876525888
6.810894683956308
6.8095209814569175
6.811042792804454
6.81697480983504
6.811551686183745
6.82107878670677
6.821670085639914
6.831724522828951
6.808276953329634
6.809867137017955
6.818056500223051
6.846532716626492
6.842576484926839
6.860975192011083
6.884397525886242
6.868267763311222
6.858135872322824
6.853900410838305
6.836562294630707
6.854525309736106
6.849226131241269
6.845172149535181
6.833702037238193
6.817876372559279
6.8148027139681675
6.8158928965918
6.860055261335887
6.83662107023489
6.834614697300408
6.785647747882016
6.838233789632806
6.839721974955829
6.839339100913022
6.829050143283764
6.8043155693109245
6.8204680353308875
6.830941138382711
6.838020476158465
6.805058086307846
6.808375254776381
6.8193950243124934
6.811349358282561
6.821498548557718
6.842768381248265
6.835691791176988
6.834490901659376
6.870515466185659
6.85273154362375
6.833535773183418
6.8165147852845775
6.835517864905974
6.841791527143596
6.813317774501522
6.814474936638639
6.834881093480627
6.821458481492512
6.816658397728382
6.8213879768708665
6.818029344271215
6.825703015825205
6.840742548006422
6.8767611809052775
6.859528787846878
6.839088528361775
6.838574764360628
6.871530047569612
6.893097729978644
6.876272954538076
6.859686263755378
6.867415283088163
6.877027516853833
6.882392374776981
6.894148263439357
6.914552903681896
6.917889828750549
6.907958086992906
6.898139150626227
6.880112496825691
6.888728874305924
6.8637886833514825
6.842172297914629
6.835116521907591
6.83935596158978
6.835377655137296
6.851050319829595
6.839109351008775
6.831798968630309
6.835333859897841
6.839867010733074
6.837820236556526
6.820312708328828
6.827043579347959
6.82757081181493
6.844410073878152
6.84130753716296
6.828064150513404
6.827579394801257
6.823900502277913
6.8290130913361615
6.830458653412866
6.81362524941662
6.81578737564584
6.81005838239852
6.812066971496618
6.81309255556004
6.812338186822203
6.818119364940849
6.821187755149147
6.824387028851876
6.818913817728475
6.832256674325253
6.859289739899638
6.845886601209551
6.811653595637038
6.810214101572932
6.800513643132809
6.7949987995496075
6.8444055342571435
6.826324744054835
6.80953746773792
6.787712376727501
6.805452396839158
6.773859198019748
6.784117452327314
6.781764155216863
6.832154544562898
6.821798849786173
6.849416937005015
6.874131498353122
6.850922205218554
6.834838552714727
6.843641879527917
6.815942715015589
6.8433331400446455
6.828557263340922
6.817748414044553
6.813584090729084
6.832765750987749
6.829361871212146
6.844170059418136
6.834096309075234
6.851902127824493
6.834734023263652
6.832680129066621
6.8363496036221525
6.841666913922972
6.8683675403888165
6.855199262338444
6.854543969372435
6.866795570014334
6.8800814585927395
6.886923335797503
6.863267319640039
6.862038704058415
6.864395733628974
6.868580040867473
6.846596406195792
6.812097098567452
6.828616866689587
6.810084081183961
6.826330042843195
6.808758046936781
6.8164876493696545
6.794395718415394
6.8187006654289695
6.802257981352449
6.790470062868719
6.804158977879324
6.789449852870089
6.802518693328453
6.809924248765451
6.79964290774547
6.7916562655850505
6.818909255762096
6.783437470515258
6.769424387158067
6.752941464602688
6.757325677329065
6.776743071382723
6.790937144769832
6.80313580271491
6.793919941440975
6.798554261853488
6.784656828282507
6.798159807754007
6.818940391456604
6.827286589328707
6.842693797994086
6.838191327214382
6.824073936250496
6.830406036056009
6.814905369837615
6.824280128245808
6.819670449317047
6.806843132622802
6.8014381056409725
6.789546790892497
6.815547717003875
6.832422159617131
6.804842369580968
6.815186720130101
6.812124978935208
6.836457340810663
6.824173827504519
6.859748825464147
6.8549446502225795
6.87678291101496
6.877313060055756
6.841641816932423
6.817081619885989
6.8283636805671515
6.833117354759436
6.843230279775364
6.861888308425282
6.846377443002952
6.8593394381206245
6.825297290632706
6.835101399273871
6.831666370705386
6.82740020562433
6.810009289782832
6.831904770581122
6.848013872972234
6.858676125876804
6.817125877392535
6.812404573322597
6.798614450648586
6.8325059985843355
6.8417247231963385
6.811358181498914
6.816997431233967
6.818677226798681
6.816903194897561
6.808362981226331
6.813378587965468
6.82285325817201
6.785922281749138
6.76945157044268
6.7812598268864095
6.793960585324176
6.778675538928174
6.772485815951159
6.780661832182691
6.778735571723597
6.799377784272275
6.825300435105144
6.849726335682558
6.864920586388496
6.873754130091474
6.90983416274728
6.875239426986923
6.854316273480134
6.84605466534092
6.835337757106557
6.790674539336006
6.807204188510162
6.781702042464012
6.800901567162008
6.804407874420384
6.828166410795086
6.843292068145169
6.835289341034684
6.825586891255138
6.831093794547287
6.860099159294846
6.875947031938543
6.879850397753411
6.855761612012695
6.808827952036104
6.80713101098778
6.801368165726354
6.768225966785878
6.763202987279564
6.799795514652602
6.80165515620078
6.8039946185289715
6.801050087685535
6.799689677118803
6.7611635504815215
6.769198194352581
6.80829910854413
6.8225691324287645
6.826711169605428
6.849562397009976
6.847987052961848
6.836361745521442
6.8089589409647475
6.857327721592929
6.855705624817272
6.847318316654949
6.851828517493321
6.812734998072082
6.808923188108906
6.771288467598115
6.784413602636736
6.8081577062549625
6.829668036834303
6.834142902483578
6.858356485226636
6.855694420890876
6.8278257592292295
6.838913119438145
6.830145149719346
6.83057839251344
6.824222514006294
6.818437194205474
6.828627534958333
6.8333128746563485
6.844466661433671
6.864837393493437
6.850099954507241
6.837177620012615
6.8249112654054676
6.822930319443361
6.826757632780203
6.829207685761602
6.8243302107402055
6.805453044700912
6.830229228882982
6.8338012872843565
6.823429027495458
6.857971647260961
6.865075403848151
6.84536933296452
6.856570468047994
6.852811221430631
6.851756302958523
6.829279990658911
6.803858348923227
6.776301978793445
6.791223852750348
6.791518231884218
6.780040281884935
6.803736164950014
6.825215817345931
6.807831882370417
6.822250934203651
6.859152725255521
6.809473270095953
6.8070082422966145
6.817056907100832
6.817329160645395
6.820000782593198
6.824550166653861
6.840248115077144
6.822684380051331
6.83786758770422
6.814726424520363
6.82472172780693
6.809248998434815
6.835873631188335
6.8345959793770446
6.868465402472542
6.878439320055316
6.883382086007519
6.865281790108871
6.878037311180752
6.882701666367133
6.8710300864489815
6.85605683278097
6.83617429464861
6.841899735970613
6.859310334383384
6.851406302666903
6.858241351509429
6.840067459205698
6.836125700387878
6.813653070508671
6.79555374485488
6.797843966567347
6.857857988003684
6.845292598794328
6.856999415498601
6.839332605940735
6.82040737526605
6.797809866250669
6.799769989565035
6.808228997297321
6.8142525359458865
6.828021159531937
6.828825630968153
6.8164634966896775
6.823876271276275
6.8073227840838335
6.819910528878254
6.84577716210711
6.839170519735204
6.832791180348669
6.830909115915372
6.841696799744541
6.845520622789536
6.844460266566479
6.8271798597075986
6.820585660502433
6.814220574421753
6.798117635349949
6.82573864190821
6.82635538627026
6.793168661957624
6.787806847231709
6.799993051432901
6.792552932384316
6.821996321667587
6.829349410386546
6.819179527067889
6.807097461963733
6.805660400245391
6.810277843060108
6.793769950319753
6.80696616258692
6.822964176342294
6.811645971782154
6.796942123798309
6.83826563887379
6.827751161368668
6.839317005714677
6.857932480751541
6.858994718081558
6.86031990775369
6.867750973710548
6.8131083969388
6.801592988315144
6.8000836189031375
6.817048564737105
6.807967929115405
6.8096606031940325
6.8275829783792545
6.829955059623575
6.823225812729416
6.815551653582427
6.82507556579323
6.80876125104213
6.81345918939876
6.805242251100568
6.813074386543007
6.828322036363301
6.828206952909277
6.834912453422016
6.837173178505968
6.819816245077706
6.839645539635822
6.8541486531675595
6.832465686015644
6.823649830603988
6.8297486134777
6.821953266234839
6.860420888794644
6.8597081738202
6.844524616869281
6.831222576419129
6.83215293175889
6.838245923374125
6.858780340504513
6.842289731629009
6.865791909520925
6.878958616007904
6.878970540114355
6.867767586774312
6.882156058636845
6.85358407024518
6.846861984236632
6.832771101089932
6.836376891820276
6.846318514083805
6.84483775375098
6.848759412453522
6.835023373415767
6.854630604463056
6.871814447366467
6.869600853344715
6.877725784320697
6.846489958888838
6.834699114478367
6.832378847402118
6.847373609958008
6.862739592045589
6.856518196815247
6.862465688530852
6.842205114859035
6.8483034410426145
6.849770503472837
6.825366525282515
6.826411135725482
6.853861758948437
6.866433851375085
6.834551311797618
6.83531406717648
6.815697425994872
6.833289670079413
6.815344009087659
6.83644025170139
6.828053592348219
6.828486088534743
6.850921580790617
6.829025507999771
6.850317359974358
6.8588812345212995
6.864836666088861
6.8822726910763405
6.88763755206897
6.8887312491617045
6.8927325977470355
6.887524155734386
6.86620195660048
6.869843748414835
6.859216504005269
6.856484511397227
6.850737292090285
6.864248104240912
6.875424658435309
6.874752875844261
6.865841279553805
6.855355447410017
6.844580343275019
6.846117648132384
6.849894767415086
6.876011229726525
6.870317504803701
6.8613157612532705
6.86779124095736
6.871633174016763
6.862785237739152
6.879939029248457
6.841810959238632
6.834040000290543
6.833329602748511
6.821766162409537
6.821761973771153
6.845841199489897
6.838767132480185
6.83135213101588
6.828149300099774
6.821624777959084
6.830787027033495
6.835009166318891
6.852809002162941
6.859689969560004
6.876153553462853
6.867939719700447
6.831369104085607
6.835060705574904
6.830696139777117
6.8179047959646075
6.778716990626495
6.79364772529339
6.812288155097252
6.81547171680774
6.833263108574475
6.846070080153061
6.84943482445457
6.843605883713991
6.839477158919425
6.842333509145248
6.830536542860489
6.831876376668717
6.855255434886245
6.857439557721953
6.857874392849935
6.861003571657931
6.84846313587969
6.872225579902518
6.871736085814599
6.870868849741807
6.869822480299725
6.868056305479206
6.849749740089099
6.865690756913593
6.865403073116068
6.840991413361214
6.843510140404799
6.812482579118569
6.813358931455449
6.822735602366558
6.843272982492026
6.816520466821002
6.804256497973801
6.807587158601755
6.791166536235778
6.816838171222695
6.77478832318604
6.78559456666986
6.774294181583486
6.774421506055443
6.788031431147515
6.765792647900866
6.790901745416375
6.795848234696603
6.781429895837597
6.796210761802808
6.786777872888916
6.7878981756062
6.7757018052496125
6.8059159666543065
6.819105462444252
6.853885018491505
6.8631483944729705
6.853782106890934
6.859771432214422
6.836835171251872
6.833906811517716
6.866964078419681
6.873986218338111
6.864544766695824
6.85798691197413
6.831160389757978
6.845022028505587
6.849789556313669
6.85163224444755
6.864443632232856
6.868210739966224
6.817752589782966
6.785767506768685
6.816260596784457
6.812056026761741
6.806730872310112
6.806378353070713
6.822184534976065
6.81327904632161
6.849633639392098
6.81200788297175
6.799579031467643
6.776443137574883
6.82145299457624
6.8248582119838055
6.863215629420592
6.849075608325486
6.836552766003805
6.828209651395239
6.841199412004622
6.850320153495751
6.849112743614328
6.864994916129561
6.855462130384853
6.845837190161273
6.830095443413145
6.806832195102656
6.797719968358551
6.79958615187051
6.809608127808269
6.796605280984659
6.824194993733436
6.842572622917969
6.835359900205316
6.873925253582779
6.874096529532796
6.872767138255278
6.881499706123037
6.870946306601582
6.862048275237653
6.8474911839948
6.854849251165235
6.8167744464621505
6.8048636683784265
6.815674446839406
6.803296496100157
6.83962482512306
6.842651450711777
6.848624857414624
6.84017490352581
6.848223223830825
6.838154681087601
6.831240594903788
6.84166495179657
6.83814753557176
6.857146945875118
6.857966765082871
6.873568325888355
6.834319164289788
6.834910693911787
6.8197163321874585
6.840401567280004
6.844355550948576
6.85921504613319
6.863228527644013
6.85725229505592
6.867693834476637
6.850737677101202
6.870160780860579
6.859754847675655
6.8541535886252465
6.875339225068328
6.88327226319354
6.9102074703293
6.907726219880932
6.902932516531655
6.89545973764522
6.887245539604349
6.874763231715912
6.869183621527906
6.873269287915221
6.863202838332228
6.904902674754867
6.882240969033889
6.8806676784578915
6.871733159139503
6.866229058502397
6.853803657362189
6.83115821146641
6.836154975364672
6.835651997723681
6.836099991627008
6.79529520429346
6.800260894468227
6.808926889626586
6.821543208705199
6.829460026952994
6.85384540616274
6.863103603788284
6.849146283959509
6.842711803404582
6.816851184106739
6.815908358624235
6.807564309842132
6.82202181962227
6.799799595942243
6.7672334384712824
6.7881062458093835
6.80733571400395
6.789849078156923
6.802508618483007
6.7982977934228686
6.809176630460428
6.785125630982357
6.788708618411484
6.806568163477333
6.802144319337929
6.805684092930339
6.814227699350817
6.811233735300732
6.819790065026032
6.822094974027439
6.809974837240984
6.816596473841819
6.823295115453481
6.817973898501513
6.811226529219635
6.797643666316682
6.790780214028897
6.807032313779614
6.838210055518015
6.8354330789746305
6.8323003939831
6.8659903637716235
6.825551154739861
6.851908370106885
6.838161642889363
6.8213030117547975
6.824704389094556
6.817478064673114
6.830162388824934
6.843366227575856
6.831430489669454
6.836416728911545
6.8624399989612845
6.861973167018991
6.861377865820315
6.869197840029893
6.839855979505015
6.852330432509231
6.825585148729189
6.829091592625867
6.819278284924541
6.8034839516813665
6.82363840958721
6.8367172520465775
6.8386472666429805
6.834845811415204
6.864022612877274
6.8470282281339445
6.832820348991873
6.8215832150522155
6.798065625015379
6.80448037916413
6.815235497131075
6.813846701046073
6.804687006291144
6.816477120767484
6.805799360488003
6.79069080003302
6.824165448794513
6.8392137398804564
6.8508486826172
6.853184722192718
6.8617453261765835
6.851061588387386
6.8553771640006245
6.86468906550031
6.843244589671014
6.864505035494604
6.860313832225843
6.871375012117839
6.892074400940151
6.904125725402099
6.884044013795133
6.903737584393713
6.878917474237283
6.867295931649471
6.864045321769944
6.879917599263975
6.890205909376672
6.87190341203105
6.864015801684289
6.851466882031677
6.85753967949933
6.858989479026366
6.863584719517966
6.85146586825859
6.829480767933821
6.8233781877955035
6.81886449873294
6.815192617164783
6.832001166434509
6.812546170295084
6.8038193446821715
6.821535188004113
6.834288125531449
6.832188770910752
6.845253851942649
6.857161042582333
6.871882039928913
6.854614106106535
6.84953290648946
6.818240663498841
6.818641342873866
6.8248008737227055
6.8483970069602895
6.851831959962792
6.836422836192667
6.834262537321605
6.832202749557796
6.829911210965814
6.798812758628523
6.7646822890785305
6.77520879388129
6.75428107298997
6.766844145104751
6.74733081804439
6.730528029627707
6.727462815577218
6.749941709021682
6.699003570711473
6.7302366348265625
6.762599379325219
6.759017860916684
6.764465364841154
6.781650228319263
6.777560130531818
6.788840064588056
6.822666203974215
6.8200523054706
6.814951786540669
6.818386200515301
6.839677533475392
6.800911977712492
6.81348793841669
6.808918125717766
6.784771809372359
6.800590380235965
6.793430231116368
6.810495834773793
6.7914990313892645
6.8094638527741544
6.796664680634547
6.811311334415198
6.812046179907039
6.8221120599142795
6.816748751474821
6.79835250505145
6.78934650352132
6.807686424948622
6.792116821381468
6.763822006744917
6.760612922842464
6.806753854280268
6.80798127702099
6.826261773551698
6.826395255458064
6.810379838272239
6.774610759193892
6.785737302728652
6.788273918772981
6.8216480517952025
6.803001400040279
6.827939960196222
6.849934152979826
6.853513304137033
6.836070585889086
6.835679923569719
6.821646485293481
6.813715488980876
6.807379934811507
6.85152346967911
6.849649804733757
6.8316564992883215
6.819859769571266
6.823979089760499
6.819363342220229
6.844470487420405
6.806257843155335
6.788492953853536
6.777525752506053
6.785652493782229
6.767706684264353
6.755799019055812
6.748354352151445
6.768876916343262
6.816745363951035
6.80987894688997
6.811456986684964
6.802916425552846
6.8168137547472405
6.8346963470916355
6.865168804324489
6.859776689887603
6.8354162697645435
6.838477799676839
6.821567768486395
6.872000685005873
6.879604756211297
6.866018665647347
6.880073816085781
6.8651999863861475
6.862130414661763
6.854485988565086
6.878623174060575
6.871248680794578
6.870645058019606
6.860700620220814
6.827424292709556
6.803766528741404
6.810986051166761
6.798241645860624
6.797982926684495
6.828217922216531
6.842915703049191
6.862363481335558
6.879596617773988
6.868559696905337
6.880540784460501
6.874354093836131
6.847121736652534
6.844034333466478
6.850664305155451
6.825282080747857
6.815690269963368
6.818802965498222
6.82871311040154
6.838130284691988
6.82163009210903
6.823888695064107
6.795097464123974
6.805651487340687
6.811888264762314
6.809103942333302
6.838001532653497
6.844194844696986
6.849990865425212
6.827870466566427
6.815010845906901
6.821526753065211
6.8239251808338475
6.863107724789277
6.849990930982676
6.865069743872156
6.8442953238837285
6.849173920939119
6.845760416725883
6.828616475822557
6.8191504590534855
6.81097796205673
6.787138816001329
6.817501791473629
6.788600876712599
6.798926716957494
6.813164775825058
6.8219529475820915
6.833019358236596
6.823496290652535
6.813107582304571
6.80722381263255
6.8537434072066645
6.853345109586789
6.868361577982329
6.864659085636779
6.855989019390402
6.83594497268219
6.819185755211613
6.797328030355367
6.785156773003675
6.813574365246232
6.7948031869767895
6.808366300848058
6.821806174348891
6.859042494831122
6.890298276595135
6.894880712443995
6.883407563835639
6.8812245847692655
6.8644181593907865
6.856580590629252
6.856435001348169
6.865048230160983
6.869508162343529
6.872762713824993
6.869858534733302
6.864484354766669
6.866400250696376
6.87228445450119
6.87982914045919
6.854524677375236
6.828026439516844
6.866898576412408
6.878389208864109
6.88917992504285
6.867183294319919
6.861852666728991
6.8344148707675965
6.831155744546511
6.842095101989019
6.848074451026447
6.852350753625403
6.859651700452357
6.845919549708396
6.839715216201172
6.822604386148053
6.818638780406028
6.837772114367746
6.837294374473444
6.835893815054881
6.846506061716207
6.8713461581306
6.860194641630181
6.897086328932897
6.8785480813644355
6.887522224133465
6.905053520039444
6.864499264260055
6.845985655386342
6.854435981650001
6.836490868194852
6.805842347925063
6.815633316290782
6.824099983264979
6.83234469429226
6.853867608623738
6.805099838247838
6.784228933509782
6.793652116494934
6.78987207309373
6.825239104837557
6.854060395670393
6.865817497945441
6.890009379579781
6.888474157899772
6.843356160117654
6.820211146368483
6.82408267117909
6.794339468864101
