2.411188257398715
2.4760781223046884
2.429015578024367
2.460362151264396
2.4362724249218295
2.4779053789641328
2.4509575081798958
2.514891672734903
2.463215659644331
2.4772911163860742
2.5315403931154936
2.4312012219891446
2.4717503794543028
2.4519434611520334
2.4087178906958124
2.408115065594398
2.4716139479085943
2.463757320413641
2.4325119289138755
2.328829668554993
2.4386418019495943
2.451177861194494
2.5037547212589835
2.534526090577755
2.5410659805316316
2.502886914412212
2.5200588835004916
2.4881345617869046
2.423360279969258
2.44990353090432
2.449215782328216
2.475028008696747
2.432857934974465
2.4722843825935787
2.3993770983683778
2.5000794985388617
2.470412342030097
2.398764873607467
2.5024721226680713
2.4774387091576826
2.537113541948323
2.4738676887566298
2.5935499927892844
2.607664234122848
2.629123794982083
2.5689136466441282
2.5791236026419844
2.613643839672598
2.5617747410495877
2.5837189722909955
2.527734490232084
2.5544670638880467
2.5626989882361566
2.496723672356083
2.5333683112482084
2.578920479892594
2.525812226272052
2.5667725952466234
2.4987174595544634
2.46203798549429
2.5671850312530347
2.5547691268644623
2.5540563706242385
2.5116816627107648
2.5554670524116663
2.5561802487065437
2.5615390245511835
2.522254534077005
2.420964677505189
2.450309679885831
2.39285264538168
2.4092875555467406
2.4580474347820362
2.55845610636058
2.523747227508791
2.484164423978451
2.3540738002963204
2.40907288260382
2.365509091489753
2.4352150468723868
2.444954548361791
2.3675646422044743
2.3190280100136738
2.3381152890644468
2.372636866806823
2.372111147637691
2.4612692237365157
2.481161581906472
2.4320915705413393
2.5045369341027297
2.4539936522335135
2.3737409306070174
2.3705218759044913
2.4868343194562854
2.398613489810529
2.4910459781871577
2.5325959709535653
2.494153330394462
2.5320573221571867
2.443714612048024
2.4635337144285536
2.5041753831244766
2.4444531749701572
2.410506754293381
2.4584244514517772
2.4642754130559434
2.5035900138276794
2.479620585491014
2.5575746098058563
2.406246146151062
2.4468085093730156
2.5302929137280907
2.486874238313327
2.5444547092078316
2.4583205951146816
2.4892139291911386
2.446040854285402
2.460717260496443
2.484153853232579
2.551873024527148
2.6000443485003055
2.547441029495216
2.6008430622601444
2.4857558277386245
2.557410502375932
2.625599435479778
2.5949458725847503
2.6887843134007823
2.670614159727305
2.6784535918256918
2.630026154395317
2.5263138658837434
2.45661224623636
2.5454061568698636
2.522957066977662
2.5148457127812525
2.5894294302385625
2.568121341232528
2.4548191578579712
2.5016040002009903
2.43811781953794
2.4477793383967694
2.4071167121314985
2.4853662107151275
2.4840847657295586
2.487838167114224
2.4691049401742196
2.4758239091376164
2.4982323569643516
2.55738169878394
2.5154005135349076
2.436087208194455
2.541582912732615
2.6148909403636775
2.5744584289254893
2.465852097618333
2.49688155105802
2.6485685141970805
2.636161653308755
2.6213362012678045
2.605353134329769
2.6133722862134787
2.444383911729119
2.42309037041812
2.462975216900074
2.5092729903129305
2.5490256988224864
2.6187506484216114
2.5947296010830807
2.4560630303198447
2.520393075011441
2.5090137437038442
2.5753610086912984
2.4585049445087397
2.5327258019705483
2.5260765311722118
2.4770904587465536
2.546478793513634
2.5475673371252885
2.503683604081571
2.6708925304919306
2.570233256770942
2.5136974216370183
2.5327546187735392
2.58000952236921
2.591307493322241
2.478652080403282
2.5273820027983547
2.5168202495922674
2.5168297374696524
2.5378222764785128
2.456882963234034
2.5130674186676307
2.4602153981218673
2.445349824913328
2.497303521845812
2.4984104851380864
2.46709371140285
2.437546272732196
2.3794583153266364
2.449367991821295
2.5644399715486283
2.541441805996304
2.4901962646833624
2.5038725004482965
2.4944772002456226
2.6639114761043645
2.621250756908775
2.6109644581940885
2.5771687274181563
2.6651366828035545
2.7257909905790734
2.657600763647037
2.602193177226234
2.599353389318714
2.5854835035493977
2.5396708816704905
2.577358429713223
2.530403260005659
2.6015484062043237
2.6323464265527097
2.4582595503968365
2.413194810954393
2.4684238049084475
2.471146898271247
2.4663815950866996
2.4388779568386103
2.384306204635214
2.537594569979457
2.479672175399268
2.542663415460155
2.5570746669808897
2.4739214980952404
2.4912560363780045
2.5162474526392757
2.567686891871221
2.5405809028662087
2.5700159456782976
2.582251803527894
2.5247268632109288
2.471259598989906
2.4125048113247103
2.497060240012201
2.562540806625899
2.4714929037486026
2.493945941852723
2.437096018598423
2.391760092098294
2.495519843620476
2.5464510275088776
2.5394132374519467
2.5570429212874823
2.5010891659869654
2.546952139347874
2.581100652760134
2.539753527171949
2.448559077410939
2.516668875460639
2.474551734211671
2.56711536773951
2.4838288215359707
2.4673382694692396
2.463222767057641
2.471934871912046
2.4663580017360287
2.482346961115118
2.4681494500010475
2.5351547682804494
2.5060616255526917
2.5345957578377716
2.5286772085888316
2.511791977071962
2.426084039201658
2.4252264281510456
2.5487210883078375
2.5127976026534946
2.4677521707082963
2.491989663612223
2.451912084776774
2.5515897312038622
2.504700430339468
2.4441576443912854
2.44496688566534
2.4810459824504614
2.4221128462450787
2.53009906281799
2.5769328771219455
2.5279895207128136
2.463876265975219
2.3991600006495792
2.5001565403831094
2.378234180327977
2.4077904329822077
2.3694562599281985
2.4229130199474715
2.4177757264342867
2.328673687283784
2.4117742708869194
2.381967171544942
2.46610987244666
2.44292807605307
2.5299396744733977
2.510953364975374
2.496710456256612
2.44444883051589
2.557934257403274
2.699130141431849
2.6281586475618663
2.5415819492463996
2.5955302347497824
2.5056296794642305
2.5499028650507025
2.5059718088116907
2.5372542437363736
2.526974803359842
2.435558049513559
2.4227428338167396
2.4289510569447645
2.507423124675066
2.4381311907157612
2.501946053799441
2.5487448652806766
2.531013458122157
2.514840690315517
2.4687030176087563
2.4463461653170624
2.4206330872139876
2.3965989102751837
2.3887431656954803
2.462863768501311
2.4490057352468755
2.4316450575231943
2.569751001328327
2.5471574063628393
2.596607517776097
2.48760856306465
2.5068580149079005
2.4509779997343104
2.488400990956826
2.4598654695844115
2.5754276206822837
2.5081801231720275
2.5400731671173933
2.49666418215183
2.619877628743859
2.5321413931233656
2.5795068652331135
2.4960571740638353
2.5049936728738578
2.6162947571183617
2.566781687858532
2.5092852529241076
2.435957823247065
2.460266572162862
2.508497204887338
2.3827832376599027
2.3540658402900334
2.469396522179802
2.5056944560305734
2.424693233146223
2.417078715732508
2.4217240915021034
2.461615059674014
2.422173350997022
2.489895706957455
2.5230190098708083
2.5276982794330145
2.545419976733337
2.567317597422935
2.6026145088290322
2.6345281239167395
2.5832531690926235
2.48699052606223
2.455702438991375
2.4589335301610094
2.486851632752845
2.508477831879842
2.4712367190805904
2.5901207447576673
2.518228672035851
2.5210486033842217
2.5834129591209907
2.5187336886562
2.4952899670193216
2.5709639859430164
2.465377144927074
2.478997500669048
2.4452010929485226
2.491512849726433
2.4495021333107645
2.4268742240414425
2.432771335028852
2.509906895272869
2.5320240124898055
2.5600759617683497
2.411977245709824
2.4037951729980525
2.324513112063562
2.332634435507928
2.4255863260262807
2.45765262599807
2.552852422927324
2.523461547896142
2.439337230477991
2.3650956438664084
2.4021785646823224
2.4403239023868863
2.438912805789181
2.471925688547176
2.533378042249702
2.4256540287165116
2.399998173237197
2.483732622633181
2.53269678959643
2.5368637318467036
2.4552395937734928
2.474500314268562
2.496683180233465
2.5535476789695837
2.5872515384134296
2.6577032613608345
2.668707798229672
2.5780609181525653
2.5479503328404256
2.5556637076966213
2.5398526282019285
2.4598739785044668
2.5122779877874546
2.4818703770952206
2.459003862648837
2.4909209830861485
2.4574102434880616
2.499592565648152
2.472287686696902
2.497739394743338
2.4655955118963773
2.3756354179329944
2.381858909025036
2.4831325610185337
2.5445609518273113
2.4358574321954833
2.5537050409467676
2.6313066302189156
2.511969077483998
2.4560092010137415
2.540464875758629
2.5069185971724606
2.4764290324290394
2.410611062732467
2.420664815712696
2.4200332829834017
2.4703540338383223
2.4857245049212904
2.5368123439518864
2.5078516485281614
2.4263624422608747
2.357890917689993
2.4614756975504415
2.5464813025929462
2.530916016036979
2.490983035890784
2.440584023373454
2.5060308276417502
2.5044600302587305
2.603809876566886
2.551148118932584
2.606706938734211
2.505728304309836
2.4919063984951397
2.5237920073501043
2.4656871576810966
2.4843676863219555
2.477738076069236
2.530159894045803
2.4172645562264097
2.417394108743327
2.4700674254424633
2.4216086632644074
2.4829125878957736
2.4613407168879777
2.470911111835982
2.442142790618641
2.464412800486384
2.4710192675361218
2.444734061619228
2.541616761147314
2.5938159282488233
2.623328343461058
2.7045250213470564
2.6719276627044657
2.5362439321336647
2.547107357802701
2.486479820801855
2.408123964114077
2.4643275591706106
2.467892174092828
2.542239289549387
2.681782052956338
2.6649751956341956
2.664865787630933
2.6451095913200704
2.6192631953538497
2.691171720893356
2.6325730987415823
2.5170962792320495
2.5033583407406783
2.4874968672603597
2.469477535480621
2.4390143180953068
2.499631233163256
2.4915762023690866
2.508736458559462
2.5673428352247227
2.554533298346158
2.5936594606870775
2.454019721895563
2.503150358061414
2.3834055578455513
2.412126386295624
2.3732333072321814
2.520722743647158
2.4395290124466595
2.4449713334792875
2.3930049497037316
2.425996987057716
2.4599194897728895
2.469730109893222
2.4274796019842975
2.55204155898631
2.52532075690986
2.56985528153244
2.5689730350766795
2.5879789191647617
2.4142245032272305
2.4038289869669893
2.3792558269897794
2.426799374481312
2.345061820140495
2.483937397586827
2.5256061738531708
2.5094623808642504
2.565911811653345
2.4566174234510356
2.45243325443889
2.4689110147131306
2.4966184357588284
2.4727199501422787
2.400971958639553
2.3705067447678467
2.523833308902904
2.5114517340088045
2.551945547930462
2.5205438890148413
2.5684367501914735
2.5898980216972607
2.556687613523005
2.4701826390546886
2.4733633166606896
2.5062856247690473
2.494522609563551
2.397097268962532
2.5070365934746173
2.5101031098115874
2.669341371723078
2.6464188482451703
2.607335086456966
2.5423648540237
2.595136658153493
2.7527907068029425
2.7351088367840415
2.7007952350720354
2.6013605365277543
2.5015382578093304
2.593094082025392
2.6106634863691625
2.5465415514846974
2.4573486549359553
2.4978372792493784
2.57064525058195
2.5958563614425234
2.5581875029324457
2.486090779361545
2.5062230237484124
2.4290435314835808
2.4736402772562682
2.516486133432998
2.5148007301694384
2.4792878866289882
2.512776469858486
2.471904193780198
2.459803030648108
2.4232733578818775
2.4644092018319714
2.5475190997789063
2.414858612485106
2.4661998759982384
2.4364689676319458
2.41328916146423
2.3983714500901794
2.5091037706938613
2.5843991066997485
2.49408915023444
2.467564994706348
2.4127679612867134
2.5177437244748755
2.52945780418709
2.4571948694594257
2.5337637194968363
2.5912935332416636
2.5742818954617457
2.687805756601441
2.658789191989378
2.556229614391436
2.4149481426871917
2.3722417550610015
2.4374247173233843
2.431017108411615
2.4341953181669176
2.4202037640884178
2.499274244176707
2.457007590033831
2.494331641766647
2.559348512929313
2.488252255027012
2.5826443758531705
2.6411553813113446
2.6456759485586026
2.547908768158604
2.434824234884693
2.365238213480576
2.4540852801459287
2.41461683357761
2.493124881332588
2.4288816128093806
2.4564412739687804
2.483637407367274
2.4219675296561873
2.4119760671597463
2.3773246888113313
2.492051462645572
2.4396231128593406
2.4282637946635206
2.397763632676283
2.446991088281199
2.5115104885843924
2.5571210292486963
2.592875405325763
2.6276618432361682
2.6588791592695906
2.525607783701565
2.441799606481302
2.4733161551777423
2.49370094909402
2.5251102197484165
2.6090957562968793
2.5773896513097045
2.533258354755511
2.564384959672341
2.5275361708387147
2.5220836310050005
2.517643260979227
2.525823088345767
2.498064547519188
2.5313389418665726
2.583567787323215
2.6345733625752943
2.612498834039947
2.632555854916045
2.5771732324104804
2.6384142354528857
2.594456454744788
2.636924088880426
2.6236128093257594
2.5748991847218807
2.5386782035911537
2.547169590227072
2.577102880401677
2.45729819007361
2.452257516830689
2.420663983215341
2.4729971537772237
2.462884697489378
2.538259976208887
2.5399033953940453
2.5496797562390228
2.5664473157969137
2.5427706096518365
2.5952826679085352
2.5040480627368344
2.481296477828121
2.517667242232274
2.561765531588833
2.5216454294030837
2.5228444042045832
2.4597942153516916
2.514872894335709
2.4891661092338784
2.5327780600941217
2.4928741607230993
2.4339230114037678
2.540022255426773
2.471451546095808
2.527681605819409
2.5249387452961427
2.587296193005812
2.6064884768199876
2.586975457741244
2.577592551709065
2.45822991484248
2.544687801176429
2.497257733668817
2.4492055653918734
2.3453915315894647
2.3808496658980727
2.456983784297367
2.4469021271485474
2.4171097896753206
2.4393486400502193
2.5771726708531575
2.458045949980474
2.3784087476254006
2.4991290079842
2.5192780204844496
2.469284920977498
2.5331829605830314
2.4853170862775182
2.47036129212501
2.444109980748349
2.529370832835704
2.5300446424114797
2.478551993868292
2.5183431054954837
2.618635103776936
2.582301898303271
2.5736758371308532
2.4521051273849648
2.433149269887913
2.4823444192020303
2.581715863110794
2.589686791901931
2.4898376095582457
2.4199981583665426
2.576252710001224
2.5418556677363835
2.560651549261301
2.58516458176602
2.5317537705831525
2.5378816316090207
2.527150159150882
2.581713829002953
2.624871414398648
2.645540832549333
2.542036797895982
2.510116849942597
2.5692519248764816
2.5333279840411387
2.558876859099556
2.532060757202724
2.540934665735637
2.534326976530346
2.5504342590928153
2.507055977159129
2.456831974514812
2.5358970667652514
2.461993219681667
2.5008139005228656
2.5200388451433846
2.522528231824204
2.5699552210268823
2.6134568032101795
2.602539849218908
2.6014520077858347
2.6035296141751436
2.625414357429747
2.6058090437438346
2.641660996255762
2.512806411444787
2.556366029985011
2.5499891028620305
2.593326202619697
2.4996282185603658
2.491853397704211
2.4287179031540185
2.5227471184451984
2.5722829745289393
2.5174957860739964
2.523541147673175
2.517298028403859
2.4809261317190527
2.5662369395344617
2.6093447434156314
2.5325335921091807
2.503922833467723
2.50500251522727
2.5257689358098703
2.507036740190561
2.4700178755684314
2.451248292111822
2.481724201650104
2.362026523874271
2.317468597352666
2.3789273082542497
2.381680846737749
2.4068084801879293
2.416634688948465
2.5360631920932786
2.4655235222529197
2.525864587666589
2.5432684716553755
2.5315358492218567
2.44049175833109
2.487240897618947
2.484586548007457
2.5018017743822956
2.4844197865432016
2.4599132605965393
2.4922470075583596
2.51308676284947
2.4079897887190866
2.4804037482256165
2.4528557047134467
2.469240990790205
2.576738324644558
2.5602986241333627
2.5448611438513935
2.502844518576022
2.4104628276888005
2.362266295342135
2.4166140304387476
2.4135021513144843
2.4932661151818247
2.481462174362025
2.3615436121838176
2.417724317747588
2.493584659598902
2.5873876790136467
2.470752107068477
2.435461315989875
2.4005986159888084
2.438731728852237
2.496753131926358
2.358954463510812
2.503582549223803
2.5648859672778253
2.5799553968106688
2.52657028711035
2.5676161949374654
2.5736797037138808
2.6231002020014973
2.576290318494676
2.529867841358756
2.4694096636238414
2.4836228622761936
2.4507963012192464
2.342915504793189
2.522069080987398
2.473617761767619
2.431641306906961
2.453346058197432
2.461669713237092
2.47224745168492
2.4903931334761613
2.494068356118821
2.5056204145246235
2.4691080658560867
2.4492528292815705
2.4398625426825093
2.3720795921800653
2.446339850053816
2.4919004014601405
2.447634436146642
2.474756562605427
2.422134705312059
2.4118850997511916
2.385027036745615
2.527711501559101
2.5866099568645917
2.4632612639284117
2.5983265023221307
2.5838440666913605
2.5948777439198087
2.554641815820261
2.5235198930959775
2.4572152257326643
2.384560066334933
2.410369370195884
2.424883262093369
2.345283998125524
2.445726608218611
2.505558148543141
2.5971195493572004
2.572033961848985
2.508267995393285
2.4274539957873014
2.3794318179657514
2.4991241691338724
2.595978606188441
2.654256346012889
2.6560824567811783
2.6219891917494627
2.5427536802450237
2.551943485807962
2.619350630336446
2.5657138181956425
2.6356610358782895
2.6320332877294317
2.572485546654418
2.562235652499359
2.523547824713205
2.499657069242599
2.559611181150153
2.453968499038726
2.396810260091584
2.4840332636513
2.549324767044578
2.480414784800185
2.582247406753763
2.523788954537168
2.5268255557453543
2.637838186933614
2.616802769558837
2.5068884120226467
2.516134948273961
2.431817867527265
2.4754329087442786
2.373072370714626
2.476064756820666
2.4776888761317806
2.3473851643989727
2.424684718994804
2.4489343498852407
2.3720941118824905
2.4156322825428633
2.4851051900764913
2.4472883856688825
2.4452191934860066
2.428282741759602
2.537504947468938
2.5471626763831137
2.44038551848282
2.5365249713155027
2.475124926036688
2.3859271414809204
2.4463288892310664
2.3942365861686117
2.4920077291592704
2.4593453125012923
2.438984245550511
2.4394392350629355
2.5026971887680105
2.5450730496265175
2.5118862781692153
2.4998998388545552
2.5062670011383164
2.477101425484222
2.455266155087754
2.4970177282956945
2.47864171552108
2.493368725318337
2.488203009529118
2.4039210780861855
2.374906779844155
2.3660987676589205
2.47218979374866
2.4234216161211157
2.4453724379662467
2.398338049538343
2.3568498466381156
2.3494948546506067
2.3650649193456235
2.4021024103267585
2.469190893582166
2.4356878807000273
2.41842183683898
2.475737756088214
2.5065177226989004
2.519031993348107
2.5719128861148333
2.6248601906103888
2.5692139930667106
2.6995236534830154
2.5445848775016024
2.527506816210046
2.5133561180408326
2.5920391051239577
2.674747818830515
2.6530319404176113
2.6346272540304407
2.588088705779209
2.439701739344604
2.4540503898452255
2.4334694718235457
2.4855589637179665
2.5543042945435555
2.6030972186673953
2.5691847225181963
2.51105262404364
2.6252249966562258
2.575331878743097
2.5595545416322985
2.601482963438879
2.5783426813836625
2.663322544331532
2.6805550846274055
2.6714990869604978
2.6565300788824375
2.649972307249293
2.676966226394934
2.6076923115503385
2.6829985221518475
2.6970276141480567
2.60912856221829
2.717338296361337
2.759301456742743
2.6809049641065545
2.784430221277392
2.7797018742010224
2.657433794728431
2.6228031173627264
2.586450161049275
2.6009649377587727
2.4640968733624145
2.5110144760119657
2.4711826171468387
2.600177396872163
2.501577730735612
2.5366597450359936
2.5836862706521186
2.60865333975093
2.620139014653229
2.5244635426659454
2.4927084657678575
2.4020707695113392
2.5147482949725593
2.444586468130811
2.4352103097315156
2.4073888490174027
2.4343419321317525
2.4373441121195656
2.434432020769766
2.5155583458617135
2.5232218864858647
2.4724305221320995
2.3760879729509248
2.3892648214015435
2.4697675289427896
2.487207694237414
2.4490812934288657
2.50689889258929
2.4461509889193684
2.392176035162962
2.5381620458722214
2.6098141186712875
2.608172473267113
2.6399226286224637
2.6805899746662276
2.581689729637011
2.533626370521611
2.4791760038426705
2.6172702203143285
2.6387161735978992
2.5799902798903944
2.4718080525491115
2.5595554735813724
2.533717386653875
2.5422169007055255
2.481581230008721
2.4303682730790332
2.3958793247054033
2.429815068430057
2.4334824873869842
2.4518751911288272
2.4434662607733024
2.4925980813969404
2.538536769680297
2.6520877415932986
2.5860337426823965
2.648664866028243
2.6407039182823286
2.6256680363294853
2.519015301892675
2.466657787238941
2.5439458009801865
2.553946706794172
2.537179699721235
2.5181229587480485
2.484113466004563
2.519774429504765
2.517617064454846
2.525209806517103
2.5513572625588163
2.5978392801570815
2.500967540749515
2.455483574836947
2.4678914430391465
2.3502467818361863
2.4042277635341414
2.39041187034512
2.3915680671362165
2.5313089152124806
2.464773802310611
2.4641671902888933
2.4502742875046417
2.495917071260441
2.4593520890160345
2.637928013105193
2.5914730056385276
2.5285063662437577
2.502404352382701
2.6132501977306455
2.5545042755763445
2.594309758875629
2.537421890295583
2.5172939005834682
2.366390129302407
2.419748239898353
2.459629491870024
2.467981242267677
2.460049227078775
2.397903026403422
2.4654357658678516
2.4193467247750906
2.4400203337486888
2.6055293739301577
2.5182198188916454
2.41444255043309
2.446195948481603
2.472116088293977
2.489908631073825
2.5497339035821147
2.5695326887242125
2.469718566626722
2.526922893623782
2.5557179232239506
2.538295987002008
2.585390914195747
2.5555461928791274
2.460396942444266
2.556967486353539
2.5791545888504923
2.4459855864921574
2.417867224509492
2.5372744955063213
2.495392242304859
2.509358429871376
2.4961761236712356
2.5600285942512326
2.65175513590819
2.4443931399628918
2.4109628560241365
2.301515266205077
2.4320899143434533
2.469250312234231
2.488664426906385
2.4832933188329576
2.541918197515611
2.5577309352760254
2.5902050585013052
2.6720275616438727
2.5745682623855646
2.568286564831866
2.5722219234299786
2.521528481683122
2.510913604439394
2.4684290414116448
2.4303194436710545
2.483787894272756
2.485399057690893
2.4365785592348406
2.44261920678119
2.4625900592142687
2.567292852469434
2.6207186762100685
2.6120359465497116
2.607045265534903
2.4609781759456837
2.5360330234159614
2.504557779052999
2.499055659537534
2.4274408868791113
2.359113977612805
2.339300423606896
2.41610216493736
2.4634709189960153
2.5401845410986956
2.4837989446538766
2.5519304859995553
2.513606893398727
2.55108461088682
2.473939971001581
2.506308188485337
2.5719261669369016
2.5860482643713376
2.5903297241052035
2.6327567264004763
2.593203151933374
2.5551711393706475
2.5809572902107267
2.5454423514507742
2.486198925870376
2.5192865828119118
2.4502116206753164
2.4408992451145854
2.4647516158113842
2.4621408340000643
2.440618259037528
2.552809796695427
2.5000833232335378
2.6292228569613565
2.524383583398134
2.582831823939207
2.594114464672066
2.5035881931711863
2.4391764464056602
2.4503205355549404
2.5218034345984193
2.411019718959456
2.5299474872808183
2.495496082987132
2.5337891858570183
2.612077492471046
2.560754339086797
2.635354722588442
2.5084133141327696
2.49298672028388
2.586653321156225
2.6577939995744297
2.6050791740087536
2.545669940140674
2.5606364447572716
2.5103689816849384
2.505125195303381
2.5811403435201754
2.5613819297199827
2.3523495011543636
2.3969067059396076
2.412351225147318
2.499617995624125
2.5144198669401607
2.4163515754295584
2.3810255079185723
2.336758295184347
2.4221151984927136
2.4403745487168473
2.391954919125034
2.483123815611776
2.5067763209945295
2.580720638553299
2.534237276697135
2.369247154652344
2.384965900058827
2.4562450059115166
2.5172672799923657
2.5781302394967827
2.6073713514030943
2.718358544722664
2.6104736103917046
2.7460721830700283
2.5262084218865004
2.473235418801464
2.4404381257920043
2.4608888839956675
2.3907968975905205
2.485397364936015
2.522764063488363
2.4623389386159378
2.4651831292142306
2.409455669614655
2.4144635582697607
2.538638906077015
2.4506779727716044
2.379197793258295
2.4750477285891637
2.504259519920465
2.4328137274434454
2.4201840487383253
2.3916596963666152
2.410648061540662
2.4269346293794976
2.353154762909452
2.3659706522665873
2.3709217916424903
2.435421266640988
2.5872755396338762
2.665746823823815
2.6080223846674206
2.613063794164068
2.59017179923045
2.4880156970801512
2.486473502637277
2.4792232990830434
2.4786935023954086
2.4516433621372404
2.6127156790033164
2.560345730384866
2.5567962927022996
2.4607770311881314
2.6649557842627893
2.5646353464750127
2.513852126933324
2.489367789431394
2.5765403334049664
2.5623834026968333
2.554248602224813
2.582149579129939
2.568044558591232
2.5858864300601927
2.5374135580308295
2.515799163388701
2.459364087597465
2.4993695496924304
2.497214335470204
2.4831858277652543
2.3676646897714364
2.3754749769073067
2.3811705334173037
2.3841366318644375
2.361994764674714
2.4017260013556228
2.396139263921055
2.5338227508805806
2.491241714521087
2.5601376659777393
2.4897725069208456
2.3719473358371483
2.4712396790805116
2.550722116268502
2.5776081133983904
2.616527880653598
2.5786832252898
2.592459557378766
2.577896496015393
2.48026704633231
2.4733448326576553
2.4755306435117235
2.5143555548060017
2.4382468561236657
2.4438998579125952
2.4140302422184017
2.4824689062603493
2.5432307617791063
2.5582147264033743
2.627761897242696
2.6072206475434405
2.640897799235701
2.536510638068896
2.4399667830053393
2.479073592181903
2.450837083475304
2.4172166045920895
2.5193823478735475
2.6088497732964573
2.6025527715042767
2.545789766242124
2.460585420097073
2.5173593737987074
2.5557073807762647
2.62472659478506
2.6106999248988343
2.6369669261303224
2.4713165459804154
2.5372113205794116
2.5612247531967482
2.5213653882820073
2.539018196057932
2.426171439289407
2.4803018596988142
2.472441061479481
2.4644317807328755
2.4129894299822716
2.408853584023784
2.4407492404502977
2.434170820906562
2.434110534177114
2.466885695209602
2.504720682505431
2.5131298635383557
2.4170893409521046
2.3819236261294687
2.441911234456332
2.4263980430304546
2.4234974844539137
2.453170008975731
2.5481968614259243
2.4555346128428637
2.470462777480825
2.511102962729906
2.599302345638134
2.5846586804165304
2.528884880921681
2.5271159980605806
2.4284861368839628
2.5028949629731394
2.470433866518056
2.5379171298368175
2.4465397875928425
2.4633399627870234
2.4111228863482537
2.3642649009410497
2.4808480487450173
2.5006784244656193
2.4047243160349514
2.4038772875110803
2.397987227125194
2.437784843437129
2.3456667002344247
2.4597449756759526
2.450406410354599
2.3478379440470967
2.452971193443565
2.519514351354323
2.4849057834493333
2.4894279239470065
2.4663695337931992
2.40001467373039
2.3836709066228368
2.4715289471526907
2.580348846814987
2.4505180122755887
2.478163146717238
2.489720245005573
2.42347155500228
2.390360541935633
2.4048374416886142
2.5267624894963516
2.5550970498291066
2.5478529327214146
2.561569898317103
2.4523963364566295
2.4112783669803766
2.495682002162047
2.539535038085259
2.5243039111205836
2.5715930394697906
2.5068637947825296
2.48641569534876
2.467137447325147
2.6130194854981905
2.632428922234018
2.617908923334948
2.57805944084537
2.5953284569118265
2.610890151049026
2.6895126295922553
2.625286919026329
2.6449552003378507
2.6621764680016944
2.5666957081790964
2.5258825420445934
2.6339967318742405
2.6149595740346676
2.642643896631388
2.671878561480386
2.6434922866672546
2.5963381532191816
2.4352168891194195
2.3534988587548167
2.3292848844936906
2.447593962040343
2.5173134082999864
2.459090936335214
2.5913119639441136
2.521600679472059
2.491111134309644
2.487425911608341
2.584980266671171
2.5479690610713064
2.5382921317745266
2.5685671064199975
2.5561806897578405
2.3900005151470607
2.5247363363884983
2.570969319464886
2.652669830460617
2.609891596497434
2.5586296125485486
2.52491353891265
2.444838743301041
2.387636728863974
2.4582117858640324
2.4410889177426336
2.4670808101551227
2.5148308854808024
2.530262348341044
2.456859091795465
2.489579514201053
2.513404655690618
2.4147059280090413
2.4005306825819916
2.4004454563953916
2.3721183842308915
2.4492749612399654
2.4218977841511746
2.389392409810777
2.3718727405401108
2.4542569444008264
2.44374845645524
2.405810666330771
2.451012944963299
2.4680914362246305
2.4930849086982496
2.4608058596954363
2.3459992477541873
2.456944403360367
2.409485621806384
2.4619993031370235
2.471222454657792
2.5346584461952433
2.7036782928228082
2.5567492024919893
2.66375203352782
2.620450619328992
2.575152791771984
2.590606055063609
2.5976554087817467
2.5528349953018687
2.681495716999348
2.765045254092557
2.6430391857922504
2.7278965250667904
2.722024760497812
2.848463962192179
2.725270426608687
2.656568070837931
2.6147486691036126
2.7779331311213085
2.6562243929609557
2.7027183583533145
2.6151997771672626
2.6238790865474186
2.5875894342350985
2.6010713205129483
2.5395762655962724
2.4978024573679276
2.424306049243666
2.5159522316707124
2.553697739101759
2.629458922229955
2.6303018365680018
2.549181991936204
2.4465407573826226
2.4758028370603893
2.4737956844173796
2.544992375957548
2.5286707610697423
2.4803351011439867
2.52029754532247
2.4125392808222377
2.4988194432372954
2.4979832045884507
2.505702595191872
2.420908328700699
2.4419256558409623
2.4655987808346027
2.3872409689194027
2.504263376627769
2.5412885664724483
2.5165707430692548
2.6026774261161756
2.5702314114401372
2.63009158476369
2.5252481115422647
2.371540375901927
2.4299575509699207
2.481139457730834
2.4246253581823978
2.3488709790433675
2.3926308338114217
2.397373496455788
2.418874645791539
2.4752730355753645
2.460626398464508
2.4920481725251595
2.4970506003360415
2.5249956693546025
2.5516971499268943
2.6564292454210543
2.58688320239906
2.6322094642619462
2.6316867517437563
2.5565796541437464
2.5519566833272016
2.5343643672310385
2.5065677659934447
2.4300003563723376
2.49893549239977
2.539273125352801
2.4736948657844007
2.522618767451658
2.5603749434935237
2.4592846493092404
2.431570213301889
2.4758083039667844
2.5535581510139367
2.5315800541655067
2.533743261810169
2.54393032768202
2.514424130313166
2.456069689309506
2.3977253829479097
2.4889715937913426
2.538959012953282
2.5702735333123163
2.565199007329505
2.475225154900587
2.575923374880082
2.677472409373049
2.617583846032557
2.5870813783009075
2.416966625900335
2.3746169357029396
2.4451509140916783
2.419658623395105
2.420081058609471
2.3985309654437184
2.4624503184981714
2.4100651272927207
2.5433473958897443
2.569983649089002
2.5920163991177403
2.513660996924455
2.4690285713583253
2.55585061568339
2.5766661829672506
2.5569690669458165
2.5538735324237956
2.591773657388028
2.4716756071013504
2.435120427588032
2.387416888199706
2.4884202188615725
2.554771291514492
2.6372312532857967
2.7450112658380457
2.5967957722702795
2.4610952934991692
2.4048260132585697
2.4678607011684544
2.4543028244211404
2.4307781312187466
2.563356194340144
2.4830435271531233
2.4278854354619406
2.4982491604666826
2.5673666916795264
2.497142355628863
2.58564211758526
2.500003820106582
2.4515249928789324
2.4755713162865516
2.3734849771633466
2.4465248060635
2.4416843323876853
2.54278688424863
2.4986405996635432
2.5589895363321835
2.5293919485492022
2.5209784920283744
2.5932311963465864
2.5725863461338365
2.5300817284035197
2.530369289546523
2.5106021936738907
2.5761079189933502
2.631240560449707
2.559594836144696
2.5030774329004055
2.4841456119212766
2.494619476354775
2.4533918331335682
2.533655712444378
2.5248753716159635
2.4747827611406414
2.481918813872177
2.5586202868178076
2.5240856073000146
2.5499043393106424
2.5306332582186224
2.4232206644648127
2.500359387928157
2.673726777708957
2.6116345216709287
2.6437577790314086
2.6097163846586264
2.6157389059812215
2.6679779024584165
2.7242510046801285
2.758664969880963
2.759553021085685
2.765755709935955
2.824213379642669
2.782578406357086
2.768474297355521
2.78113627959372
2.668474345958577
2.636332162911504
2.598468612366999
2.570594030197916
2.4853452576548367
2.487164055082117
2.5606205362928813
2.5640070863891355
2.6048180687370683
2.6281045682430064
2.586407063479498
2.575440848032476
2.5544090097865726
2.5488997472169035
2.4939307595096785
2.493825924836956
2.651405259016389
2.614526928345031
2.617481720307346
2.6346309476684557
2.6301053270573207
2.6105986405051147
2.731646440621109
2.6511387099319017
2.5692749043874015
2.5286487659511305
2.5277478390430614
2.4814975408672066
2.571565820839674
2.5483906598598414
2.567930456530738
2.6102587008308786
2.553543352288898
2.5197820702931573
2.5264603985667407
2.596062694938471
2.612208519533296
2.5166890065602328
2.622042020032208
2.6194269969623156
2.5550656807165395
2.5664397456265577
2.52545262380883
2.5095391761438126
2.5620784953515745
2.4811885899994666
2.4542817855819425
2.369363860396777
2.34341989939394
2.3854320895830803
2.5394712116858633
2.4713959924237106
2.505442085935949
2.651211450842726
2.7022854597649384
2.5443098846335337
2.4708330628750197
2.412056547592935
2.488026143852812
2.4611598303262516
2.562368546052502
2.4100524448101917
2.3829801117940104
2.4077943291456942
2.450839493535281
2.4067068756956345
2.340792409178859
2.4666735573653065
2.424437051506007
2.418718723511546
2.47225568276579
2.4971989500563305
2.566735967608113
2.5223725309602716
2.4821431606133064
2.442956194010334
2.428699556578743
2.5315788614510986
2.480082811240436
2.5281660257390897
2.5395705513610864
2.502535162673711
2.3836187897101273
2.5633224806132326
2.5117417316957384
2.593447042171284
2.560073034660433
2.5967067683894687
2.6552175275335985
2.595804034895647
2.6637779819377707
2.749299785312176
2.7179472326782164
2.7147467859709487
2.6956141524083153
2.7805769029421747
2.7555982667565004
2.716119437842599
2.711760016799752
2.655073338416222
2.647260767850213
2.7066590729057083
2.682754700224815
2.723103305760828
2.555993574845124
2.6606526231012535
2.659121307086574
2.6659293291518953
2.6523608961600216
2.6856907231671254
2.7132512264707893
2.7425602822444737
2.7430726246824433
2.6759528757324524
2.5714659209753585
2.6377897920455395
2.527395506699432
2.5169010918880845
2.5172735253455265
2.533784615835058
2.4914561361718426
2.546828297455722
2.6379711196073194
2.6042370582527017
2.5079360681578997
2.553810251705219
2.632581464419863
2.5852635846065732
2.5348380190406337
2.4953369820281956
2.532617696795884
2.5833657510423693
2.490101452508193
2.5825579779945205
2.491964052688678
2.4860987131593806
2.5592960922213854
2.4531271252057922
2.550976986952855
2.69050755401848
2.595351113139717
2.606266867513999
2.554259145317578
2.5239383106745215
2.651355223815289
2.7322097206421625
2.6993741935550526
2.6360012294126545
2.694830486746622
2.642622989895882
2.5353289883599746
2.5510932610016517
2.5356117123980364
2.476364892965627
2.4272732330908924
2.513988465167138
2.4944602309322947
2.467595688050268
2.368896772191049
2.406238437520301
2.3860920852383933
2.4048926688893335
2.413369005127004
2.444578782577168
2.4756903851935985
2.51938374493929
2.490953196472024
2.5519022997388583
2.66159886048973
2.687274636566298
2.6544328274272577
2.600250970587939
2.6035934893883352
2.6003324223154185
2.5196179518594692
2.4687072470129103
2.5597371235054633
2.5809597089683263
2.5121350292371623
2.5012226014850336
2.5487832320995008
2.50517663197424
2.447636493113693
2.5024834584046083
2.5001895466164203
2.5126147062889364
2.4618246026708075
2.532506514907036
2.4775550285128825
2.5188238891695804
2.476760239193959
2.410142318994358
2.33315620609266
2.399430937114085
2.4307016732257285
2.5019455951884724
2.520096326524107
2.4161860628255183
2.420769264500498
2.4199338675056015
2.449980251158279
2.5086522649746184
2.3631601759072107
2.4105222718075927
2.463645849799332
2.526902770313159
2.516307566522489
2.574356121662897
2.5102491160102365
2.593606352879588
2.398924900597267
2.3816732246618626
2.3169499540469345
2.4095775562818345
2.4430073514450013
2.4797441914585985
2.427104437739928
2.3752670708917427
2.5496592564617533
2.5212636179001766
2.5322331511206198
2.3674043417625077
2.431723306546383
2.594537022004146
2.600209145338603
2.5610614080432543
2.518784268347395
2.441591226895042
2.5511491644795266
2.637147274505603
2.539719913067273
2.520561586084557
2.5003038767460293
2.501857483766378
2.4145552251143005
2.41186736514448
2.4224697780725735
2.481290030237139
2.4987031956894046
2.6194470785651722
2.5762551559529654
2.551169599742133
2.5705382413162887
2.5237534085599815
2.529061055577889
2.6087397587162267
2.3820727017995145
2.440278408242051
2.466201537702905
2.3768631204211004
2.440019880368763
2.458679772754713
2.4677376343684885
2.4674591744020025
2.5135583665992307
2.5503522072540656
2.5384357775950646
2.5227781168397456
2.5388800643439366
2.543945566108566
2.4890568612593023
2.417602419962085
2.4330753608077162
2.3970083739582693
2.4286742978469444
2.492194339728235
2.4207875102433216
2.407750200454504
2.5285209945251825
2.490732501514165
2.608804456758731
2.5779331198410134
2.771024686437106
2.750321023515136
2.7152394185487503
2.632120349407506
2.6092388510946942
2.551490753908941
2.6296522753530636
2.631104156904737
2.537454924458882
2.579954028288887
2.6214726791536913
2.594259293795387
2.491754403735201
2.5942774022236215
2.6092149600953927
2.647775466286686
2.626109623088255
2.5528457390004173
2.5787154864352098
2.65548096377482
2.5826323832173257
2.500850225959367
2.5092071329015
2.4646989214898603
2.3641592227078165
2.592122664157701
2.576699958500293
2.5128900385629507
2.539809114401103
2.443258415007198
2.4357583970065466
2.3145446749764673
2.3663071335966586
2.4443595166392473
