0.1697217225058032
-0.008707716436860025
0.1626328110342943
-0.08093642132183168
0.06749745138688487
0.009264376755546144
0.0495595289592152
0.1309411792528952
0.20887684103744503
-0.02870837707137601
-0.09184523011672563
-0.0204362730045744
-0.08358686729265236
0.15645157807791282
0.069075975702247
0.0791688033760212
-0.03369448606154328
-0.036737414259875104
-0.04451601030206247
-0.0045434606052088405
0.02012441828142679
0.15493370378752327
0.02850336324059237
-0.08676824189438943
-0.03779012129279517
-0.07398249763510092
0.09343781842447342
0.05558001741426113
0.014521486646341598
0.06558963426534674
-0.016417974624488928
0.06848023108140742
0.0028650213804880045
-0.03366652861319968
0.06864829665965946
0.025570244149071858
0.04842772798549376
0.07926513150365694
-0.023752979340666072
-0.058585319827022364
0.10403750205043291
-0.03639027340563486
-0.11363440154631563
-0.03129694107061767
-0.01840502251364988
-0.006163190936537055
-0.054986046983793266
0.0194923131441175
0.0780353984492207
-0.09922162928004682
0.09086419834665539
0.1027849993280276
0.0060368511015016085
-0.04052241262143465
-0.03756638597480511
0.03703386843471588
0.09026438421256372
0.00556080230153113
0.034267572243640174
0.13697933984034483
-0.013474461254303106
0.09271012613446018
0.030996511216079825
-0.017843389945649053
-0.03636983737718299
-0.0769747356007086
-0.11654459294132252
0.11728580147825392
-0.07838343702018487
0.025217681858939328
0.00749828728932804
0.08733430610014424
0.010362434689015362
-0.012839954033387904
0.06242660163812168
-0.056593449401427146
0.1933228342921649
0.02403988606489517
-0.0779870691602102
0.07200036518527328
-0.08611836925454794
0.08377613835874508
0.024302185345665632
0.049545961780035466
0.06231191511560364
0.13130206712873016
-0.0003007825789024393
0.03174056264918265
-0.048811686057072104
-0.017706862393720296
0.09500483821977447
0.10835320590485444
0.07944315321326077
0.0793311733902265
0.08681601283040585
0.0349677788234247
0.06786103093838812
0.09930521674988635
0.18061695114497192
0.15539501905230857
0.11704601146194629
0.020728234825024658
-0.13923958634989925
-0.00725021162947867
-0.02251948699929085
0.05144891307155172
-0.08420383811436369
0.03438531669943089
-0.022289256705714695
0.12046489955478784
0.060624193265346335
-0.10149044608882249
-0.046202759885077604
-0.09127532319403787
-0.025044937800897928
0.07473836014938866
0.045812989751612965
-0.06931718375619181
0.007482793463287818
0.019825182914191913
0.24144065742769905
0.11775780059968986
0.11052896465676539
0.09420627268684673
-0.11207647551657163
0.012263647158304122
-0.011868691699246911
-0.024259007195057435
-0.050910773453387244
0.032217450885482286
0.01414146897288257
-0.0020760254098753234
0.08645173747202896
-0.1252650325023937
-0.08948056887946977
0.00017338672257871668
-0.046146348223684464
-0.050472606478418
-0.06270267714821436
-0.046251925514909704
0.01639975449542401
-0.008246643436099758
0.0009332786784478908
-0.1462423354854898
0.154760764787521
0.0354912121489569
0.003847947254627712
-0.12825804475133018
-0.08349782958340783
-0.007560765459909136
-0.016207752810540967
0.12437786109486539
0.027888330988914134
-0.017064791526950097
0.14379659443881151
-0.07404553185358029
-0.05114441767923675
-0.06341449675422248
0.2121705202092661
0.020698865044848157
-0.01396252532175632
0.04097479663981776
0.07067438048435487
0.03194426667999634
0.10184788593319523
-0.056888642446890084
0.08079089588551934
0.024108209744165623
0.08021074009521514
-0.03196084255626461
-0.0012264018546777264
0.10330347843747906
-0.07175852512205587
-0.11190386327981737
0.002285154859303515
0.006136070976985597
-0.02844634420483122
0.07491571855631732
0.03283764632475232
-0.033542400053577504
0.058482325081809144
0.17829958852965608
0.03605188347028859
0.10348236982768463
-0.09390012748557558
-0.09204455676077336
-0.012470703698393454
0.12615803850089546
-0.08260257011742807
0.002678272736892827
0.040275177319420354
0.06829227364261596
0.18086243697988086
0.005852599479004614
0.023305279726815897
0.08078498068158285
0.1261021656842387
0.08003237820991954
0.09944678602538118
0.019965081706126944
0.056323250653196336
0.07942335620392062
0.2092250380309766
0.1355785915773235
-0.05736358526384665
-0.04587583322626229
0.16227468893787717
-0.05982935249339107
-0.07275347450507924
-0.030193415748347704
0.07985719070091689
0.15447496979024467
-0.0031558498380530875
0.024515474884509447
0.0032215612406577485
-0.08836656326380149
-0.009305611119743762
0.010183431755461814
-0.0057966413505766146
0.00422688731111262
-0.007692359301241014
-0.0924680890182032
0.05488918535510248
-0.012886180173682982
0.19882096911965033
-0.015799235397473993
-0.03463561062199172
-0.060097803924359705
-0.05363625872860627
0.13656046395837482
0.09357462318524638
0.12627324464922957
0.10695600115982955
0.23499377859097614
0.1662271601100635
-0.02202475759575566
-0.03783744626223703
0.09900813805393836
0.20318881102787656
-0.030299442307010385
0.17149896951033758
-0.07952429520867717
-0.006260239499978726
-0.02958026283034909
0.08712512633195196
0.18690235443133343
0.22703285426037495
0.1474176722850081
0.13461156700347843
-0.011103855350112407
0.1239363002977963
0.10253657295670023
0.0893807559124451
0.003440654211381816
0.14501733634587888
0.11736244503873204
-0.05493908979881881
0.026597577811210575
0.06260923382688954
-0.07759987722669597
0.012435032636053084
0.08269900648927371
-0.09650416980539893
0.0949414971772972
0.17822086368708043
0.002557220486960235
-0.05532839321469242
-0.00014731949517596266
0.05993613075317285
-0.03925886990631703
-0.01749919037334112
-0.06170047381097889
-0.03034113703486424
-0.12716219457498587
-0.09165671208387563
-0.06259155979226735
0.10625111017874736
0.2332885861141222
0.170943179828592
0.10197062163801794
-0.06931478344447047
0.02290627388164332
-0.04146411753615534
-0.008951257007556876
0.1076764474915877
0.10976749033000915
0.06095042992394457
-0.05990512114066528
-0.06617068539740048
-0.02726185957391225
0.02062080063396618
-0.05394894287574113
-0.10034577002594375
-0.08022570375958957
0.11180524911730647
-0.009371297348884769
0.09519100874837198
0.11156340776550155
0.09873839334177996
0.0926208021429161
-0.03270795991549648
0.017085832253958988
-0.008161172081939908
0.005505346686335899
-0.013437792920828667
-0.006082900112319524
0.025583315412197674
0.06873885020203574
0.051101444749256895
-0.006761789569683339
0.03202656295119763
0.04743018731637423
0.21089221683144033
-0.04752997224234356
-0.06278886632925539
-0.10408170361137095
-0.05195560760225179
-0.010408891642254905
-0.015732266118158686
-0.05176690679338805
-0.07860994135269794
-0.10794687219612954
0.17477603964235452
0.04926610329632588
-0.032147849954301685
-0.05694246001024604
-0.03588276215507183
0.0637730130530479
-0.0707820346015687
0.06794986262308837
-0.007830936762671062
-0.03433624740367862
0.003242581942032474
0.003923931420353997
0.08226364633321515
0.11867672893396079
0.14463479021230455
0.15977307750032588
0.1415575027667273
0.051994365051908326
0.10744607006980236
0.19606162710788852
-0.05699487475580031
-0.04185551519554456
-0.02946765267926056
0.09566560244038083
0.03496455880277221
0.15502205307649555
0.0999575870983798
0.0919652334941332
0.1311631549015919
-0.018157836185392517
-0.03744783002060735
0.0731256822504936
0.03858200990154817
0.001850232270754218
0.016856962510160223
-0.09244392878297186
0.002297573036414577
-0.021495260189195745
0.06255314634640954
-0.04479733840802386
0.03270156290373136
-0.05553538145955292
-0.01382119551461336
0.02838814752516123
0.11502844824150044
-0.09698706204977263
-0.09495227783789385
0.0240012048054771
-0.013774119208888207
-0.07401128429408879
0.09416443504302109
0.0808319343163639
-0.012915896301237809
-0.0783436750030693
-0.06531450740841674
-0.03575134480838692
-0.05743236875492361
0.02275501601742553
-0.11767133774487305
-0.06846913540050639
0.11088426208815749
-0.061654799408116565
0.06027129576440491
-0.017783875121627744
-0.0098868753375973
0.026355025836489715
0.009104916152611345
-0.03928850973341662
0.028262284207075522
0.03359751751423577
-0.08360485215971138
0.007407477210450722
0.005461286346769179
-0.018571156964021146
-0.0698622576178267
-0.05500968122606882
-0.08997959375421634
0.03028570857129992
0.08401229657436612
-0.012701026592944094
0.10109906840686322
0.20882968882213254
0.07487700652346045
0.14388911706847196
0.028884801473550117
0.10348820001156434
0.10080761368515692
0.09709624986836432
0.010019973284385142
-0.03289558362335136
0.07596475470757072
0.08191297043512955
-0.048954663610878565
0.0006502397994032905
-0.024875305638863643
-0.04811197165910419
-0.058183524396019974
0.009242756575289245
0.026413885880067323
0.09662779689325769
0.031250062375981894
0.06655689042984245
0.23828075522394113
0.197010449886477
0.301072315432438
0.18398943401902962
0.10451699820940188
-0.010181156811626908
0.0304213501780638
0.035207922137848444
-0.08009002772640955
0.028801351478393057
-0.11747191012297306
0.14764123965245346
0.11127056303225971
0.011953445505683821
0.05288223189441048
0.29953355875534915
0.22933151071152927
0.18869226904585876
0.045818986800120226
0.09624862636859756
0.14743562924570228
0.12274263065502308
0.20190552178548532
0.046866328736870695
0.024330695108951736
-0.04449428852930566
-0.11880081240954778
-0.04172455132387025
0.09242811844684029
0.1874152121318932
0.0193838209649405
0.1312765666687583
-0.06898101841664057
-0.035173239374703985
0.02099524360319628
0.06045443300039793
-0.04454923716570092
-0.007176457207408393
0.08244689930117391
0.03624037606302977
0.0665217912152698
0.017318184487540092
-0.042659266127447124
-0.02575769302922999
0.013668313877344102
0.0904874408133818
-0.009881297204691844
0.046218626786254005
-0.07516378131833219
-0.06245533026762107
-0.05838726429601039
-0.012372661881536656
-0.053138348851589634
-0.03381072035174426
-0.08435029718475512
0.11694709272950357
0.15889275003318415
0.12705398942544174
-0.06317314193401023
-0.0015990297016957866
0.14882239424724006
0.07270650022794456
0.008401771461537061
-0.039095670362512464
-0.051295482890784616
-0.011073790168588227
-0.041827476162727195
-0.0320122315912455
0.15030691058065276
-0.10286691831047276
0.003962501572399267
-0.08980241484000763
-0.009327325179119078
0.0642341454145521
-0.02672732528242676
0.0773640571686254
0.15998493250094672
0.1759612828936632
0.05181371245583452
-0.06803132967734965
0.0808683692780256
-0.06373448576443962
0.016124862210197988
-0.10268056793629278
0.020938647890115743
0.05743606228629589
0.031572696936709735
0.031017150040550463
-0.027955223471129456
-0.07472763834205498
0.011761249529739642
-0.02430742928429866
-0.10283473161746813
0.02401573342967271
-0.04018464606881427
0.10514748298612983
0.02374848044368978
0.10228696229974098
-0.04218509775217717
0.0598706494751491
0.031521000877835506
0.0057352815823442475
0.035923188032887673
0.03605599377388331
-0.021580876484091627
0.027104553689032557
0.07514667036033934
0.12555906938884615
0.05780212213958634
0.012218986091428866
0.022631564506497663
-0.01452871983052087
0.06358097137817281
0.058131678269426446
-0.031609655426398764
0.10369773814870523
0.016253267650410103
0.048080423753050786
-0.04255191090879506
-0.024242992882746908
-0.022227221906590544
-0.09459337774287066
-0.06299587840921825
-0.15450282398033427
0.08269564314333261
-0.012774235482891638
0.056111857359894546
-0.015136704798340783
0.029190541475466618
-0.03442317786481395
-0.09470918405099646
-0.11981082382144187
-0.07416117006826353
-0.09404057572604073
-0.03107867879604853
0.10766245832959274
-0.036802173733504216
0.236672895405954
0.041258572721695655
-0.054914722424238886
-0.010341352048428246
-0.0206251805228483
0.041006996986725414
-0.01202164731114859
0.014107213022746208
0.03298891417993696
0.03456769118439938
0.05490074465579363
0.23910437756265485
0.1691000159811082
0.15318730271538558
0.13327794757815636
0.0641478411677747
-0.07186443215693858
-0.06254668188530066
0.034888844284516704
0.02236230596602795
-0.07135796278204903
0.023481858102517593
0.08995367723579258
-0.011582886564262256
0.1213475300049109
0.19511296926952248
0.11793288122901777
-0.02443550786850701
-0.04344272828532333
0.03244755215274489
0.12297540251097686
0.0325986923284808
0.029874178714731317
-0.053621196113708726
0.11999196288503415
0.1538565473292189
0.09671383332358906
0.13962636747780335
-0.019807714464681422
0.13728170272338286
0.14440884500383494
-0.05138111452278843
-0.011475471255445943
-0.04303970327291999
-8.088791939954432e-5
-0.045449187166244395
0.03144018764821743
-0.0052367756641083785
0.13184036909259433
0.005978532955160834
-0.08793779814149216
-0.009585031070348762
-0.04311266246992612
-0.09486482328767544
-0.09652939940014993
-0.016162776255713926
-0.0040303171264510634
0.05745411839946965
0.04633741884798338
0.11173181540451252
0.10272786517515899
0.13463616127348055
0.09584882487136596
0.02848758377517432
0.034849630852046606
0.05529303094302704
-0.04210515362600763
-0.006718867202686052
0.05045603765658266
-0.05892417104954917
-0.04157210722185697
-0.09801898534885051
0.09875936500423144
0.21746537541546176
-0.01653072095157347
0.04035536705721432
-0.024103639947605976
0.033206983518574235
0.07209039318585302
0.001794671996260544
0.027443701016884772
0.002144099935803903
-0.05294688017082873
-0.08580931229488768
-0.008785296830947462
0.14891427475161856
-0.015446113359933747
-0.01881238277594731
-0.09465287076827382
-0.07558355464378123
0.11407100869134883
0.2299891247530817
0.05979678435340599
0.06966873135328472
-0.02968226546567701
-0.08432997687380733
0.1658556563092703
0.1418968868782638
-0.023673083537375305
-0.05651807192185146
-0.0008454736679564673
0.11744845200446072
0.07451010620912919
0.12235047069708133
0.15470839929460653
0.00853577279720498
-0.05851797277651892
-0.06457430728976588
-0.012154365401824796
-0.03791621989024364
-0.07581325637412242
-0.02398739702049267
-0.009084626295633239
-0.04991008183894921
0.0207450471456605
-0.024789913761264756
0.06356025023247087
-0.06396325247880147
-0.023804132277830653
0.031713707913559486
-0.009365129137580197
-0.08492791372770989
-0.05101228223511896
-0.050358916802580325
0.005780550101671389
0.17764280819456246
-0.03511820409217208
-0.0014622806793598286
0.020430433061728773
0.008072154107029203
0.020322743020543113
0.16598907868285157
0.015474209455865237
0.013210469318184252
-0.06458051494984077
-0.008938843712168035
-0.04026266351239656
0.0236258643387409
-0.06640884464061422
0.1691998527069327
0.026182897384788628
0.027459786797072033
-0.034346746510928464
-0.022806914135282463
-0.05041078091199906
-0.012999162558157397
0.06513254322452824
-0.0477990221712707
0.13575916257169654
-0.05692094722406993
-0.08534807256367294
-0.095695821816088
-0.014440907728473347
-0.010099100694941868
-0.009275689738465542
0.02595250014926343
-0.001556597620784833
0.06162783258166814
-0.04068582309869727
0.01506351955192857
-0.06196148262939344
0.002930687393831913
-0.025845596757032428
-0.02528824430364933
0.13486666422403581
-0.06648251014974614
-0.04922033616516425
0.05895357043503044
0.11427576238164536
-0.04835300360605443
0.14622105014455417
0.049184681981406575
0.009380515144016763
0.03516753833189763
-0.011026528461807641
0.16863388930949075
0.09946795795985283
0.1584331383630566
0.19804637974248307
0.01782680621456051
0.13345691445207986
-0.0051534736532868886
-0.12151801452288605
-0.019998983630601846
0.1424461970489519
0.22809653210441452
0.030726817271909304
0.036213791404041434
-0.014364571764545489
-0.03095934518210995
0.023384675099016344
-0.06994828095190482
0.03021316284254298
-0.005417376526138426
0.01611405057227265
0.16593570187576911
0.1634254100497942
-0.12083692210837299
-0.030854931703846913
0.09083133969091887
-0.006986547343747179
-0.0837892080226016
-0.06896010612356562
-0.07104644039651675
-0.021303408112593847
-0.04390063790736477
-0.03500328105451969
-0.03168976076070395
0.0632979857313635
0.13242963308404535
0.1394411342916647
0.14374139135242947
0.15484840062595875
-0.050813268927923746
0.010233725849595782
-0.01333023119607464
0.05067466270236946
0.20620503618809072
0.06145633024780474
0.10417781577592768
-0.024755834436453864
-0.03159040147629143
-0.009685130556837576
0.030085905177761926
0.047423596440533816
0.029448297972024383
0.034846428709611896
0.044546581941713334
-0.10310271313140262
-0.004829081444123973
-0.06468727201011285
-0.03125804125345026
0.11204051250065074
0.05309352052293151
0.13203720041195552
0.06313037083036042
0.3047995611396289
0.12108813232349402
-0.022877558912890353
-0.029276947559404604
0.12546861857032854
0.033153896253746304
0.056239266021625337
-0.06083903506019922
0.0640731668119915
-0.05875583659528274
0.008896318788969057
0.04810077901170144
-0.11140460507785233
-0.01643698551562582
0.0131750640996902
-0.08413365423329772
-0.012564913952207643
0.030777375154546198
0.09885681240554076
0.04869862585862771
-0.006675991511503332
0.04198593811540742
0.06497447970650805
0.07451387857151633
0.047249778707187856
-0.000984346217696351
-0.03719931974174835
-0.012724884859584368
-0.0853283036244941
-0.04917109461076958
-0.05198476124809572
-0.0578180985782048
-0.023337951329571657
0.021005934418248162
0.044170244008520584
-0.06994624372345867
-0.02547840513033521
0.10799394381259506
0.08292068413457085
-0.08459930741247973
-0.010935870525452335
-0.04984111226833263
-0.06932779258368288
-0.016081370276824755
-0.06790679168789497
0.028611688124611193
0.09534969512652833
-0.09857277726782422
0.01548574837137677
-0.0008865458690989064
0.08651823482096241
0.0135064534699397
0.030182456851004374
-0.02080606999781756
-0.12038777940629675
-0.0726178068336606
-0.016313761222646835
0.1581897838881711
0.09474133592427134
-0.01187161760829697
0.0978150694995281
-0.020829955372084527
0.03842647534160769
0.03343006199493502
-0.03000151909054717
0.002966406782962727
-0.03632300448330823
0.042482798514609454
-0.010214654781255782
0.005779412108522147
-0.06520823336724868
0.015175992832733416
-0.021560084579749575
0.11558563580248768
0.0494359802955156
-0.06524199354268771
-0.047104319261308744
-0.057978999337269396
0.12117654359661523
-0.07658594334914541
-0.07567085173268348
0.042932919526237664
-0.07546206671829826
-0.12125711579344352
0.034724975388437856
0.1486287785335655
0.21284020689488675
0.10857282386577868
0.06657806228092648
-0.01672980946808584
0.08873512053629956
0.08416934050239458
0.12261509004461511
0.037232642188813135
0.10112471069031963
0.14802941821341434
-0.07990374917359983
-0.049400735624406965
0.04704418217037511
0.08065496795627095
0.1765619974238511
0.17776939383357643
0.11455944459434841
0.06808318076514926
0.12632422472881127
0.09582907566945963
0.004184799315779586
-0.08883316106289454
-0.003092583244303268
0.0123364542055673
0.07587460997604015
-0.04830938830417356
-0.03995664222891679
-0.010538970027450592
0.18666282167596465
0.2954250547706509
0.12124732604161789
0.10692983286624644
-0.008184078455647288
-0.020421416244710236
-0.05093074948954425
-0.07901069394238901
-0.010240373840579027
0.04410281047484926
0.006533802238787627
0.09582394588854201
0.03472718388660882
-0.06677792521899281
-0.07272745288791199
-0.0014154673460108347
-0.019391282019426442
-0.01894987085324361
0.06219201112365727
-0.07233715350032496
0.01093116374539007
0.03787249985987937
0.024111564561485374
-0.03174968291859324
-0.06879125195331456
-0.023396785610388326
-0.09834179445380867
-0.08843376144355182
0.10758158139689566
0.16275682838322608
-0.027946842638801563
-0.03751026281764047
-0.027661854153647136
-0.08390298347248577
0.07999482434238124
0.17640786005012798
0.2722486878430154
0.17895429748684805
0.19058943758372054
0.18365261413350104
0.07118177644859895
0.24142526127601116
0.0714231590931943
0.11013407420342075
0.040165859137739235
-0.0426074319118175
0.059455698915895513
0.1247229224079251
0.10224327956696116
0.040773889366199925
-0.018796397042058113
-0.0044154154563896125
-0.013218796782111686
-0.024064787683214392
-0.08374009649351617
-0.045235122311482856
-0.04942222004863763
-0.031048499127321515
-0.08866585076661851
-0.05332678733541239
-0.002998049617392279
-0.03767804033254672
-0.057797706450136675
0.05005437102311279
-0.11380259708314724
-0.04815195181285756
-6.606701908995483e-5
-0.0591580803079107
0.12394597280462193
0.1740843198293922
-0.015073189788648356
0.040830778534021936
-0.07742554272672891
-0.0031238669497356195
-0.03181203363697373
-0.03471970841312674
0.06617413019684049
0.09774484635364146
0.02863662346562003
-0.04843461158299543
0.08015657680898214
0.1394641910162554
0.13202145913327018
0.03871821125564122
0.028590488031142156
0.04328183251437022
0.05735624119622579
0.13294039321485498
0.13895682606880488
0.04995402422297979
-0.011589168897478984
0.1548170227874887
0.14452002651477938
0.014032138365808078
-0.023232830462740744
0.015401641059460291
0.020223797665332596
0.07124511494074431
-0.025031418190578747
-0.054087145856347635
-0.018317086891798007
-0.05368393399480227
-0.045632096137112374
0.06284984593129007
-0.03698413792160864
-0.07207361764251231
0.04393498125788352
0.06313771387970007
-0.02184328166753275
0.07808912764953872
0.04146485146377622
0.11613456361606585
0.014332950469130357
0.09332578100792997
-0.032400412378849275
0.010639265781909504
0.06993033232559531
0.15000424100714743
0.14139424093054354
0.031907677706868184
-0.06816218562090263
-0.1179947860604986
-0.013206023288382461
-0.08569798476475286
-0.002288874330806004
0.002997892926900496
0.034741938256812904
0.07204093766464895
0.11202408753496805
-0.08793820125171084
0.03304934412129394
-0.05670894315868216
-0.05822840621451772
0.0019147358212149718
-0.01607076448579886
-0.06363802371399235
0.04414848910106226
-0.055646062719719114
0.08996294751643395
0.061534873034917156
-0.0020065401301915253
-0.09778612011048775
-0.02611267626876304
0.10018984101249598
0.05444466926248151
0.1278707516575774
0.12055184776461846
0.06497156245387337
-0.027998684479121128
0.043894019359558945
-0.0319118348851402
-0.1144390372544434
-0.10801900622402888
0.023986177024764258
-0.1018998290238453
0.05738054173256663
-0.03149939425761357
0.036284697249119854
0.01976476224098085
0.029875662290871078
-0.0234281551553423
0.0861540379036148
0.08582550975100886
-0.0645156074801695
0.05386266976035021
-0.0754007295564923
0.045959383491206214
0.11103681216231599
0.16344839974704362
0.042485340034775984
0.1334487153506813
-0.016418478292641203
-0.03118835959252958
-0.02208211274355476
0.015171906325356407
0.08146027923368991
-0.04604795021363997
0.04636666227011667
-0.0003098175786018162
0.021051130256342768
-0.030583134223713587
-0.05961083137409399
-0.016783445413968867
0.06959161936992633
-0.07343900165864797
-0.09982723096731294
0.014152294905730375
-0.05754106210472919
-0.034022710778411805
0.10028965233103398
0.08291158705222551
0.065620657782752
0.031830649393859475
-0.06117602702269889
0.0017039149426082353
0.05508392388531608
0.04122234419333881
-0.03757347501030203
0.008879121166673797
-0.01383400518788594
-0.006510287660316805
-0.024980502563590246
0.02061881437861038
-0.01942540922902905
-0.009738547289756108
0.024298306813648723
0.10148327935389412
0.02660425766564538
-0.027242614947952534
0.00836834630816144
0.11376469089476271
0.05493068745381885
-0.04785976300823823
-0.07628022141057497
-0.058070378170101605
-0.054201971315778835
0.10910886731294911
0.15745874544188754
0.09426050614634589
0.03251543901482398
0.05268045272493871
0.16565163850513426
0.024813601317666453
0.1202087904688817
-0.037975545199138
-0.06728382815064135
0.09513545435272
-0.03264077553388167
-0.09682364178532042
0.25234106332029554
0.18835604420141083
0.03838941474356306
0.009369153093196136
0.05326871271624209
-0.05610395806767479
-0.06240071172371782
0.04322200576404926
0.16739661710206735
0.1668788838810274
-0.08789682583356333
0.06924394519523203
-0.04751543088507808
-0.06046893150485866
0.09571826397335396
0.08785845487334396
0.028099363872547363
0.009586305821058017
0.05360702661906702
-0.04742740141626098
-0.1144033551871949
-0.004966689743813611
-0.043548197091476476
0.009575628566464892
0.1311147299294168
0.10912406565915705
0.00702756028150299
-0.06733213679222233
-0.07911138024649347
0.11577113183831741
-0.016011926458643418
-6.786945321518578e-5
0.09284928147301778
-0.06453031879038998
-0.05101727661769914
-0.010126489466566017
0.10837857197733446
0.1227764635553536
-0.1093786448923188
-0.09189988177710129
-0.014721854289753013
0.004863678489029119
-0.05859477802215008
-0.02189283422699101
0.33336364117275885
0.010581401039885648
0.02976284558676828
0.07840802720279125
0.024125313126365497
-0.01987657405958973
0.07636206911344479
0.02905591090053916
0.09067030049902486
0.05032193106196953
-0.08102867863224726
-0.08540025444835993
-0.08892652513648634
-0.052738256894156885
0.030573196804398753
0.014339608442674914
0.06127169926542513
-0.002796913705965894
-0.03065879000988013
0.08421104749245989
-0.025114062235280857
-0.1050177343212601
-0.06037708956417298
-0.048672490112352584
0.05640377575900912
-0.07341090087232395
0.03179546520246947
0.027968981838824833
-0.04132996264255581
0.08939602982086035
-0.028608012198813176
-0.07934337318205265
0.14331209538867953
0.16756407628952275
-0.042316383004400146
0.10564954467072848
0.04510472426014964
-0.004679598887606509
0.0014836880223183593
0.19219057328941477
-0.06670928821947615
-0.06249690006733123
-0.033793793742820336
-0.022608483855218985
-0.0006672527082107471
-0.015992136755024644
0.18256968398133752
-0.030182968544423913
0.0050156115674743346
0.006489930883743172
-0.07419638213678886
0.027474862194652366
-0.03424907183348248
-0.00046827181701834114
0.0015108881449957465
-0.0346179860012045
0.16472581454572885
0.09663263245312498
0.11243062204398926
-0.06581847478021291
0.014617182940967852
0.025418270164426958
0.19782513013446884
0.08924407440508406
0.04559155669641134
0.04807383674490359
-0.10434385899468325
-0.09900076535862679
0.012890017658416263
-0.05884524145936286
0.1438038120622599
0.1155197231563927
0.1070864772493709
0.16420558805313457
0.07947547446359698
-0.047213883613247944
-0.10091506525161643
0.004212011543611588
-0.05208059212838878
-0.03753369411392575
-0.011814923711354008
0.06941225503677592
0.007909071188194394
0.0015661578518043895
-0.07649311124274487
0.030115801905113926
0.1552989759783865
0.14370600942992662
0.03310117985562378
0.1806377579259003
-0.06976214116677187
0.015130309260726033
-0.10024833371121557
-0.04468323204339257
-0.02094430608969569
0.027181644943787137
0.0061103044922433195
0.09379968244929196
0.03812121291201674
0.054628556300914954
0.24799145079501395
0.1778765193136895
0.17670026841310033
0.24818017565639258
0.1296081463858881
-0.06268114887541504
-0.00604319655697709
-0.015214906021061847
-0.02332879520839677
0.007612714873502693
0.025931575064566822
-0.11541361423676638
0.027461061016044334
0.007160795529721362
0.030836167168465566
-0.08563395965594564
0.027716649742636455
-0.061300657279066625
-0.055126941216107866
-0.0009503404744828636
-0.08959390006385502
0.031489275796212135
-0.061286869604660746
0.027082001274387604
0.013900136839526109
-0.07964168316833377
0.06164032575244138
-0.07875877118420095
0.11247168849101138
-0.03216333839075357
-0.0025447903547434897
0.050222539211450465
0.15209700909804807
0.0784236617492504
0.06504698190828778
0.09148510153040273
0.18859026777603768
0.20004594076142498
0.2077922936114542
0.043885801217869946
-0.02455601346159711
-0.02598421205163065
0.11842182572293763
0.015265686590037394
0.10926152882963845
0.087775386017612
0.05057058764523531
0.11350506211224251
0.08535916379970915
-0.006365385052179193
0.05205401386521909
-0.07183567599166017
-0.014657438459405828
-0.05399627283049026
0.043410771667413126
-0.002110547493954097
0.062298436344756264
0.04559330739594809
0.07366846447007398
0.1391062628947403
0.0812420621265689
0.010536361306259442
-0.0236639931426142
0.05509635456849414
0.04264807240199994
-0.05607501854909318
0.04973705974345745
0.03411384767073859
0.0009864985976357349
0.12999198017898922
0.10713365796468216
0.14568063210035304
0.27159454848322584
0.11755441578864378
-0.008623833075125022
0.017623752474989735
0.032140785908776254
0.044489983715623516
-0.02818156358695051
0.0750853442007293
0.02533421089077327
0.05735117408951465
-0.01142435414820845
0.019983775491974852
0.0030425377996790154
-0.0008813306054858694
-0.0827912720802733
0.007491939455795488
-0.05455609770798263
-0.0566582524885659
0.1472306885680046
0.17607645185104576
0.01979392648044339
0.13107647336548575
0.09956957108044465
-0.018371166366372815
-0.04366090721761315
-0.054579350559966155
-0.11094617208984994
0.04515899244880928
-0.07962990232748053
0.031840255309620494
0.10151179100675532
0.06925627407648333
0.09826070551393161
0.0640192992649671
-0.01202007021116644
-0.04422176542318184
-0.029940306975896856
-0.14956612305853584
-0.020426537669432247
0.0034830606955518206
-0.0018616297482893507
0.1457207251183378
-0.08851228006745185
-0.062138638820538786
0.04560265058076306
0.08748922201632148
0.05624434029522378
-0.12483947756124039
0.009607822059215648
0.10285566765138292
0.08404587171867256
0.04365969368025124
0.05158433864521965
-0.03759857921086185
-0.004313817470613275
0.2049527184325324
0.15909343813097163
0.013805535200374641
0.14354094782049037
0.012799170710963967
-0.026923548814934122
0.0185163863688481
-0.06782463768632123
0.3007092576731568
0.16395349747806723
0.16442634526570182
0.08279242035775178
0.049421789524344575
-0.0127783139049326
0.09671145259673972
0.018237118810887305
-0.005113482593143988
0.049919404093534306
0.005266337983779748
0.050499337183569706
0.12144301342618627
0.09261410899109136
0.011154869242807897
0.029256074887367978
-0.12962991148152042
0.012698143907432846
-0.07908195081797965
-0.11161673522041352
0.07539794517567441
0.09991289199209867
0.13663573131541704
0.15558805655945798
0.06539826199034139
-0.01325501449680558
-0.023872335731684874
0.04493466248069944
0.09779360651372301
0.07124569426587747
0.1684143969782836
0.10747786334686954
0.15817094494375014
-0.027093821588732164
0.1694357180313653
0.01839997222120708
0.04730886409891649
-0.07594595056108122
-0.033392805927521294
-0.07284495982471913
0.08769952590243132
0.08105188863451224
0.010688108047370942
-0.03219963220212976
-0.002316720361921411
0.0570992978515925
0.025118077479443793
0.11677451924875537
0.03415667959508179
-0.0692324885426492
-0.14787014222315226
-0.06094175578754134
-0.09047243433792518
-0.06028003992655943
0.10183776620733148
0.05191269616768608
0.12491557864474548
-0.08794695065546379
-0.04619058538341643
0.04593081533415796
-0.027555874891254772
-0.052218622275094495
0.09332833733824283
0.040458117471093666
-0.016508119212278433
0.10543703451648641
0.0276885590812464
0.09961614228937932
0.1424719642167743
-0.054036124959112725
0.024767710893543085
-0.15901880228053722
-0.043444698492673836
-0.11582402977647219
-0.01974376741084289
-0.01921120536027507
0.0702979558658441
-0.07594880260577247
-0.039724097929857774
0.04459148785510812
-0.005140441991354605
-0.010563484185923497
0.1585643468733008
-0.021144010842920828
-0.11662495496733369
-0.11413192390321054
-0.0005649092199741523
0.06408076175409304
0.08204508447717765
0.11853931919518568
0.1722901367614445
0.11691728785959495
0.17901285776639175
0.09921267306927367
0.056327259032252164
-0.014906460357769363
0.049723681356423036
0.02424103037205272
-0.001324236917303677
-0.00531656446247946
-0.09762131586706262
-0.027213066789783517
0.034218423455549554
0.0953808506538481
-0.05561177499697588
0.07343278753363419
-0.01844933070971115
0.15148760437458098
-0.04041085894291943
0.027129004655276706
0.013382898815412617
0.012167512858038798
0.11313209696197105
0.013950867306801708
0.1308459252004104
0.047850396782636404
0.015552547611983526
-0.02728048752710828
0.032322301385015136
0.06262215718530381
0.004579285157607457
-0.06549538457483273
0.01540136738529764
-0.059193801883031444
0.004680800641102906
0.028118635154939217
0.029376701660240506
0.02045186381639056
0.0011585488560244758
-7.450381081260116e-5
0.024345170218540123
0.06941835299675397
-0.0569505275176498
-0.025042405871403453
-0.051399073811349255
-0.007464908360969219
0.051444444016619795
-0.05582728704514145
-0.039466608263431555
0.022923239351628183
-0.05160636924492833
-0.1478690520484639
0.022652955733743547
0.07914082504643241
0.010869360327786196
0.019013834145477082
-0.015137851819710259
-0.0098472727369881
-0.10659097156351954
0.13674848083705388
0.015617939259953945
-0.03467034484271571
0.031841631195006916
-0.0017639989200699258
-0.05966278608523936
-0.05324838795827712
-0.03987495765152672
-0.12870562727086804
-0.08841187144047831
-0.005585786243532481
-0.03183176133326704
0.08434029068365156
-0.05457688992933365
-0.07896784401137608
0.043639382691019885
0.041833794212039255
0.15300580363057248
0.23703630524115563
0.28343412669634593
0.13687479719662615
0.10972566891460361
0.09725056201482654
-0.027941123527830347
0.10110734535032648
0.11322868771928093
-0.027932523089135436
0.09448654120637628
-0.09757148038098988
-0.04098242437177556
0.04154880562210715
0.05636983618616675
0.06992136882625018
0.0831874944238009
0.029537622213051035
0.025461008032468285
0.0793852893823765
0.06634927213551035
0.09316898951202753
0.26015503743162677
0.11846311437116035
0.17143886808215625
0.18597116902750738
0.06868603833595373
-0.03323605998158495
0.05444226818098466
0.017056194901080818
-0.004642626364567123
-0.04440807088107072
-0.06778857594539951
-0.05631883015461478
0.027540005127768455
-0.027350442344090883
0.10879840472315683
0.013983835042160622
-0.06659448732670609
0.0014321826797426412
0.08214153542005286
0.037795048314493845
-0.004263944501819536
-0.05007537302958502
-0.04833309555564431
0.12426993376870628
-0.06821192913029482
-0.07145513013240695
0.009432266086211435
-0.0932976371226108
-0.035145406821438595
0.055332872238284724
0.05281156557452504
-0.019957152110897297
-0.012009966351103796
-0.03658424119879614
0.1343169807663494
0.08434445384027242
0.056101898417003235
0.029735977861330493
0.1269531006434698
0.03130026365393934
0.15617102034107813
0.03121447648619119
0.007453436160178482
-0.0359560058817321
0.016786788518520557
-0.005195700188871111
0.11625831205870332
0.02241948766457527
-0.0284900688179684
0.008486259016779352
-0.05682738143846597
0.19383468791535696
0.05556595455489322
-0.0878695774761876
0.012337844856184721
0.04898063003052526
-0.027406310199291642
-0.03269029394877584
-0.052131274409374734
0.04508671200219694
-0.05636760125009194
-0.06630949446152154
-0.05802197185893301
-0.026168609973792
-0.01060208035515603
-0.033185868450080175
-0.06802681498420161
-0.05868921718239123
0.05623396870303424
0.0735858146580286
0.06349454570393162
0.07165441688096316
-0.0014572998142907412
0.08413047078804511
0.017834411513203856
-0.016922095032537374
0.05170547487441968
0.0885180438369043
-0.010749917619024302
0.03822017084915957
0.018772235236684795
-0.1010602152354141
-0.0655096390363267
-0.04228618633890645
0.06862757587510493
0.03520335704676006
-0.059489781176542356
-0.001976382998835971
-0.07121420802549863
-0.024045669874049283
0.04884435556083308
0.018849181815122934
-0.017046117157054397
0.06571598097339079
-0.026619149632234107
-0.048265191819377815
-0.021972682743240754
-0.13274197486854675
-0.03230930203693465
-0.030177427796699935
0.01728157803974767
0.10118760806508786
-0.04784449382468678
0.06597030565075016
0.10566861063868808
0.00876952301885564
0.07643016946574828
-0.057013615455847926
-0.006284628928706015
0.10205662431433447
-0.06421479935745891
0.012984937563573204
0.10325831637631586
0.08423279060352905
0.006658673076165023
-0.06795750496282169
0.06136293034093164
-0.09455360292670195
0.007124346318325939
-0.034999676506739186
0.06152481295362913
0.02702218553472059
0.06340170061469327
-0.009582677977485327
0.08548209302855773
-0.0016655103633052837
-0.0008545625006839697
0.028571597888039243
0.006370030463167142
-0.04346015500346273
-0.050710775867493396
-0.007628803016180963
0.0018864420999726433
0.0027880695598415835
0.0027524139417558074
0.010608245698614363
-0.08695349201873752
0.027466992016149064
0.009766056501017181
0.09041317464485657
0.10023278227780025
0.02014097099813094
0.0652871760176333
-0.04528639658960902
0.0653923257728725
0.1628248830122974
0.06931012509683411
-0.01617394590864825
-0.032328035783449505
-0.01606906106600453
0.18741053703315413
0.0259741862620183
0.15970122990070046
0.05499791113664909
0.11367151534466924
-0.03875894278579951
0.06708784564543005
0.13451547592535795
0.09633654676119138
0.061323623330195455
0.13806226503915087
0.12652748671669348
-0.003152468078773535
-0.01086620598778508
-0.0202838600132986
0.025317454981630037
-0.008397088907389827
0.1135590014677785
0.07052257140104827
0.03837903544370909
0.032687684213876696
0.028612870072719676
0.004496239015696388
0.04518333765874049
-0.06986889654832965
-0.02750957418789847
0.04309185749315876
0.04705173483055332
0.04446752706263375
-0.06591721122086355
-0.04006378025747939
0.031232050925883673
-0.012285148360927506
-0.027858061434808006
0.07127630084014797
-0.09916032281582647
0.20470747443621665
0.07277095228834832
-0.01758878938505372
0.13274146307794177
0.17303850377248017
0.017469376398100367
0.035476157440192294
0.12631727230847462
0.12860823102453756
0.12138866754562433
0.08725053891223429
0.09121630511137375
0.04729762143584726
-0.07347930091049834
-0.00877800538951519
0.0532741304366728
0.21637894658037896
0.021863473341867196
0.08232486615113765
-0.16314972049654491
-0.05781723520821458
0.10951855456112895
-0.007054260860708636
-0.020549786735516523
-0.09103587586152308
0.02813276479659682
-0.08579645829749594
-0.10528989816227304
-0.007854560634243724
0.044022809067254615
-0.012104685333721034
-0.02216450200106221
-0.01996448936734846
0.1315953865970554
0.1064817768207408
-0.021897964419536342
-0.025257516975868574
-0.005494657288379667
0.06983158377497838
-0.11049203367663252
0.04453842889851017
0.061779091109726125
-0.03485699380368848
-0.06724530958052963
0.04211971365538895
0.12300775731432848
0.03328268731965672
0.08873928056475903
0.06065955213775058
0.11721509807971506
0.03875681173680216
-0.03248274057524106
-0.01862908373564058
-0.10557360953923796
0.07774192942493453
-0.04054696129483507
-0.018434628111388678
-0.03820505416453075
-0.0005503030558324934
-0.020553795654530915
-0.023983469628503645
0.038132698008783675
0.03942267861871056
-0.02018552668818189
-0.05941677485483342
0.052796726612844416
0.019318232333312563
0.06120791931836853
0.12039076790707591
0.06360049569727758
-0.028527480340265463
0.004589293281337059
0.14413260577195014
-0.00830422317209277
-0.026750742741319188
-0.03512133144475345
0.013045827411768726
-0.08168630921999571
0.10408877386438295
0.005546814185645128
-0.05487169190805051
0.007753187876558099
-0.04211871873035839
0.06400757536414838
0.04935491612867175
-0.05989606330311856
-0.020119088814986072
0.028818374033612287
-0.09240156601631917
-0.029732458356203653
0.07113343292995486
-0.12597380580616135
-0.0012105148617651898
0.1787129672143493
0.10218625631895471
0.1493968660072203
0.020043940165121232
-0.027676882732501615
-0.07585209742855947
-0.10475098251138454
0.11724098357999652
-0.06365511935075066
0.009751498293124591
0.037093062672733254
0.1770158218891827
0.13533757658274354
0.13833683427341076
0.05376419743248033
0.1146319419461456
0.0704931386268296
0.041031479195540344
0.04174123790659318
0.05217704466297817
0.11537392265679422
0.05517880070759483
0.08222078777374706
0.12576370422695246
0.08904251594013753
0.05511545174051358
0.03980151907817127
-0.07900401472955082
0.02993073097746548
-0.030254317793846616
0.002121280595599656
-0.06726730399522235
-0.08852868562229438
0.030891979078487466
-0.0769499274795489
-0.003861234227564403
-0.018713312668725265
-0.09730113087449956
-0.03801208048849951
0.037788651100814086
-0.02366042768579396
0.1073956754135266
0.07963412472105877
-0.0658968552178871
0.02504968880867165
-0.09494865222789972
0.008972772811714443
0.0036987458486982053
0.025496046767142275
0.01472760084563389
-0.09495013360840077
-0.11947913887513924
0.05692645303897204
0.04114477916550821
0.08983685986342625
-0.10310528199516306
0.0327944049980084
-0.015272911494024204
-0.005229008286183202
0.01816088038440035
0.059070418236470495
0.03281432232933308
0.11201922996544228
0.00927992957447292
-0.03305630503286553
0.08247877592788085
0.08234828419024857
0.022600637196791923
-0.03861165519847557
0.05829201539610761
0.0344816095454398
0.017937875962369232
0.08284447193109382
0.13343624861028658
-0.013082630059346491
0.041820791879488645
-0.0669063849876167
-0.10281403512816975
-0.04367233468509857
0.006587003299258619
-0.05062915733313954
-0.07354849688640788
0.18921238051779204
-0.08009484591552371
-0.08082811272249153
0.07663654478242216
-0.08023338552329917
0.09016535221287872
0.053397627630449654
0.0028242773189202167
-0.00470157871718286
0.024932232841165136
-0.07805854549929513
0.07014243324150803
-0.03906369889908899
0.0868252477200169
0.04027129962619712
-0.09106482992990363
-0.014557377054350062
0.011768329933322469
0.018291462283574998
0.004447098631044534
0.07574487722424657
-0.15831116439619308
-0.013355404318560943
-0.016613239228477517
0.06364997459739828
0.018180398285991634
0.09533130032586898
0.07519938471884523
0.051338265497745735
-0.09596795635722591
-0.03744274623648855
0.03448843222426551
