2.3317126199159595
2.1969686940171704
2.277997027529767
2.268417850944963
2.212738012094336
2.1646428603449617
2.1958312398579727
2.195488505621669
2.1642319550126174
2.2488929458328695
2.155566166097469
2.1190933335119313
2.1566109658452275
2.245696254666695
2.3317520339493827
2.2778427201702387
2.2397851110141267
2.3117252348444652
2.318976696948478
2.2651566823558706
2.2400975135611056
2.255698358208038
2.2037846787314423
2.2268772450755594
2.1465687783105603
2.0643910745088427
2.032249169539761
2.1605886889857784
2.144201571334447
2.0556692685837783
2.1100819987859363
2.118843952305672
2.1833084656750863
2.264525471799301
2.175081557540027
2.1581228339997574
2.1290683691565673
2.2594743433526827
2.1908329736552705
2.143433268323294
2.1382464602880757
2.221204550457449
2.234596080304498
2.1797543376819837
2.1450838016988922
2.217341462730313
2.2748839360614146
2.212539448258988
2.2863418852539295
2.2428432027819003
2.2628149688505257
2.2649241314325925
2.1521644089086487
2.233306052405294
2.179111425088969
2.1493079234457415
2.2027842276573297
2.1242034640609506
2.12686642784676
2.173488038239455
2.210592355946497
2.3097805582439634
2.2073105666139448
2.2368795343263113
2.113367019496367
2.231532992239938
2.2292763169958945
2.1941490209870413
2.2252579688662504
2.1979743068787125
2.2179774691154623
2.3243315317620024
2.2148008312237906
2.097579265882464
2.2003339325443365
2.185387873552325
2.149320112279888
2.175161658796494
2.174494716587236
2.2021629405297922
2.122509907211068
2.218171283406525
2.232533401744354
2.253501088936294
2.1953542048024524
2.2991521609092294
2.2730356820810145
2.2361080570000813
2.2804182552843533
2.1864360479178795
2.231188511907801
2.249719433462269
2.17838912884691
2.219721220247842
2.246541049480425
2.2014979457574957
2.2293684327055394
2.173137879032215
2.3028516998795654
2.182812441541498
2.2968538927241813
2.228756929702638
2.2465957564471988
2.263372196389353
2.1216303934998324
2.077285099772205
2.1567246722702476
2.1483043323085425
2.091741425431934
2.1416619388070486
2.14815596311094
2.1908367522444347
2.274184724924233
2.237533578784783
2.19455774489163
2.181269695654773
2.228073745201706
2.19203785997023
2.2501579532932836
2.0818515384621072
2.1390480551663793
2.1113858112108503
2.0526828337074616
2.00019956147525
2.06267044817454
2.149923522087507
2.1496415790817767
2.1258276096058553
2.2512577455185574
2.242651221612556
2.225638372790504
2.2365670354308262
2.3245222628691153
2.284811542168694
2.255342442205904
2.239745291921522
2.24741415833225
2.2515181505339994
2.143091143525735
2.160330408488863
2.1752699486985274
2.1584270949255764
2.2349769299830884
2.19083776537032
2.2772064862105124
2.2334662379903176
2.345916307144839
2.3401024261529257
2.3076503089132467
2.296074939953191
2.358205008404012
2.361878364384215
2.285665937407178
2.3731271794541793
2.3154290715660784
2.2476287419544008
2.1723913226173828
2.2234468090722856
2.112012834211556
2.0481408546380915
2.090429119440918
2.181297003468302
2.1445033183652225
2.1814353824054447
2.2844355861056953
2.2597912414724846
2.3089394784332833
2.2233206890535895
2.181624159653844
2.1624732272706297
2.274271675187521
2.310118104343288
2.4046128940310485
2.2633616258213127
2.2685825445615695
2.1784740059259757
2.1173030994665405
2.125771111193625
2.197706473802789
2.1880049991817128
2.270747040392765
2.3189858549730777
2.330916695031164
2.3834726895770966
2.250610873800759
2.233766711791792
2.253700024753092
2.220550558496378
2.220549029828549
2.2550506242426103
2.216171011895056
2.205213357152201
2.2498393443485343
2.1168007803627114
2.2300042918035676
2.2617566015358657
2.2247531946575823
2.2545853035697863
2.2978211558697064
2.25519017834413
2.209891993507839
2.2545060453498063
2.2043829412543414
2.21914533617761
2.2315326682458023
2.2331203506546964
2.157453978550675
2.1954523658333747
2.211802371571407
2.163811568335289
2.282527670323539
2.22445628487499
2.257461437340589
2.342815189700782
2.2895836136461853
2.23406438271584
2.2435930728709925
2.3108576237700933
2.3485022187405873
2.285936138414788
2.3558073937847035
2.1785062268382482
2.154395044868874
2.199903956260051
2.1187607335475973
2.181083089746606
2.1548676185906794
2.2959252317646777
2.2561000875938393
2.2956851485179706
2.219198320787872
2.2517913855778304
2.1674883310939235
2.1792785043363514
2.1684689635749357
2.2919934787793723
2.229670736648467
2.2524300721789228
2.253963533662546
2.2472762086598683
2.162548705773819
2.1960170738454288
2.214553210422224
2.144482190485743
2.138069218290269
2.14698501658269
2.291543611528942
2.286105534198162
2.304090898036886
2.2538679268339354
2.076104977460542
2.156550287661679
2.264327434115154
2.2157447751058306
2.271415574542932
2.2993103175761975
2.312497747117112
2.3155184434673073
2.337593240074671
2.254148103199771
2.2619124417203804
2.1576011983369687
2.119531447549436
2.0745439694748926
2.179589709503901
2.0947510853167404
2.067255074607662
2.1617986380436474
2.257190778396592
2.2928772535513655
2.1829289725848913
2.230668212874633
2.2521103543395675
2.284304049510631
2.2825779535477455
2.209934853699358
2.237511383034339
2.1810193934338837
2.244285405959167
2.1497845662158417
2.2135702589016453
2.278662662541535
2.2647093352716814
2.2656770867797866
2.200274669015246
2.3106254877136476
2.3006212143354
2.2716401634927883
2.4059961627062116
2.3230063044876172
2.334988153024639
2.4503436819889903
2.4489469331788003
2.3681139088339824
2.3854895865714423
2.333083058943843
2.2515230255369705
2.2106124887407574
2.2747634802219707
2.2483496822235964
2.1102999185852602
2.112994444754951
2.12231603866255
2.157552767380822
2.2766150758698753
2.3523752209350337
2.2379040964072963
2.2379648464333317
2.2103134173327224
2.2969264166901913
2.2569331695109542
2.1882287132636415
2.243417781839624
2.2243541478674986
2.23178884954437
2.2140052210929304
2.2441003874438064
2.2010297578822557
2.2420839943187323
2.194368323141657
2.204148743324072
2.2773616464314466
2.2779853590941426
2.258495292976827
2.2577712727826866
2.251695448238188
2.1929475634864377
2.1527200806070383
2.1596886613277197
2.2160851544544258
2.166326339470735
2.209649787539175
2.2232515060394604
2.1608085490319837
2.1109330700732425
2.2536660291787713
2.1825495784666114
2.2298186175294696
2.1366558839741687
2.0658446263486248
2.157091242459125
2.153579688042176
2.182181606434826
2.1785062689705423
2.127620663374999
2.119423673430674
2.265860452266117
2.2251617907139596
2.2596390437669203
2.2327872282234047
2.2189461519293037
2.159578018454652
2.160010990838791
2.1837291516507302
2.211019970263044
2.177548067222394
2.1780136692176377
2.2112881522338146
2.2589869881199793
2.264244260787235
2.3023347774831064
2.2166252584012094
2.300391295964281
2.2018140418910264
2.2501130550978146
2.153785080366615
2.2435329556481585
2.1519414297636743
2.0984763977682763
2.1756075405020954
2.136814732714072
2.237857504460128
2.268631968267953
2.253986732141818
2.1822201887659944
2.252359214007166
2.1670751225140026
2.2667135549519735
2.3347858526856666
2.284976794525833
2.359207096917643
2.203213022563874
2.1364186739564994
2.19615063674844
2.0969795143330647
2.1043588937675373
2.177790681206704
2.176664211766398
2.2030731009445734
2.172558515345333
2.2258042879587823
2.1830239160977407
2.4014966861093607
2.4512283895151468
2.4662133935043427
2.5660255006842116
2.4877165207823406
2.4321989957636383
2.320703665519195
2.3151464336860603
2.288170263504306
2.2526759415093447
2.2796066615703126
2.256697967390502
2.2397263747729794
2.1641650584366046
2.11601899250869
2.1281507786272247
2.135232879977815
2.1929100150272216
2.135847507461271
2.162636749918407
2.2124032879451234
2.2610578892087094
2.132693797545113
2.2141537672854312
2.1977998047460057
2.251729980496661
2.3098297904806957
2.3164996927124175
2.2385467697216597
2.2210239987400295
2.2327309204566244
2.2598215227357765
2.2301554478533037
2.1968114841660547
2.2920145326110823
2.313138400261367
2.2879914072554755
2.217657188071956
2.1170328699709833
2.159269914831247
2.1552752588274244
2.244552557124793
2.241269040384663
2.23525363159061
2.237143070075202
2.3264303080311977
2.223562089698862
2.3002295076900516
2.2969426645983786
2.297103387708438
2.184069169840842
2.245661124459291
2.25716357400215
2.1800496474877646
2.2373627893162893
2.1985124097502258
2.2215160111905137
2.3153640108075617
2.3898444689501877
2.454329493363015
2.3200437426244735
2.324839971695237
2.315262850149003
2.2803313084577597
2.2342919231826768
2.161755303378993
2.177600986785066
2.242275232759736
2.280390695923327
2.3504629361858975
2.3337246377660903
2.2765528837225375
2.291740681557012
2.297044118231567
2.2226105058317036
2.149456048344466
2.178826976981577
2.278014307117222
2.274455000101645
2.122659218862685
2.205301635912763
2.1314912137034767
2.1831556114196444
2.2081651328396577
2.2262764135190793
2.1599876817989263
2.193620599768778
2.123302863357182
2.2718799530567955
2.162558007434426
2.07939626005353
2.154921439548147
2.1624587376714213
2.0800794529563666
2.1888559243659795
2.1446252093930998
2.1705125538041017
2.172549419252697
2.2677172823547687
2.239729970796989
2.212369866375119
2.1815799736149657
2.2823986278371517
2.214734617038782
2.1631193813355587
2.208345469501733
2.1067301205125304
2.1071624721486177
2.1945672609506657
2.2662548735743204
2.1105973418767663
2.1524530640764086
2.081345273322707
2.181604633896195
2.2784056249263114
2.3497163280673834
2.168888230791025
2.2355099074225144
2.240716203568554
2.15377562661445
2.1977660448107166
2.2414439227897804
2.190522672883055
2.078149308763158
2.274570316731162
2.267832725443669
2.259627524247222
2.4777666014106714
2.390296572610456
2.320120428701366
2.255184872636966
2.226592932849856
2.294864978902908
2.422743792278898
2.3735132526456635
2.2780699641285937
2.2549812856949085
2.203415312728069
2.1456989070339723
2.2898063326364957
2.382177962475026
2.3650765685323063
2.2494798959310667
2.219141027711819
2.1888425975021897
2.244633062902782
2.243026978381503
2.147211500915517
2.1592863158644167
2.181191191082161
2.159137090393372
2.1275122053162394
2.2588836649134185
2.252054283109759
2.1928089766614525
2.2206858188878713
2.248613121125226
2.2767107881589124
2.326002626117568
2.3275883698856994
2.33462283301767
2.368419491433598
2.4159448596202386
2.295109352127679
2.343551864778581
2.3828529239365643
2.4057207293932072
2.263237956117139
2.2196190668894635
2.3245385633947193
2.287805648666354
2.2639338464009295
2.3078266611144316
2.291624059937018
2.275736188145271
2.2582559672014533
2.2756088912392256
2.309329666684042
2.410139754810077
2.3591221828498097
2.2560853120520665
2.253045824837885
2.237860890968337
2.3530935717703816
2.3187040331034408
2.2506628473511854
2.153085649467535
2.1142799276075777
2.127368676004959
2.310257266127167
2.153044555093428
2.2328789948198375
2.2228217878576553
2.1691984898754377
2.1035643739711776
2.1500568060549883
2.1264534969924163
2.1206423878748004
2.107674943890491
2.2102901540651976
2.20608991927759
2.2667622032619117
2.174859850415927
2.232620762202945
2.2696763838257463
2.158860156118911
2.271750834258546
2.293579042786408
2.3126935238226585
2.1624513014223696
2.214767412375025
2.231932180793293
2.260671305024534
2.3282389886237267
2.323597405030724
2.2420243486195313
2.1769807374310126
2.165373530270182
2.1483817053386756
2.1435124979034303
2.159955850557434
2.1815025540776554
2.1272949906957477
2.23039209706766
2.2154317360955265
2.197777037027185
2.1689082512107154
2.2203488786285392
2.191171728756175
2.1919010510769628
2.177036426972678
2.261924302257733
2.234798552444568
2.240983725426376
2.300470551999757
2.427265121017312
2.324363559371088
2.2299177527310556
2.0822770288631496
2.140511041043713
2.1911929953746254
2.2058631799508133
2.1544795593785753
2.2634770685425303
2.2884899228392435
2.256006149734073
2.1933754033526003
2.1426579832075294
2.152982890881942
2.2621517254591184
2.2160491956295996
2.1668580820779217
2.201868160270989
2.195852740674215
2.1865564574027267
2.181746422080734
2.2110691074014657
2.151956259055621
2.261578481353392
2.251727387544606
2.240216318929749
2.256451314815886
2.253991239719897
2.2111539553366617
2.2366362950406433
2.3007619347751116
2.336077201238492
2.2910869932822084
2.295410843046361
2.2159335685919843
2.1328544650424006
2.157052002391466
2.2520644597691972
2.204496762739208
2.3169358803379065
2.3221384525212585
2.3205892971792537
2.274915729496866
2.2927468459801794
2.279518566885991
2.248513821107419
2.267480763449121
2.3226798493929746
2.41099288689504
2.2760593520459858
2.4645818007912057
2.447106493609518
2.3961936874590593
2.4495979098929945
2.447359766023074
2.414059861833535
2.437728712030505
2.4262595383991625
2.429371006934683
2.5282014444837073
2.4378182294727013
2.439393671416269
2.44030713205378
2.3664776207200227
2.340563001287993
2.390363339564967
2.401338078830673
2.3087168326736016
2.382204075666789
2.447972225227367
2.4015803616774276
2.350550448322721
2.345829179412827
2.4016023087078904
2.3317938132079323
2.2934986261220778
2.2944575296595193
2.232685914917981
2.2844237355260675
2.2656308168390265
2.250536246141041
2.256011716866189
2.281221363989596
2.263439345131754
2.239599714824072
2.253644620096588
2.2405235498628944
2.2255619218286844
2.3024224515583933
2.2600703417987305
2.183835160228973
2.20192439901521
2.1229165472607647
2.2001033460364496
2.2187083239848397
2.280808380756612
2.215874861929265
2.240030534184771
2.2420682693484273
2.195530019414819
2.2182790307559124
2.2755402667275844
2.1176902886094737
2.0973337097452203
2.1453745696977107
2.193996082547567
2.3255433957578413
2.2383979408496772
2.221283822436194
2.2306233391116397
2.2170873587501125
2.201621841539668
2.2349817145925943
2.211506700516863
2.306551058429209
2.287709685195142
2.2426419279658507
2.2459194488237597
2.2152999716878243
2.227003200361206
2.273010969414613
2.253311858313902
2.2772847632213256
2.2223318746119793
2.2447014509874075
2.2991216067733333
2.35992063880895
2.2368913365642658
2.2252619514741765
2.292408151416377
2.2638073380110986
2.240560793425418
2.251295195656211
2.29891043311829
2.2367787474556
2.193659269621862
2.205146544725264
2.234732406465498
2.112540023910574
2.145072492317789
2.1597435526110775
2.232155944080458
2.2743358374950033
2.241427497436308
2.326824556862682
2.1922285315333876
2.2370231003943797
2.2941062338055933
2.292958404392515
2.175762405392263
2.0587044843442652
2.1299239049105463
2.065761779997201
2.14960156684624
2.2198390551200515
2.2146882565232215
2.2664507671098484
2.2695871262639074
2.245432200340252
2.1783779662687355
2.2265628602366103
2.2133832696623323
2.2675647909582954
2.2524912580223324
2.3133138540660823
2.306016117978105
2.1378523193317194
2.1471120186307293
2.1769874123053228
2.233213574772861
2.1375587633867354
2.1760205466234663
2.1312063949244053
2.2143729805959675
2.299150018985291
2.244925144346512
2.1882173622437526
2.0718155442654904
2.1713368281184495
2.1861850960250293
2.2151097022707673
2.1469581944537754
2.2487262583321703
2.164578603974508
2.2715288738667363
2.293088594345048
2.2802620955530646
2.2239946037064096
2.255705139889889
2.3150692363914933
2.2806778356893886
2.346190464160683
2.238189446316921
2.271371840286729
2.1935383972120794
2.381385573849891
2.296983402449798
2.2754560329184015
2.1709309904892455
2.258834029876359
2.27074828060433
2.2489969576736804
2.374312861381363
2.4085423091703095
2.301992446478297
2.2080534960407507
2.1787455174795554
2.1143575101317422
2.139238274110985
2.1710987930737287
2.2504096557032067
2.1663647788862774
2.2259753965910134
2.2775137840122253
2.2380801682474503
2.1144886614683465
2.1907616049038343
2.1598664833532024
2.1709391899050194
2.10061937690932
2.144961965363597
2.172968774548231
2.2413393642778465
2.2619601967251803
2.3347559755890264
2.199372286671583
2.1860556971613163
2.1267027906818097
2.143685679070927
2.1477212395786225
2.25316764289631
2.2325718779409853
2.2177440563627107
2.266634504858038
2.2155739432881623
2.1397252802424536
2.2846152127889456
2.1931692901599313
2.199410768485314
2.287646600029099
2.2279160923546457
2.0840237716683356
2.2171375947380096
2.2080825143774963
2.304741988411727
2.3691811001494147
2.380184151380336
2.413804251425967
2.4701660715027463
2.299094268276659
2.262556000952145
2.2849152708298983
2.288690734560948
2.370357104470077
2.269620224039332
2.2941234519491354
2.198405662314879
2.218558832466439
2.153334834495537
2.126067367008106
2.1200679687128434
2.166312503407651
2.2521279649166974
2.245618141048781
2.3964182183677303
2.355997962500998
2.3150379716136182
2.2522181528693497
2.254998381649989
2.189169739580061
2.2416486647852882
2.3148587531486773
2.197233901953148
2.189669700193427
2.208391919644413
2.158732693335717
2.1001628905331886
2.155371105229146
2.2039402866267106
2.2249841741916194
2.3001950060187304
2.347267409787543
2.2328925303880536
2.1608825337018147
2.135559984782985
2.173854506365026
2.176690190028328
2.287657655576862
2.2691745487524146
2.259791998001283
2.3701389543927114
2.2892968137145577
2.2404732706818162
2.2906024138761025
2.3541533980368055
2.313572354182072
2.1814199708970006
2.253525454120972
2.1904564097970805
2.185286893379177
2.2114817514059886
2.287958588299878
2.2734304769373703
2.2130544814482107
2.298581248156637
2.2579354758708536
2.2524971221272057
2.1492067343117225
2.1929315619624163
2.186083689415474
2.1571192549325318
2.189422697826564
2.1445630736225403
2.155377828831602
2.120064430637393
2.2339667275809134
2.171951361409339
2.123750521609792
2.1320638037906154
2.179757458868596
2.1941219790281807
2.0917586960773993
2.134326857270114
2.188294039599694
2.131585180446194
2.0461204595963807
2.1143182232943305
2.1205667971245346
2.2259787229918184
2.231100574547488
2.208880068670199
2.2083658001924777
2.1453954723270954
2.3166584076300794
2.312419192554368
2.2442658068183308
2.2349474073143805
2.2160985281748586
2.303536026996484
2.2058252823079587
2.128797809000456
2.184038914399006
2.1789169416554373
2.123258582392766
2.177084061421272
2.227119790722177
2.3092238896574657
2.3448836652006824
2.3413418509296022
2.304606544142311
2.340870719659015
2.1008313944309807
2.195029494306777
2.084057236562693
2.0783952936968104
2.18631410931374
2.2940219315651698
2.2225002961923157
2.1553874041972625
2.1327222065254103
2.2673300294314584
2.2366659331503405
2.145425113818804
2.1501262779525225
2.194490698635587
2.2321027473619486
2.3507031591736647
2.2762370159329475
2.2011541211201595
2.267583759081761
2.1280405979743544
2.188535077083552
2.1379890949564477
2.165359062076781
2.212905531072729
2.150513669774174
2.165446683867597
2.108152292828707
2.139899453876182
2.112317873449536
2.1414246601302733
2.130118686079402
2.159199812521624
2.1960480949705348
2.2068871325470822
2.1606301970246236
2.257232055409745
2.143788018797327
2.268654735450225
2.43151953668676
2.4292223806786635
2.500030764798039
2.3655012850013124
2.387495564137974
2.384719160814245
2.4065186604059994
2.436767617277746
2.4429149242763533
2.436189120926873
2.4619948488270778
2.3911145844669393
2.387335454917128
2.3321656551667327
2.2038555939798523
2.1427372355605336
2.178808272840014
2.203989135731917
2.203919668635967
2.226810171789972
2.249996624758303
2.296396932977155
2.1798472676574168
2.206582782194079
2.128527573824995
2.1368896362480254
2.1338387156655676
2.168599858509566
2.28526349384424
2.263910775843823
2.224019438376426
2.3109988451754444
2.34011839335333
2.158693486647458
2.1811874087384187
2.1441589907127674
2.2183766836175867
2.2017273664146515
2.369913623335555
2.2311737542940433
2.210204264546597
2.1897300458142235
2.2093403557297804
2.180477265615818
2.192640239855697
2.28756681884709
2.243533789867478
2.105844542165552
2.243491234814108
2.2824536060230196
2.2909072572458915
2.1782597080048847
2.1222662062655937
2.1988997160401733
2.3038775498297324
2.2071928744111657
2.1490356465727154
2.1107097758854456
2.162165495776121
2.1410349359998615
2.218148508790476
2.2671972650688845
2.320052820140658
2.313313682161787
2.3310136983369416
2.3948599493614178
2.255601613425101
2.234566680526665
2.3404246004062
2.283666873727875
2.3125525571445418
2.3125307806371014
2.2959757544355126
2.215231243973706
2.299022119743852
2.2824430309907937
2.256180825250221
2.101462203065561
2.1972955907634217
2.1667042632417806
2.158741120409915
2.152610087863231
2.0953968643895013
2.213561706909838
2.1417048795157854
2.1443306889120364
2.169489422824213
2.1145110473086013
2.124209532364622
2.1663829617722867
2.188890037648287
2.159344608694566
2.203558156118116
2.104427331626304
2.0803144909299673
2.103643517086033
2.273727821146776
2.2427355976309995
2.260839139116638
2.197518110146981
2.1033143409538364
2.0575739708142264
2.153036568833417
2.170668627795741
2.309648481468771
2.300693823450646
2.158219179473442
2.1090238298085944
2.1242129043138918
2.232035258230735
2.152689792013083
2.1926182180580556
2.247609257964723
2.217791516761003
2.236354644799449
2.1537107134790023
2.186828238325306
2.17776214603068
2.1687301513118946
2.2530261366129913
2.3107139719540486
2.243040112381919
2.3235353209843246
2.3296146761192755
2.2560286617121976
2.1950625419272347
2.16388776035232
2.0761555481082494
2.1116999505840046
2.0617220360248036
2.1473335638107898
2.275681484227436
2.391346642792053
2.3602246202365516
2.2706232767368295
2.2120645255008182
2.3747187865872985
2.3431344814489807
2.289604344292095
2.32976424733436
2.25835503338576
2.405052111315754
2.4386472519463234
2.450097961552476
2.467833301237295
2.4261289445153067
2.48171232658538
2.4233153887872056
2.3677304853108483
2.263777434157683
2.2767274418203405
2.309204681637811
2.238110910033797
2.226905701377064
2.181643792403355
2.3359375975517107
2.138088132617524
2.2438293694561593
2.162743298230541
2.220531022454587
2.2821191730938932
2.2302432614285137
2.205884199766126
2.1986250542785837
2.270961474541573
2.2380289022629034
2.1982938089213313
2.1385888000481237
2.1038250723786938
2.07216239084358
2.1234436379516364
2.1039320338951883
2.239763155671197
2.143251750012661
2.2748813711449025
2.245564191706113
2.2515401957474914
2.336812169127129
2.3294895049049993
2.2462834701773033
2.2631836254847633
2.254147935457563
2.2732662240378736
2.1753867698925275
2.168112043591199
2.1157440752950065
2.1191988462235054
2.278836270145366
2.180984697522986
2.2756095743739033
2.372202662310564
2.2863714830770347
2.2588508632319506
2.3259545465015194
2.2703709778445
2.3245557237352603
2.3004236007463224
2.336601576033174
2.363306630064393
2.260283458930799
2.286908244701463
2.2572112441496097
2.2944420528535727
2.3198345104244984
2.2687828159868144
2.3193843250542523
2.2368090688884146
2.1895958066538306
2.1714926070905594
2.244977665526605
2.2752767191337524
2.279425958250495
2.312818294373114
2.2635949785227902
2.266320531858192
2.2484054602774646
2.3796879292669426
2.2211655765100256
2.265594433346297
2.206830153444107
2.2361512318563252
2.2116337890533644
2.197823105960698
2.239664328255132
2.173088462746306
2.17398243624762
2.3042542634760808
2.209679104319689
2.1344202007237105
2.2067504562306843
2.1832118244009937
2.3166921559994
2.3106617954492608
2.2175746200270576
2.2056919030517936
2.2099296666004262
2.177354195074199
2.141640039846161
2.1210361988755855
2.1438550625544712
2.0761601312919664
2.1736919498257072
2.173170855025023
2.143716988114205
2.186699315825373
2.184834505188807
2.070261018869767
2.199921556417485
2.2841024082097388
2.258004172595995
2.2889386468022566
2.2773755769327177
2.3586940533556358
2.3813553237425156
2.2751946724993264
2.3248760592437647
2.2978251050471017
2.3009173218924364
2.393775228613169
2.4450489114971594
2.5003698396149954
2.361996991822673
2.392501994247344
2.271222160365734
2.2592175128623366
2.272885271250621
2.196832131235974
2.219817767425223
2.2711453237955626
2.2114292630982333
2.295174453909422
2.3769350202416586
2.2199931526171524
2.3768043407054464
2.2991269693146
2.263915244919287
2.3298173192927365
2.3006763725161217
2.2996015480036864
2.35957380466918
2.343632007204404
2.348313720199073
2.3495376848232947
2.240032792445447
2.1961085494754427
2.334398236205513
2.247510003426478
2.214172248751045
2.210452612158865
2.352704135492528
2.2751604978349946
2.2365946042174305
2.1772882070662876
2.1898208886090833
2.255236073511472
2.2493657532575804
2.291907617781382
2.3651067699432557
2.356882030812387
2.4412442893229347
2.3192863363224405
2.3337515737238004
2.3011489910271123
2.231786682281107
2.220735076114912
2.2488160695124924
2.2217762923644853
2.179261523033656
2.120616492856054
2.209229785076097
2.3636594907458357
2.344064781887691
2.3100770637891457
2.2883370216156482
2.2298430510734715
2.156825776283901
2.262464897717027
2.3279008562827337
2.2891461693179096
2.340623220174566
2.374877932440233
2.369922124271801
2.3887282361424136
2.329041958889272
2.135085375018903
2.1015046412330225
2.237244512930776
2.1638781528464603
2.1529896982569983
2.2154289567823895
2.2665899724206993
2.2494452721184865
2.2321480628735184
2.3309389669704084
2.2411133040836817
2.2138352874825906
2.2386953267495664
2.130150923025803
2.3046720389923396
2.1709454057400994
2.1444899768194112
2.2230853272967357
2.2439647487808756
2.251894580573489
2.298577876179811
2.1104787631373734
2.141189208466613
2.1846734680324387
2.195463725249742
2.2423421376618173
2.273235645270255
2.2268708467493066
2.246409796010236
2.2070549214821873
2.3656198161998696
2.307906937313608
2.159787013208085
2.1624030588795
2.192923741187213
2.2117111417710817
2.154628827241632
2.232911564082437
2.1466522284792187
2.2480073388723647
2.150023662973262
2.1525896991227085
2.2073256647653166
2.269637364116064
2.181545839528554
2.2074128688529866
2.2525823118716533
2.358156374633838
2.2382017824514024
2.224473187135561
2.208127750867415
2.2706021410337573
2.141503773414305
2.225160659997151
2.3390437056709286
2.3107807217610574
2.3155361943290607
2.2949760335065457
2.3231575383036227
2.288718093729871
2.34530772500095
2.265511010789339
2.1338899640251516
2.126742238979688
2.1372410690669423
2.1324174217415215
2.164848590220505
2.1182630139732135
2.172862941809209
2.335812037941169
2.20977224932968
2.2036108310862916
2.245914292319143
2.3612010294760863
2.357129247833133
2.3474668906961225
2.3455106349699704
2.3345232044312234
2.3866082312885863
2.201509571706665
2.2738822629580047
2.2704931298750335
2.1311225032123273
2.1420492003717557
2.1674592840102846
2.195425231311096
2.2696170752839935
2.1943133011308635
2.2554130321060595
2.1769167508485583
2.163760344471185
2.2011018325163785
2.1426018342726536
2.3000314665733854
2.3367609072049356
2.226300185906937
2.1840746781179914
2.2007934346875597
2.1567324862347537
2.150131491747458
2.303646942336976
2.301986521662542
2.228934923743886
2.3001814518610026
2.3273601509043047
2.341443774527773
2.391541534595009
2.4049435623493505
2.362771700847083
2.316080943475138
2.3071202747570156
2.3328825981568784
2.249726048898703
2.2770557353977416
2.3295771001073167
2.3300467779634393
2.3421045782777163
2.3341234418124914
2.2384379791523843
2.315637372402622
2.2569587191151617
2.3552654694251656
2.3365322000321807
2.3569567163413137
2.3348164851176167
2.3370013012638617
2.3719765009062717
2.340927188471014
2.2825434357486882
2.2291533296648915
2.2844986195583363
2.310403412632594
2.310817043090753
2.2594123136116964
2.215606491029397
2.2325544641854442
2.332567398886038
2.3166558121127925
2.26800296318258
2.279088560112187
2.392352736469756
2.256197328456548
2.235730666002955
2.1508582331546005
2.193222386706918
2.16557512836729
2.06289529819219
2.309797663569496
2.2672473369369155
2.1815858623425948
2.2674110839113197
2.2879799231602425
2.2948498784735256
2.190538358803999
2.168062632723351
2.1729592875503183
2.1789484147877856
2.1408604660935944
2.201333355999563
2.181944722218603
2.2859276539076787
2.2432923444944386
2.3366324639573284
2.2670939302466984
2.2015667680787434
2.2658766031051902
2.243691886917044
2.1414853647242458
2.143362513473709
2.1261878017999534
2.2011192195779348
2.1426337572912617
2.2371704087455857
2.2997201108859624
2.2659501608782846
2.3099966615004557
2.309707073980594
2.2862816943478967
2.3061079353811254
2.319124319012588
2.311867442840722
2.2195342802196505
2.1521391699423833
2.1830500147638414
2.3633059415005975
2.24236290677773
2.217542500655374
2.1984603759500945
2.2861007996552916
2.248407827399432
2.219669379061363
2.335463989915529
2.3639322684454798
2.2683507081391685
2.337440466663331
2.276884281206754
2.2232263916591912
2.3292100803901863
2.3619744174378146
2.2611485157079
2.247882133063585
2.2828794068663827
2.1701053397611805
2.129101317664594
2.17330928591537
2.254687870630646
2.2900497339841235
2.215886775020918
2.231593527428655
2.247954839293935
2.1849474632284163
2.1520152648569693
2.2460724693701257
2.255794276209985
2.279928624163981
2.2283878896016067
2.3169837636062733
2.245915109498525
2.2265306007286996
2.2293629997718
2.3052131679040238
2.3010614973954286
2.200839163059619
2.1165046503330376
2.221823915954937
2.225784284249506
2.2066477110627365
2.136388180190847
2.160817613653319
2.222221329990954
2.146237592839207
2.153131013367144
2.0716319179245066
2.1720779160188193
2.2790629955819646
2.286286587079838
2.325757206479151
2.2238387598331633
2.302354402321254
2.2215642321193236
2.1207589108702636
2.261924038383787
2.2123871618707502
2.221313922678333
2.238651343875244
2.2691282936819803
2.1432039085260883
2.2168882120976097
2.1694164674992535
2.178579762405849
2.168336100810386
2.257229715886411
2.250968142871441
2.2998588377692095
2.331702338299484
2.3107696213642734
2.3097526717774057
2.3261524803285614
2.325208308315209
2.3814728565861345
2.368667067337675
2.4059625007449084
2.203331256763025
2.1660325101946634
2.179917037580444
2.1368090148753143
2.204571111338509
2.206635261102928
2.2010875131772205
2.125002317522497
2.123623112559802
2.1187515324056765
2.215583442479257
2.2223460469326044
2.2279180513021535
2.190124610553205
2.1155762313178017
2.15337473913586
2.186001026742733
2.1219103075266323
2.2401741912836193
2.2493839919032186
2.357655971191969
2.322293400197209
2.2851852139889184
2.1723818157957218
2.1954757026577774
2.1754207018187808
2.1682906192200773
2.1494051309602122
2.1470960191932664
2.3070410237915633
2.247778786235028
2.375073493378676
2.234420882432028
2.269467432210795
2.333591435624564
2.359777418358703
2.3433670140646394
2.330688748439756
2.24729752406571
2.207903421022861
2.258503742833656
2.257700796985513
2.2474130643455488
2.388872678296295
2.32862454894893
2.3799854509433174
2.3473841779690114
2.313213958686711
2.2471829921028754
2.1688588857634548
2.188719044028579
2.2746515415946535
2.2615265728400873
2.2466037182042817
2.2525223886445382
2.1134370756577647
2.1641237931306927
2.3049916881174193
2.164530845236471
2.228119567590762
2.184291457826496
2.220647337482149
2.1983273988619847
2.1774539164788815
2.18870181388528
2.1430007211829705
2.255703875195347
2.2270758672796305
2.3235257225630113
2.2805553008648554
2.366323233506848
2.225063405253634
2.2194373335916135
2.1853029844020306
2.11198647327512
2.1753974745273843
2.181790380192349
2.1426944680920434
2.2770657951759588
2.298564952161329
2.1751704906585716
2.2110788200026814
2.3026865700476185
2.311614236907132
2.3354730876843455
2.2866355030298293
2.220792888753061
2.247809913127073
2.0835933994612357
2.0726756922428593
2.092772622133185
2.1557377678427145
2.1887347764919607
2.2728175055026254
2.273824403505634
2.2653057603818167
2.370809841908581
2.337989997698231
2.194834633604835
2.204046254549648
2.176228574638823
2.076811138065283
2.0981960269456024
2.1266009867262285
2.1262372193096795
2.1583559390928557
2.2079429682108196
2.270134037476388
2.252269910853444
2.233818858591852
2.2871823406002094
2.284378508101847
2.3762444936904745
2.3608446316059806
2.3876879921118346
2.2964425155759884
2.21820765971559
2.2413479657403346
2.24310972717161
2.213655577156372
2.2221744064639144
2.1897640586006357
2.1602249008780907
2.177754065248594
2.281044664359458
2.278009079536079
2.1906417784451024
2.3551765141300876
2.1394485409711494
2.1436690464427115
2.0493536570217237
2.1657452925075162
2.2451358360902827
2.221858391830064
2.3443192406953544
2.1592955216948524
2.1633886788268977
2.2425261254937063
2.2053395257206803
2.1318107357734886
2.137591737230088
2.1985982999726366
2.1648296337059167
2.2803573761071045
2.2343856388036833
2.223049039820854
2.2330251839310145
2.2374899065318385
2.2078063658260776
2.172949834611959
2.199518782475982
2.202785869197126
2.1898853858755634
2.1565773844367855
2.1796331856924795
2.145271165965885
2.1797089522864432
2.1390819204153857
2.248394254897595
2.184265218342833
2.138508946843699
2.2189333487476794
2.1508429486128353
2.194119423146952
2.1716238974957123
2.2537957859548947
2.3348229492651704
2.2473301729005573
2.1434567058036236
2.1319447397323517
2.107726773019027
2.12137108616854
2.1811754610461564
2.188256223501
2.1968303451636144
2.1803393940596965
2.1025427945042514
2.0741220316617257
2.124094917577172
2.1133726107478847
2.141776519253615
2.18544827256439
2.196215321579027
2.1179002401815263
2.1563728913438203
2.137174421669275
2.110076701061483
2.129426007834493
2.1438587812144045
2.1225280887578704
2.185777989658178
2.2364848911097805
2.1961965980699554
2.100970909997371
2.2402549210303135
2.154960079820846
2.1595069683456876
2.1453342472903185
2.2020897455979105
2.219659136465157
2.267867261726943
2.3004670660757536
2.2436539288018014
2.255244968431455
2.22217729498594
2.295273352586193
2.1756427298716563
2.0587194412428493
2.1241638693363556
2.1405039281084997
2.1314571458183327
2.1477911234799056
2.1817056968806883
2.180246733437329
2.1186468152983378
2.1271838235704377
2.0994743475057587
2.134061091496788
2.0887501897137204
2.164973566219518
2.0888539893047966
2.160740760509349
2.169922794407294
2.2134028642303005
2.3535471764561127
2.2763250163549316
2.207322357013399
2.251629785896283
2.19646625101972
2.3473632904710153
2.2852277546372455
2.141182872822159
2.2829439390519313
2.2523901337282966
2.3201576616618724
2.271722143072312
2.2777996631294926
2.1544911147012606
2.214019663455308
2.1507713636575496
2.1334425589556982
2.139052629582153
2.0815986735093626
2.1793742714410262
2.135580719299609
2.151379538412499
2.1575081988234595
2.1727486318080884
2.157436241345246
2.1724840580454527
2.2771632568520817
2.209092848541775
2.2989668964560614
2.263939802479922
2.238528342643543
2.294323434993573
2.2036350822719477
2.1471662906818216
2.2293706038965135
2.22828239142007
2.2016642650760865
2.186661161898705
2.2983864364149897
2.3469430110748535
2.2205283598587946
2.261454665502929
2.2481396866025762
2.257740380463431
2.3057861610658335
2.3461799752894983
2.314508647902832
2.224685657199541
2.2145761071552985
2.1637171953382834
2.226103967656674
2.252924398733857
2.228156848946803
2.2392689518048097
2.2505193956924527
2.21804261571896
2.1792418492233936
2.157397567082977
2.1673423975191346
2.2801623041414727
2.243769814916593
2.2086614403474685
2.2096021456012975
2.2496001524721008
2.126199031738712
2.1646741416371604
2.1669838864740143
2.079778249140742
2.1819386846228133
2.257342954264017
2.1726038578462803
2.1191273449735593
2.0441045362611496
2.085040186612451
2.1412925535264726
2.2043574799207915
2.1139170971598706
2.2019059944906254
2.196844201865287
2.2095094434097664
2.2005762325977236
2.172037340994794
2.2830034069269676
2.159557258491357
2.2133463362563894
2.1785494126601614
2.229415659137062
2.257550061387974
2.3754673162692552
2.371965499518064
2.394778138719791
2.2740396242186547
2.1984317824127357
2.2394475941469363
2.256924328007949
2.2837840833998744
2.2783017843413944
2.320823147839418
2.269597488064087
2.2855249647831535
2.2896922873069046
2.192295990500392
2.101401491558631
2.1338333629228132
2.162246449297278
2.1192609549727526
2.1803931157400562
2.294033946368688
2.1343884644065625
2.2655460293296454
2.301004083897253
2.1782119613275914
2.1360741501825755
2.0637922109367812
2.088402840991741
2.214593651066489
2.1931906436129633
2.1705933619068847
2.1463412541569165
2.1386655257981237
2.201802713814998
2.2252047744010017
2.2545659852082536
2.3099402933105964
2.360098327741766
2.2329566698572267
2.190766492002821
2.20277715830796
2.192608077186233
2.1493083834842563
2.2851502060186486
2.2580028913272803
2.1974955603621784
2.200077179855587
2.13613041622948
2.180739009360989
2.100064101755116
2.11586215730239
2.2849547192540354
2.222245216520661
2.2460592567620337
2.192600424143595
2.161295967017643
2.2414331890806896
2.2642366924830153
2.2243942865127146
2.2206790063798607
2.1718709653117534
2.213610047477436
2.1671998402815094
2.150973298427199
2.2709227244328956
2.3154679584108573
2.244676890738521
2.1815870909896162
2.121510005171061
2.1859121548697007
2.2571511445486294
2.27235147950927
2.2368992426177257
2.2674504457471096
2.2882931393636134
2.2438841157191414
2.270238020106835
2.2554371529909782
2.2885694187664325
2.261920825666037
2.202114129862158
2.2806864080389153
2.224331516821608
2.2985636362746447
2.1591489243961104
2.128187429218716
2.194463462915451
