-1.0625822549455848
-1.0795481731821137
-1.0012027572148976
-1.0126330188747052
-0.982781072955854
-1.0176561510840847
-0.9693444165780885
-0.96589624274506
-1.103394820905524
-1.0650769191960574
-0.9830924270717776
-0.9654842962012685
-1.1416912157048171
-0.9947851860367222
-1.0660770214309554
-1.0923541457164592
-1.1190737717591326
-0.9844518183097966
-1.0242975786073965
-1.1071753139140572
-1.0547672526148562
-1.0895099493285374
-1.0980407018937708
-0.9850546417899315
-1.0401825549111945
-0.9534808552339209
-0.9148759991248294
-0.7832671505344008
-1.065542151454216
-1.0017924364383637
-1.1054717358699488
-1.114789921091514
-1.080425638058677
-1.0682517598035113
-1.1071727696473932
-1.0491227386399957
-1.063238073918827
-1.1040288905594964
-0.9853201742654462
-1.0612250476399352
-1.1219417537688807
-1.0395925080172883
-0.9758579774423091
-0.9554474343255948
-0.9271253532284489
-1.0993282095476142
-0.9873000016801055
-1.100503955157126
-1.034671698302842
-0.9828390847427058
-1.1419797084230638
-1.1154221356179477
-1.1100336780076352
-1.0611012150397818
-1.0697838615708086
-1.0209945914419538
-0.9995703636090201
-1.0266451539233041
-0.9883000068308273
-1.0182321618609746
-1.0492880577498154
-1.062005552789881
-1.0118338485690002
-1.1381718206500053
-1.13725419394331
-1.038980009971178
-0.9548966675283528
-1.1384651547937807
-1.0545617689128985
-1.0248393509533025
-1.0724790212221922
-1.061130418790824
-1.0464217053328044
-1.0962132733922645
-1.0104882957018066
-0.9425328996481671
-1.076721896950396
-1.1044595960845427
-1.0597790879400808
-1.0382021792556617
-1.1043104089902558
-1.0393651643707646
-0.9537416303241507
-1.012921545916425
-1.013170917583651
-0.9265540379609434
-1.0314265083731848
-0.9248540279277496
-0.9813607790902573
-0.9136020426832606
-0.9190643261244786
-1.0691136152556773
-1.0220941397063374
-1.0307128634593377
-1.0331587749732045
-1.0663565874869771
-1.0307278532706283
-0.9682691138048513
-0.9666249688149655
-0.9999858539634738
-0.9657745754891159
-0.9747611381724659
-0.8636515188627812
-1.0658772577552074
-1.0574578237472514
-1.002727316273967
-0.8956218511415359
-1.10350113547916
-0.9702104027641829
-0.9671132829089077
-1.039952183492902
-1.1056999992206773
-1.0634826433180478
-1.0280722683486763
-1.1260427035954685
-1.068111810582514
-1.195473514443621
-0.9566489818357944
-1.0419149659974325
-1.024634327872535
-1.0965920817505246
-1.1075622950839006
-1.0075126313061378
-0.9954220925910294
-1.022713696769039
-1.1067274611407956
-1.0342219108022224
-1.0583161248462016
-1.0722158540630347
-0.9440031547635223
-1.0112175811927941
-1.0247802923810714
-0.9109070428812592
-1.019847527603373
-1.0064563740790888
-1.062870575489342
-1.1274721265128915
-0.9971051926318958
-0.9452438545767576
-0.9423591581560526
-0.8402221494703266
-1.1093649793385778
-1.1098354022134638
-1.1355860150749855
-1.027348868779478
-1.1226306686966436
-0.9585254578878637
-1.0387698349960934
-0.992280241918478
-0.9606339356635257
-1.108949804559879
-1.08258729436284
-1.1580825613717645
-1.1182111864598359
-1.107178615901342
-0.9983752328692082
-1.094048953115628
-1.1534994116585817
-1.1071481336186546
-0.9760965656609073
-1.0724781479669554
-1.0354623249333856
-1.0882214565391202
-0.9856899111009634
-0.9377496280370372
-0.8896745488835673
-1.071979235137901
-1.0810761894827006
-1.11412681838616
-1.0414953696988012
-0.9862386689067664
-1.0896238960391547
-1.0201007351010893
-1.0234900192025158
-1.0537024817127283
-1.2259087403781375
-1.1164020451322625
-1.1270448342348154
-1.0534575148805925
-0.9955491819490697
-0.9515201794363807
-1.0757374669220254
-1.129417096949887
-1.0964961450400257
-0.9421813868187737
-0.83696600978059
-0.9420357899804174
-0.9542024334204146
-1.0572013417175157
-1.0020173414019249
-0.9709615571051399
-0.8617878410141545
-0.9531285143196713
-0.9509549717887901
-1.027445707346798
-1.03584255026248
-1.036039412831114
-1.084234857931849
-0.9976312290424479
-1.1156107932104489
-1.0407857579809803
-1.1201712944167526
-1.0332411018943264
-1.0814728732853534
-1.0836403472549032
-1.0617603256824015
-1.0167048373344565
-1.0255879278358422
-0.9197680268041988
-1.0114857963246426
-0.9532343196813958
-1.0467448551780931
-0.9261066218232779
-0.9366114419943365
-0.9279107838450186
-1.057931589837028
-1.0340142118787727
-1.0509641326724835
-1.0953142371803435
-1.016053746036339
-1.0344420315605354
-0.9926889924064357
-1.0156748390746961
-0.8895128167463816
-0.9691040959530297
-1.0799463492177575
-1.0841103811982358
-1.0025902809591714
-0.9105009659622172
-0.907570719582417
-0.9570049478977317
-1.0620727241588575
-1.0882997506249192
-0.941828774350637
-1.0589071699505022
-1.0748513358175833
-1.0170279054272044
-1.0172207643594222
-0.9491257251877244
-0.9610659995893133
-0.923468220525033
-1.031067277158781
-1.0436986319373909
-0.9548000564861585
-1.0916290573180685
-0.9884497763668718
-0.9973286821386204
-0.9583664373453239
-0.9405189716741515
-0.9929359286507535
-0.991917518994528
-1.0524121205258123
-1.0608214703389296
-1.1022012899806364
-1.0970249841273292
-0.9725870600542179
-0.8481901531961936
-0.9664436344186202
-0.9765792309300169
-0.9563630485148328
-1.0380976552962153
-1.1562224826427634
-1.108423018721437
-1.075977228243397
-1.0486091130352981
-1.0017486117514314
-1.1760412617056344
-1.0968733718034778
-1.011486278541404
-0.9974447448614298
-0.9583013777392296
-1.019519635898965
-1.0586316584306252
-1.042609679584498
-0.9675909790006807
-0.906124368986974
-1.0565427946359076
-1.1296293633692474
-1.114131958758997
-1.043626448150044
-0.9920666736731567
-0.9787298885721814
-1.0805441531192304
-1.1170024876265208
-1.098488165235859
-1.1816997529802675
-1.09466683021253
-0.926866620479649
-0.9626897591111957
-0.9568726580296277
-0.917273981876431
-0.908860968398697
-1.0827244881496976
-0.9129673814751712
-0.9370595716649854
-0.9855722985148886
-1.0378454117674685
-1.0297682764962586
-1.0479768716517182
-0.9417130730717098
-1.058253082875068
-0.9915698476372385
-1.0431533056139857
-1.1176904176705331
-1.0925955033944414
-0.9775060572996781
-1.075666024055877
-1.0917480066007916
-1.0943420874074181
-1.1340442992256303
-1.0474209089436441
-1.0795849767489485
-0.884301064358398
-1.0575470084209686
-1.0611569563431722
-0.9758654657587166
-0.9156499712589504
-0.9508553180861119
-1.0359461018396918
-0.9787449788864062
-0.9340173839020048
-1.035431866841275
-1.0562491841797568
-1.0241085828593353
-1.098204244397426
-1.0254520467146397
-1.110583285560211
-1.1311803148298099
-1.0909505129003487
-1.0363862731204008
-1.0358723466096178
-0.9497311404672728
-1.0453319981885862
-1.0208464440886589
-1.0389577557909226
-1.039799585136281
-1.0531191275295395
-1.0012181567376301
-1.0575299797470787
-1.092938138012873
-1.110470201250353
-1.145362991619427
-1.0514396548464597
-1.1100597290515097
-1.082614984095751
-1.0618696515130177
-0.9249106618183864
-0.9426306934211894
-1.0110706795730608
-1.1242140296217316
-1.095700764003839
-1.0721872233386656
-1.1590019677582992
-1.0522470525519236
-1.0467778924752125
-1.0271309719891806
-0.9368148625916499
-1.0824123018844292
-1.050207732937521
-0.9013128249437388
-0.9783519750372206
-0.9089294950725734
-0.9012123145489315
-0.9519533029322275
-0.9053998563987922
-1.0207037740250278
-0.9605968447699857
-0.9734036772803175
-1.0493658193420259
-0.9423796975928316
-0.7926032095722033
-0.8942041465086643
-0.9073478466648692
-1.029181398736924
-1.1285359165636017
-1.076983822118076
-1.1328812085071691
-1.0504637519479656
-0.9372291709470122
-0.9809024011725921
-0.9373749778861593
-1.0716219126745452
-1.1751478768071215
-1.0210805494792852
-1.0926254493445866
-1.0368445367364787
-0.9443701403679032
-0.988588095287439
-1.162144887208508
-1.1141898716817413
-1.0980656147778929
-1.0169527085780652
-1.072327212998753
-1.1058754483718416
-1.116361298938788
-1.056202482452466
-0.911356125663502
-1.0514932935360513
-1.0533933553139843
-1.036674897094011
-0.9904212580085783
-0.937064877246633
-0.9042303037888226
-0.9356324659133419
-0.9617823311145312
-0.9761200100319539
-0.9130251085731196
-0.9928968184427523
-1.100231575116086
-1.0155509588979514
-0.9462956547029248
-0.9184940390927262
-1.0108400045367556
-1.0987813078228443
-0.9099000818425665
-0.8966479722695847
-0.9082944643745722
-0.9272754602565286
-0.9354616635735532
-1.0482316896029202
-1.121516267431885
-0.934502441106331
-0.9372778511153992
-0.9086795864165145
-0.99308630881939
-0.9449233119209794
-1.027598271938967
-1.0315849804959398
-0.99797387284528
-1.070562323687969
-1.0999882490509212
-0.9889221055436062
-0.7778796541668521
-0.8310989943063591
-0.9357721454558346
-0.9303967090475108
-1.0282769476286653
-0.932428332426871
-0.968436959181826
-1.0213860644538904
-1.0517489745752135
-1.1207208524206396
-1.0894562963163872
-1.1334042511961413
-1.050738512830253
-1.1328591672706192
-1.1270514406366479
-1.0705052540934399
-1.0809139605934872
-0.9581020513802085
-0.9843978872770359
-1.12019781789472
-1.013264679837153
-1.030860708263353
-0.9555194209604926
-0.9945928262972696
-0.924979232361411
-0.8612320961575597
-0.9186371915331338
-0.9758219135820783
-1.004762753833957
-0.9563076429899704
-1.016472902742971
-0.9836589749214079
-1.0908879094460657
-1.0019622400601484
-0.8806752392614021
-0.9185350382148372
-1.1257609182008632
-1.0139985473249618
-0.9488287871822243
-1.0577792532436217
-1.0761167129556426
-1.0143928324598086
-1.0018494617013338
-1.01080641557801
-0.966573674029314
-0.9720324431827991
-0.8822176213592201
-1.0480308379561825
-1.035878737286281
-0.9699726671778149
-1.0721040839593698
-0.932299037698979
-1.0282483382754237
-1.1084372660260229
-1.0027503469980368
-1.0428337233733636
-0.9831708922240651
-1.0107049645464286
-0.9882657288436123
-1.004747862349789
-1.0226917592708324
-0.9507069972269613
-1.0622034399890994
-1.0044414398099757
-1.1491834695182235
-1.0714765748911899
-1.1751031879941407
-1.048328775583972
-1.1186150841492761
-1.2090809010038033
-1.1628139617132072
-1.2144629114030594
-1.1678406498472262
-1.044913179456495
-1.0043820512861608
-1.0815027128513663
-1.1021403987977303
-0.9445055423682722
-0.9091282604829226
-0.9510607646528856
-1.056463048382936
-1.049912512169313
-1.0283868280007582
-1.202016723241157
-1.193761850984106
-1.131667392266101
-1.1161236306620137
-1.0477391646647953
-1.0010744597982764
-1.0072223576815469
-1.023724571672559
-0.9990585967793033
-0.9923844543914294
-1.0187390291600809
-1.0220881961123436
-0.9596725452573848
-0.8588974733961396
-0.8251824707812158
-0.9508809528724008
-1.0278018946547824
-1.0859362280997136
-1.0540503106000705
-1.0490882137872648
-1.02589336867309
-1.0068795726144877
-0.9454782838530429
-0.9258479933271859
-0.9421452606585052
-0.8831630258609501
-0.9577130200067986
-1.0215653720395697
-1.0158764544318744
-1.105398262308793
-0.9443181420381509
-1.0032964943171463
-0.9511610401166364
-0.992478781000707
-0.9962066898555639
-1.0235634970268777
-1.0121207312940048
-1.0200180162152022
-0.9902883324584735
-0.8957380292585773
-1.0350920906419236
-0.8381485908636789
-1.0039140876656911
-1.0797947945458417
-1.118710598167092
-1.0789567285350496
-1.0763694998171387
-0.9695591635038942
-0.9718016987396034
-1.0380625838731046
-1.026252023884498
-1.058514758124211
-1.0578743174007006
-1.1151721144730962
-0.8611730104519747
-0.9707617490691729
-0.8396153076743021
-0.94215744438873
-1.0450571219500089
-0.9725855153681288
-1.0216308936724239
-0.9221849806556605
-0.9522499673398621
-0.8289609523596491
-0.913719077287985
-0.8838694372685684
-0.821800569477568
-1.0086829675352067
-1.0279819880861019
-0.9188054971677166
-1.0149933899416907
-1.0516566991266219
-1.0229008938081288
-0.8737903542125383
-0.8630651833331653
-0.7761040584996078
-0.810142705688852
-0.888141402251295
-0.9571317444679184
-0.8096486853541555
-0.8220596800987495
-0.9465266753171716
-0.9728987563383564
-0.8166265253102309
-0.9327338948042655
-0.8259634486460139
-0.8291969666604391
-0.8948117442709811
-0.9512386450460377
-0.9514881316310293
-1.033689275893361
-0.9758672930660521
-1.060015385305075
-0.9881274418710834
-0.8442175679384522
-0.9103917361308042
-1.0678145836522253
-1.05472808312329
-1.0203965523205754
-1.0307419265055895
-1.0752684073082333
-0.8975675019678837
-0.9313557739212003
-1.0565524271437936
-1.0554030119758597
-1.0848532538371074
-1.0040720107866044
-1.049101752478191
-1.079050159876074
-1.0827801452934684
-1.0584844864188399
-1.129614367256833
-1.091247970904468
-1.1012977126353407
-1.0269359213924931
-0.9906948544714661
-0.9976869298218205
-0.9610317872587534
-1.0709200499175544
-1.1297062790388759
-1.0154670749565031
-1.046518506744648
-0.994228516391865
-0.9953567958324311
-1.0993561240130105
-1.0915056886051027
-1.0887650964150224
-1.1272075348312058
-1.0170000697450692
-1.045327099699068
-0.9780034885093197
-0.9709479388347586
-0.9637690940001262
-0.9217061330042158
-1.0117534348438968
-1.1256648314380469
-1.07332105098063
-1.1171290614888965
-0.9918355229210551
-1.0700211751927173
-1.0266009173021808
-1.1079797583328745
-1.0571521283970908
-0.9657675713963028
-0.9759057253939597
-0.9164904631773583
-0.9745096566394618
-0.9785063453286978
-1.0360721868083593
-1.1223824412604193
-0.9324067519469981
-1.1126931096228945
-1.044188881698131
-1.1098827887494327
-1.1971546330989136
-1.0099595369898537
-0.9865514468456754
-0.962879261636334
-1.0406713687401994
-1.118785904667915
-1.0165515477804052
-1.0814498733454314
-1.1029912194902722
-1.0004499905175894
-1.1225797899844219
-1.0051727590102644
-0.9951465029514813
-1.0533934173035933
-1.0709387887079347
-1.1043634456114975
-1.1005862036692582
-1.0986001811579802
-1.0313117758847599
-1.0292859861236783
-0.9760277984622627
-0.9791984406830997
-1.0238230637147234
-1.0601872815734248
-0.991122980679801
-1.0357795084257646
-0.975795685864203
-0.9842123832938344
-1.0016535146982555
-1.1226916893175507
-1.0533308784217161
-1.0727159808540037
-1.043860447151623
-1.1395081894149595
-1.1547589190221752
-1.016204732783219
-1.101945561407355
-1.028021839824074
-0.9914390598749976
-0.9625905675238162
-1.0911374112227625
-1.0860535039575123
-1.0514543918220114
-1.1590595482571722
-1.1150271934245806
-1.0154341648733392
-1.0222703774589237
-1.0262013702095343
-0.9918258283090541
-1.063016369471067
-0.8593508149419168
-0.9512091856245117
-0.805935150003595
-0.9217937185163778
-1.0720051050822836
-1.0170317293938023
-1.0218771809144078
-1.054559894952989
-0.9274120630048976
-1.0567279358370074
-0.980119645968736
-1.0262317248129837
-0.8983782387230929
-0.9876581278651367
-1.0268275877965463
-0.9839050397057172
-1.0453260756523062
-1.0217866213708864
-1.026185517476
-0.9714564385020953
-1.041457936619847
-1.0301937129763834
-0.9753763537467989
-0.8898643190086917
-0.9146954074673949
-1.075742855369508
-1.0229356146404962
-1.0348288731479642
-1.1356231406903792
-1.0712012219712006
-0.9507189499531465
-1.020248254138586
-1.0246312967601907
-0.9852363780403119
-1.1122900083795728
-0.9312432249040221
-1.050809298776873
-1.0568954335316818
-1.1272351645448684
-1.0949703735917533
-1.0627958600078489
-0.8609775906669115
-0.8762021817358274
-0.8722021318151209
-0.9218662644972956
-0.9075060176654698
-1.0273832563359255
-1.1041090088018666
-0.9946832549775931
-0.9510980514392164
-1.016068100605247
-1.113200027766656
-1.0774269429494887
-0.922655956351041
-1.0736781200853733
-1.0752489523859385
-1.0871409864093666
-1.0312827247021918
-0.9541729124712564
-0.9487922089593885
-0.934492155415557
-0.9619364163323717
-0.9647622839810148
-1.0688929490306478
-1.098131944598949
-1.0910626109114276
-1.0471605305090708
-1.0700903667376163
-1.0245099575255963
-1.0229856574295386
-1.056158407241875
-0.9910982867850681
-1.0414369276346467
-0.9642867576882411
-1.1450645614551203
-0.9909450092234794
-1.0565535799449308
-1.0934375061816244
-1.058191135069234
-1.0079058258436793
-1.1141025801132107
-1.0578793891514975
-1.052733358248926
-0.9669530614297197
-1.095912868609014
-1.0758586027200014
-1.069235530621151
-1.0768907177431184
-1.0777283047028483
-0.9813685500005098
-1.0106745880697152
-1.052780147598422
-1.0647424017007023
-0.9548606568466261
-1.0107331883817408
-1.0337546780289528
-1.104981738998117
-0.9494873080725547
-0.9308528951603748
-1.0649916501470629
-1.0586025173003395
-1.0762227935809277
-1.0443800637210323
-0.9905820612835519
-1.0180327120387482
-0.9244905612003702
-1.0053325983735621
-1.0199407163012228
-0.9582672917319454
-1.0414088900711926
-1.0886852339267221
-1.115090570689924
-1.1549892232971115
-1.102260041197998
-1.1370445801101132
-0.9755962364816785
-1.0409502010616754
-0.9831770547167791
-0.9850402761764657
-1.059399930120865
-1.060765553354858
-1.017483814667292
-1.021089223958692
-1.0553100484031992
-1.006800927275273
-1.1196178105303576
-1.0081590277304182
-0.9968180205874811
-0.9749355603387871
-0.9522028524317331
-0.9696224944269333
-1.0286991566996009
-1.0958577926948712
-0.9986986629605286
-0.9983411268056749
-1.080979526966935
-1.0540489714493646
-1.0352629212605269
-1.090922970975659
-1.02074181040848
-0.9760843553280344
-0.8780670139793832
-0.8583487996318709
-0.9641762184921617
-1.034738385520896
-0.9949215916492475
-1.051803993676024
-1.0189177186030722
-1.0022643298516982
-1.0584172738053308
-1.0231832321903627
-1.1292968673293682
-1.1212833824175343
-1.058236323673752
-1.0624898106377423
-1.0579976246081313
-1.1682934384774053
-1.0275145642651176
-0.9595635400916319
-1.1187010100310555
-1.086142522095611
-1.0610153922787862
-1.0941548358518502
-1.1012510554735075
-1.089476857010212
-1.0950817327549582
-1.051965991998742
-0.9274972837374583
-0.9324755245906121
-0.9075819622662187
-0.9769465961490673
-1.027602243332665
-1.1616762485285608
-1.0860866295238703
-1.1012144419372956
-1.0159471019885948
-0.9776148634633988
-0.9748069698141357
-0.9838376232261286
-1.108080462775362
-1.0459743757508475
-0.9351507409385007
-1.0834087794189209
-1.0599840124243458
-1.0839275153328571
-1.1150432600355085
-1.0043694425204008
-1.0205962569172342
-1.0061629491074167
-1.0696949363832138
-0.9666529524802553
-0.9955844962796234
-0.9532201501418461
-0.8686491503983467
-0.9673671271354184
-1.1184566959130622
-1.0216461323587436
-1.0446927511090767
-1.0036499572994657
-0.8994026659259257
-0.9628380756531956
-1.1361870994586067
-1.0921203266506918
-1.0667317590786687
-1.0152129372966818
-0.9738544769073831
-0.9860660591533494
-0.8832668830683276
-0.9445327657142188
-1.0492369758057238
-1.1058592198231265
-1.0238316665021834
-0.9987978196051016
-0.9479271029826251
-1.130316627090794
-1.1515411315727138
-1.110232711768489
-1.108035295715607
-1.0280988242687417
-1.1401487115831872
-1.1149723936147353
-1.0587149061350505
-0.9946495795389098
-0.8834773168957549
-1.0298864444852889
-1.0464608223652148
-1.1130650181285977
-1.0958958193460586
-1.0259326415996015
-0.9455574925477092
-0.9735060458272862
-0.9270793484736215
-1.0540993275857675
-0.987184767176654
-0.942399674430051
-0.89471823394969
-1.028006551750943
-0.9351491991324699
-0.8822666516376951
-0.8715229228313436
-0.9505195386195576
-0.9057004073306315
-1.0631604531375465
-1.0557824206686166
-0.9408713291084512
-1.0973962153815102
-1.0756031521715683
-1.0567543928610288
-0.9195797081382512
-0.9770491176546763
-1.0290116815266057
-0.8783000507958165
-1.0642652596417075
-1.1359409725942962
-1.06496074156167
-1.114424556918158
-1.010808101462218
-1.119080145539289
-1.0682600635328778
-1.0451697972056382
-1.0609996550128062
-1.015338795079179
-0.9368759665921994
-0.9390185997568211
-1.0085544139513412
-1.048477743176946
-1.059434562191829
-1.0348081915607443
-1.0166343569669893
-0.9236070619538285
-1.0924064208896407
-1.0214815622336768
-0.985622848221781
-0.8528188280012227
-0.8416417204800161
-0.89477297895757
-1.015154944278613
-0.9877327830829551
-1.040684572455732
-1.0350667776707392
-1.0454592059717962
-1.0341859408667362
-1.064100885226059
-0.976153149824123
-0.9797560506786869
-1.0979487234904097
-1.1232476148172263
-1.0969102336050827
-1.1250355057911707
-0.9977428776499745
-0.9277901230065733
-1.0460674758589377
-0.9776680008389768
-0.975917419887685
-1.0672727464733756
-0.9886918141301514
-0.9710279191659278
-1.1039525123504739
-0.9507488953071076
-1.0026046221648046
-1.07734635719911
-0.9431330505210401
-1.0249965433202557
-1.0646096075180584
-1.0308850634489126
-1.105765987614477
-1.1106891339946974
-0.9592631943676141
-0.880415305733453
-1.0216151373406688
-0.9957882990029312
-1.0886456176022672
-1.0031155314579818
-1.0127684049682637
-1.0769914131486513
-0.9868019799019133
-0.9413691726566662
-0.9351012646610611
-0.9017014788237979
-0.886756860614351
-0.9944285557726006
-0.9958550751547216
-1.0463393364910392
-1.0144398615404544
-1.0257294210165793
-1.033529060267889
-0.9420409331675472
-1.0853846139037875
-1.0454053760273585
-0.9825845886220045
-0.9721871265933995
-0.8846748412520078
-0.9483408731936365
-1.029189470855984
-0.9312964322148237
-0.99561821309237
-0.9608684248729418
-0.7923306702507162
-0.9573314893094416
-1.0383021398825085
-0.9750968115126527
-1.0071660186855584
-1.0040354220392953
-1.0419492836963113
-0.9637494333132077
-0.849027285405886
-0.9620895639658119
-0.9552779495667403
-0.8561374577716128
-0.9910949754674157
-0.9758922122173844
-1.112706068987444
-1.1456571363615484
-1.0677826024290185
-0.9756073772321746
-1.0111262135766006
-0.9576879593003076
-0.9700087729630497
-1.1164450229667973
-0.9931340651828534
-1.1014662555183614
-0.9943034034356675
-1.0594941036190144
-0.9700922530088996
-0.9907113213658184
-1.1263842520483505
-0.9684872176697366
-0.9185696852722351
-1.012955884128902
-1.0537956301226012
-1.1140142975275165
-0.9876233971903455
-1.1041567871641331
-1.0530404103978994
-1.0679036783794242
-0.9633728110488882
-1.0909535390692238
-1.0718194218754935
-1.1745454922864467
-1.107485870735825
-1.164001873485565
-1.072480031853627
-1.102996227363271
-1.0743194037313937
-0.9872120192640499
-1.0039289095207748
-0.8451529207662081
-0.971334309443905
-0.9521035802074629
-1.1021745417846656
-1.0106304940551385
-0.9278461759897607
-0.9691650571958834
-1.015760963193535
-0.9294833854419324
-1.0399780054926533
-1.0648956619765075
-1.0640954410025312
-1.050927142151006
-1.031063357347221
-1.0964654587821554
-1.147934372495609
-0.9562087973692234
-1.1312858009822044
-1.0028783638915555
-1.1239463886322165
-1.00047170025789
-1.0092880166379228
-0.9894032254116459
-1.071358890990387
-0.9812256382635313
-0.9795102002323599
-1.0902687615718665
-0.9438065998746206
-1.1742991285071047
-1.0549298669733522
-1.0488852349105493
-1.1295482013206577
-0.9794072566272115
-1.125396010843879
-1.0132632169277345
-1.0210329329301149
-1.1630209107158718
-1.1553845317615645
-1.0464560076373663
-1.0398362515941848
-1.0705982558230007
-1.085186675322493
-1.0828044677566313
-1.0323993499135906
-0.9905593563326648
-0.9883890577282322
-0.936606855547764
-0.8635335262333244
-0.8322438432797892
-0.8559359904779464
-0.9183281378217589
-0.9576410661049509
-0.9942605735961442
-0.9064802366071498
-0.7814674057011557
-0.9764636132064759
-0.8845362487044897
-1.0246758737278032
-1.0293639486387003
-1.0089022041838247
-0.90656338226849
-0.9127257282448508
-1.0381195991742007
-1.0351490629502489
-1.0545783690950787
-1.0489812076533114
-1.0393555432569284
-1.0112380557530072
-1.1271014310152359
-1.0247623065005529
-0.9452129284598934
-1.019216123283819
-0.9429280156925529
-0.904017323487169
-0.9718496469446799
-0.9946396204941876
-1.0361754096983464
-1.1756492104878153
-1.0865358317200038
-0.9733868508399058
-1.0032528272402534
-0.980988264338566
-0.9876440228551444
-1.0750941040706525
-1.1043981864897194
-1.0960616552637612
-1.0719102705533254
-1.0229705323743858
-1.030484873319264
-0.9450014510416256
-0.9993785947922005
-0.9498955259747635
-0.9532103706305132
-1.0527935917783249
-1.0385580271957957
-1.032526752237716
-1.1685726210822374
-1.1102907456210138
-0.9963451342036149
-0.9927907546003043
-0.8951277987764865
-1.0195736568395897
-1.068061185056735
-1.074827646129285
-1.154775174868555
-1.104622692175047
-0.9103813172539843
-0.9534680134519037
-0.9489721542610172
-0.9538505722454054
-0.952714480543601
-1.0558920233120455
-0.9908773665854811
-1.0465182804048072
-0.9593269758793053
-1.0162111439376347
-0.9282870459350135
-0.9378733398122412
-1.0161200461570081
-0.8350008662576981
-0.9918927108341535
-1.1331057655369778
-1.0841428632418024
-1.0648435179206812
-1.0590550641846646
-0.9967398979956621
-0.9970419461187048
-1.0056182357176486
-0.9044559076658535
-0.9808365277154413
-1.0822671762732308
-1.1064908762684267
-1.091427996145482
-0.9462363453743163
-1.099460621224966
-0.978309104826778
-0.8672856236984118
-1.0419807803615126
-1.008498288966407
-0.9692295149458346
-1.0391428369800408
-1.1801330876684129
-0.9588000010887667
-0.9946967881499735
-1.0272400263778882
-1.075359581285862
-1.0649487870061516
-1.1528176846057054
-0.9893037388755945
-1.0835069926428653
-1.0089145622077609
-1.0687759453261114
-1.008181737292806
-1.0197928585260092
-1.0543463102432822
-1.0883475080632088
-0.8923878182805751
-1.0408356295848866
-1.0882190434397485
-1.1054887600973937
-0.9689581665046947
-1.0535989488390307
-1.082702589853875
-1.037795873672042
-1.031306883250461
-0.9531138422990355
-0.9348902388368024
-0.940988796877187
-0.8962992213580777
-0.9108292149982959
-0.8951501091087983
-1.0179546269855484
-0.9419579364089341
-1.0595892998658047
-1.101579925458792
-1.049606091856739
-1.1284385341209902
-1.0674510070493775
-0.9314855172971389
-1.1022814792805316
-0.9905593041380965
-1.0295256060194353
-0.9601747042777526
-1.1029829428285836
-1.039054075357798
-0.988883489854216
-1.130419844431373
-1.0748023848866317
-1.0701072039980721
-1.0525591492134854
-1.0694916153730598
-0.9940708314736008
-1.01022218323948
-1.1052131169201551
-1.0709016779472713
-0.9992657268137622
-1.1265090086411347
-1.0882269889684888
-0.993243063538488
-1.0071536131242564
-1.1409194613997884
-1.1332256761562918
-0.9951676038206654
-0.9089821954426132
-0.8990426228246842
-0.973155648358287
-0.9928078504593985
-1.0316234969141156
-1.0656288758508359
-1.0087627122835925
-1.1048014314608725
-1.100484622493778
-1.1790692079624552
-1.0617081562403146
-1.0269148539110218
-1.1369128087412186
-1.1000556792150378
-1.0551805766827869
-1.1240592141256072
-1.1157037690693867
-1.071747487771985
-0.8914683770898201
-0.940686481184718
-0.8090838961098796
-0.7821100664727666
-0.9464182061469422
-1.073034083120718
-1.043732626151866
-1.0353947628081666
-1.0247685142131788
-1.0872720564779883
-1.1391664991630452
-1.0703063199458567
-1.0274396102011483
-1.0375930789635945
-0.9340128260403562
-0.9732553520462174
-0.9560083182702168
-1.0439767040483834
-1.0077897784668206
-0.9691517654127317
-1.0431409452612874
-0.9045804148384713
-0.9655801707442375
-0.952432076523425
-1.0146465313295605
-1.0415965020174698
-0.9523340319223478
-1.077728908072025
-1.0083848863643052
-0.9748691813408137
-0.9204067084251412
-0.9056092303363237
-0.9736466408214818
-0.9959971595186077
-1.0948186072722346
-0.9869846318830308
-0.9356458778839649
-0.9684435000457796
-1.021003465198451
-0.9711143958767912
-0.9060424608549513
-0.9398234168055979
-0.8946753959958048
-0.9010384508533416
-1.047799735114752
-0.9382387254735993
-0.8970515939416829
-0.9611845641262148
-1.0836236004873776
-0.9790084803458478
-1.0523836735725476
-1.0513721634015267
-0.9926134324720312
-0.909532352159574
-0.9264216992914176
-0.7562934380231563
-0.7692361110887518
-0.8680908355125567
-0.8635641915802903
-1.0342953968584991
-1.0516645718407023
-0.8160964323229734
-0.8680020590293328
-0.7561259632820877
-0.7898798395582979
-0.9549647578251913
-0.9847207273917195
-1.0064232868631056
-1.051282276222826
-1.1467517534723015
-1.1066778835225097
-0.9985223713205538
-0.9431463079741446
-0.9021943833071367
-0.925735717947799
-0.9071713708679391
-1.0178068116172878
-0.988916006552048
-0.9829347185868899
-1.1664805294513798
-1.1275494554999688
-1.0539106281300412
-1.0106996188709854
-1.036924377413348
-1.066744725334586
-1.0635965939836436
-1.0281891413499624
-1.0663305539579149
-1.099225826407019
-0.8501600407155476
-1.06257707006531
-1.1308532038500632
-1.1713256813405084
-1.0702704712965134
-1.0444820801253396
-0.9896599627665232
-0.7969884996497658
-1.025253685966084
-1.1167434188126897
-1.0074432525866701
-0.9424908368944551
-1.0340751394618968
-0.9329072373019649
-0.8610530160025281
-0.7624807885582977
-0.8012075573720883
-0.8989441787532794
-1.0750705121579023
-1.0281191434846848
-1.053030713839488
-1.0976718086490758
-1.128175393723208
-1.106116130606838
-1.0595633691364432
-0.9912637236835389
-1.0520544325870615
-1.0998586123484648
-1.0137752233033015
-0.9979937991123574
-1.0683833987387852
-1.067557893565195
-0.9365810932121306
-1.0566388457894573
-0.9984623624901725
-1.1526169732373168
-1.0126164088036684
-0.9799366244012305
-0.9840570851367288
-1.0533691989615748
-1.031865393065983
-1.0001314542320445
-0.8599807285391181
-0.9673881901264022
-0.8899966241524832
-1.0112152803855914
-0.9348190707409614
-1.0635464661471001
-0.9462181660248714
-0.9922329012244134
-1.0141884957618874
-1.0542851530206658
-0.8634724994384888
-1.0666499768706483
-1.030426888502263
-0.9084007141025533
-0.9184318469970694
-0.8982197437660252
-1.0174450271527753
-0.9797403393644339
-0.9293148495009953
-0.9807653290209699
-0.8867974699736411
-0.8385093930747453
-0.8060946841613844
-1.0341079125851766
-1.0915658055169684
-0.9497827551371931
-0.940284647980295
-1.105228166364724
-1.1192020204494413
-1.1494767592978918
-1.0538492583600907
-1.1278496402491702
-1.081853863838602
-0.9936377891717871
-0.9717748175692662
-0.8911127146496459
-0.9797304884644551
-1.0527215648182053
-1.0053423875065948
-0.9727575253920803
-1.077064303738126
-1.0611015889532713
-1.1699716745996982
-1.0976072121728777
-1.085588397846207
-1.1462277383216815
-1.0440776472152808
-1.1053222935654528
-1.1196411890754168
-1.025075318818597
-1.0822296906079854
-1.0880266538705874
-1.0626477938574093
-1.0196284853740816
-0.9899377028883812
-0.9357313690885471
-0.9895795599539939
-1.0996467177644331
-1.055336636832292
-1.162933153098913
-1.0702839618842832
-1.0314683571215333
-1.0437759661180852
-1.0083777251986206
-1.084630342594603
-1.0277876851579724
-1.0453985499138292
-1.0549551664583072
-1.0573028502671709
-1.104255736582965
-1.0081205364397434
-1.1199473572992438
-1.1233745398260413
-0.9816377347623495
-1.1036948279410024
-1.0295162278087253
-1.1180809903683457
-1.1118690470218777
-0.8937961295234029
-1.0443544922397872
-1.1192210844277488
-1.0366964371148395
-0.9112321350741276
-1.0014884770760655
-1.011718005737392
-1.0647685395910342
-1.1553311224781981
-1.157475354867905
-1.0604869109880697
-1.1575752188036685
-1.1549795855149694
-1.006854748938345
-1.1115323677828073
-1.1402539048408205
-1.0795007241286139
-1.0232261639228655
-1.0797064209507694
-1.0375636102923176
-0.8586388249791834
-0.9979887736684291
-0.813339960659521
-0.9820179208954658
-0.9333990501954177
-1.054939531091261
-1.1081624878924254
-0.9424167830624957
-1.0114500160581879
-1.0329424709698998
-1.0690208458720896
-1.035380347797425
-1.057451421733245
-0.9208291813638354
-1.0784905395563429
-1.0791688394160264
-1.1147041542541785
-1.0242000507671776
-0.9342506881958692
-1.034694622075998
-0.9851365211180387
-1.0994294191323295
-1.1309369908911562
-1.1236076097958985
-1.0652759766147986
-0.9579093653893065
-1.056336561293625
-1.0293198778716675
-1.1172577210654657
-1.0919684572180361
-0.9911143288916123
-1.0076149195256618
-1.069665369227209
-1.0432338703515465
-1.050706172849878
-1.0502829986992919
-1.0618119989582029
-0.9705096780309698
-1.108964087849546
-1.0825829118009933
-1.1516041327874238
-1.01411630993968
-1.0631745500474814
-1.066193076651916
-1.0116776936617826
-0.8991199296005218
-0.9920860629493151
-1.0118604091452448
-0.8756114405425884
-1.0457732336359642
-0.9881834236409477
-0.9533724298397365
-1.0393581806739776
-0.9979074373829511
-1.0250076787469482
-0.9447729118534524
-0.9745645392384344
-1.0560397084855488
-0.9412846738351645
-0.9017144619412639
-0.9995106886095937
-1.0271036948118222
-0.9853172950071706
-1.0086539958106384
-0.8903128426102433
-0.9452337518640425
-0.880537881301402
-0.9272962907085642
-0.8507668424812227
-0.9282558389591798
-0.9210920340318529
-1.025821760781179
-0.8807115651525895
-0.8624236915258445
-0.9882906167180514
-0.9439874254871867
-0.9134381305425389
-1.1106344995906563
-1.1063857916452102
-0.9787295801576905
-0.989062734761578
-0.995096063201773
-0.9947003234527491
-0.9689445485252837
-0.9522946548970663
-0.9627028010456713
-1.0576061305762703
-0.9501675821148524
-1.004423842844239
-1.0404399141957572
-0.9867747904710591
-1.0037783205352875
-1.0325402422651422
-1.1376296882071224
-1.132885311368489
-1.053493032942517
-1.0564665389455061
-1.08080310614841
-1.1257782172196795
-1.0534284278372972
-0.91905782283546
-1.095352988975573
-1.0070463814683732
-1.093039315700764
-1.0122311633468732
-1.1075514054319417
-0.9870825307156668
-1.1837501404477213
-1.0453461458503663
-1.0003992874308958
-0.9869628012402729
-1.0335587762891039
-1.0549079221905648
-1.1207332158972725
-1.1011176817850372
-1.0777929860854996
-1.0738350584187795
-0.9741831519108778
-1.003282533579545
-1.018729287860053
-1.0518720520729465
-1.0395562458031673
-1.0179683831188415
-0.9152838034182516
-0.9670178247305313
-1.0073764324200414
-1.041527086829457
-0.9005115435610804
-1.0054477878483907
-1.0868273684027385
-1.1082896373377809
-0.9918548108470342
-1.0359929094080558
-1.0292271093241583
-0.9446245201526052
-1.031786785055118
-1.058914877176756
-1.0428369416207386
-1.070352627644701
-1.1629132113711658
-1.1449536160305298
-1.0364293387454018
-1.0200488570106176
-1.0745582538125573
-0.9335579910154386
-0.6981841899747101
-0.9515137421422845
-0.8840160676500473
-1.005274931696233
-1.058075601489149
-1.0544737337397727
-0.9662194623172651
-1.0091212796149196
-1.0217145649746162
-1.052441683910887
-0.8761747751096853
-0.9270052328894858
-0.9927982684720048
-0.9036974919978353
-0.929721900025185
-1.0618925217465307
-1.0353138021075394
-1.000362244729799
-0.9708662989824496
-1.0260270979949624
-0.9778738934649105
-0.9898018459132647
-1.0516327733295598
-1.0326391701424953
-0.9184387361043291
-0.9438010592421264
-1.0137091203005113
-0.92601396628809
-1.0924478898258299
-1.1124621649162805
-0.9973640911711615
-1.0744380917664529
-1.0626790932988222
-0.9921603170587163
-1.0502028071163971
-1.0708548832010034
-1.075786133591723
-1.239912703101917
-1.0909069502584903
-1.1201016592542237
-1.0121804580551441
-1.0978703563838081
-1.0637601419815226
-1.0558506120504714
-0.9319257402992884
-0.9825426840675336
-1.0537167857762264
-1.0147806989821275
-0.8513697265032764
-0.9480532673898381
-0.9889178166667796
-1.0834035416943888
-1.0955280291628866
-1.080653280602703
-1.0714176590455344
-1.0599340978751415
-0.9744150845331437
-1.027395962531227
-1.1457640331270893
-1.1130617153565436
-1.0825179104126967
-0.9937148146637368
-0.6908104390431198
-0.9715138639246049
-0.9744324456291816
-0.9813547632018188
-1.0290282051528348
-1.000888052560678
-0.9319481288957296
-0.8007805822853473
-0.8281032070795656
-0.8429667368204304
-0.8596534200317689
-1.0130348059075291
-1.1317078724974183
-0.9889647479231503
-0.9710771417284548
-0.9250123976670758
-0.8605435159666148
-1.0173325117057275
-1.0842088382939625
-1.0246330382329671
-0.9857174748291844
-1.0151892657426385
-0.9501110789849528
-1.1558612135486672
-1.0130362218029119
-1.0638276832568752
-1.031334169867818
-1.0625185161225212
-0.9324051290470198
-0.9219174744228467
-0.8968261645423803
-0.9446904334929671
-0.9317136601089935
-0.9398477113550157
-1.0016454213607453
-0.9073462211788023
-1.0052597910250196
-0.9534200852372139
-1.059937938075741
-1.0212688260118725
-0.9871046932665889
-1.1435486771808063
-0.9785430104459175
-1.1317776070502472
-0.9694980033820086
-1.105740341636418
-1.0597750853925059
-0.9300222347298466
-0.9307514008861609
-0.8774564244455054
-0.882886191020069
-0.9506074853938703
-0.8787223883901628
-1.0676709633025547
-0.9074350268230886
-1.0324589863233298
-1.0806948110108414
-1.0544192623826523
-0.9733575350982938
-1.002390577341977
-1.0570198053640238
-0.9495625220761552
-0.9761666353028867
-1.0254460838303348
-0.9612805798984725
-1.0605432990316237
-1.096286073989635
-1.0958185843842165
-1.107278725533725
-1.124076320285458
-1.1139906875325996
-1.0671143932637686
-1.1514158583256386
-0.9705040714621266
-0.9519925736475858
-1.0734748407525845
-1.0473315288619436
-1.048526071873288
-1.1201527174279529
-1.009936536970156
-0.968552354020641
-0.9630583158909597
-0.9175347576008539
-0.8841035286714567
-0.9704949683701051
-1.014603934932239
-1.0850389552782818
-1.0522032869816251
-1.0326908575665283
-1.0092844272038144
-1.0487610286594646
-1.0066797224503228
-0.7918032526604806
-0.9555538561762178
-1.0076230744672723
-1.011158576781142
-0.940744221891143
-0.8898408896028236
-1.0012523364207122
-0.8532338909268844
-0.800071276473733
-0.8381158624454984
-0.9399923865286535
-0.9300841084843284
-0.8959136749846401
-0.9207835056721032
-1.0539356554047472
-0.8815886903007897
-0.8576862947755343
-1.0289569916348251
-0.892408857204024
-0.8933586165972129
-1.023097181955676
-0.909695767906442
-0.8183940853167155
-0.819862277642944
-0.8605779114570954
-0.9920181347948036
-0.8633933738918955
-1.1363072663502654
-0.9717119252850276
-0.9894505895732862
-1.0862535215580091
-1.0614848962463055
-1.110026898115054
-1.072837299000804
-1.0152614159595144
-1.0901594451629857
-1.0955697665106838
-1.0030733563924716
-1.0239410759234948
-1.0235012491427848
-1.0160928916862229
-1.0533336315905322
-1.0953136748924948
-1.0713408136877642
-1.0234754416389027
-0.870811985042523
-0.9567230597840536
-1.0896870352251193
-0.9881546253332852
-1.0294325424362558
-1.0818279098027916
-1.072051829884532
-1.1061785707557368
-1.0324176191990535
-1.1457293534099922
-1.0684654948144943
-1.1089086743276373
-1.0271976340028306
-1.0087126172698424
-0.9819464105600908
-1.0294629723419009
-1.1383061231984006
-1.0412622591859884
-0.9025007948885503
-1.0308035104484805
-0.9472060434002495
-1.1008890220721352
-1.1154981946983504
-1.1127439570219508
-1.1216693220128267
-0.9326122102406585
-1.003164734428228
-1.1035066563667915
-1.054103131020346
-0.9813038163849341
-0.9694578852455279
-0.9815466599664694
-0.8829569764586813
-0.9018580038920581
-1.0276645398016364
-1.095758141913792
-1.0578626386218026
-0.8880050486382113
-0.896322989180584
-1.025004161250066
-1.0130697835287248
-0.9456431933906564
-1.0669470183447574
-1.0565274288218562
-1.04420789662873
-1.0068857531849684
-0.9563462613660647
-1.038406879545326
-1.0399089780448223
-1.1097556841666145
-1.0954928881736772
-0.9235633393407053
-0.9434680524995566
-0.935121167766151
-1.0324378440468533
-1.1781412553186428
-1.0477953277059229
-1.0106706001123742
-0.8857018091090922
-1.0365035457887968
-1.0098711162249907
-1.032626718134679
-0.913819712807883
-0.9942906131234482
-1.0385964206929035
-1.1384276703202183
-1.0042425290646726
-0.9518108419308272
-1.0735126883939154
-1.1266715058633476
-1.0401334434191651
-1.070752188414878
-1.023424722326116
-1.0654205922880562
-0.8598765360678198
-1.065768889803211
-1.1408943747976177
-1.0901746750537962
-0.9676456286269585
-0.8972736529507708
-0.7878305478351599
-0.9803981849661687
-0.9707435364239105
-1.1642157683397658
-1.0907668983887953
-0.9930698000753908
-1.0825915811524165
-1.090744303535563
-1.0630448536689807
-1.0494856681582838
-1.0345158836268702
-1.0995705083480418
-0.9895900215728382
-0.9403780782327519
-0.9542068569079564
-1.0608370805028389
-1.0074914752729658
-1.0838733964929457
-1.0031202156760033
-1.0976934852324352
-1.018560643921567
