-0.6147053829373609
-0.7256131870110877
-0.7320558609303743
-0.7819407626278092
-0.6400470973530772
-0.5735754571569789
-0.5390432687415466
-0.5899988292582139
-0.48957893529316976
-0.6547223393560551
-0.6284724591761854
-0.6893950667019899
-0.5983512423292626
-0.6463078882416331
-0.6763659622090061
-0.7530378739723917
-0.7157126273307083
-0.7716479311063077
-0.7633392755065386
-0.7160997497979793
-0.744898286345413
-0.6883839710958056
-0.814557129461302
-0.8339704505057934
-0.8067639421078561
-0.8717502914919874
-0.8284422093272834
-0.8766803191635243
-0.8679419709170799
-0.6597703735049173
-0.7987556166247798
-0.8822068736439008
-0.8425845298917148
-0.8935004144771223
-0.7212949101512763
-0.8609029873592788
-0.7992513926108809
-0.8033267470381313
-0.7307596525393004
-0.7961574916181213
-0.8590673402075675
-0.8747448491807079
-0.8252753058989032
-0.787296207451621
-0.7083048962214753
-0.7104117937445169
-0.7576622142509197
-0.6958604921909884
-0.6514614371290409
-0.7499983067492298
-0.716848294430617
-0.7113485317875715
-0.8098563161243693
-0.8461259266352051
-0.7609076726073507
-0.8119730038358065
-0.890819702879168
-0.7631091588344489
-0.8476064401249899
-0.8101881409611685
-0.7720364883414249
-0.7930422098514414
-0.7268825603821172
-0.7125653640194247
-0.7967462624671665
-0.7611378563621429
-0.7825197431929416
-0.858475374424783
-0.7735874204155927
-0.7953964714020727
-0.6878385938556979
-0.6537035359710518
-0.7833750548371712
-0.90427877154402
-0.8812225781893431
-0.8667434949424502
-0.7938339738157235
-0.6840984385383483
-0.703270138695647
-0.7428387077868619
-0.7260925224226661
-0.7050978202465336
-0.632322711940053
-0.7366307021459491
-0.6696968547996512
-0.6606235395215018
-0.771420116087738
-0.8047199276500943
-0.7197340563392655
-0.6938985305735529
-0.8500755287526237
-0.9066934016191619
-0.8550191637671419
-0.8447183762333461
-0.8261644637821971
-0.7933382468902714
-0.6991505716908678
-0.738041184946307
-0.7379116258902341
-0.8299472201561766
-0.8160117773870329
-0.870453625136911
-0.9480400239953276
-0.7932379476783598
-0.8274952338487652
-0.8347064443640138
-0.8947914670393721
-0.8660675676089087
-0.8892428744533302
-0.8040753271603699
-0.7201022636809042
-0.73126243054219
-0.7939813073472857
-0.7313038142518403
-0.768913132571899
-0.7552327341553008
-0.8533376548612405
-0.7962154894808778
-0.8221482775175017
-0.7993214544589197
-0.8554993546472058
-0.914544636273044
-0.7968817386724343
-0.7150794361970018
-0.6985697945901235
-0.7814760189019834
-0.8499036583412651
-0.7937749435466572
-0.8458722517484488
-0.9050073751966208
-0.7885164666111468
-0.7569062451673142
-0.8157394142357546
-0.7608161579932391
-0.7940119978244904
-0.5915644798883157
-0.6851665911485517
-0.670236044035396
-0.5494023648009386
-0.589306960079321
-0.5636579208782212
-0.5994273314341191
-0.7086786249484825
-0.8098908953787982
-0.7484871064353016
-0.7895206327255828
-0.7294564902155911
-0.7764463477929073
-0.7898563729060866
-0.7587572941729676
-0.7830416935420063
-0.8267334246863477
-0.8452612627039731
-0.8124085041295064
-0.8557201629100976
-0.8249164258949757
-0.7691844177739157
-0.7912844346804828
-0.7558497867283905
-0.7634797415010317
-0.6855171502150335
-0.7747998154702636
-0.7449114733143603
-0.8715644520429855
-0.8786079564112187
-0.6810325608506562
-0.5704975614400145
-0.5778651292245507
-0.6812354373051799
-0.7750198146499924
-0.615094913937712
-0.6720396726489533
-0.622047775050265
-0.6733077304886572
-0.6655566413663482
-0.6961153245461315
-0.7528059282835248
-0.7424301664444551
-0.6752148840787368
-0.7207268959351512
-0.7457327639054966
-0.7420132828636814
-0.7389383619912662
-0.8172831990555082
-0.7923736645552281
-0.6965455050952869
-0.7265414493884649
-0.8523154792495812
-0.8502350278864685
-0.7878291000535426
-0.8575737834963314
-0.9064066061457049
-0.8999425895960912
-0.8435219735544671
-0.880887738027998
-0.8331543338561029
-0.8728443222327305
-0.8348928117508893
-0.8865750287167181
-0.8272166474031823
-0.7866376861806156
-0.7135023186634004
-0.6147542139366057
-0.8196955437473029
-0.8673644273422897
-0.8269687419698195
-0.9215235185038249
-0.8636717037394157
-0.8139369720229974
-0.9523482470143267
-0.8409712004177718
-0.7943788817447511
-0.7854181420343772
-0.7033809548125456
-0.7038689801004949
-0.7135485386881548
-0.7452364690288725
-0.8546394375598392
-0.7276725900061827
-0.6713290487249316
-0.8005132180363662
-0.8763702108533404
-0.7661562949806631
-0.828435556085818
-0.8485293661904856
-0.7262784673962437
-0.6174557311366387
-0.6607137534716114
-0.7661567742760093
-0.7807250326226649
-0.8898022116596901
-0.8488013558277296
-0.8179017777707155
-0.8296491981389515
-0.7952501700498374
-0.852927401782064
-0.8694577070281638
-0.8426074125437133
-0.8466213739054992
-0.8525676674322089
-0.7648370281516351
-0.7531799502816596
-0.7801952875058843
-0.7493754932539747
-0.850708228971504
-0.7585568673065172
-0.8975953572475062
-0.8480453144532966
-0.8588867942906937
-0.8562090565489124
-0.8295079250529248
-0.7506100612190182
-0.7277703551073725
-0.8137618333444625
-0.8045732324938052
-0.6429421439579115
-0.5737794539994181
-0.7667120706161753
-0.7204246562296942
-0.7252573917320537
-0.6300006648596964
-0.6686275772586979
-0.839683623069009
-0.7507870266357908
-0.8826664181561561
-0.8366720046243192
-0.8175236714729539
-0.7981227481365878
-0.835672628452751
-0.7720739076527836
-0.8249546070242723
-0.7506813981311323
-0.8277207609331544
-0.8131864253316754
-0.8520401675843141
-0.7200951166491572
-0.7986408798893341
-0.8559139447697024
-0.8929276810423158
-0.7715965426796583
-0.8172407321855657
-0.8281893749148697
-0.7476515632933004
-0.7830196436410446
-0.8282430832675101
-0.8103022496980228
-0.7434820288848347
-0.6416189015715257
-0.7182233294038511
-0.8077089944746509
-0.8368648388543957
-0.8594762484205687
-0.8126921258703116
-0.7686962396883512
-0.845677152714222
-0.7284290943320288
-0.7791273819000684
-0.79649378226884
-0.8138237826958663
-0.7518251555795928
-0.7600943737292741
-0.9160832050926666
-0.9387745733006502
-0.8797660141057766
-0.871456364400897
-0.9630383872561405
-0.9407784045643214
-0.7282684212657886
-0.890247142100671
-0.7822158510258009
-0.6797133803899192
-0.7863513825849613
-0.8195160876208691
-0.7002446172506107
-0.7178409839064108
-0.8400462240397314
-0.849488126338888
-0.8021364235866006
-0.7625648341217808
-0.7663335222402551
-0.8112297660454373
-0.7905244968681999
-0.8519932979169328
-0.723537876887874
-0.7426342408386836
-0.6733687884620021
-0.7033764369623682
-0.8013771934081056
-0.8134582245711447
-0.8345270409828216
-0.826815176062622
-0.7397959037544599
-0.6757479437169353
-0.7075497091198055
-0.7459177565872852
-0.7178563305618946
-0.7713496318818068
-0.7289221221952019
-0.8511609737457224
-0.7516848677213859
-0.7008323789692344
-0.8355279405394792
-0.8677335760594787
-0.899360480851263
-0.8839914851793927
-0.8468527151431926
-0.8747214285403995
-0.7874374279205806
-0.8225372283615884
-0.7858477007819233
-0.8201097879225985
-0.8048502649123224
-0.8162527227960596
-0.8914859701120821
-0.7627657685335499
-0.815949099136108
-0.7348311570011852
-0.6504823823415217
-0.619236304773631
-0.7241531767700862
-0.7302598098060841
-0.7171765969091789
-0.7953351590516844
-0.8163440350072194
-0.8011019166344534
-0.6859739781148657
-0.5710375934713924
-0.8308337051519461
-0.7697809670350224
-0.7008181450025676
-0.8614399923474152
-0.8960962829717167
-0.9272856667712612
-0.7959694830543441
-0.7607576105491292
-0.7217445300682896
-0.8749017858529449
-0.863951434232244
-0.7965094568254505
-0.7062224713766595
-0.7363974511446837
-0.828927316058274
-0.8522660105562434
-0.7489480743952196
-0.7782758300525771
-0.7868016916765876
-0.7751770973871386
-0.7241105973639113
-0.7131266196342889
-0.7262291436560644
-0.7570202328194819
-0.7609156113991741
-0.6910199793287676
-0.7773906403300547
-0.8101705141824064
-0.7890945855528673
-0.8978130463715391
-0.8453357892471591
-0.8592312737671229
-0.8715895616580975
-0.6713933884269112
-0.6866654145890592
-0.7281812132059098
-0.7644852296400152
-0.8250150374111844
-0.8396942488584221
-0.7600505243233145
-0.7743030981620302
-0.7429049632981539
-0.9264192534327232
-0.8136398064463761
-0.6325284047450869
-0.8576401231236949
-0.821228657640852
-0.9445419240577375
-0.7905203336124763
-0.8290231402542361
-0.6867911940554655
-0.5907827182288139
-0.6886238837651305
-0.8071865329972417
-0.8776123836917912
-0.8557548214583557
-0.7442333739945417
-0.7645179446670411
-0.7133911676416287
-0.734823347887222
-0.834869724943031
-0.6658065166874694
-0.7235569483269046
-0.8144261062309996
-0.7954804118363791
-0.7909481568376306
-0.76283829951762
-0.7314222262359807
-0.6839950244006395
-0.7304062993592033
-0.6969852758782606
-0.9183078229249121
-0.8789283935997019
-0.8439505797091332
-0.8870824536543064
-0.9616406834389031
-0.8543729787766153
-0.8205630428466639
-0.6673389461711597
-0.8110536676960212
-0.8893209029850881
-0.8200484593213946
-0.7514420829258075
-0.7806217362880863
-0.7408424658130367
-0.7834600178699428
-0.7674975401796754
-0.6937206746159464
-0.7792388225219964
-0.7789159248531582
-0.836137416588041
-0.79209471666959
-0.7811008724862424
-0.7085324733594753
-0.8026905739337965
-0.7283966870749328
-0.7028501680993504
-0.7804713994033428
-0.826268477851996
-0.8362983980526089
-0.8644089526891169
-0.9050769143453754
-0.782115215191164
-0.8141074884447144
-0.7875458337673189
-0.8418771656978239
-0.8733851051990228
-0.8108987378199083
-0.7954092132945126
-0.8587222919448725
-0.9049694104062703
-0.9003922947413652
-0.888436309410638
-0.8809297172690015
-0.8282415794899798
-0.7066405613694601
-0.6988547261213175
-0.7352452358635023
-0.7271659285295446
-0.7333238168103277
-0.9001572017572769
-0.8151936065075877
-0.7810264340021231
-0.8568088046078849
-0.8466564243904798
-0.844032391968777
-0.8098023605885916
-0.8242041951299982
-0.6944628357019842
-0.8658857703443428
-0.8278472633851588
-0.8731370072314146
-0.7054434126379163
-0.7255582546120272
-0.7157012078372537
-0.6907839788124119
-0.7717850811578859
-0.7541381571239768
-0.8407208339032826
-0.8184939799643167
-0.7719581410863747
-0.823470312339117
-0.8838899598364593
-0.8666700298108505
-0.7738537468877152
-0.8802790543312871
-0.9158578695034292
-0.8282195901424988
-0.7440574087121644
-0.8187211281030589
-0.8351004148669015
-0.8073367579705868
-0.860778242154098
-0.9107219473512496
-0.8247020574757525
-0.836851830102044
-0.8181168496287133
-0.7523338212986915
-0.8197753896276735
-0.8073746857784926
-0.8706928312691631
-0.9159023381777052
-0.9115545079178647
-0.8195906326257127
-0.7731379788582062
-0.7840324514865672
-0.8718661640672277
-0.8919348463862741
-0.7542177065242154
-0.8278113737228964
-0.7075818442103822
-0.7708479254849178
-0.8715336389546968
-0.7186605379791515
-0.6409518568984942
-0.7386007723927266
-0.8604401958698837
-0.8620073268128302
-0.9323527203498868
-0.812207705405477
-0.7547549347004017
-0.7510518015286428
-0.8094818024156398
-0.8277794033186825
-0.8126334819464094
-0.7397645951520008
-0.6997046632014353
-0.6970886687925627
-0.7655212132317094
-0.787068104155602
-0.6635633978407675
-0.6565600805186829
-0.8048749326943041
-0.8078351629045989
-0.6580966356034945
-0.6195769405986987
-0.8006616598589049
-0.7339598730920527
-0.7910696968158525
-0.7796332099644231
-0.8382391941750503
-0.8677391159634827
-0.7919328107159308
-0.8520877196914989
-0.7458951055938269
-0.8348096636464636
-0.7627452122383611
-0.7514780493137675
-0.700771283925004
-0.6966014785758549
-0.7160608680766333
-0.8313255412888921
-0.8898783513281258
-0.8086559225187131
-0.7989821799478803
-0.8383088530049244
-0.7475535464686702
-0.7165789637735288
-0.7265357627794469
-0.5957879236716033
-0.5956805151287505
-0.5518162567496754
-0.6773001388432598
-0.8689291863021199
-0.9015931268653572
-0.8354324220952045
-0.8022342027832468
-0.71709071241945
-0.7278065133481754
-0.7041044179213038
-0.7822935998644854
-0.7938555265723296
-0.7186442206653172
-0.8614454084209119
-0.8334987319402032
-0.7819548145870873
-0.7890766689783136
-0.91660179895486
-0.8132787541701606
-0.8527327398488004
-0.7461505942086972
-0.6411473548807559
-0.6144392581681688
-0.7493638991560063
-0.760349005878688
-0.7734462670639835
-0.6882919128387934
-0.7383698469069692
-0.8296652901774172
-0.8288939948159098
-0.8362474919908615
-0.7807249316148824
-0.7456769243078073
-0.8532832390671063
-0.8270138022608363
-0.8136373743891958
-0.7617046453071757
-0.8307023200597714
-0.8133864095504925
-0.7369943726026181
-0.8621690172483244
-0.8461737383815143
-0.830840658014519
-0.9083344244025403
-0.8800641442183688
-0.8741914962382957
-0.8209456472499537
-0.8569354440262734
-0.8519601075275635
-0.8508872887300466
-0.7754645343126061
-0.7216876056656314
-0.7352181860860505
-0.7607255468882368
-0.8746807008529391
-0.771092330630618
-0.7744512042201629
-0.6936862838485981
-0.7471633412082627
-0.8058340939479298
-0.750440556237712
-0.7577041811314331
-0.7657778979243324
-0.8395203870560042
-0.7885088600215205
-0.8257061524258978
-0.758422883315174
-0.7978547919634941
-0.7088605668619509
-0.7559142518857359
-0.8507591086655427
-0.7726047506270391
-0.7020326684878919
-0.6066190709200401
-0.7045535284434267
-0.6438109900476738
-0.6731117724407033
-0.755017737439739
-0.7819482986498517
-0.7810819054304671
-0.6885248482395149
-0.894020326290001
-0.9077108262341631
-0.8565186296460386
-0.9119095021913528
-0.8815297909674398
-0.8895651242038145
-0.8412072412010299
-0.8707447782522456
-0.8627633375071408
-0.9394531745590178
-0.7946433307196715
-0.732272528995265
-0.7412456537999382
-0.5416047666456172
-0.6522759608157659
-0.6855239445859043
-0.5988089114551015
-0.7512383648382385
-0.8679667613997843
-0.851730900017961
-0.7711498544394841
-0.7997864732902137
-0.8153292406590806
-0.7687159594782704
-0.8573532889069501
-0.8800561225320701
-0.8699571265034372
-0.6885292040046957
-0.666598255943677
-0.7749029747413975
-0.8556582587551259
-0.855994352495483
-0.8100863350412275
-0.8050483411662194
-0.7566156627371243
-0.6854253963053311
-0.722115045494324
-0.6180320434490265
-0.6350605195931278
-0.568665074998379
-0.5360974130602771
-0.5408325118276819
-0.5754319237862093
-0.691217433488983
-0.8354360154020153
-0.8038921598080766
-0.7506296442407517
-0.7800337868799674
-0.6920279226961817
-0.7967769836099375
-0.7321314277664659
-0.8064190874567656
-0.7354525403631488
-0.7037476063875735
-0.7234898771621908
-0.8399271659776024
-0.803782169496892
-0.8019607117746923
-0.8467680982203333
-0.8244988624873747
-0.7454978717225793
-0.75654235523246
-0.7823275924001113
-0.8443191303244202
-0.84271768266243
-0.8041951736641847
-0.7893467542777818
-0.8204443076411277
-0.7882310849971309
-0.7605059509811254
-0.734819273372198
-0.8527333595617438
-0.8840613151055414
-0.7281695208638298
-0.8120102483336954
-0.7647921510586486
-0.7356406741453176
-0.7171890178900102
-0.7608778299775811
-0.7827557557476076
-0.8142738603324708
-0.8259590364319264
-0.8132767700269852
-0.8271077627909614
-0.891691554295419
-0.7416497941148508
-0.6550409159714299
-0.8887362532726146
-0.8274718184763925
-0.8378045700745517
-0.8292928277247286
-0.8459292064829369
-0.901120916307015
-0.8158672611012238
-0.7568038533619751
-0.7312507635717207
-0.7863534737845155
-0.8214055958021078
-0.8572256822034522
-0.8934299888806212
-0.8080023154792628
-0.8551325899604366
-0.7998217580325514
-0.8795740214558353
-0.7336147648513275
-0.7770669264583686
-0.8250713277988623
-0.8049199791200752
-0.6383534727854648
-0.611600525599487
-0.6837036259144356
-0.7636622818550846
-0.6518018161272674
-0.786795830540574
-0.8198977532221186
-0.727780986389363
-0.894027768881206
-0.8172837721243733
-0.799605037992098
-0.907883233548649
-0.8031301329407142
-0.7834732176242918
-0.8132005957038677
-0.8453247458741318
-0.7957521829265382
-0.8628599121999367
-0.7713882458325603
-0.8026766792828728
-0.7567559449522612
-0.8436895301477852
-0.8277405432121598
-0.9014632288410981
-0.8068374097489391
-0.7019132489201305
-0.7320442920935989
-0.688798097255937
-0.7815173720371476
-0.7738186565108832
-0.8324964474905209
-0.7904119237180267
-0.9129746118596257
-0.8056266179092342
-0.8540395508908158
-0.8349106088632101
-0.831130933611426
-0.8178981632014308
-0.7735882380264695
-0.8572915764417245
-0.9057270146893032
-0.9102671369181884
-0.812849515036895
-0.8300326954334121
-0.9096800506048207
-0.7705213204587185
-0.6970416030951385
-0.7785925371481027
-0.7664477210998516
-0.8219800368214754
-0.8373086575399904
-0.8544983822956197
-0.8790938674789357
-0.8601191144779534
-0.6541197083308424
-0.7303641365259169
-0.70624332444701
-0.7982441812516924
-0.8356163225913151
-0.7621181754517998
-0.8759766197805678
-0.7662815246978661
-0.7206315184414375
-0.6701118994635553
-0.7368167140372314
-0.7280840420767886
-0.6794077491889177
-0.738063791896358
-0.6280943690931757
-0.662058314525637
-0.6718012469327588
-0.7238039149427153
-0.6892075255944096
-0.7169805031619553
-0.5752014120539334
-0.5962676474825688
-0.684090252908347
-0.6254362169690709
-0.6974722116942695
-0.7823977261167367
-0.9187218647998537
-0.7581236383301152
-0.8214429687938177
-0.8871009397023529
-0.8286359250314836
-0.7877711562593939
-0.7879788556997022
-0.8420990975420192
-0.6591780086874852
-0.7081743235677082
-0.644319192370471
-0.667957598469459
-0.6288330473611088
-0.5288806659780587
-0.7038739060290605
-0.641051694295355
-0.7044880213372756
-0.6092972175405718
-0.7504824580116046
-0.7521349949520484
-0.7748914799748358
-0.7461999732646362
-0.7439608721645172
-0.8305098344675509
-0.7813367358032779
-0.7929645701076219
-0.7654462903120592
-0.7828638098951313
-0.742824288445651
-0.8556328013475184
-0.714878871881708
-0.7193050237064116
-0.7895344352940419
-0.6824165226131433
-0.8490220517517039
-0.7417065543906659
-0.7636006347598072
-0.7681052995045521
-0.8940472212370647
-0.8321190350269962
-0.7377361563355946
-0.8131128187492562
-0.7350214105327361
-0.787095450318466
-0.6747978885298247
-0.6423887963935762
-0.7103671796053626
-0.7275127674198268
-0.7634107929880909
-0.7397903481664787
-0.8091843376313423
-0.7611351944791103
-0.7045257028256837
-0.8446168195865712
-0.7697691212610049
-0.8177231322295486
-0.8733018663278574
-0.8267631194508596
-0.8090217947680624
-0.7318408292055045
-0.7156584798490472
-0.755899213848902
-0.7679511776977702
-0.6845397994201229
-0.8343682141424574
-0.7901461852715049
-0.7290985955884243
-0.6616290549483852
-0.6881507916319742
-0.7841722890241007
-0.8202705221930529
-0.7927944379019513
-0.822697374711059
-0.8046966614139109
-0.780781966683786
-0.903348984746462
-0.8253594546771891
-0.6882413042259743
-0.8210930564688372
-0.7996104304747422
-0.6802106203232364
-0.754345666219542
-0.868435611868184
-0.9264312831567848
-0.8686988009010421
-0.904280594841707
-0.9239763693106651
-0.855193128219714
-0.7820428287040401
-0.851702828355325
-0.8953329783043711
-0.8681968256371898
-0.6388795541280905
-0.592613493266929
-0.640007220043952
-0.6875344064248073
-0.82840627327885
-0.733350191236857
-0.7163248845590899
-0.7536727124775006
-0.7605022251465033
-0.8019280730038916
-0.8263445255730113
-0.8913749599106889
-0.787786648947678
-0.6673801189157237
-0.7433227136547615
-0.7327560498608743
-0.7490083716517768
-0.6776823246385028
-0.8104309442567215
-0.889717039602443
-0.8732192244084096
-0.9289991524083394
-0.807704061645999
-0.8359325768552847
-0.7623562964886652
-0.7815353045934619
-0.8583970868512923
-0.8289519554196917
-0.7763963665696585
-0.8705582746778746
-0.8918755799063705
-0.7700241396687082
-0.780123309149267
-0.8618011936892398
-0.8363632857033919
-0.8522961454213394
-0.8303020650119367
-0.6849291892383172
-0.7388290240666958
-0.7496882313234589
-0.7534334635450255
-0.7418303948921233
-0.5969881800837846
-0.6268707666642375
-0.7652639823423273
-0.7564235335475498
-0.8241046024682298
-0.8728709016953964
-0.742000383103647
-0.8240136882628377
-0.948306712379853
-0.9082082925974302
-0.8470437821883041
-0.8030133903188827
-0.7049667571023551
-0.7468967622287285
-0.8587388696095201
-0.8314028771911425
-0.784215669532918
-0.878064183066049
-0.9237948245601224
-0.8708795404475088
-0.8656312372038955
-0.8706371601090496
-0.8065554139675473
-0.7164572379981722
-0.764565721154661
-0.6822885637727045
-0.6799931546190181
-0.7729362211897655
-0.8169301226785399
-0.6872561788067529
-0.7469732712060658
-0.726695945890208
-0.7866812480006087
-0.8264663298612859
-0.8166178962448577
-0.8385359611963352
-0.8425511720446636
-0.8662522839989715
-0.7066639342527966
-0.8055555710026632
-0.8355661420123692
-0.9433598644186593
-0.8726849210033906
-0.8438875926576567
-0.8003675945473124
-0.8895674696078327
-0.8136691899108424
-0.7469725446431074
-0.7593477341960012
-0.5752717352465413
-0.6057693936208567
-0.7401349060229023
-0.7025988816074438
-0.7219505268605653
-0.7284525308800266
-0.8138067447334135
-0.8377671414736283
-0.8892383719198813
-0.8621657811687652
-0.8076367542811743
-0.8145889223222763
-0.8261819478620837
-0.8707386491210134
-0.8869095836427537
-0.7253509497360495
-0.7231455383928654
-0.7335185692610993
-0.7391074348624623
-0.7373608503713938
-0.7469194308380003
-0.8740189494143336
-0.8074298431572182
-0.837998541927293
-0.810578199747355
-0.7649348672772717
-0.813701891750247
-0.797998950455628
-0.7752151208357635
-0.6816305817678914
-0.722863294172399
-0.8627053229128777
-0.8644711689265396
-0.8408797765767433
-0.9025103459925141
-0.7796426359525334
-0.7359356464361351
-0.7276476452308818
-0.7796748918480195
-0.8103998545696707
-0.771253398062901
-0.7336025716371829
-0.6929145073528309
-0.6459316795389551
-0.7243619878078218
-0.7869230851698125
-0.8901022380221829
-0.8818119271846908
-0.7861166293742793
-0.8224209205362124
-0.7358188181033548
-0.6265626303793627
-0.6648776348450569
-0.6904193804373426
-0.745799330468238
-0.7141344325354964
-0.6708251620449929
-0.7702247474099887
-0.7456450974384528
-0.8263835490362965
-0.8277607707147218
-0.8503000905536133
-0.7525415890162781
-0.7278263019247162
-0.7484032568362233
-0.769849491830008
-0.8028189940954747
-0.8515205903094644
-0.8309726289711609
-0.8280201548213839
-0.8743482380065497
-0.7033933217345227
-0.7761670862131889
-0.9115407959696624
-0.8446661403691013
-0.9281648350006027
-0.8355499215371439
-0.8979073078876373
-0.7732505251081101
-0.8649645826670707
-0.771466814735536
-0.6881824895042425
-0.5402348125477512
-0.6472247598048141
-0.7498930451197663
-0.7476642074767937
-0.7763069565863445
-0.813812106719159
-0.9424082672401167
-0.8447960737784123
-0.803447482635017
-0.7342135971977666
-0.8264217707473693
-0.8620734743010594
-0.7982992400523192
-0.9681258884850902
-0.8565150643150734
-0.8218080938045512
-0.7550745129744492
-0.8775007268227826
-0.7370187397780361
-0.744092199831677
-0.8978604637326859
-0.7694145399180106
-0.9091410890470212
-0.7264090761123626
-0.7658514413528619
-0.8556706339791987
-0.8499467769202628
-0.8938980211507039
-0.8929193338859777
-0.8475075662650646
-0.768289130893594
-0.8425101179118565
-0.8428638196833234
-0.8424600679108262
-0.8082375519462234
-0.7621898741738201
-0.8111296149705711
-0.7864710394591483
-0.7509660754757546
-0.7975453152790623
-0.8315888497112884
-0.8659748091136971
-0.8469509515075598
-0.7392886533240262
-0.8665697655392952
-0.7757537483045719
-0.7902420337282168
-0.7087633351084165
-0.8086010880842412
-0.765334766810227
-0.6832835815814292
-0.6682137039826225
-0.7503332314327268
-0.8012601224692596
-0.7957431744153568
-0.86068644194516
-0.8375065357348783
-0.8719673227451016
-0.7539172617576818
-0.7334775688709251
-0.7486606007355932
-0.8088970321446795
-0.6189369274616668
-0.711911004806389
-0.6669222606815166
-0.7530392845900267
-0.8524223582355297
-0.8012847445142505
-0.7341665854115633
-0.6215346296164417
-0.6582860399403883
-0.6981159912320134
-0.7620633055985833
-0.7744795645162221
-0.7079107779627524
-0.5078772976072174
-0.6190497594765649
-0.7570926194373707
-0.6715176893706186
-0.7975818479911091
-0.8660483152849835
-0.9074397439717881
-0.6920229549840083
-0.8105290499353052
-0.7709180346946827
-0.8855289070119999
-0.6484074808541396
-0.7395142736265757
-0.751847426449854
-0.8133688519936956
-0.8475765281629469
-0.8367496723681439
-0.7706796743705432
-0.7276000495987103
-0.7816104170839312
-0.748640001815784
-0.8339414038291355
-0.8774158571081876
-0.8646372463687043
-0.8033079976730821
-0.7621013334152377
-0.7733224518316263
-0.9144355177843514
-0.8694687853606174
-0.8900346503812235
-0.8185772730995395
-0.8135543037349575
-0.7594612340194095
-0.6615645675952174
-0.7417799381574859
-0.7387730595137122
-0.7186553115206887
-0.6973871191677399
-0.6880660678125193
-0.8920494242831265
-0.8131030236125187
-0.8464855409424558
-0.7668726680109557
-0.7974410360433605
-0.7953547125419933
-0.762350988015626
-0.8500872316187128
-0.9059460340739447
-0.860962256576814
-0.7342995243596394
-0.7141666925674888
-0.769807607088754
-0.7957684259422135
-0.8213931519417161
-0.8233153211600845
-0.8836621431412075
-0.7814369350259206
-0.8219998508045793
-0.8500191840787622
-0.7680738795019505
-0.8889286504999057
-0.765485777002143
-0.8961804041498445
-0.897342799171763
-0.7949037300620837
-0.815263587761995
-0.8172152493608607
-0.8777264012019241
-0.8212812284623446
-0.8065400734406833
-0.7786662767307723
-0.7416376632689035
-0.717501413044966
-0.7711293090596505
-0.8276571516487424
-0.7703169902472897
-0.6141344428233024
-0.5319932067458846
-0.7505851746934786
-0.6855376079655175
-0.7492859342577058
-0.7621358374226289
-0.7676287571270081
-0.7474180214223884
-0.7346811481905928
-0.8766635114339856
-0.8187039982803151
-0.8195202831511297
-0.9414908101582595
-0.8817761731128761
-0.8646121376106152
-0.8874320613051
-0.8686252665732228
-0.6978897844092264
-0.6719539209624661
-0.8166288165308248
-0.7571459341513238
-0.8068103393515376
-0.8184714091744121
-0.7154897167901704
-0.6800850368793981
-0.7029111655921938
-0.6317917237317721
-0.6653482951963149
-0.7063332635732988
-0.619066241836529
-0.7387638236975227
-0.7639598562089785
-0.7908490973315782
-0.7057741880915658
-0.6823026901342296
-0.4986572541981343
-0.5334410908779339
-0.5304366105341128
-0.5036222938806814
-0.5463224499944641
-0.4949241848259681
-0.4945902863468604
-0.7081320625937892
-0.7968375449808299
-0.6409951293606545
-0.7247398951406426
-0.8387917485385947
-0.8344178066926896
-0.763452639292496
-0.8220865834018334
-0.7606853871371608
-0.8771882803170646
-0.7805671898025413
-0.8688046202773225
-0.8085233136623624
-0.6932849873814542
-0.6552062915582486
-0.7313663789115871
-0.8592063543851237
-0.7520750713648116
-0.8469090466294992
-0.8306704639784772
-0.845233947485649
-0.8221183456298218
-0.8570937800478993
-0.8544154067021228
-0.8392242204581373
-0.8492530935373036
-0.8467950136848514
-0.7061791150174992
-0.7825462612907249
-0.7984427858054495
-0.8392602781647076
-0.9108120294702243
-0.837868037675373
-0.8189472849620044
-0.7690727142258122
-0.7375362622865892
-0.5935860877952046
-0.608393628090218
-0.6648007870929774
-0.6642454584999494
-0.6741228590113209
-0.692254670570885
-0.7958509793089495
-0.7415261411026396
-0.7469210816269692
-0.8183261293988315
-0.716214373338857
-0.7641378246846772
-0.7825678224894611
-0.6658102597471951
-0.5936638605399799
-0.6486524260994556
-0.7254926293636923
-0.6791450375767806
-0.7129373104563754
-0.7238431516104605
-0.6630223684270949
-0.5472107702220268
-0.6288842094391836
-0.6286302696268049
-0.6891724960511878
-0.8744605695959458
-0.7699248963496768
-0.7552245325360742
-0.7843285394631839
-0.6479720189519769
-0.721465826646008
-0.6744307619708771
-0.7419316107301321
-0.7375479127616218
-0.8513005825290214
-0.8834134063801575
-0.8745746893504514
-0.8639840707112572
-0.8806444279809768
-0.8756628175509832
-0.7763802869284815
-0.8762584106446958
-0.8744914577925351
-0.8733065256137622
-0.8378801792005903
-0.7690464162929762
-0.8085671131681997
-0.665228133318059
-0.6770410506140295
-0.7674742348117964
-0.8278021788943356
-0.8275064891418399
-0.701267327220277
-0.6398633835489744
-0.6122480627184692
-0.6415338631256099
-0.6227022385931247
-0.6273906113963806
-0.5471272573348711
-0.6002292246208121
-0.5827085905364923
-0.484048359612813
-0.6289622025318834
-0.7581346409824038
-0.7828585522323706
-0.725620662621387
-0.726599783455923
-0.8209416217353723
-0.6431372688053221
-0.6663138323701413
-0.720680897149409
-0.7668415257712952
-0.7654260006696407
-0.7419213081374565
-0.7269402864209102
-0.6362316831177983
-0.6824698900005786
-0.6463440818420902
-0.7311861229454513
-0.8374999107978587
-0.7225419781274998
-0.8003645365645469
-0.7849453793040705
-0.7612939166109173
-0.855705919549687
-0.7978301406984292
-0.7469024914604798
-0.8638464908498439
-0.8877693949400142
-0.9237359973838932
-0.8751922634917675
-0.8969999700461617
-0.8241526157720417
-0.8641684636553653
-0.8670515097545369
-0.7905462323866956
-0.6688969484168029
-0.7441359320373411
-0.6321551467693082
-0.7661854976642573
-0.7519566851062023
-0.7711484528776453
-0.846751911857871
-0.7958959943463415
-0.8664335366010536
-0.8673517933831616
-0.8815387653190165
-0.7488576161983144
-0.8171664252929586
-0.8646841028572237
-0.6930933837075722
-0.8736847052763808
-0.6742087925958596
-0.7910111304424723
-0.7846365113771444
-0.7425866285970409
-0.7954390309020646
-0.8453598449850761
-0.8885321020076977
-0.8548455437713196
-0.8405175526000002
-0.7884751709697775
-0.7483940318127756
-0.7650483216407811
-0.6937910480062431
-0.7683160895979797
-0.8397366134533374
-0.7457898812549769
-0.8530808009189036
-0.8561355744834377
-0.8624893700289559
-0.7752922088399381
-0.8847278770502538
-0.8825482655691288
-0.8776161104290687
-0.9118582745528357
-0.9572153469009944
-0.7312560373869944
-0.7376980788123273
-0.8013788498086771
-0.7807300223203807
-0.809792818546733
-0.8643488146161816
-0.7766509675892759
-0.8303314901939587
-0.8526044136210421
-0.7780801955495703
-0.8893593883801743
-0.8766006349909804
-0.851342544922552
-0.8186516481273295
-0.7836418106671937
-0.8424146633197939
-0.875786591554548
-0.8442894400287869
-0.8234288980919178
-0.7861055442684931
-0.8310029231495232
-0.8800336971910858
-0.8902669675300516
-0.942224098380527
-0.8576286704250704
-0.9237921602899722
-0.8877446424207857
-0.8468027709529535
-0.8426342318935898
-0.800937138175933
-0.8670268613048342
-0.8850191960455409
-0.8876246990375531
-0.8033959548080434
-0.8522443912259602
-0.8353110146902722
-0.722859597230331
-0.6605724518727372
-0.783102393506838
-0.8531705553037051
-0.8469031507736304
-0.7429464255482158
-0.6979432042594544
-0.7269879264846321
-0.8324331279601445
-0.8212320214850931
-0.8231173624294382
-0.8722670875233308
-0.885351426364567
-0.7940311001440811
-0.7831241253697657
-0.8541158519842603
-0.8315674109582523
-0.6985251342372814
-0.7206339964276401
-0.7085279003792916
-0.7099934244456457
-0.6886187729948484
-0.7196554294295598
-0.6388557360086089
-0.6925038064816523
-0.7626977714244692
-0.76352949144512
-0.8023049768631076
-0.8003655918310754
-0.8204466960259336
-0.7669354376926292
-0.8408822191521205
-0.8612478763445442
-0.9020208088705759
-0.7320139907233641
-0.8752742615928839
-0.8253957814448422
-0.8577511877178899
-0.8779590880558344
-0.9017319759562317
-0.9453283380396791
-0.8149170934554919
-0.8778501668995489
-0.8121485027538324
-0.7588883909126214
-0.6879469243634193
-0.6974847102504287
-0.7116197505321831
-0.7334580334859707
-0.6771358751318006
-0.6229024431327803
-0.6529371958552851
-0.6859094649470371
-0.7182291395696316
-0.8611241759264
-0.8325345604890919
-0.8424665141515606
-0.8714552970905722
-0.9599943014502743
-0.9338911629170447
-0.8910993275054023
-0.8762725023605182
-0.9136974334175725
-0.9079875527118368
-0.9343111468020756
-0.830461291324352
-0.7676749074472267
-0.7985320688292922
-0.9092125246387416
-0.8422227229802317
-0.8636630515022854
-0.9078090617714212
-0.7801801658727441
-0.7651731978804355
-0.7206667901938959
-0.7638240063684314
-0.8325933233406367
-0.8438175131693213
-0.863727449261565
-0.9037115233776342
-0.8770734297682868
-0.7963453366081861
-0.695514625539892
-0.7572098047925188
-0.8001547423048913
-0.9256098455231381
-0.7851269409279267
-0.87632203649395
-0.8732555139414362
-0.761447338760453
-0.7550177956335394
-0.7782395156730652
-0.7382357645139921
-0.6716380097493152
-0.5456457495805875
-0.5927370166011169
-0.674521350223603
-0.6666675407891955
-0.5856779406413933
-0.6935802646337513
-0.7596868385946044
-0.7564153190808685
-0.7366965900029084
-0.7027091044959571
-0.79104322965074
-0.7872387921514751
-0.8229542545656214
-0.8178739329094512
-0.799078853574825
-0.7330021507291958
-0.8328457298532469
-0.8149572323586558
-0.7904768143227444
-0.8209381603463286
-0.9237809344318964
-0.8548421582094041
-0.745447925326188
-0.6915217501453581
-0.8248299468898384
-0.8145736629842901
-0.8654161633935968
-0.7915069284072277
-0.8303936975312665
-0.7417521316613152
-0.8068759119171962
-0.6998418329557012
-0.7422952732751438
-0.7638621806907878
-0.87996790924781
-0.813601895437391
-0.772537015063035
-0.8454734161574673
-0.8409101996916283
-0.8212939017120999
-0.8208748072165354
-0.77092460811872
-0.7085139872106635
-0.5896681242190556
-0.7751051327367
-0.8205115741313147
-0.8519811879962168
-0.7886603241908329
-0.7662153311036346
-0.729459562564843
-0.7861495059814586
-0.7670092021540269
-0.8845744714556449
-0.9070168796640468
-0.7661841505136793
-0.7709409710532873
-0.812553772039325
-0.7323697421568118
-0.7257757816036499
-0.9072839542601258
-0.8261764860946681
-0.841519333328766
-0.8502721840709921
-0.7850170079245047
-0.8766776383609642
-0.8035805800884117
-0.802217219444
-0.7361427404338801
-0.7049938520999192
-0.7666811956247626
-0.7719728548168744
-0.8116940492608098
-0.8083378628388119
-0.83300545596997
-0.8235922895042895
-0.8114828312576865
-0.7437253586314906
-0.7428620059340151
-0.6635209750374375
-0.738268452496528
-0.8231761042238139
-0.8500944508436277
-0.7604118864614187
-0.7592218873779597
-0.6850994001984541
-0.7085166193845781
-0.6926844206793389
-0.6927676468326338
-0.7114368456910303
-0.8067220614211519
-0.7419958769040987
-0.7769550377798689
-0.6927119591975714
-0.7454009222431724
-0.6988244817213132
-0.7090599324680862
-0.7754610711713363
-0.8092080763306275
-0.7552404915409359
-0.8408458080050237
-0.8328923310062429
-0.7130125894828778
-0.822990178876735
-0.6687937156353333
-0.6747811202486439
-0.657449809504987
-0.6923457831502474
-0.801572518651712
-0.7247084442868073
-0.7436834820977001
-0.733065696394634
-0.7069742970008926
-0.7779154881037857
-0.7252157219648915
-0.7271448157808063
-0.8463895212412174
-0.8026195539456936
-0.9355879990107763
-0.8941980222521937
-0.8337534320590345
-0.8181568475041987
-0.7698770133297367
-0.7580288999297699
-0.8151706961615915
-0.6625647894021308
-0.5982420709675379
-0.5761582718691524
-0.6197360644995875
-0.7558273437996132
-0.8652238084668111
-0.7712858376282548
-0.8663797937865544
-0.8124135146356722
-0.7816546822999065
-0.8300081990767226
-0.7632220791039598
-0.7749823683925263
-0.8289297412435002
-0.827720086132202
-0.8926124911451305
-0.7414778700902033
-0.6169629101266102
-0.8029342050091983
-0.863881552155952
-0.7839790407111595
-0.7044192104856224
-0.7339665755526428
-0.8367425302471445
-0.843333306523146
-0.8740866255576526
-0.7019153351229082
-0.7413195760920573
-0.6958547201123377
-0.7089553482927875
-0.7092579918568993
-0.6674230315545626
-0.7485261250149605
-0.8303153460649807
-0.7351056652233922
-0.751131315108878
-0.815455463859063
-0.784227893134989
-0.7394878886576539
-0.7177707347873128
-0.7102203622258065
-0.645303617398705
-0.7086027628954554
-0.6165660650840303
-0.7452793333655093
-0.6993853174486941
-0.7074456446324636
-0.7755880980926676
-0.7357943185466569
-0.8672657850305762
-0.9092023326862424
-0.7876915734425164
-0.9439742622711811
-0.8446087540275145
-0.6642151139097298
-0.8315395781550481
-0.9612438901024145
-0.8083780672309402
-0.7482331282338112
-0.8220320171607073
-0.8176542797439694
-0.7983450942871589
-0.8279051446631369
-0.7129055624807674
-0.7770174546072718
-0.7926417738764793
-0.6777611696829527
-0.8400021227438652
-0.7555008291989816
-0.7133447818177294
-0.6941017521333295
-0.8732901631262726
-0.8714189345724211
-0.8027704284139002
-0.6820313448508682
-0.7152929649742423
-0.6968993589234938
-0.6888468484924857
-0.6840572496800632
-0.6431184578934397
-0.7686852812537001
-0.7597476948491781
-0.8275911762752481
-0.8245550493511081
-0.7342161488859489
-0.8167631312317962
-0.8360268583373429
-0.8799587224294769
-0.8739097484003485
-0.9737911494888928
-0.8639806238903347
-0.8429024214368568
-0.810506298295914
-0.6769294974582309
-0.793835349214889
-0.7266819872487873
-0.5944804886519676
-0.666180920529159
-0.760916326315647
-0.7434039993689762
-0.8233415751945502
-0.7418138736174683
-0.8382019385808478
-0.8127805345147928
-0.7253644848282357
-0.7257818293651992
-0.7319887110229654
-0.7946004706173428
-0.7554111987077345
-0.7415923388974824
-0.8537814420361088
-0.7370540303901043
-0.7739127700739876
-0.7974334124018443
-0.7984435714413742
-0.6958185086788201
-0.6673785127435624
-0.6876414129103566
-0.6880826452070627
-0.6692345471784156
-0.7540676112176927
-0.7073062060712
-0.6993008167071423
-0.6609783773543811
-0.6910331215823085
-0.7355859329698966
-0.8382024792131775
-0.7585675535227012
-0.869881544771722
-0.8615024871114063
-0.7456251654359326
-0.8708673541947277
-0.8084251988413449
-0.9318056553846144
-0.8527893934475441
-0.8984209088122638
-0.852971692665998
-0.7941519622625681
-0.8627981855572108
-0.8126012410035861
-0.6917294136795087
-0.7396285842826766
-0.7641851606243107
-0.7558035091944596
-0.8462858418130964
-0.7582018725448849
-0.6909691248371256
-0.7658557135700537
-0.719562962280661
-0.7181899176654176
-0.7891036882409306
-0.7935446332238197
-0.7252540798441365
-0.7482257246314251
-0.7976543803751335
-0.7387985297436706
-0.7660921861497877
-0.6982862100142813
-0.7209743631792949
-0.7148640301784464
-0.7034784343150028
-0.8083402651802871
-0.852109608600807
-0.7962463744120974
-0.739491298776195
-0.8547817748156087
-0.8847855947883059
-0.9278984608623487
-0.7430692268042332
-0.7802040548217527
-0.8108568428496336
-0.8238526167600756
-0.5870389102029603
-0.6776439434806084
-0.7511140749116663
-0.6980948545743979
-0.8391393801527041
-0.804690433081272
-0.7511065089387046
-0.6863831255318988
-0.6236694598597396
-0.77503429596962
-0.7912136952185396
-0.8637229640210019
-0.8531409442286207
-0.8400228133908885
-0.9663752651354923
-0.9130600526480744
-0.8231799250432819
-0.7860120297328291
-0.8624057926155113
-0.9231756583138567
-0.855865341521867
-0.859777247776431
-0.7670979488996046
-0.820736326730981
-0.846458862561657
-0.8925346221486948
-0.7857346404724806
-0.782415508526911
-0.7451389152152395
-0.7246447430872566
-0.7793584606677832
-0.6677284815409938
-0.7107591145696788
-0.8754484599313425
-0.86928163884742
-0.8084199514548265
-0.6628454781649662
-0.7691809972199569
-0.8885730124775234
-0.846991254201781
-0.8373325216825962
-0.8847149598436167
-0.7608451507828743
-0.7734480619278029
-0.807480469453646
-0.7767278814332195
-0.7874820770253573
-0.8196654417651438
-0.8373535438364766
-0.8601501658529046
-0.7998772921495292
-0.883587903710431
-0.7792483325871764
-0.7667724972140634
-0.9085239521420568
-0.701049857336965
-0.6432931978993575
-0.6215587946851208
-0.6693293134226121
-0.8535577742245516
-0.7654301037217884
-0.710708599140017
-0.6810388939687726
-0.7346698032875104
-0.8542808516020881
-0.8904766028697432
-0.9061261045451185
-0.8144704287838065
-0.7271228933435909
-0.8408136774130088
-0.7898808854873377
-0.796686453960338
-0.7746119312764745
-0.8472008411464713
-0.8604409924903788
-0.7624609499442592
-0.7224198399836256
-0.6425351581439167
-0.49978801582402843
-0.619359219224852
-0.5563179963491914
-0.7215837508325296
-0.7441197798891993
-0.7505485239694298
-0.7389378378190451
-0.7634466708304932
-0.8640448135162211
