-1.8332259399939546
-1.8407271871372535
-1.877248976912585
-1.7181831482372092
-1.8320043875265757
-1.7696987481452107
-1.828350278441108
-1.8989191923750934
-1.815148898195233
-1.8717175041428817
-1.876253509975592
-1.829377729306688
-1.8999638829029286
-1.8448500668129848
-1.893070721121609
-1.8105500209155978
-1.8916039937831315
-1.7295579421619403
-1.7424515280721053
-1.8797125865740827
-1.7702653423330141
-1.8320772204691254
-1.8981934342570947
-1.6568774067331555
-1.7800661300914424
-1.7692515426239661
-1.8764900303105718
-1.8597924938907917
-1.864497358320077
-1.7663966505665718
-1.6822756997813602
-1.6832249165830488
-1.8108138576188788
-1.71905934728617
-1.7127856642989645
-1.8354666587713007
-1.7955966573390723
-1.9250387101637438
-1.6989492626132754
-1.6298122405212918
-1.8389824893247222
-1.7945903420362717
-1.8377440900856086
-1.9067907539445232
-1.7210779982810698
-1.8264977169173253
-1.7529627959936556
-1.7968485647017662
-1.8154939824306848
-1.7629273434804895
-1.782007994007874
-1.8025328828729035
-1.7850597150684044
-1.8913154631985905
-1.863272287292078
-1.6930638645373628
-1.8958630637734089
-1.7805299957364982
-1.7876459225626335
-1.9252640736787456
-1.8129568373971334
-1.9022662063318834
-1.6590516445973462
-1.8298740055292468
-1.836655247610342
-1.9390591115861389
-1.7485086470484648
-1.8369899469586959
-1.8346109261393857
-1.8697031594785205
-1.7542716324992418
-1.7673229881814563
-1.8155751524685682
-1.839499325529729
-1.804663798600985
-1.7710734087843885
-1.8852794353237798
-1.8139460316612672
-1.9135128782295066
-1.8561421571572017
-1.870318870015495
-1.8805340074359114
-1.872102392695053
-1.9483792888597171
-1.9257238772090082
-1.826045349643578
-1.8076384149422946
-1.8316150149810724
-1.9160621780003
-1.7013850408051474
-1.8328928472374866
-1.7750661425646574
-1.845442115064726
-1.9166091366184381
-1.9140308430967345
-1.7856137359388027
-1.8316049490330273
-1.7799880944490503
-1.9035959130077877
-1.8134183697642952
-1.6215831501085731
-1.7000867763614123
-1.853110924513992
-1.8686127332393532
-1.8874020724612226
-1.8453667405313419
-1.844496993137611
-1.8215273745640208
-1.7454886820290518
-1.8580400381884568
-1.8792821374477007
-1.8283562577405712
-1.9503800590958171
-1.8521805406238405
-1.7359149772015048
-1.7780610416216414
-1.593840032448342
-1.7487320447395303
-1.8844220862086203
-1.915722393713575
-1.7248407033449047
-1.912960131908284
-1.9376156960654005
-1.8291828986561207
-1.9218184946227093
-1.9189943472931854
-1.8493228905177193
-1.8233048828374836
-1.8482850742173935
-1.7834271673226134
-1.9460541366207664
-1.841990796308818
-1.866066299553725
-1.8382668385564245
-1.662708495860012
-1.6416625492358818
-1.7776135844556995
-1.7781628733522872
-1.654989211527251
-1.7227264960678332
-1.7772839966775706
-1.8525358967236367
-1.8110087454093151
-1.7430923077425273
-1.8113114371680687
-1.7010560913751283
-1.6981593695310115
-1.6744482358310857
-1.6083037697944376
-1.8771975440390845
-1.9110704550675972
-1.9511207602906633
-1.8338291342685193
-1.8378474938385525
-1.8663695848315898
-1.9355518119722714
-1.6964933182115107
-1.7961152232445665
-1.8346764294074789
-1.893605507987084
-1.8038060667020428
-1.7259889515173563
-1.7296393912852963
-1.815850240188939
-1.6844579640013224
-1.7241128131168235
-1.9818421958228092
-1.8328128128342023
-1.7616473568073874
-1.686358198818157
-1.7404810014133671
-1.8954547428825763
-1.7505067945611412
-1.8179973754028178
-1.801353557967875
-1.8821137532828471
-1.796741767893202
-1.8090314916255887
-1.8597907384643946
-1.8631877858555552
-1.5680435205688488
-1.7290820758737349
-1.824688165897652
-1.8021279780303407
-1.813145201512301
-1.8432870340045904
-1.938998703112513
-1.818251205403767
-1.7920166476814468
-1.8151133867926008
-1.8768986989333805
-1.825502718394499
-1.8697903783862353
-1.7530257567068523
-1.939908907792013
-1.8493534180116062
-1.9328108468027856
-1.8018933490892555
-1.8284145133923702
-1.8177749527868992
-1.855343586024607
-1.8040157902915797
-1.9321207371457156
-1.8511687317177932
-1.7895721465390615
-1.7246382275717138
-1.7827614391379476
-1.6534763624159776
-1.7732297222041329
-1.7729453762283993
-1.6692709881286723
-1.7571752779225058
-1.8652275991920835
-1.7735598019475856
-1.7175624264527984
-1.8811233569606665
-1.9558913233232702
-1.646376382627696
-1.7814208206307705
-1.947645332800444
-1.857875746079908
-1.719266904886119
-1.8096197926202298
-1.8833622607296838
-1.816227654012363
-1.674427288042104
-1.6964358592845918
-1.832807179370071
-1.5057302859501986
-1.8085997518233117
-1.8716017102888272
-1.7534269926657609
-1.6860869919635735
-1.8410928851781028
-1.7724342781709628
-1.6308957892889706
-1.763683754947018
-1.6879672984299323
-1.8152487856925938
-1.8894301459967893
-1.8543078835235831
-1.7830446266122155
-1.8727571614534302
-1.8126198730386887
-1.8852429799007528
-1.7841565971701057
-1.8403831475412722
-1.8750334508830726
-1.794276798775261
-1.8988824399630002
-1.7525438793028096
-1.8215802720329515
-1.8532176541111214
-1.8380942560227538
-1.761957518691024
-1.771183378447631
-1.7856373463079556
-1.8539214743409824
-1.9340816202743327
-1.7921322959937607
-1.8366414550286039
-1.8557823671308138
-1.8640589952393105
-1.6837111993504152
-1.692946087417924
-1.745882037934246
-1.6991932846348572
-1.7807265928643383
-1.8584393748501262
-1.9440214884189222
-1.9493814218668497
-1.9195976245131827
-1.7969857463492318
-1.829999364435656
-1.8707582328883157
-1.925309651991887
-1.75107058543335
-1.7369906778323252
-1.8826547187105171
-1.8844295358050214
-1.911397835264007
-1.8429606698705587
-1.9118694964341594
-1.6047621618229515
-1.8445520583943897
-1.8859378925416372
-1.8298870384550225
-1.971402028764189
-1.9444729144710537
-1.8932138439382609
-1.868282485505081
-1.6892080970462406
-1.7111745498999027
-1.7371710637607691
-1.8137964093647625
-1.8309964279853255
-1.76092422673786
-1.7877486860028229
-1.9466245786039678
-1.8490313689604914
-1.7755817642003593
-1.9100147485649925
-1.8434448109879011
-1.899144144459055
-1.686529889572358
-1.9207231275127905
-1.8373720662944384
-1.8501493759204344
-1.8451804419048
-1.835840929146155
-1.7984995881318637
-1.846220865854189
-1.7474374082923687
-1.805988886886832
-1.8992766161494448
-1.9659226816085233
-1.7855509632118853
-1.7095977558708686
-1.9515437914964138
-1.772155680035779
-1.8776333040092008
-1.8528463150964087
-1.8775293126782309
-1.7062531782905697
-1.7854499785764122
-1.775104624370975
-1.8125630427030337
-1.8655942286398268
-1.6640061073534993
-1.7732258006141344
-1.8195894125416692
-1.8624055337193153
-1.6939210936432365
-1.750864741211885
-1.82007116345345
-1.7823331853549638
-1.8370453019798092
-1.7873835723918208
-1.6402989321894297
-1.7676221264080092
-1.878739905447845
-1.8450381535108247
-1.7126803355059825
-1.9782925165224556
-1.7948964991792342
-1.943630725055085
-1.8916588285839953
-1.794062852317481
-1.8317902056518403
-1.7647175615644315
-1.7421388948024767
-1.814963799460301
-1.8361905108218946
-1.8032602212300917
-1.7402432701264434
-1.8152383375835286
-1.7616391437486716
-1.7630833009786488
-1.8401498754936267
-1.8122928965460319
-1.834579686788101
-1.931615343756426
-1.8469858525931069
-1.7171107662313854
-1.9021151227721196
-1.7526191169882646
-1.8115601384411317
-1.7603883112885028
-1.7502123194564474
-1.86725054256447
-1.671162761966385
-1.8565196136566742
-1.7248548562676522
-1.8309434826752464
-1.6372760112967932
-1.6706734198938615
-1.88378529790675
-1.9266775077030776
-1.7670296486090717
-1.737930001200301
-1.882581802936822
-1.900407403463978
-1.8780475243693924
-1.8375941990601685
-1.8020169852126486
-1.6631315226557404
-1.8415808429573872
-1.9127522392869436
-1.8173343337772272
-1.8207634552264154
-1.854618131083401
-1.8826913273524828
-1.8852580144171913
-1.8176031255299587
-1.7679026920042311
-1.8744838399831596
-1.7637564484836106
-1.7364479593162379
-1.8744060232780702
-1.8924151007110588
-1.7833391801220344
-1.8139662275702573
-1.8544812642860609
-1.9067286056434773
-1.9550687279289944
-1.7545595212346687
-1.7756669856916754
-1.8074491742233194
-1.8128047999003927
-1.9132486737670598
-1.8399464966340984
-1.8902953381323546
-1.8230406640027372
-1.8689033099721652
-1.8595415150742014
-1.8216860872753862
-1.7904260577282824
-1.7413413649031628
-1.753254677524874
-1.934159226617395
-1.8357744989849272
-1.8625581272663707
-1.7050385776303745
-1.7949353465788487
-1.923968742437607
-1.6941682168186427
-1.8322330796792134
-1.910727402083297
-1.8136359381509328
-1.9314058309063944
-1.8132628226243395
-1.8589708275216243
-1.7806244521977865
-1.7592399706779056
-1.8829071198763416
-1.8508231564252426
-1.7130772573359057
-1.9080508980690547
-1.8778226997415806
-1.8537063447303275
-1.9137631571592513
-1.655396038401931
-1.7979383208158461
-1.61457853456767
-1.6175386066140636
-1.647515804320022
-1.8690834975357853
-1.9659598910943143
-1.8049193320176344
-1.6398923923812316
-1.901240040418381
-1.7124414585022534
-1.816457809961407
-1.9194210979948942
-1.8227709591210153
-1.8066664047638141
-1.8501680505020894
-1.9229533197822781
-1.8247691980355256
-1.764112709116144
-1.833845342053981
-1.8368366396743132
-1.865076367708889
-1.7645159540971957
-1.789152758182711
-1.8226502566393532
-1.7714690584887978
-1.7921635736134052
-1.8179103599240707
-1.8500812571824803
-1.8263518039428261
-1.7951807180675108
-1.7805034941131805
-1.8987447285896781
-1.8255924003474613
-1.8386301699597065
-1.866659067398452
-1.763850398829649
-1.8459593927423996
-1.7019574474940198
-1.84601941970019
-1.9097784032134626
-1.9118667896014683
-1.8330353237023604
-1.7082772884508992
-1.6492030947986096
-1.765834999843737
-1.7201140665903298
-1.8562318007033018
-1.8313152828894785
-1.9637058940998038
-1.7508888249493402
-1.814574417594939
-1.8488201902612535
-1.7958211486994564
-1.7676556174350242
-1.8750240957654856
-1.5857575598873166
-1.7239065358739305
-2.0022135557283414
-1.8639673371752412
-1.8477965230864832
-1.7799769078812522
-1.6217582287416303
-1.7084469082716964
-1.7643570805821562
-1.8665834524145168
-1.8656923029909394
-1.8364287443538312
-1.834510231496653
-1.6322699713486999
-1.640733136020795
-1.7993150272815113
-1.8298360776314149
-1.941557290859402
-1.9170670559323213
-1.7964873885249861
-1.8451374919501247
-1.7547925477408113
-1.7137488903567082
-1.844940715953608
-1.8266983047516223
-1.8745058078944907
-1.9186650454092276
-1.888187903881643
-1.8777851777672112
-1.761439147420123
-1.8695494953952931
-1.870151389479361
-1.8636647270765958
-1.8740506597029618
-1.7122642073406082
-1.728929167407593
-1.801718217469869
-1.683459857725834
-1.9364038437346713
-1.7750966377193127
-1.826304630830793
-1.8466322324252837
-1.8020847019274702
-1.675516914274505
-1.7318871953660577
-1.8990246113072917
-1.8551627292866018
-1.8970449196412642
-1.7746328578942883
-1.8410768858604094
-1.7802065833001066
-1.9710724379053026
-1.738360770565339
-1.7483132898983789
-1.8377479977560731
-1.87859145794294
-1.8224806875121558
-1.8840007204388072
-1.810410325908827
-1.8955066567312455
-1.8458467862641665
-1.7887415412228806
-1.8257135909780233
-1.6099171851765866
-1.8152576743651037
-1.7691835801180196
-1.6907738657138942
-1.7453664221088148
-1.9347304204227784
-1.8273840617394863
-1.7755456045939593
-1.8774228705132172
-1.923071456063259
-1.8321205210944473
-1.8383490960732114
-1.8124041340163448
-1.876958346256266
-1.9578437696112432
-1.9556555709348333
-1.862385136979366
-1.8590779738886725
-1.8579520930357893
-1.8645786815730794
-1.9021141709161993
-1.9189305916994464
-1.8604449237286793
-1.7818685787861153
-1.8119623659405426
-1.7653915386804355
-1.870760354730507
-1.8428022960843868
-1.7483828121298726
-1.7927729085337087
-1.8552599894275972
-1.831408306885987
-1.8940544295745743
-1.8235773962224393
-1.6844699734959732
-1.890779735512119
-1.8625384166663892
-1.7973461374568174
-1.7272266127324412
-1.862090294527157
-1.885362265942826
-1.768830787212956
-1.7500298558439626
-1.7490182078944547
-1.7151067291314817
-1.745801049323278
-1.7581144536721725
-1.6939240814215597
-1.8430337410892326
-1.855597562049097
-1.7267710995820051
-1.7756660358276881
-1.8517834831467483
-1.7748138282905646
-1.6838106521653786
-1.8012686945699952
-1.8373276645649295
-1.8308619569172038
-1.812284480187005
-1.8314225338956014
-1.8506324014446673
-1.6994522114864201
-1.9477856563201734
-1.8324509464532024
-1.8768359514601882
-1.7827783381321358
-1.5472710728981134
-1.8720445263691738
-1.8606054765723425
-1.8228977787109744
-1.8656176306590389
-1.754863214148841
-1.8193836471055853
-1.8949755063628153
-1.8307911756765052
-1.8354199027398295
-1.7461641710533498
-1.732008611314762
-1.9778011226813819
-1.7893237322486164
-1.7551088043781888
-1.7766476035250722
-1.806218868078735
-1.864912315862627
-1.63470273085292
-1.7338028414757891
-1.8801755476910955
-1.859660662003979
-1.8453366235106652
-1.7934484495001102
-1.7022138649687415
-1.7142929305268133
-1.829445103092842
-1.8409832475645027
-1.6303959965740777
-1.9221274904320482
-1.848994688849139
-1.8150907289182256
-1.8409367511986559
-1.7785257378147452
-1.7203916393548053
-1.8715816346184087
-1.8321721326698552
-1.706940528245244
-1.884280182080603
-1.7215876192792088
-1.6645577299163858
-1.9042904394010123
-1.7728855042035576
-1.8458748645686
-1.7088870513792564
-1.8732478404013848
-1.7668877332989887
-1.8308268804720655
-1.9042177805913703
-1.8676483799676
-1.7250070682743526
-1.785834601541242
-1.7421201571226756
-1.8234032564131368
-1.6235968725069072
-1.8079613183443064
-1.8810876916505614
-1.911805877667252
-1.7378066497691107
-1.9135503210560216
-1.8959350609242687
-1.839836416217394
-1.8480877158792504
-1.8231924353453923
-1.782037994852867
-1.9067932854131
-1.844051456797911
-1.810466249365632
-1.8294301651817981
-1.6763343242040514
-1.942336391003268
-1.7387858747442455
-1.880310481216787
-1.88226099568992
-1.764844093241692
-1.8968286272136874
-1.8565547771006181
-1.6851307963058273
-1.6696323912974977
-1.8427387767525574
-1.7113068960729245
-1.7754282476742191
-1.840896039000544
-1.8325860944756813
-1.8033213002041675
-1.8658507249040635
-1.8677780385492588
-1.7800542112706532
-1.6984439031557341
-1.5567231947943907
-1.7667481755034586
-1.7821877554897045
-1.7913751258371482
-1.6168675802679904
-1.7981755408067621
-1.7662558758529072
-1.897425161873747
-1.8625594414077447
-1.8681061893280189
-1.7852899841996699
-1.8977454361603845
-1.8222050585879535
-1.8748382775146946
-1.8510313343568707
-1.7432947613281888
-1.901878178144141
-1.8699264176042822
-1.8923449805077321
-1.756260481467989
-1.6599508864469816
-1.8698544610067471
-1.8759605596080404
-1.793818711122849
-1.8213594946423095
-1.6307938694307116
-1.7598748931445107
-1.8568749386065737
-1.8119446309092957
-1.8202533805665937
-1.746525183733922
-1.8743592858418623
-1.8208768714878063
-1.6850655938970838
-1.7489736759613908
-1.7909877771684632
-1.7650515846651023
-1.873707840063795
-1.8789242422238743
-1.8643885730355207
-1.852952089879713
-1.8511478163979191
-1.9019020048486317
-1.8200805221340932
-1.8426108541576252
-1.7127191477668562
-1.7749657549237008
-1.856169099429326
-1.8289217418854504
-1.7340030824710413
-1.830729207146955
-1.82380549181715
-1.8107713655799376
-1.7893645787931682
-1.8456594564975632
-1.8898674318087623
-1.7192184015318668
-1.778118250889255
-1.740946800456933
-1.7111527685220025
-1.9229362713838722
-1.7226537022992146
-1.7288141227372116
-1.8492120230962177
-1.8715741439227642
-1.7886124884639107
-1.6905971533494937
-1.858909010810654
-1.7733471569399706
-1.877218422928135
-1.5929290306165371
-1.8617557421556241
-1.8068630264902659
-1.7681528470581216
-1.7506350746255912
-1.6375559094693997
-1.8618948556170263
-1.8783744247188636
-1.80866353931005
-1.7136356377563697
-1.8495895287549446
-1.7262915067607112
-1.7874540504398224
-1.8650241729552304
-1.7789080404717466
-1.8095467125962728
-1.8323826153623801
-1.8446488559528607
-1.752554852375918
-1.8272089446420479
-1.750949657931401
-1.6558382649939505
-1.8640708834265358
-1.9286970840863649
-1.8561864677499034
-1.8132117984233258
-1.830690358750063
-1.7188806590955452
-1.8707191362718354
-1.9121204342376081
-1.7420609667990274
-1.8072499837544418
-1.7830519257920037
-1.871300367902953
-1.8140972948756986
-1.8594043811171819
-1.7688799534166686
-1.858503528331736
-1.769200815224686
-1.7376294462086872
-1.9071261502725794
-1.8761163788844795
-1.836374371209266
-1.6723951255033214
-1.8086281952388377
-1.73659585207501
-1.7619394218438833
-1.974353364644442
-1.8863686227973278
-1.7432552173693805
-1.786753791439216
-1.7553835748619533
-1.7692373937342585
-1.9299509912948065
-1.7074435054652795
-1.7755735100165477
-1.7836984670706664
-1.8958291470576054
-1.7893960692439848
-1.8384380780933363
-1.6692118326261622
-1.6847280744267004
-1.8198069908250956
-1.745326198158181
-1.737826933661632
-1.7871523165484862
-1.7472432038224803
-1.7688561793591995
-1.8877817950269846
-1.8109728983849673
-1.879433063485024
-1.9137242085290975
-1.8657311357935136
-1.8282055039564185
-1.7657207238386752
-1.8498387825977007
-1.9004798241055072
-1.8634523303538393
-1.843503670947746
-1.8559591889619522
-1.7823144860381812
-1.8716796983672226
-1.7743325956545302
-1.741097734053184
-1.6016653359429602
-1.8264195316851977
-1.8563157314881114
-1.7795316253722633
-1.8025295965064938
-1.7174047369919823
-1.7809750477886321
-1.6001477256144683
-1.8777682877182043
-1.764801813920659
-1.8655245148785486
-1.7655342187367848
-1.8137086990047657
-1.9268152130480904
-1.744853581093394
-1.7342646120529748
-1.9226545420127894
-1.7930256781182776
-1.7532057377531471
-1.8801428879949698
-1.8617475318661005
-1.8607141102540603
-1.831297614403279
-1.8525035371010585
-1.8729744331982636
-1.9278848975471483
-1.7801990074229326
-1.8132144282482383
-1.6607889395287019
-1.7527812907593217
-1.8474125589276242
-1.8837708816645766
-1.8103477212556016
-1.7479487136603313
-1.6780249383105026
-1.5468670307803054
-1.6363007699880492
-1.8794978666638231
-1.8909010335768988
-1.6468322434282958
-1.8814423310909365
-1.7752255062538347
-1.8872597877647685
-1.996046266268798
-1.9812033109492542
-1.9294758994544836
-1.7714631366255238
-1.7652321989967579
-1.8624874513927472
-1.8580460165529984
-1.8300057357597617
-1.8481140744506124
-1.8507722157320328
-1.9309567496991886
-1.8713432900644487
-1.7731353216203363
-1.744572991531817
-1.9346264207229749
-1.9588494170237227
-1.8567860687924211
-1.8634355212550866
-1.8675988464394764
-1.847718288311765
-1.9038983448559805
-1.7610043495295349
-1.678945081121031
-1.6893140763367542
-1.9111111659570053
-1.963115720260614
-1.8440055664977684
-1.830431139304732
-1.8133552577380003
-1.9263003636807983
-1.8378837261425391
-1.7763177984895975
-1.8348573606462728
-1.9887374594937792
-1.806436428820851
-1.8590368511596373
-1.900106314036294
-1.9433188038748925
-1.9112484331540056
-1.7849143160627756
-1.8647401536623585
-1.7934953884428075
-1.7215097836101771
-1.8577529244286692
-1.8568441128214004
-1.8316468439861946
-1.856422835016158
-1.724064166635168
-1.748149566396475
-1.7489807628190626
-1.8222573664906945
-1.813195147454576
-1.8021187465439765
-1.7899917971243477
-1.8908351612375973
-1.7684437225303657
-1.6928907004069702
-1.759704486416838
-1.7787380117434688
-1.6611797702734838
-1.8300212903293156
-1.7270963723066513
-1.8412089870261605
-1.9367896093889088
-1.775992465368068
-1.7848233718873552
-1.7767052577932785
-1.7377571383529449
-1.8571010596723785
-1.8781792811246496
-1.8582457097705913
-1.7834029219893237
-1.9416063230792995
-1.7304424774397555
-1.9705916750643238
-1.8332845177669583
-1.7612703709544233
-1.8631726011188576
-1.6027496386174491
-1.802679713791375
-1.7598880948952957
-1.8710007557160828
-1.8497682650908662
-1.895406920099838
-1.8041750218631594
-1.8806595913601436
-1.8847744686789523
-1.8038504354253775
-1.7683369019718183
-1.9275050685106714
-1.8593809429764816
-1.8257187205747514
-1.8522721750170454
-1.945372740803741
-1.8480844715935294
-1.8054174690916862
-1.8660861132054385
-1.9446312982347502
-1.7954144315017564
-1.9528210155656307
-1.7899433881349942
-1.944356286625598
-1.805228349740729
-1.811814265426467
-1.8446786216284687
-1.869224748049039
-1.7013917356789348
-1.8367153654992956
-1.7610904682137274
-1.8508216066583085
-1.765474512122879
-1.9300988838822137
-1.6330263335320871
-1.8262589905100546
-1.835491983621776
-1.8793903929446472
-1.8875615059036341
-1.8318256397499904
-1.7853045545035902
-1.7136266458463116
-1.7522085336805202
-1.688302512649679
-1.7981905211750786
-1.7961318132241968
-1.8093175735389444
-1.8234737464084345
-1.7135684269988491
-1.7528243091278224
-1.9083062428397135
-1.8763736066600947
-1.8495848935004031
-1.7957682492115674
-1.8891939683282906
-1.9619762897297175
-1.8573133603178453
-1.7709763976938322
-1.9225302141068696
-1.7491930044636899
-1.9307007097276205
-1.7891846770203113
-1.806452733949211
-1.8405011328663259
-1.9196557840477986
-1.9763950106284176
-1.7790231507856011
-1.7447659849636334
-1.9272775275476361
-1.8296225536363389
-1.863608623760745
-1.7362745830454211
-1.8245509249051606
-1.642869962303222
-1.831908972862139
-1.7234948236282197
-1.9146725412489314
-1.8718905289817576
-1.9720319858121031
-1.7056852626862398
-1.7837346956590001
-1.8879829730858324
-1.825184902107537
-1.8335115428868265
-1.6751795208653388
-1.862272012835729
-1.772593865051096
-1.780551794473265
-1.8508848506972895
-1.9172355838149793
-1.7758599538076176
-1.69810174675955
-1.8888420723606418
-1.8675041108157273
-1.7594126695961951
-1.7261497436497533
-1.814179946848792
-1.7263493341895497
-1.7063600262696665
-1.8198095981961608
-1.7314228734694892
-1.831319524561893
-1.7254124823869021
-1.7451641809849814
-1.8740396105773247
-1.7848391719805439
-1.7494280456288755
-1.6865218202742374
-1.8008292083515642
-1.8762645411812402
-1.8972647047909437
-1.7943380937454738
-1.7172255089686161
-1.6907533130819452
-1.730333831615321
-1.8433899553498208
-1.6670361479777267
-1.7682081815892925
-1.845485373800555
-1.6928282910043406
-1.7330692986109477
-1.7176305508033063
-1.8176649705529107
-1.7089534515774942
-1.8271417936874201
-1.8398296156733633
-1.7381268577600837
-1.9074018263535055
-1.7393930879568977
-1.788634349070342
-1.8805788347003507
-1.681241734809976
-1.9091789616955488
-1.811025642565695
-1.8333469405853418
-1.8332897979465104
-1.7885034096127828
-1.8860757185900174
-1.7220003029201
-1.6148576473249943
-1.7907100084597436
-1.8249875565001965
-1.8550099695674136
-1.8701487918531934
-1.85339615988181
-1.9264988972132893
-1.8611343858483156
-1.8370378502875766
-1.7637019635991948
-1.8949372534871873
-1.844136151304472
-1.724887817325095
-1.6682230468590697
-1.7718867752720562
-1.8246832580084673
-1.9120252644485392
-1.595798593033731
-1.7660775627179455
-1.8549214631061486
-1.8236641225928485
-1.7766428257799682
-1.666811769021867
-1.8805135456857036
-1.8757920998327116
-1.7778499576990132
-1.727135878743454
-1.9095746998365728
-1.7029256863867843
-1.8261113342393938
-1.762512975697538
-1.8405512745096466
-1.8176094437785055
-1.77540102573236
-1.84015045808827
-1.960542015605413
-1.9797339514406707
-1.8483718085550749
-1.8354411096768055
-1.710696354571167
-1.767358199777664
-1.8658212839116823
-1.689583869732794
-1.7380098970692106
-1.872596616812877
-1.784010343184628
-1.9254259484727179
-1.8085829648032519
-1.8474811373274
-1.7901404866906863
-1.8669241702989123
-1.7147721096317485
-1.858882579028792
-1.9058232784906748
-1.8944150691419666
-1.665495042316488
-1.8500358809779989
-1.812115773602271
-1.9325821028682704
-1.8344939849615711
-1.8770119637111558
-1.890968372806795
-1.793553511574026
-1.83608713948358
-1.8196205132464098
-1.6886662589062207
-1.8225778610520267
-1.7120158895300077
-1.5825461608551799
-1.7694562750821154
-1.7391414846138793
-1.8382733931559216
-1.902721637109404
-1.8780744212578089
-1.7313221506169423
-1.7163856314393982
-1.8839037659965712
-1.7462499614527176
-1.8102283470414822
-1.8615843069125515
-1.9590489690737458
-1.7811798782354913
-1.8246110100028545
-1.8733233512616756
-1.82164478258121
-1.7747148854358537
-1.693046169399129
-1.931878369205656
-1.867464636906031
-1.8939902284367731
-1.8077529421279028
-1.865770210508488
-1.9338197807865183
-1.8595215311546756
-1.873416260998785
-1.7379368405595237
-1.8777650725481942
-1.902765264459636
-1.8671646602464032
-1.8767661756487128
-1.857316407704748
-1.7548446879592343
-1.7932184998617675
-1.9619928781850562
-1.8528342612715722
-1.6318662590984003
-1.7242973842845262
-1.884706100587071
-1.9740676281511917
-1.8711561497921299
-1.937358796852723
-1.7395423378454924
-1.8400757208464285
-1.7881560396782703
-1.8702440647804757
-1.8717283883427576
-1.7835698323135818
-1.7946320349710165
-1.8151657434110993
-1.8712725852906489
-1.863676759104448
-1.918060266471616
-1.7714575655774978
-1.8513682983236786
-1.833313213492377
-1.7901215189056217
-1.774030938933386
-1.8688343347247025
-1.8523503542609996
-1.7793829344994614
-1.8018976556035315
-1.9129912887694132
-1.7844759179519154
-1.942216637005031
-1.6901490614984893
-1.9611156016876816
-1.8607073324518133
-1.7764394007185733
-1.7737528894814505
-1.7451046400336858
-1.7978729735215637
-1.7923161885847636
-1.7193437792072892
-1.9308514939356736
-1.7809724695095075
-1.7098066556715177
-1.7303628101161295
-1.52773963078574
-1.7867914637249658
-1.838357966028209
-1.9391791592509462
-1.925248107665908
-1.8892698721754964
-1.809969434113058
-1.701851085474487
-1.757288199349146
-1.7572756442231938
-1.9036356951923243
-1.9282332365856978
-1.8950157592229773
-1.9773048431777922
-1.693062859152387
-1.7564208160358603
-1.8931831958739034
-1.7013743243774138
-1.7583177197237474
-1.8032748386198059
-1.8120136390060826
-1.871156317569153
-1.6855087727727938
-1.6460082154945948
-1.8423522723759214
-1.7517191459107855
-1.8461828123196216
-1.8381315450755578
-1.7414321635666834
-1.8465797345800476
-1.85727913483888
-1.9360113741857943
-1.8320233343543368
-1.8562919195014738
-1.8246421378024968
-1.8353959766197547
-1.8844584827523774
-1.7952372261291152
-1.8332275729043985
-1.9362387556642109
-1.8932955554401332
-1.8459602774300525
-1.9217308163753142
-1.871278252933024
-1.8590948950954962
-1.8732358855622375
-1.9342288761744582
-1.684450666640617
-1.8481831604800716
-1.7931765052675521
-1.8965149733049473
-1.7683473486863281
-1.855734496611598
-1.7742180084944823
-1.7261142144979922
-1.7689187673314677
-1.8880156595714843
-1.841908018295866
-1.78339349943115
-1.8034542022331341
-1.9541791063219796
-1.8256419356711322
-1.6019984718601052
-1.5518658130460041
-1.7334041632843957
-1.879097210859928
-1.827226487947088
-1.8230696142990117
-1.7732260145721532
-1.8983464699522699
-1.9299105375911516
-1.7713127122354706
-1.8562119929076077
-1.7402955764314665
-1.8576238600533919
-1.759348639430904
-1.782912834756787
-1.8032738078459742
-1.770654769746142
-1.6972714714464905
-1.7542010322488413
-1.7579433817554257
-1.8182854851755865
-1.8013229899963623
-1.844905979842325
-1.6090360904545136
-1.7032032983788967
-1.7267698154327789
-1.8625647720725695
-1.7212569261926693
-1.7271955045453002
-1.6796385210900475
-1.7900217899382906
-1.79825003395432
-1.941241310366408
-1.8150171489911786
-1.7307814894548694
-1.6094112686069282
-1.8298202087038682
-1.7763935014542787
-1.8286037330893912
-1.773472332874229
-1.5975378533993598
-1.8568365594866287
-1.774786389413416
-1.7554114737019342
-1.7579921784665145
-1.8399127415780518
-1.8296612369829277
-1.865662677424619
-1.6893295882630612
-1.7550830764625718
-1.7642524976612972
-1.8917583198965484
-1.9347855660733784
-1.7448405375485603
-1.7528800375564177
-1.713410592326727
-1.7574330781135663
-1.7773667058506835
-1.801782928644838
-1.8228535588759438
-1.8470028944858998
-1.6915969789967942
-1.7920258940087341
-1.8242035345959535
-1.793570681699513
-1.8052781256590644
-1.7868451899760605
-1.9194331021347375
-1.9370587328778823
-1.9218549782379803
-1.8396173576113042
-1.7027302824560564
-1.8373388422332946
-1.742143047166172
-1.8878699203888814
-1.8023570588921323
-1.7372080395319496
-1.8672788614083131
-1.8372169320080427
-1.7875068883594254
-1.5777888563962947
-1.6292925809535848
-1.690314159367834
-1.692876114238809
-1.8699298362656287
-1.8356953657968464
-1.7679987480203379
-1.865499223695528
-1.7080400293186049
-1.8209180169398158
-1.811598533588724
-1.7952511006537284
-1.7729582976139304
-1.8846141212644758
-1.7761103159139757
-1.8974867261753667
-1.836223194256423
-1.7874109550283475
-1.7493827982685775
-1.903113528125331
-1.8123547922932202
-1.6741756284374456
-1.7438404407088002
-1.8478159491396156
-1.6382220285968052
-1.7430371221889795
-1.6562344955866808
-1.7420113959604684
-1.8347653587274269
-1.8129799757165235
-1.8842747792476362
-1.8843136416077635
-1.8632311839634599
-1.824798263998756
-1.7273810714497972
-1.7936511166483187
-1.8574437372768648
-1.926129294537641
-1.8806016547819584
-1.7782561524905014
-1.7867785696007457
-1.8265377156342857
-1.7381452468803942
-1.6311473448855855
-1.8969235151646382
-1.8327314542882978
-1.799012553234399
-1.9786844773105015
-1.8193359204243578
-1.8728600818360341
-1.8769485992965929
-1.66289609696846
-1.5607100525850994
-1.6431511307757072
-1.9034207584704295
-1.7455103188850503
-1.8120570756121335
-1.7761117252581473
-1.828240836596074
-1.7777689051175918
-1.7987414947654659
-1.7621868933908291
-1.8259297264388723
-1.8789492210199246
-1.9263271998533458
-1.8329719623779344
-1.8205570628450498
-1.8046013122147357
-1.7818741535080729
-1.7970407779169433
-1.793188032924896
-1.9234057607173074
-1.8440054094798308
-1.844774308225744
-1.7103963769072799
-1.8076759340547164
-1.6932879417272482
-1.704259897554058
-1.7995119712967096
-1.7865778719041217
-1.8604502622591412
-1.7220489849935616
-1.6857630442042448
-1.8525001858051833
-1.8500189562840086
-1.9588203206704753
-1.865179538904295
-1.8498038564031312
-1.8976518053189193
-1.9162154043605493
-1.8636399978083522
-1.9149423836797912
-1.7210923951728847
-1.8603252819228413
-1.8749899384046025
-1.7843005253624566
-1.9263941617962805
-1.8102228149271822
-1.904274720136944
-1.7916483693296996
-1.7855009489907008
-1.8841726726733292
-1.8630374151570792
-1.8126098604989052
-1.9069536208551097
-1.892931387399117
-1.8552937297712233
-1.7711141506285206
-1.777853385720533
-1.8423496614947736
-1.8917609652553926
-1.8281139848851096
-1.9237238076903562
-1.824813115944466
-1.7838697099954344
-1.771420448719962
-1.8510853994942533
-1.87952158268528
-1.8814318886737025
-1.793370191700884
-1.8982773461152762
-1.9137213542091684
-1.855230909765381
-1.8295083299197237
-1.84828696710532
-1.8345304624608874
-1.8565361841221428
-1.8819273467277462
-1.872133566514843
-1.9370963239707633
-1.6875400543418928
-1.8316492676233072
-1.783297732898071
-1.9021189849438664
-1.823808135090312
-1.89946537593106
-1.7450989376334933
-1.8421613075765442
-1.9196003226170555
-1.8135546912367482
-1.9367322924532084
-1.8329001749816083
-1.8933563894309466
-1.9481418638342254
-1.8970421488620686
-1.8347736161616663
-1.801914052897114
-1.8402938600772358
-1.8833927254557263
-1.9070363105495032
-1.890190900596433
-1.7066859569010184
-1.655133519768723
-1.7709604495563518
-1.9361464045437595
-1.8895484362613266
-1.8669072667858893
-1.9179065154917572
-1.712429394424757
-1.648038243501603
-1.7668703834690738
-1.9078002844226807
-1.863378818566149
-1.8433123372332014
-1.8139830718521666
-1.8681611230709676
-1.7134977708726777
-1.6869352100246795
-1.76276667585228
-1.773185732225073
-1.756493741485013
-1.7423259021499964
-1.7920358818296027
-1.7902693554099618
-1.744617081782261
-1.8062898997872991
-1.7649525641018684
-1.8993549487100965
-1.758288041098145
-1.824940724008513
-1.8841742114309474
-1.748205073954956
-1.8236791812016064
-1.912101879129839
-1.9022297806930895
-1.7102598296670555
-1.7397542606219323
-1.884001995762099
-1.9358332319210245
-1.9625339306019411
-1.7701056690284
-1.814195176576621
-1.7962109216888242
-1.8976537539508598
-1.7128045340818525
-1.7588792750358553
-1.7831937207782327
-1.8752676962656205
-1.9408850989076891
-1.7904644694193665
-1.7418960874849572
-1.9199573571383695
-1.8998376340921121
-1.9247640661227696
-1.7459484058115518
-1.7341195576106048
-1.6773453838352355
-1.8059936558491123
-1.8652935343305468
-1.7977040529282682
-1.8127417829027095
-1.8880741360097058
-1.73865919768151
-1.8247933731879828
-1.820661859698087
-1.6811792196461537
-1.7686869374081313
-1.7790197415726703
-1.761289800153244
-1.8142180241039652
-1.8052584429807925
-1.8919672979462456
-1.7922935312079913
-1.7102265891498658
-1.8278219310541608
-1.737112862118105
-1.7743440563146928
-1.9385267753356847
-1.8056085550749814
-1.9473206665640235
-1.7719376960529147
-1.8310862465129216
-1.8523489280579337
-1.6429368785167302
-1.7538958725954787
-1.7449198435392386
-1.7244114434419706
-1.8789030220733713
-1.8598596016915994
-1.8185237289920178
-1.9193760161716702
-1.8578289449602303
-1.7780997933508538
-1.8413581701308033
-1.91662502784818
-1.8593666312545898
-1.8548571388553619
-1.8199204155244946
-1.8856700815635519
-1.8980086995159917
-1.727488621637888
-1.8662669536837901
-1.8000210062742183
-1.7794856509712242
-1.9702316895650196
-1.7091221963087153
-1.727815246876323
-1.8499579981517256
-1.892740307437667
-1.8418199344035924
-1.9243378845997752
-1.7485146089196733
-1.5743632463056496
-1.6229560280736637
-1.8504563100382254
-1.9107460262180669
-1.8602865677021247
-1.7571611079251634
-1.7758890737289668
-1.7864230809013573
-1.7210129462636778
-1.8398253486671277
-1.9353814656014574
-1.7998314929754227
-1.8744385255442706
-1.5860565470739123
-1.893296830104299
-1.8536206291140402
-1.7975102091889805
-1.7445725386058015
-1.8289073066629844
-1.6551078234990517
-1.6919268092842734
-1.8430342430042717
-1.8473987596763455
-1.754750729528459
-1.6935339193566596
-1.8332436542749804
-1.901472938610502
-1.9673664871047074
-1.862259200652332
-1.8717764802021772
-1.7895896743890662
-1.8846359740436809
-1.766038172439182
-1.7110493986054645
-1.7641891842645658
-1.8799634600123016
-1.9251804933529024
-1.9032865152847367
-1.8922221718587955
-1.7742019112747356
-1.928363871089095
-1.7763302832489456
-1.7716520547570795
-1.852761338726864
-1.7656641183243371
-1.7216417185645918
-1.9307068665804847
-1.8496357995572599
-1.809754930853079
-1.7698170689915007
-1.8521757440855176
-1.9316104551597524
-1.786484709119867
-1.8553976582445841
-1.847274052617789
-1.9316447640031835
-1.8649789539332855
-1.8607044384680966
-1.9197698784022954
-1.7290186069875684
-1.718831125976848
-1.886762443868935
-1.8433297820173555
-1.7960044012590135
-1.765285307425173
-1.857349820141183
-1.8591613243322376
-1.8944258210181135
-1.9726414132296752
-1.7384036537197396
-1.9547789736463201
-1.8570736983447207
-1.7245020679638674
-1.9067453490685002
-1.8693396638627489
-1.7529592902446787
-1.8377624945418172
-1.792109742757693
-1.8557568395709447
-1.9283350790796043
-1.765187842221989
-1.6642173789762842
-1.7915498677848922
-1.861062388501377
-1.7523392064215133
-1.7867389378436047
-1.7044647524567598
-1.9342853879132356
-1.8667218800889012
-1.8418993042511254
-1.7360142838958603
-1.8151997616008626
-1.775578239816194
-1.6764052853681657
-1.890913763261005
-1.7603364890917317
-1.911158333818663
-1.7803297799103355
-1.828638830065218
-1.8163172944572554
-1.612284572929844
-1.8437793113999468
-1.7994125649862212
-1.5874657027407548
-1.8262008147817896
-1.8349794184792794
-1.8339803407778357
-1.9151112681348914
-1.7857032149829346
-1.906085557792436
-1.8894538933971488
-1.852847772334672
-1.8449509116163718
-1.8602828915443337
-1.8371560979340056
-1.9032146169681055
-1.895772805257395
-1.8735126786831855
-1.7300543842922862
-1.8275788746374522
-1.6618487053299966
-1.8436557996735463
-1.7220354949455279
-1.844298120018957
-1.8733841161124394
-1.8328108545652022
-1.8521557775583666
-1.8430679515052382
-1.9098178514010162
-1.714194226495976
-1.8404667628089364
-1.8448542150577087
-1.8358247537814738
-1.7500242644575676
-1.8421754302178635
-1.8285407453236702
-1.8109247631637586
-1.6960123557940945
-1.8379474828592406
-1.934141635216898
-1.902153741804332
-1.8727022906837705
-1.8204509447949442
-1.7224118801679125
-1.7580557795440817
-1.8235897035927167
-1.6494779826514898
-1.8257980567196914
-1.878387707275843
-1.749905079339367
-1.8372243488359965
-1.738333979994388
-1.7583959070840898
-1.7848740143795503
-1.7928123021546225
-1.8123547239785298
-1.8401394050475042
-1.7022888709542756
-1.7442017839839856
-1.9228076587739877
-1.7670009320843187
-1.7564871888924372
-1.8779530360172243
-1.8460401300072062
-1.8411855157555137
-1.9428923718582913
-1.7728222845738448
-1.8417953506054752
-1.7747772726189641
-1.835774797033985
-1.9162190319366303
-1.8777684709681344
-1.8975151315177365
-1.7818871896581019
-1.7010288074195448
-1.8506651122804991
-1.9468645944616794
-1.8953707421223638
-1.7878786860429965
-1.7735839701417906
-1.886403869657307
-1.8516350341012873
-1.769325511147508
-1.8584318988663258
-1.6689077851486818
-1.9376954248423297
-1.7724856558265194
-1.7379457256847817
-1.8697182136636357
-1.9073510981454864
-1.7116044017195764
-1.929462935674668
-1.7720875964854024
-1.8323781419260552
-1.9359929357079935
-1.797789720187996
-1.9287981389603213
-1.7965057843788648
-1.7954544848802
-1.894830257059829
-1.7775645399364048
-1.7712773763034568
-1.7329333486824767
-1.8807075376658222
-1.8015511928932215
-1.7764480405422496
-1.6796619824475016
-1.857950565730178
-1.8590842597803887
-1.9139587849301765
-1.7810393677295915
-1.843101775821529
-1.9033455914821815
-1.9470113365510733
-1.9053261427156611
-1.8513500070655065
-1.7603916821102383
-1.8610000587890618
-1.9516314264729873
-1.7702936694645042
-1.8096024892675788
-1.850632818818996
-1.7083705342056041
-1.8050926403615435
-1.638328124254303
-1.8580490322596184
-1.8929481405223127
-1.8869048879548744
-1.9478877803342431
-1.8325632501041058
-1.8362990238425019
-1.8862141187088886
-1.850347662206254
-1.897729561151083
-1.8803213034421784
-1.8843765995198674
-1.8234738571564622
-1.9199476333908263
-1.9683584286067959
-1.7203668729878387
-1.807381815714947
-1.8601643997871036
-1.7218546953574254
-1.7076935367526211
-1.866681984642406
-1.8466102021256585
-1.9033737877209855
-1.7310239167135342
-1.7785500934437621
-1.7860127448531273
-1.702136028948302
-1.7096005472053428
-1.9084216891717072
-1.8173519068974973
-1.8665842821965841
-1.8319954378393235
-1.8747995534368598
-1.9119886386939897
-1.7229431494230354
-1.853112583582318
-1.8242165341951209
-1.7550897932547227
-1.8322029335391217
-1.8141827420479062
-1.82090690766323
-1.6662528097377782
-1.7209546906710291
-1.8226646598777507
-1.8077666866874664
-1.8961954456255636
-1.844210408007537
-1.8343502966237908
-1.7708708471180323
-1.9179252149204113
-1.684937692056861
-1.7502286612434301
-1.8730420163692478
-1.9756286622683366
-1.67320540132843
-1.9124970642102024
-1.703496120544109
-1.8967734020246356
-1.7952885791080402
-1.9631107802015628
-1.7097009810246555
-1.9419687559452619
-1.8887201565821046
-1.9701345838883708
-1.8305758658748816
-1.8531373615936537
-1.9422057217769513
-1.8650201396444601
-1.8328151988494212
-1.7472193207242894
-1.712699493135309
-1.9387954242853869
-1.9061410197641826
-1.843515958431944
-1.9151702062076825
-1.9074745398363229
-1.732047798012903
-1.8097369865439852
-1.794536775163317
-1.8092086607457503
-1.8739844468316946
-1.7750511459226437
-1.807727294222664
-1.8204011234382635
-1.9062814504546326
-1.6506184325774889
-1.4812660274899987
-1.789750830092815
-1.8314374926101538
-1.8265512136805442
-1.8572446593887588
-1.9074488349052507
-1.8463366787415887
-1.6634060468343081
-1.8860275729481315
-1.7534812091654521
