3.5856455996442005
3.550102354005203
3.585886871340169
3.597651708696872
3.6055199163035496
3.688106399794137
3.6582022527423295
3.667543204772742
3.621430693526683
3.615268716069294
3.6260866750850953
3.564078933457802
3.5060828185510533
3.561959600349593
3.5012874850043882
3.528794505370792
3.506309251231172
3.6080548016430996
3.4982259188666505
3.487909009796705
3.5294206205959116
3.4849249024775877
3.5039565536699477
3.5172651815077893
3.556407861560418
3.5673360982066815
3.4989970756658098
3.5325251994980174
3.507102331643913
3.5107237373301454
3.492024277201529
3.483675025066324
3.411286306052894
3.395213794237061
3.4632303387841703
3.538893904543607
3.546403456955285
3.4752867555323754
3.4818455102221604
3.440669828359261
3.5501963284463667
3.5602415770713605
3.63011232767287
3.6635701997347643
3.6536210951582886
3.71205049790326
3.7141391077059436
3.7040939461374
3.706552014926946
3.633321751176898
3.6086532582069113
3.589764973952808
3.649302807893763
3.58841415669798
3.5584887135097403
3.548961045328845
3.5759540292299095
3.6007464912424836
3.6531788445791182
3.638854238169114
3.578917466832622
3.5839997084931974
3.6419663826584436
3.6478172767158137
3.717704619429786
3.7801983812096007
3.8087579398818683
3.788705962820684
3.7942422447845376
3.7828285389100755
3.793399803275124
3.691824363640528
3.6999948474352524
3.7212198970713666
3.7503842344966767
3.689218023257008
3.668332171122842
3.6205137597089383
3.5954882961204335
3.6160688200722713
3.66221678365304
3.646989972229723
3.6622031393164836
3.6769778427484616
3.6417683642696583
3.643872650520091
3.660085051028341
3.602740723684008
3.590825830136169
3.627878303285465
3.594254541918423
3.596015281430801
3.5929185164749002
3.548440081542032
3.6030854652340882
3.517822323634511
3.5885563877468485
3.50377695859722
3.5147966183869297
3.590358438180991
3.5478940416842324
3.478684194807896
3.506048130284169
3.514467238346236
3.5452545912567324
3.5584648519959976
3.5195934048292052
3.357199544111996
3.481072453491563
3.508719727419439
3.452303739900989
3.4222943645378416
3.4462578008955465
3.4887508292238327
3.5310498659595715
3.550146005734026
3.5304161173451307
3.5413927291645044
3.550201339665628
3.5029817461555743
3.514055153168343
3.514572426329024
3.602461668317696
3.6142775102411937
3.6638903537986356
3.644169272473062
3.654361641117585
3.6280565565674108
3.594094391397446
3.6340962921348927
3.6268186709387686
3.683996659946966
3.6815962966522275
3.7059113907404737
3.658746543856264
3.6454688224976586
3.7169446484007223
3.7070313668895607
3.672941736949699
3.654371353627686
3.6577344522706285
3.682469480065371
3.6834442196166144
3.7371411744899095
3.6897178188566087
3.6354335565904337
3.7365764509282386
3.754568785414428
3.727263216434224
3.74517974369643
3.6934627141615404
3.6894321705747557
3.6601746536302917
3.692914605541939
3.704173369900012
3.6539732501008575
3.5806427208692226
3.5769668561132044
3.512980319549107
3.479502689448356
3.5368431095861737
3.5245439299791994
3.4834840224201464
3.5058857352231736
3.5048867269784845
3.4533377756484893
3.4303898800222345
3.4618660095598544
3.58701556801279
3.446587656945682
3.4301267630851924
3.497520963209194
3.4194147845967997
3.322976264021527
3.426325883522578
3.4437684624537543
3.497800640498773
3.463045014711855
3.536286052017251
3.5883803696778833
3.585397767353575
3.5195294490269573
3.5132467191201218
3.435790729592936
3.4871959442404687
3.6164384044237625
3.447720135446719
3.431793734845673
3.4148110566070526
3.479606980537291
3.5215132869438817
3.4231392830353875
3.434440078018205
3.4999746648563907
3.4315597735210956
3.4318459391363056
3.4723718428812846
3.5953560528934188
3.5015376886689835
3.5184653993257236
3.5639588110589884
3.549655513747087
3.5166135451910927
3.6026376130857396
3.599125190731328
3.5800386510709488
3.550821794574325
3.5237105210747406
3.3762778137876728
3.364317665014806
3.4669813548906485
3.434040894429961
3.442961275514242
3.4934123018320813
3.500933049575968
3.5443209462569083
3.567765557437855
3.5680369213710894
3.6336346123546575
3.5941999224397554
3.614817348886739
3.5053371330085836
3.512789492346837
3.553403966276001
3.626148948389397
3.615320763650992
3.561623931018968
3.5627790747818437
3.6070604423488275
3.5504480156531972
3.6143365838525807
3.582172668125353
3.5377827143907306
3.535173446746905
3.5275861475168764
3.530039030937323
3.610699281182119
3.5825390301531277
3.5616233758390337
3.6370761054830223
3.610642840344735
3.5995324948880487
3.6011657830097628
3.5678263220628974
3.515666424333186
3.49101319387655
3.5825452863327127
3.566048842899689
3.6505706678841436
3.599035891263275
3.617234496437729
3.6153944369120623
3.6094916407965885
3.514139561882212
3.476219140462126
3.530973759431813
3.5429219149999702
3.5709027662992323
3.589163876277663
3.519928354529509
3.528672124024636
3.4958056618365516
3.4956027194684642
3.52644571603462
3.489200658370823
3.4636540650684644
3.523663268245774
3.549016374049028
3.539895484135951
3.5336239825219415
3.493207748592492
3.4377625232619216
3.45357129809186
3.431202819542997
3.4817500319978145
3.4769508737032337
3.5589774186389507
3.4681767517049016
3.439167166124567
3.4820313847014592
3.496811914044813
3.456557939770784
3.4270111141546713
3.434953054490842
3.4922325489338157
3.460328102972271
3.4263769190519975
3.3926158817223375
3.407199366891441
3.3998758868358596
3.4027003960427047
3.382521469811586
3.4246349854919007
3.3891766910396397
3.4158376352191264
3.4030353896185517
3.41081686953079
3.457337587576695
3.49288791243312
3.5132072994155767
3.605207695404057
3.672772220177256
3.589774649952888
3.658721934579739
3.602869176892421
3.4625417429437335
3.3624240726136256
3.444823218470698
3.4754673422149507
3.5110927662275198
3.4276395809241493
3.473642522028206
3.5386977274537124
3.5571070965281204
3.607983455508063
3.618398006249261
3.5702292910805435
3.556708152315036
3.535312107785653
3.579666520139485
3.5370049006882955
3.6165838577558946
3.6432351049080998
3.6668925880656458
3.654213243952899
3.6173164987611566
3.60500156801444
3.5315668971288248
3.6404507044184404
3.592934088113764
3.6166639274285353
3.5795300103138454
3.605538099182417
3.6122816602181804
3.681386655648734
3.7130100955653145
3.6410116431578365
3.647539712516644
3.680453480558568
3.650203032270323
3.6313047179244253
3.6509550849576375
3.6107454218918056
3.563300018771118
3.5879582772258334
3.5543406501297543
3.568354216707759
3.5138527561107464
3.6062252502877916
3.5625070704429276
3.5295151643734646
3.5485511782996055
3.4657537603401023
3.460686259515463
3.5176874450120232
3.498867693052989
3.5574736673580882
3.47577607284029
3.5490198152720214
3.501786800692389
3.5160656587250596
3.5196707372254026
3.59517494230744
3.571586914660749
3.517718169045672
3.5483039088678643
3.5146530885584317
3.604240254634832
3.597802646005847
3.574083415120984
3.5044858078693832
3.504736111273131
3.4879506494124106
3.461925052340102
3.5305320068946795
3.563294355303626
3.5817317237301203
3.5611498192796294
3.5715874560327303
3.5211783578988913
3.571627840245756
3.5447343114916965
3.5751885530602925
3.5823937874943517
3.605288268952191
3.5749092899417665
3.584852834772695
3.598940741117523
3.6080926224023417
3.6603268137573455
3.6431996821879276
3.691655299504228
3.6990239211601685
3.6530765979015474
3.631738001704054
3.612941973972123
3.640451965390902
3.540988838618139
3.502172133194653
3.5615431871861434
3.6255065175366736
3.652870715997973
3.5285957044639225
3.5725150767954066
3.5049344567514646
3.5407211311177393
3.3984896037201855
3.4101750191846434
3.4410216054711333
3.4744404170907894
3.514037992924817
3.6077914486869513
3.5346807010960353
3.5511256727112945
3.51264470196614
3.4896841382904658
3.521869781373706
3.4413556721753893
3.459905912877576
3.539314137264699
3.5469000226283094
3.5667036881626863
3.5737433834402927
3.491894258382568
3.555358853119673
3.556790196579486
3.6338093799237163
3.5648591900316005
3.5423136305823624
3.6009099012527357
3.583833079838967
3.6156395333540954
3.6423580634466406
3.635837912726408
3.6422152423927923
3.5816423493398237
3.518421133031983
3.555858943182702
3.5532485412120844
3.5616726220490023
3.5678649126283535
3.611784098846926
3.5278093214775037
3.5975766551949744
3.536391448215544
3.5566416822227547
3.4626732049957583
3.4821500487900496
3.4561437486835773
3.475354776249467
3.540339532203136
3.466270944194405
3.4386237876109353
3.487590531323945
3.5404979403426315
3.512108976879449
3.426061825708911
3.524330652478044
3.481274765149194
3.4328712998182027
3.486926802120525
3.5251190013633247
3.4776950225086627
3.506490841022793
3.6305580933460986
3.5797064923883712
3.6370025952251424
3.5799562690217277
3.5302034675098763
3.5384785419596567
3.5213734243269172
3.544339810078122
3.5632579277811356
3.6187602596692905
3.58384977815514
3.6713763439151776
3.708662301299084
3.6253737597295896
3.6080221992481127
3.591659250787229
3.5807890139884857
3.5796680570651147
3.5754628863682507
3.590100032952008
3.5935439249583663
3.630765270576803
3.5997730896977966
3.5789717665075234
3.5371215019832025
3.5390115689926698
3.4926455139334296
3.52243283751638
3.527467636809931
3.4633330146123598
3.516518924384955
3.4887164445074013
3.4402604280512215
3.465152122349062
3.4880291156601597
3.592737374107677
3.626290524277953
3.6623197841540804
3.5978472023930714
3.583233011282524
3.5729449786185414
3.5667031921081946
3.5429725116227346
3.49971499027257
3.5195048427920717
3.547294798292587
3.442605881241975
3.4217153972180254
3.392311523363744
3.403174989252036
3.3959178086835657
3.3743710969218164
3.4079159086168236
3.398094108455843
3.479351556383212
3.5156129836342727
3.5609694685665585
3.5570307335071156
3.516478296353417
3.527700050564296
3.5522122038257757
3.536192135652363
3.505648019239059
3.601599005183744
3.662094835592289
3.7062466401237613
3.6606260741409837
3.6040663181264385
3.565296199493013
3.493952064312627
3.5598385854839116
3.6352828398834887
3.6630187439019686
3.6736523651943034
3.603756957511517
3.61633112029788
3.6873508607760175
3.6454342045031956
3.618434845400392
3.618922046448852
3.56542024523
3.638118732427918
3.6156283383664394
3.589741698040552
3.6341403514759225
3.716919045257899
3.702891665488638
3.748854952330598
3.702172735892807
3.6934587894064825
3.7062716740074486
3.640536286183786
3.6308397818940734
3.596857729482282
3.667282339401442
3.6380171238867476
3.677732847228505
3.6281265572444754
3.634245681305414
3.6274959678138936
3.6688301117238766
3.6939644640935922
3.707017466118928
3.5727572367702916
3.623067897717066
3.619405108531657
3.611436759618563
3.5827897278635965
3.6017988448219533
3.61291918506944
3.6639830504739512
3.655622884154641
3.633975346494707
3.6076058889825164
3.6461820942572807
3.702587127332493
3.6802901046892305
3.713870345980185
3.7181953334093394
3.730177036466817
3.7456102819051886
3.7373026165523813
3.6375595653944517
3.697759479712581
3.6599172702940796
3.714283687982137
3.67266963710854
3.653105349968305
3.568066748741858
3.5205128088881654
3.503545847953543
3.554386734773207
3.549376060494071
3.604603676253046
3.6491072606304824
3.6560496498294315
3.5865492489509947
3.5780105991570537
3.608374976603229
3.608815180136411
3.5523332648467223
3.4339795559524227
3.5176878579734616
3.5016039459439616
3.5003427189121363
3.446485496960043
3.4893223132716047
3.45411925840541
3.4174069463312025
3.4714987183597223
3.504739033739885
3.413284623536423
3.4657189450471275
3.5126507196379686
3.546431478407032
3.546057016289453
3.6177598885961624
3.6811843744155035
3.664643606820883
3.726029587693148
3.7748814990092336
3.7255270227989783
3.6599081114296546
3.6578849758292447
3.612943524197123
3.642209337983517
3.633562154138518
3.647253955889701
3.592108143895581
3.5128611360925626
3.5991436383167112
3.6240670417683694
3.6231895089299426
3.6932103115889516
3.658917314617314
3.6451407604149475
3.5614960305166385
3.511766776100798
3.4865726544590263
3.541389186552268
3.550695063534805
3.4605424648423297
3.522428392948563
3.4750856223230246
3.397297459170096
3.3796645845813975
3.486129483935911
3.5356998264121917
3.5440752931870927
3.512763133697206
3.5575938988321054
3.5600705689375975
3.5854326001780326
3.5905000734654258
3.5907806718271975
3.5983928187957024
3.505100849520238
3.55036168526906
3.521969892164818
3.5531126103164565
3.5248588209146874
3.5098442678885724
3.4884165796808
3.5794769339584933
3.587122677541739
3.6204009735650713
3.560740783000415
3.5502880690312075
3.6004118369557703
3.5814338404234918
3.5908882937522737
3.5125030702884557
3.532176597342153
3.4346554690689635
3.35255986929875
3.4266272783738034
3.4449642793072797
3.4880170775742037
3.5186633721886627
3.4823784987364137
3.472751722930747
3.5023129701434037
3.49917435088906
3.5356636261882155
3.5561963621365282
3.4975405520444225
3.5768558735157727
3.5707005660515865
3.6019049181141534
3.5634530517920444
3.517953872415116
3.393429597243702
3.4576813555997106
3.471144839529233
3.5452873603774946
3.5786275141329313
3.609441676284545
3.5783789640818955
3.6193319707270204
3.620772650519695
3.5790667952001645
3.5983466675751457
3.5080064644694207
3.604027763325683
3.635450879447732
3.5431972285284825
3.605306411763821
3.574726398057789
3.6498823355575283
3.6281678430292286
3.7104423768759127
3.6976362779653327
3.679679519603684
3.7236544186804954
3.742027211441647
3.6211054243319265
3.693570019346965
3.50799079214758
3.565251972720082
3.6155186223941205
3.6370786618337214
3.759172740013348
3.7673391366919224
3.7584945906350806
3.7197402927509136
3.6568444276613405
3.623011872923745
3.666240696456347
3.63205457962814
3.6290983787579796
3.6901796680820063
3.678324597477636
3.6273884543224155
3.61121011039103
3.5838749788598623
3.6505241586367947
3.5992838211346307
3.5854430190368274
3.5717110848712537
3.5968580704632647
3.546422545331056
3.5351005440012964
3.5630113921434234
3.5828228384805794
3.5871726172551
3.5346904614432106
3.560756412474805
3.6124495316094056
3.672872602042241
3.59417133272305
3.6204323172736355
3.641763235162726
3.5940692540283345
3.5019268027899844
3.499710839907206
3.416261699004681
3.3982767268201144
3.462007050687311
3.4046263246893806
3.47653891618347
3.533449753457806
3.5010618060671765
3.53045011204561
3.541830823962388
3.5710931097805694
3.5725634688587107
3.560785140944492
3.543390847262241
3.615755586626318
3.51057472667148
3.561796787723332
3.5437782626100054
3.580457151670222
3.599397613192698
3.6737567698275786
3.653256552766547
3.552399956481862
3.6050731463627526
3.5567820455808845
3.553177137172279
3.551333904254119
3.5315956086001496
3.5571205730679805
3.584850649664666
3.6278360594977124
3.616475136349478
3.5232233113961433
3.526042740565911
3.4385067035691574
3.4538244564447913
3.503207403841583
3.435265640135072
3.485180859215786
3.5271411751661743
3.5122063527471346
3.5276295586841133
3.4536256067020186
3.445099164665302
3.4855876913940054
3.5848291008158917
3.508516205051658
3.3697357390248093
3.479775975591899
3.4663573258842595
3.4773378566511344
3.468910460790214
3.5333840556642673
3.5332880182594946
3.5150490918001047
3.5723758168879844
3.4869135314872755
3.5352044632730735
3.5271861534837603
3.4204899099072175
3.4035735053701317
3.426701847385799
3.4564995437373662
3.494225139794523
3.4998171015259576
3.540197334065218
3.460925020410133
3.554579020823971
3.522714411468074
3.563878676754333
3.522661888518308
3.5570660804552667
3.6159696070818823
3.6397191620590252
3.498489397160302
3.452459786940974
3.5105532463574134
3.4622197740719294
3.475578741706282
3.5804033128280923
3.5675094224971735
3.5493618113326955
3.471634530053566
3.3662038940731445
3.479177253675959
3.454644535313259
3.3942835487109217
3.390857812467569
3.416045082141277
3.4874321484232773
3.4146521513175174
3.381133323212145
3.358684074546475
3.4341800078991964
3.3883287487366838
3.433806704769828
3.418788128424577
3.485819396083023
3.479496096148098
3.5415247053707755
3.536417347019807
3.568670070542425
3.5872091934199846
3.535543155344814
3.470074447625838
3.480541017476759
3.4945849499557937
3.4498304963968325
3.51662703840483
3.530753734819395
3.539721011876798
3.5413151817815445
3.5979682464215705
3.5899200498068904
3.5917201895640307
3.660892157394824
3.638740373238535
3.630240053842196
3.642284099652635
3.6367809998364806
3.5955898046107517
3.61935860785697
3.6191248009927848
3.6277187728795868
3.6097578131734687
3.6444678163110265
3.629433262865192
3.56590905722914
3.5738851582898556
3.5434662724601953
3.49809496281808
3.5738831893115117
3.5094378654916865
3.529096272864741
3.5892791963631385
3.623991063038934
3.6281528806636274
3.5747918801319516
3.5817361657708178
3.558442820453085
3.5500015705699974
3.5749548220088894
3.6403715729141104
3.694447129779263
3.5752885571205497
3.5802829742289974
3.561880985000609
3.5895805572055712
3.5851260386844515
3.5813547215069383
3.6453834261961076
3.6928200597912526
3.6551781261799365
3.6268550161414344
3.5406437984750205
3.523197625779492
3.6138652419326207
3.5021154646016126
3.4710470399467472
3.4489999729533456
3.4412001328702098
3.5594065023624175
3.541914112648919
3.5854318197635484
3.5294524387608277
3.4437355616920815
3.4970284513889798
3.6381355415501115
3.611645426865777
3.5832142542756404
3.5002096293262097
3.513377038194996
3.5115829685385496
3.56105581267106
3.596842403942378
3.626407315848902
3.6842823178369137
3.755062291675565
3.7775323271622776
3.7595613024457553
3.711803316871091
3.666769627546506
3.6960009128296445
3.6411857286978515
3.622650066363981
3.6115203467220285
3.6151396550655326
3.6434899232872273
3.648856071438814
3.647617274741633
3.6636555242035014
3.6595767768745273
3.6542945873478287
3.600125496381256
3.579041794713316
3.4745573716258518
3.5330687794450686
3.5553920839482798
3.590843754803065
3.5142839321996777
3.5274221982638334
3.507029112966974
3.5046040724871257
3.5253880116431757
3.502337018450297
3.547809318040132
3.5804827707087576
3.5387270175628
3.4556688206526442
3.4488933515161397
3.4804648068692674
3.4762008553914012
3.4866782028465026
3.4493992859274067
3.4441340998734398
3.451817485324557
3.4361469091161077
3.5423056341080996
3.45714068076151
3.5166500356931922
3.5559930405884144
3.5502682438523676
3.5430616468780443
3.4631183941341246
3.363992759584467
3.538397513889967
3.525635467656511
3.5764614266305754
3.599161175854307
3.5950315910881057
3.67871537451284
3.622897132567073
3.5910137463560696
3.6254910006257925
3.5995672875320373
3.5860280702860674
3.567775955307216
3.5981662394817238
3.5897245418940082
3.5337326502868205
3.4780364446952508
3.4733057151509983
3.494487372133572
3.494598224690116
3.525960164255676
3.4574193972056904
3.488509549452235
3.5187948393326387
3.500343531961502
3.524851466225726
3.511575764295218
3.545276185401093
3.5527632117597685
3.575068384348188
3.5685641737030105
3.5884785320874037
3.5325284936741856
3.516073628675347
3.5141510207046043
3.538338322809854
3.5158916175840966
3.4895873545182545
3.534896334155583
3.5164449947704743
3.5649321327865344
3.4589989084305306
3.4518591868135755
3.4523852395364036
3.5038545754287855
3.4655622708795
3.5240646677750056
3.5729445855115527
3.536504521164683
3.567408789562681
3.564896154528472
3.6013881056836423
3.599576144356071
3.5907743770003457
3.5173690807782365
3.550929517899787
3.5413236497911864
3.574459627807352
3.556926020822031
3.5797685914624564
3.548419245927421
3.5286034197163922
3.5522749175444734
3.4779597153838955
3.4898704024135943
3.4666812562737204
3.498251787050572
3.4445887368170256
3.5257265256262285
3.537514743129036
3.587012847657942
3.541195086882328
3.5066371687556996
3.4468608638961338
3.4844760639627976
3.4206603431420364
3.4133095774153883
3.4626478918313586
3.502128276356351
3.4323914900299743
3.436548327647078
3.412168900137214
3.4872945989941546
3.4713189151032138
3.5097461552761025
3.502249483609162
3.4587320241366184
3.419801149328478
3.418736892392123
3.41168577043382
3.4545826811861247
3.53070192837939
3.4651706451249797
3.570060883812272
3.4132318974845237
3.4745442724081195
3.491937511798139
3.464648231042402
3.470256690035331
3.586477475418711
3.628625912062338
3.5834473482199707
3.5227875594382874
3.558673224109236
3.546706970760422
3.5416439241277606
3.545339838673388
3.468413904400516
3.4280153315862165
3.524944420828787
3.4796733610776793
3.52785545158464
3.5293634129837095
3.577119780022339
3.6497441243761872
3.5788744174517215
3.5673578544541162
3.5496361928882263
3.6054055869990487
3.6082283985416304
3.6173489377678125
3.593003186777424
3.614152314559679
3.494428850328889
3.50267233494356
3.5735849994701514
3.54121794001431
3.473124114278471
3.5527558963494315
3.5806648374891843
3.5649379428091557
3.5043148570891556
3.4213149258530264
3.5002953911892045
3.4965954035210913
3.4710535357637595
3.436018660380865
3.4719731021970874
3.47473035740986
3.469325585610044
3.443578739192498
3.4259676442801505
3.4497696882601847
3.43081962611985
3.4479885379974426
3.3957723563528863
3.459245811291149
3.452579288827221
3.522841166719007
3.4948700198116622
3.4776063551130236
3.493603066215273
3.522234948954518
3.5169377355177405
3.549170545525273
3.482967111144626
3.4780745172364234
3.4978125008892604
3.4968282494820753
3.5138879533324894
3.5149289341827847
3.4629945110292137
3.477761120569834
3.4775269849856207
3.470038066966154
3.4977612696241867
3.495173999835076
3.518112934516037
3.5415129367532656
3.558941380008815
3.513710025085249
3.50985195047648
3.46232343318089
3.4796800428086296
3.4640451882124568
3.4725822071896424
3.4693387713529225
3.5102643083493925
3.4679601596531295
3.533720334420755
3.5355734545669164
3.5101122715910966
3.464168437289934
3.5197330092029526
3.502669855623132
3.4776104058604167
3.491673190316524
3.576140676780895
3.6001051637867145
3.5709952809063834
3.624852445596892
3.614624054208099
3.533433195268242
3.5406595857032714
3.5468630756766997
3.595447459167054
3.4505754866606373
3.4590429976630825
3.42420129700709
3.468078151508994
3.5142800893293566
3.48844646516052
3.5076082297300584
3.500633368963002
3.5193432848174986
3.5415800393296326
3.4896894205019433
3.503973864585314
3.4903560103468863
3.485444635188747
3.4553735153526883
3.4909554220749204
3.4951890217020045
3.616628317026708
3.4985607351283567
3.437162057456659
3.4607280648527565
3.4572796672231023
3.4554338853493403
3.4592740894328045
3.4939870930523367
3.4449053273403134
3.503521734726453
3.5504685402048244
3.577813882658604
3.5469187993264097
3.5221690410692994
3.5273158094701413
3.4843586170009413
3.48179847954039
3.444744615699214
3.5316788527412757
3.5454092013684506
3.532118587036092
3.5641028261549534
3.5008848252362132
3.3868802709152854
3.427154634270159
3.427009998987144
3.441630225795132
3.5173395387724153
3.5033850280446797
3.489841641390262
3.4392739436494564
3.4581724085664405
3.482384856387347
3.604016388894695
3.5581971852555996
3.588462921500449
3.60472628669804
3.618503499450726
3.641706888186877
3.663237831498954
3.7024630023181757
3.659989423750699
3.5850060220730424
3.5350381035702627
3.5162588430172823
3.564459709591231
3.5670249978020667
3.4598773093185007
3.419196215267085
3.4458399892368035
3.474758561353453
3.483978736698699
3.508569911491869
3.5187107614681468
3.509157526521825
3.5867617292933778
3.5391862486812844
3.491718988348123
3.4638456490748055
3.4600103055930496
3.5085613008390193
3.5664722478947777
3.5470032561361067
3.5032135607017114
3.423084065003805
3.387107300457735
3.5040389765454054
3.557528283164629
3.5840152947328154
3.6260030974862003
3.633951387990617
3.593075557503772
3.605508213516848
3.531414197504831
3.5396841738528324
3.5210552383777904
3.5319249996612574
3.5797516287151234
3.5788992266897512
3.6017479793396587
3.6503330638671967
3.659020546303761
3.601820757547416
3.52133600004071
3.6144290814319455
3.5658296724149796
3.5732796556456745
3.6004048765751486
3.552045887106004
3.514199192689193
3.549367191202843
3.5992630005858435
3.6076469496203787
3.6003938363750527
3.5674486017654425
3.6011300011937726
3.679071452932912
3.5027698748162828
3.588271548359181
3.617534146755955
3.617894993321188
3.572471546080404
3.5820063439041654
3.579680005436659
3.5833790934046124
3.5257479273613224
3.554077007443867
3.5238438202198923
3.6124849522309757
3.609092130998355
3.625253611692548
3.5655032143255267
3.596688010657811
3.600715577449387
3.5424930886300796
3.5034926927845276
3.4733892820138834
3.555372413817713
3.5570918160217113
3.5536408504541668
3.5890323037497844
3.5188779585833987
3.576986153325612
3.583529942810179
3.5912184608854023
3.561261599258472
3.6009956867363715
3.5698923683926678
3.623941584027666
3.5754723485771134
3.553110556744819
3.6542963232415
3.61990087392
3.5881693987429655
3.590184014586121
3.6034503115161693
3.5981862530113617
3.619220636837253
3.5877710406814787
3.602503034246511
3.6058338718442124
3.5030464251481463
3.5981981882534657
3.5624612936426083
3.6170984469089418
3.5429177516545565
3.6956282255535937
3.5784183127962463
3.532340458918439
3.66446728737814
3.687504806999337
3.621892042669259
3.618618216450166
3.605083666876678
3.691835763773058
3.621008069959744
3.613384647437759
3.5204836589192956
3.4975567658212303
3.4786101990305345
3.526933785165785
3.562624824089356
3.5140483960163564
3.562426641265356
3.4733376240132254
3.484916426623662
3.5704124553993077
3.586020313759048
3.5564302449753
3.5066232445564696
3.510806293376003
3.528619305268349
3.5011491822626963
3.4989535683656805
3.594258814817813
3.5448921937297064
3.527136848163818
3.5294842755451503
3.5481082105053354
3.5587181020411642
3.573091163584622
3.5275812488669596
3.5070645094694166
3.530038084777997
3.498090661607964
3.5279733505828346
3.5150133361607807
3.519040557898811
3.5520047641808805
3.6238441344113133
3.652002444006081
3.6241918853632296
3.641458208883608
3.620141576684185
3.6909656121126244
3.672752849564713
3.572011431275486
3.532131996472165
3.5768313787589245
3.5422664184980373
3.5494023052949637
3.6457589663979757
3.656755769348837
3.683620560056953
3.6198192654132066
3.67745968655043
3.6593762792151594
3.5904564227700475
3.5302363808835215
3.3955712931498647
3.4662263500527564
3.4304746579764074
3.448567480595467
3.4297090213462456
3.533257405857393
3.509462514083325
3.5146449526945394
3.5006917777924693
3.5537024222620155
3.5002234595304738
3.5329268189129963
3.5750269700549104
3.5397896247011666
3.497373141074888
3.5604999560408346
3.5474385507936415
3.5302118810620278
3.5068201632225358
3.4233735178998623
3.3987359539869644
3.4600063850101574
3.4536755419926592
3.447932444165573
3.5067826863838207
3.4624276760005395
3.4761637357229915
3.5678317304539298
3.5485966061999084
3.5205131846493596
3.4889790804854646
3.539139178887543
3.5601186716785556
3.5339229294945165
3.478314890689656
3.503746305131432
3.5158209073693136
3.505731859915942
3.4952654629997966
3.472655158340246
3.497399780901072
3.4941145756047147
3.5434391463348054
3.6002647923933733
3.568223588482055
3.5781534662656944
3.5411889100282314
3.5473171489852127
3.5546179328976946
3.5537750468114573
3.6296718534358705
3.614920444327918
3.6186918479847403
3.608048399459461
3.5842651418006772
3.6032158950614925
3.576580335737969
3.5633710150141744
3.55156618113744
3.5646700375891505
3.518641453367823
3.4933591487809066
3.4796156816443053
3.4567686045724444
3.551722710804225
3.5732586693010484
3.5203632146414
3.510604999646183
3.3674585572344364
3.3841307123805375
3.4668285367171605
3.4419613533791407
3.541906112384505
3.5554226787961865
3.6113401833889442
3.5940315345465694
3.646135549880574
3.523068146703957
3.5155412075137478
3.511127216192289
3.5956086419128006
3.6364635042525384
3.5820033991814273
3.56068886874425
3.5658734440346755
3.6005126057222685
3.6151390976229063
3.6423723523736573
3.6409118348061176
3.5784817825889808
3.560674824575045
3.55238139296179
3.5878600432559464
3.6109277909063833
3.6619702166132186
3.6336613240236555
3.639941978407438
3.6471510387655246
3.641714984189023
3.5649191015672983
3.519763204500169
3.5269768564884934
3.555540831292163
3.5872665071558973
3.601439197266687
3.5600290491172455
3.6375053308959786
3.6393545460524366
3.679312250477526
3.5438495363823206
3.649095681199893
3.6506034079087826
3.5959824898244785
3.5300489289933705
3.614798581366828
3.6355651989783193
3.663090157169376
3.600042287462524
3.618933810883237
3.6005527897002505
3.5693144005244593
3.529229392566382
3.540042333657041
3.4528952993478117
3.552113839110654
3.5451444918751243
3.5399229618929824
3.4779286845631283
3.512440857904978
3.5341742295822596
3.4545484935344866
3.5445673246457763
3.6446983734098968
3.649376670119685
3.6142792932415513
3.5173434643814874
3.5244083641850366
3.5147115163252
3.406417748995044
3.429061252205041
3.4948690207332875
3.4335330892971903
3.4862862832809487
3.4287363161924738
3.420419139657932
3.4351488442094444
3.48865345031109
3.5533812433196523
3.528535998437196
3.52092528488413
3.552591228747008
3.542325525875646
3.5559978803217094
3.539191404789439
3.559546134275313
3.6027199362350073
3.559391329664168
3.5510902322674998
3.5490937641108147
3.5629886482285107
3.4295100729559524
3.4946337910538516
3.5033973681625468
3.468736903531779
3.4516067538872557
3.415978716921933
3.388227506375162
3.4849208843076944
3.5407462686446456
3.522283187158268
3.4400029449405567
3.422514642113422
3.4403711783025366
3.505020016812826
3.54615824958993
3.5465831625413915
3.6028791730113587
3.6728432365449657
3.693753995817762
3.7235059824301695
3.6824675199630654
3.6004367522756078
3.5312121448091554
3.520426707121663
3.546828197138563
3.5571652469854516
3.5550036332260357
3.5285244171020587
3.5435440465563004
3.5706527983845953
3.5745095151929807
3.6058688667610674
3.504867398428321
3.5470700217517805
3.55211779351855
3.5369608395102987
3.5030569010057646
3.594801477792847
3.6242709821712173
3.634750247988557
3.5473160573680644
3.5274224802178855
3.585544095784094
3.600195504010982
3.526322663570729
3.501488834694116
3.5041395035620497
3.506580096989654
3.473183798914408
3.4443947414462883
3.4491601118750936
3.400426965250505
3.391741691634659
3.4195802153662203
3.4714269199709458
3.515882180624551
3.516524324602079
3.519520315968601
3.5270681150492558
3.494407278288824
3.5717531876310886
3.5307642527399117
3.5474583627932343
3.5913780387691654
3.648277638409941
3.581650479265561
3.562757490446227
3.6012482928422282
3.5125533052181876
3.6259515891064047
3.6631937689503027
3.7092051006860527
3.682173643524157
3.668046190263984
3.603700297080136
3.577296667706669
3.5288325357685726
3.535275373496526
3.543947146217008
3.406797327435245
3.4798453418998414
3.468388864997427
3.4731915251756122
3.4857404008620474
3.4615489826924613
3.495925446644452
3.4784784481615034
3.5275419143562017
3.4764856697617925
3.505235334446518
3.46687804199024
3.4519305482140696
3.4854313649404096
3.5243324204794
3.4308609291541745
3.4754994753815756
3.557719203046268
3.630754726306031
3.781394242666088
3.719287936031356
3.6786004034056905
3.6743810140374378
3.5843941023670802
3.585099004313128
3.591203247258742
3.575897323286011
3.5517393059496642
3.6311422682609367
3.585809659360149
3.541010184002029
3.5875948279668153
3.6259317392296913
3.6256714716143907
3.6301537835186988
3.6561748506122744
3.6435913693944437
3.6867714524915436
3.7132725010656875
3.6514323110393434
3.7536824929211514
3.709418951944602
3.6434860703463503
3.5797310052213427
3.5324483644274145
3.5191585513624792
3.469170010910615
3.51079675360225
3.494308343706596
3.5189864846034378
3.5682839446511188
3.4693275577704283
3.5600036712140177
3.5778834747788655
3.5132713736195837
3.5361769324261263
3.5078377766175195
3.4978447968160182
3.5229597808183692
3.5299937535998844
3.453553176055465
3.492831681708747
3.521497831298967
3.523860542191733
3.5258278016661784
3.5248015796182246
3.5022433357229312
3.486346656203841
3.5044278058435157
3.457784598335036
3.5179136769116277
3.5541308063563353
3.468847410133575
3.597722713294978
3.6849529366773597
3.650007838897776
3.6176047651614405
3.605477880328469
3.53379326102305
3.544911368818479
3.6170746288044593
3.5598619304096384
3.54073856969797
3.4995536345412575
3.585413072310834
3.6187245640442045
3.577824906006735
3.533542365132214
3.5577630716778113
3.5439027866998973
3.5970091555432306
3.562052975549438
3.5089919340408295
3.5423416192140134
3.5228877832015364
3.5326583104521885
3.475828174529738
3.5157014707393897
3.4804575823090564
3.6219286972075055
3.5718160549274707
3.6119451349734635
3.5838010803055065
3.5514342966769776
3.6105670984017664
3.5998415660731777
3.566532421606663
3.5446244303408303
3.5145550665010066
3.44046364527145
3.470723341242848
3.5164472136060887
3.659226353575825
3.6082604012035473
3.64801044288851
3.6124453593660544
3.5492197946360875
3.5459824810546263
3.439651642921067
3.449950682627507
3.502741400701418
3.441807114666978
3.4521208807500465
3.5316422267291787
3.5188934920253736
3.532875185946958
3.5763160445449436
3.579253147711598
3.5349660338011684
3.492996153308615
3.560682006150926
3.548563345778971
3.6699511983092945
3.611864548210645
3.5249940704783063
3.498410150569608
3.5723063805763013
3.540221449935516
3.596948201200028
3.613318542903298
3.5567619871543736
3.580682566156261
3.6156589365142198
3.5481425381100578
3.429060049717434
3.4411326436186207
3.429320499019946
3.4044568989770876
3.5318846028895288
3.5070819291376694
3.4350285819132793
3.442901689675785
3.4702391204948393
3.436244523320461
3.4459293345106405
3.4889517594356088
3.502702865065828
3.5870181035416278
3.6523236006305875
3.6633347074916283
3.654331682021854
3.5886058918446158
3.6679932722193906
3.5670978615150135
3.5544661571410066
3.5615057191479966
3.5880951346263856
3.6269322203901475
3.560806030265478
3.533399418664501
3.575779868565035
3.5987974512854306
3.583538201915718
3.593032496402756
3.524433052654188
3.572976776537749
3.6267352967751796
3.63777200634738
3.606803987234181
3.6291765564321663
3.6605967115283646
3.660132405004019
3.646628860533291
3.565667314091983
3.490182843064824
3.5222867459439566
3.4803466973730046
3.5246229568165997
3.586563830286851
3.6294639806992146
3.558626438946597
3.5563305659682056
3.6226002897621514
3.6900637504751765
3.712648364224179
3.7247303648593486
3.672392520546766
3.6008441972858485
3.662647982804765
3.6651195473782368
3.6755812149502973
3.7206505165612636
3.6940530787386177
3.6289954349630094
3.6370442122216806
3.5669421718815877
3.4859259343678644
3.532757718916455
3.50660633385006
3.43317597505891
3.439633359631099
3.422059962071134
3.4099977448620225
3.4717462040779856
3.3982566838460473
3.522255660333439
3.5374650361900972
3.541932632603342
3.5310209515056137
3.479460055551682
3.4914001925598046
3.463442222721211
3.48603817641772
3.4900697630260953
3.541869992386144
3.5190135809057064
3.5541201923341212
3.4417625801041405
3.4485387868590696
3.501527500876532
3.599903879310408
3.529642876706385
3.5149871219247375
3.406468376297006
3.4582765215038647
3.4964019397830253
3.5243191954835944
3.573820768708153
3.516370832234572
3.456192032882046
3.486508619412476
3.5678373831934738
3.5187794187243493
3.559338790051617
3.562051456657158
3.4778963658986144
3.463806650519642
3.512581231048203
3.5220404684758533
3.5194770001637377
3.4584537783549294
3.4743845436922207
3.4749631597956325
3.501886991033938
3.538162068945053
3.5212018415424273
3.4902860252280847
3.5480967242046066
3.5684993199818527
3.512677231429009
3.5186047265431277
3.6000069526834655
3.6592335641856732
3.7184387078705994
3.5777433444579785
3.6130087491865286
3.6305000353823575
3.5659995546957415
3.6208176622427675
3.660560969164791
3.595853901500391
3.720983946871711
3.7479705792302567
3.599659742796567
3.6237676004266355
3.631719866309888
3.6358117074163694
3.636038352908514
3.5846950106651714
3.666811903800618
3.664069152267882
3.5776144938207572
3.5728038227755547
3.5893219341511213
3.578595470974954
3.5626870548943845
3.5408310033088064
3.5987320499698825
3.5899394329134324
3.5764874128058075
3.565859692838031
3.5482963653372686
3.537819931360817
3.586513478065294
3.5931374562684577
3.563608582513088
3.5262518622617476
3.4979897230936277
3.488654872930451
3.431470559578479
3.4446831588211984
3.5289267857925575
3.479004249228075
3.5299577336417225
3.5575571554294907
3.5897016111179236
3.613094680137364
3.6188213505547906
3.610689007590684
3.576790796759222
3.608983738380873
3.558250581543922
3.605356595689517
3.5474562062884316
3.5063025191201604
3.502095840691448
3.5150208971076955
3.568419426326057
3.55215821932376
3.616364916505931
3.5263542081080987
3.51451464341399
3.4780601508825697
3.4521723784026075
3.448836447891686
3.4648117411693073
3.4557123667215914
3.4812039804290227
3.5874926155273696
3.6000379919315604
3.6107190696905986
3.558976925963919
3.5241935300345073
3.4969036594875464
3.490738479934508
3.493409917924424
3.596425985056919
3.5554907872726993
3.482902660450843
3.434860599321909
3.4352095520891806
3.4289961578667683
3.5191166484636236
3.5447154253075195
3.4136134037190877
3.4678270687811525
3.448278364622218
3.4743598697985116
3.564111999615113
3.5623812086082234
3.5384240249019516
3.542977021506945
3.4837374020630456
3.4496643539604803
3.450507788429796
3.4806630012167874
3.418459612953734
