2.508799620019688
2.5656149948075897
2.5024330668486714
2.4924588780614427
2.6182336255424357
2.6039167605292706
2.675398210544299
2.667440218494368
2.625012837527008
2.5914980628941344
2.5868818161427205
2.580677195052725
2.657209130996489
2.643708849554896
2.7464022931430674
2.7926848959132182
2.813873007337501
2.766564285589316
2.721115061668859
2.7489270877287764
2.765800838767209
2.8086154673257915
2.744770143418026
2.7797954194790346
2.66880645897285
2.572500833331732
2.554459574422475
2.559174275978633
2.496015441501012
2.5009785725375426
2.609953318057201
2.555165990565962
2.525988678745355
2.5437323648083883
2.593931973785037
2.526071983337327
2.557504904915562
2.426193402111954
2.6059602962042834
2.628331214398649
2.543093446606145
2.5979722899289373
2.6095895573126002
2.5253293881727057
2.5716311683929787
2.5302220965462423
2.561152255175709
2.5490796340988604
2.517557862285055
2.5377590685248723
2.6058720842743734
2.5836872646957825
2.5901775873679664
2.6540280789964643
2.5481059682001246
2.566337870933933
2.5105170416510805
2.58325673411732
2.5579707757411265
2.548930634122753
2.5610601435150135
2.575161192043768
2.528522412714371
2.499803129779558
2.5757162974362626
2.5970522992011165
2.5969401312117917
2.505725398099273
2.5055231332289374
2.560078644214081
2.6387264014042042
2.5895745447675154
2.509687431197856
2.5567709617033882
2.5602085373590455
2.5310512420758964
2.578726453864743
2.6421506973388977
2.6362318361734673
2.623560565008366
2.6249550405203204
2.529943119054396
2.6527516326205562
2.5687800947177992
2.646775316057075
2.608643004290963
2.5519098142403007
2.6247183194433905
2.630893229163994
2.5087402936842893
2.473549842136447
2.4630884820369543
2.520898491649378
2.5927704739603192
2.5610194467977414
2.511945685483307
2.5038609193235826
2.4609323445515767
2.5191598016088337
2.5054793872233025
2.6172664744004264
2.7882727971753973
2.6116793951652952
2.613681203976589
2.6250450720872243
2.635664032682164
2.6360955683149467
2.7356218687680354
2.6958387175616045
2.567756096080585
2.5523241193611153
2.5229920101064116
2.5743959368254643
2.6142398462906664
2.6364403541777484
2.588413470751087
2.5705011696102407
2.5925382514017734
2.5486419858664586
2.5906074354513784
2.682005565857109
2.715849843034625
2.6232383508788684
2.6969797677980543
2.679634657446466
2.6097907198417434
2.577605186949129
2.591381530380506
2.58616275777614
2.4857034370895192
2.5321714622048366
2.497759704329879
2.6447612956423985
2.5488627603007616
2.636216554627599
2.522596818763475
2.4965887516359175
2.5206752099855487
2.581050904747238
2.542386331109268
2.6059522424811195
2.492483968444754
2.559041121727472
2.5588401738143385
2.6199225193527806
2.7065014777599967
2.678224320628037
2.7981518931041953
2.852308357206387
2.7023909614825943
2.6639701391763078
2.664910303092822
2.625290283027127
2.614301594657365
2.7082296789456146
2.754175603338493
2.8304253519711238
2.778108261012651
2.7525650900118137
2.7865784351571468
2.7641174679443163
2.710339534844586
2.637213246603093
2.5425344839569712
2.5789389480619005
2.5414096322736515
2.6262096704247764
2.584233100536582
2.5758458900397616
2.64276949510681
2.5846399262460293
2.5843152201064785
2.6196247417310006
2.494339123082963
2.505992386370278
2.480845233854721
2.4578518446725637
2.5420795803432905
2.5246469077697964
2.479180147203461
2.4584132908393235
2.4909999351032135
2.507401479283067
2.584618660104149
2.5567313000508567
2.581268118390127
2.5632777235884845
2.629859425646608
2.6493951446915385
2.572495767603329
2.6571054345259886
2.6146079436960328
2.7026968751326033
2.6640785898231383
2.6630734574042054
2.7105347420333694
2.6646521489654944
2.6442532277274267
2.4998224122108197
2.540814977593687
2.55452144315646
2.491892757178115
2.4888725653231774
2.4846590340121937
2.4649306453082356
2.4630390583140795
2.4939210390188133
2.526111764630109
2.6080559974979503
2.487115012855847
2.503258702247144
2.5276223482168545
2.4833075217776623
2.534866180286705
2.594830959690379
2.6488134774629346
2.5431369267404853
2.6345705122460825
2.7395699280109618
2.830239184174043
2.7602271363128685
2.7248705751539237
2.647245078961347
2.5644441967367007
2.5677427684885896
2.5016992450915096
2.5872783286500463
2.5892223176144324
2.6310860006275387
2.5748525817819794
2.510847855967313
2.579150253252646
2.4907164637652897
2.5147353333973697
2.5343169006861985
2.5509682023729323
2.5162104530617957
2.506908168222061
2.529955907412068
2.5143762065439823
2.5511950352328183
2.607609351636619
2.527637032607261
2.486261569537647
2.4912659589932096
2.590790713682128
2.6458931700133483
2.5902530759382714
2.477527558268209
2.4306204152012523
2.556032078753612
2.6178042247124527
2.545569970486816
2.5309446834048273
2.5799788921341094
2.5531883150563006
2.5019507638877796
2.5415854638588895
2.591065254821562
2.569206062555321
2.584793516343802
2.5047709949484953
2.6027480177759235
2.5790210462419374
2.5640555891674914
2.556224592896667
2.570357889904523
2.537735364026781
2.5240487531949265
2.59147283400154
2.6049039080615835
2.610027517915784
2.5235176673528086
2.4799386754916823
2.5910061370775557
2.636345610787129
2.6384413507237463
2.6420421274491668
2.5345956843991155
2.553434032171195
2.5819110123340905
2.512040826316184
2.5091308335990914
2.3840890150135863
2.4167799729612556
2.439507087651625
2.5211639411949887
2.4732058310854095
2.5004799218526017
2.523221407774957
2.643014190667404
2.7059781211496867
2.6922043255087678
2.705331911778338
2.6364698292310194
2.697477532366066
2.6411329725340558
2.632836456891894
2.565027887267747
2.623060700993958
2.5291493438628176
2.5833573627561357
2.5707190070328263
2.6265681592784373
2.530775383327935
2.578119908756093
2.497723275886687
2.501342087941541
2.5460150061331794
2.479575326300355
2.5771305479314193
2.6076161505644437
2.6371330432711195
2.601216231214881
2.602486883118946
2.560366967356121
2.5932507753209233
2.5527526580261117
2.5839813938465497
2.5335016466535984
2.5648844424171973
2.514040525868226
2.570601363974985
2.678944520890874
2.7834345301462826
2.6834969188331246
2.7738135156803008
2.6799455623699413
2.605184628201738
2.670461659278418
2.6588497024586344
2.6250442137843417
2.5591522183575366
2.546519658637411
2.5544196935754377
2.545761247606136
2.5872992012125673
2.6660633548439394
2.5808324977129833
2.4372939887737237
2.484992213631156
2.5160094301802123
2.444957381013384
2.476075183579509
2.4553763539260745
2.43943621563814
2.4513637531091184
2.399276827652751
2.4020080570196947
2.53771728555335
2.525401634941591
2.4759605790648562
2.5109906254376018
2.542964049259322
2.507968554621307
2.447381759538334
2.4487127502724464
2.460591298425491
2.476871395744536
2.4488945083960116
2.5048483163316204
2.4171012033438664
2.4370689464519453
2.5161748831929533
2.526120813100449
2.5168652722341758
2.6055373139564524
2.5638277492912933
2.474833820028984
2.5462475063871906
2.550806863672358
2.6120191464896605
2.6506533856912027
2.638837261379745
2.537661493391849
2.6275061879942085
2.4858007057655827
2.5473928538743396
2.6494971683591624
2.695398481516011
2.7224755323538012
2.6371233842882518
2.664989209415799
2.6818397989979674
2.6103575874281693
2.5767899554084104
2.4768730103314187
2.5436822230989664
2.485119571566248
2.543906062025118
2.607711225926266
2.616235994142588
2.625241881741399
2.5474893496230298
2.603453404509698
2.6654686760181363
2.563928836366152
2.5297439747027894
2.3913491355773884
2.4741547390802827
2.4421578337780034
2.4393077420181095
2.493341658199557
2.4948509018569585
2.5292970649638415
2.524741513443036
2.6557258581610217
2.65417960891962
2.621995062915793
2.6740247361495064
2.682625296183753
2.7635161742145384
2.7930656931557043
2.7364146689523214
2.80589447662854
2.74758776877181
2.670857526234411
2.693295735744261
2.615712355209255
2.5932912472413485
2.7201859015600705
2.6589569373247244
2.699826101978449
2.7550420006108713
2.7118813825482535
2.784002427924838
2.7404191111621965
2.7178571439231325
2.766350013526159
2.6937370159219602
2.7026412884173396
2.606725418629721
2.5921301868690616
2.690594416630109
2.606401010234561
2.643623772586791
2.6311547272712317
2.6309635202787396
2.668371607932885
2.561588315884291
2.5797850561517994
2.615697155212101
2.589655679677836
2.613608751113428
2.6322066404283904
2.6335296265427197
2.5356053975939
2.5371458482121705
2.5690336475725317
2.529446622945864
2.626345801500118
2.5503388873954305
2.478358664037812
2.508282691578978
2.5399970405097636
2.525512176046104
2.562667094303383
2.4724045565080517
2.578316172862211
2.5981292650244225
2.6565505200732145
2.670524069071194
2.7062114963678505
2.5642482065043573
2.4688601755828326
2.4821983014237654
2.593202957831949
2.5474946496362705
2.595714297631429
2.6150620780536915
2.6242638713033584
2.5224003890064304
2.5828897275494396
2.6993635040290336
2.6292839794295717
2.569523924202422
2.554828906548269
2.5687685980822503
2.6069200873582092
2.604374463133359
2.4658016035372072
2.4900942219296835
2.511230841600208
2.5751084567700535
2.562127123540287
2.510945272339256
2.5455601487641486
2.553302977196833
2.577903471052884
2.60727323304122
2.494386027810649
2.483547950050432
2.4325680594815333
2.4074145333443373
2.4646833517961775
2.5526306681660786
2.4422888762380097
2.4831010085427168
2.4973006236961908
2.4665122620808644
2.526178476874782
2.544989976306847
2.451731967905403
2.4860085716798275
2.552484407672673
2.543341871359792
2.5366822117394996
2.545422004238052
2.532042639814976
2.4763881261019467
2.5331289917073594
2.5606283202007196
2.5278453136110888
2.5444205167731435
2.459055555683369
2.5552508528622533
2.5883068609019695
2.5420888978147467
2.513570856066505
2.5300909542074472
2.5634400046328483
2.6114838526248145
2.627596941402422
2.6444848399825664
2.7034940690278115
2.634295301870149
2.6598918461547756
2.6398242358195954
2.5201350408652377
2.499456133589874
2.4420847994000034
2.4967994673278198
2.5462579499027647
2.5239036289151553
2.591490983095502
2.584521195069236
2.528334126327754
2.58914300071026
2.6670185817714147
2.5859143031760103
2.5912875051597206
2.5911489567866717
2.59027729363488
2.655869685738627
2.6637370888816796
2.681161561595954
2.649489029966605
2.682547241839048
2.681773470869303
2.6647360224105827
2.5895307753326073
2.6617360819749236
2.606697060393199
2.6314426383957317
2.6446538301633975
2.6078968751397076
2.6270965794501344
2.6078331825479757
2.502651038578987
2.537365340900718
2.526588866768946
2.5101668407527007
2.597450781943654
2.6557220724425994
2.599178462567291
2.5689664223919135
2.600829548626739
2.6442885163762306
2.5964884552623935
2.599757362244967
2.618811617615549
2.6249596492963065
2.573162519137618
2.679197274737523
2.7632609162849744
2.749565241984464
2.7860679872234453
2.842612055608579
2.8071865888754224
2.7076566147978722
2.792415554801465
2.760440087941425
2.672815373303246
2.678365607506642
2.6656767088636384
2.736214654954203
2.773767905155332
2.7848225743219728
2.821590303133121
2.905472514208087
2.8612222428437426
2.9177471939401496
2.8495126633577947
2.8465359067137754
2.877706613179092
2.862145614806077
2.7872038482831827
2.8175458196703653
2.8617874481225303
2.746010381436052
2.7381620645227405
2.7274420173433405
2.6906437448410196
2.644797215218035
2.660030841611399
2.617736072743889
2.555124834287749
2.7010957905974218
2.587452292547452
2.6088861493333724
2.7047122085868374
2.7627925531867943
2.7081867273574116
2.5126972419502036
2.6526605154648064
2.5618472181491345
2.5594436692692586
2.588754915894868
2.585467016540443
2.690799365801354
2.721953974030876
2.6798746388231636
2.5496325539121933
2.5229939177652763
2.5272772731344535
2.5644696859859506
2.6137830360380763
2.5437309377805315
2.641120498526325
2.591219235465679
2.654724194173838
2.6561242849916766
2.6646221580293017
2.6847606619051367
2.6972677628075905
2.7045171404853687
2.677185042330136
2.654655018042651
2.7359054518339914
2.6976601334869312
2.5878627965357635
2.67231136085523
2.6844818443344733
2.71956694082582
2.5859794473017232
2.677102654190475
2.673020958795933
2.6919750532192035
2.622261604683645
2.6568867400265535
2.678255513832651
2.7615866111344958
2.7286358640579986
2.5566280350568746
2.520744910336616
2.5246629165418137
2.5437328515422744
2.5429581240864247
2.5583669484082976
2.6229253760407043
2.6196911208097515
2.6332975739149838
2.57390118096598
2.6029230622325743
2.5572221004288993
2.597888379740265
2.625951207568084
2.5870262851449293
2.5263710594049082
2.4742809475338916
2.537430396732241
2.4505806401364763
2.4640634641121633
2.598976361310526
2.65437190414738
2.6570758537010635
2.671589366701039
2.6945242604355464
2.660233125287491
2.6399526759790004
2.5794178469056264
2.6461745271343045
2.5875289822291063
2.6000838603851415
2.6788050217682438
2.5802131229695524
2.6309356311991112
2.768300185509429
2.76094996854314
2.8050101732939003
2.8976795614396353
2.805565588905329
2.7842443338906206
2.7718493367353583
2.790650127030508
2.8341648800638146
2.822552023135007
2.871841149084621
2.796625167841061
2.7607807244476
2.7791401996279657
2.9004804217096996
2.794042211554813
2.7094429957497983
2.7584951061514755
2.8342230407889444
2.8756388641786144
2.7857738656313655
2.8269858251938027
2.6627730728499865
2.7033588820651278
2.704063769686685
2.5746150248835
2.567403644254784
2.5199202574586965
2.471452290093511
2.632664390255024
2.678600443629049
2.5355612370601674
2.5486414176903445
2.513442932147063
2.6221015593140247
2.6836509430810676
2.5481295837744353
2.6166857396758005
2.5324501844603438
2.541608296390589
2.4399280366538805
2.452258717271646
2.5277735595926365
2.498249822557434
2.525157102294367
2.4479738454999236
2.4540677850677413
2.4432456247619148
2.5504568045277716
2.5182368631589886
2.7111948371230477
2.758024174128184
2.7926718523514094
2.8602822901337692
2.6135810083070408
2.514987049044201
2.656999650375168
2.68721409714372
2.63370634458652
2.6974477479385612
2.657618283169826
2.6215829363936063
2.679913141173687
2.670749580433051
2.7152082778698956
2.646043912365792
2.606694498587361
2.62759369489922
2.725066150156814
2.6741066003948815
2.7097390810392947
2.6797898469801265
2.652036111628362
2.7011013771982553
2.727885985894758
2.716312359018617
2.7639995840889933
2.732238077126045
2.7198350254853065
2.8224230684642873
2.7082969795829004
2.7079435427953595
2.6876454909216503
2.7616472507856638
2.699536963551656
2.638501279193891
2.693008775438007
2.588882345044033
2.580040319030211
2.584895134679731
2.5677078745638924
2.618396672446719
2.626129871791833
2.732605024443642
2.544425495520772
2.5400936460027177
2.5624787032352465
2.5478910202022984
2.4537494086951357
2.5216477754581654
2.575991060685295
2.4662919868381787
2.4852468686318074
2.566179568062468
2.537267682581992
2.467396039487022
2.4853919798225115
2.48833495690511
2.6052125987037082
2.5240142387612963
2.46647975227526
2.448105018125524
2.4729766958401225
2.5024911847488798
2.456637567337225
2.4476002090016586
2.4617562087798137
2.4244750138647886
2.4912516702135163
2.5529519392165967
2.5544222380185135
2.5769002545410578
2.551760176258098
2.499151844525838
2.4593856677007184
2.4903648252139114
2.5397895719145627
2.5720612094840694
2.58562949575215
2.5610025446212985
2.530045538816681
2.5588582205924117
2.6014539403495944
2.5208997517251865
2.5521521375127163
2.568062517206534
2.5676278852133683
2.5430697384912375
2.552570319498557
2.5444838898376188
2.6104448359186634
2.596813096650851
2.5623725755188698
2.578896040690229
2.632786559468937
2.6279357974026403
2.668447711892154
2.6062250399261653
2.7854242389755113
2.7135452181583215
2.7512732932361152
2.6780483842518343
2.6531492301732826
2.6355011981094476
2.658810264109728
2.6251586248027934
2.5269366351262113
2.587856569973911
2.4656324807314784
2.4446812233636273
2.5601223170715155
2.5394908517917187
2.5273026626436
2.593771541965073
2.5636711023662446
2.6190242074625334
2.483335735433599
2.456200947982462
2.497945079666628
2.5624596537737863
2.550197459908825
2.5934991618578938
2.620533920108387
2.603079182853383
2.6597524834841284
2.55803638591307
2.5548382362178095
2.489216430076764
2.483919412197539
2.460963869434681
2.4847890411949245
2.5610717775758456
2.4509098386866737
2.501482202405253
2.5143899023088028
2.4500331584315873
2.4153685247374788
2.4662678254260686
2.463683320276333
2.448266740844254
2.4812982332904494
2.603320756964031
2.6952629907184
2.7477648152759224
2.626623649275486
2.631801831808793
2.680987733823302
2.554827034459554
2.564806148375466
2.4717338772733983
2.5188585199954217
2.546332521531581
2.4744508198490625
2.518571268888973
2.556172179034229
2.5882887430332726
2.602762515487876
2.562381458085685
2.5176979104856385
2.4443241012633474
2.5852294664110964
2.5792434059696974
2.6157817780419044
2.6574078755376176
2.5879353626124963
2.539352830461857
2.546473048311162
2.584534590875371
2.59535166432371
2.573528378060051
2.5545278315476097
2.7253394717480126
2.6648455679273986
2.6553428473693192
2.516165637354795
2.5504139168543594
2.5503847221541034
2.637443082362242
2.730271715698594
2.732359985649243
2.7871137449599805
2.717471182826051
2.749257155080209
2.7288990711245096
2.736682918616754
2.6893799379637797
2.649023482089794
2.6329730654009578
2.5873938336027797
2.594090151158655
2.626611598688428
2.6554912970449025
2.638024705755462
2.662018883422139
2.641582119056435
2.617127959107946
2.502269084714754
2.4742125592638406
2.57067834474304
2.520097862119146
2.4607734331275384
2.5754591975881262
2.445201148533877
2.5128428178508235
2.44773568349628
2.449933336787524
2.4869963304116314
2.4926270112260682
2.479191819908421
2.5855106234152063
2.4959039012472823
2.534006690243098
2.5569570271916566
2.5631373766850714
2.5165165430761816
2.51650322687086
2.5329060884976906
2.610534807074992
2.5273537593597366
2.500881058680112
2.5753828762030397
2.5446747656863313
2.5980284415100674
2.6073403580542687
2.595191689167474
2.560482461908839
2.519673756062591
2.6384550842306043
2.4754496769288905
2.4321381388344747
2.596687334642556
2.589976936456051
2.5857525221157336
2.626729860394603
2.518907818840753
2.5388887768563215
2.534938191864972
2.4866607451521743
2.549521959070477
2.4682005985715625
2.5357150813839775
2.5527991811489374
2.5205200715667115
2.4892365428365832
2.5241092277960697
2.546259677366661
2.4849184730115854
2.5180616204327704
2.5485886964967257
2.5275055405882996
2.5095121074125557
2.4600596954856155
2.510402653924546
2.5583159977414422
2.508153437660409
2.5214855424757734
2.667024918104662
2.755072925480538
2.7225156178791345
2.5950149578967006
2.503341106850492
2.5174853968532585
2.5009194918406545
2.5724846532186905
2.5370976082410324
2.5431288309118303
2.5465518697592198
2.578719061967378
2.651184304398378
2.654456684844251
2.496001593900102
2.5217573640953406
2.5390732437314276
2.5268316074836945
2.5350233000180618
2.4777473952649935
2.5437319818381665
2.5359614091395373
2.6321757011329643
2.5917231288439013
2.6282122762456304
2.573328402896222
2.541503579145746
2.598935232602922
2.5392500736332306
2.5055633481224544
2.48944842398509
2.586211809453293
2.544620864632537
2.5578348652147587
2.677402990093142
2.612361137857981
2.7623509222724354
2.7138091246231912
2.6348409094717495
2.6177751903925093
2.630320436831445
2.5789047220956562
2.438452394476739
2.658086424238331
2.5714320152551027
2.726340692179849
2.7012346307441812
2.6003940370764944
2.5175345989183286
2.5559139143585035
2.62625842081378
2.675871787963713
2.703927881897377
2.7884636395368845
2.714557574941478
2.724372341962682
2.683161160773035
2.6994877759434557
2.6459620398822405
2.7380050984948063
2.782148684982472
2.737094385050304
2.7184695342410707
2.688480068286502
2.6950263685144424
2.786519771600562
2.738400474183501
2.7126468889501294
2.6541843352350676
2.6602608995423997
2.648511234977787
2.6967671996202847
2.6860041475724517
2.688588920408243
2.646623248834722
2.725409845721179
2.708600474490124
2.680575535586097
2.646241849238722
2.7553538504987225
2.716373245944236
2.634472788137625
2.6909808392359733
2.6657605756656313
2.739964799337355
2.7232712918232305
2.8076771788903927
2.7949647989199917
2.8422725884471243
2.695932884346776
2.6492632574834856
2.618883764269831
2.620811646762265
2.616624393098029
2.5791336080965497
2.6075498816552094
2.572748826431551
2.595172255463752
2.5062369446317425
2.5401700329278296
2.4549220482911576
2.5163712983679907
2.3954913138076606
2.571280356412711
2.536212288019741
2.511140555302898
2.5298573740423302
2.569136713225452
2.55987621254348
2.695401241589141
2.7134270083328054
2.723677124531625
2.6899540468832615
2.685976935911409
2.570350159025158
2.564636819298694
2.5262722496170835
2.5360381741693256
2.4973084985562606
2.5255593079275362
2.5437837326140444
2.5524269319607833
2.574338455443732
2.667336453228974
2.602542929900167
2.5647970931393544
2.559988409085042
2.5207351061385523
2.551102643436614
2.612638315332553
2.589162251671369
2.5465732704795783
2.490495256430766
2.44716467163591
2.445596683563715
2.5873357894030313
2.532801874867444
2.5186829558106987
2.5070421604931203
2.5627165428457057
2.5582174189508495
2.5125361210753776
2.508289707254297
2.495553166974356
2.502552935309291
2.46418698788691
2.5625120592845296
2.5320505541668274
2.4786280855242473
2.520851312306802
2.582806726840438
2.7168463942750134
2.657029634430356
2.6705504590424542
2.7364440541808746
2.743283706504148
2.6229098582614947
2.553270096580118
2.5393242972335877
2.5305464370779
2.5177691225505088
2.562563770834076
2.55256242676366
2.49116370216308
2.5285140906358747
2.565287470780695
2.540227126517901
2.5657269486181433
2.5710937134371563
2.571020527207551
2.5121296487490126
2.541642193930471
2.5807519396398027
2.5549945167743076
2.6067045714015755
2.611062724560097
2.5427846442444038
2.6216462801641587
2.619874898476692
2.7434310106425186
2.636843550760867
2.5398531133863336
2.529625343872772
2.5314812235709665
2.5586270726559417
2.5859954385738373
2.6085672791155794
2.549257512527411
2.654316097388031
2.6228279142816504
2.6408433786494934
2.5416136338578883
2.5413439975283323
2.572656230739249
2.525036283390433
2.478975372356007
2.468205722350123
2.59021069161018
2.599765892703253
2.6511116703420754
2.6024137954957913
2.5450170264940737
2.5853441743024352
2.6062104425994064
2.5496725482752325
2.570246427546075
2.6307343646661816
2.5829086686254947
2.5835189852992206
2.5237047987008676
2.5859422801839793
2.543154682261358
2.4779669037902137
2.4486725812784425
2.460630514586848
2.536655646080759
2.5374290668809483
2.5329565799341482
2.5312928943879145
2.62757390932609
2.5745528958284822
2.4561468062843512
2.4995735488568247
2.5217709326350244
2.523641233382247
2.4933384914140784
2.447332532852524
2.4485495857956097
2.5578924043689018
2.5696075562896246
2.5208216910336354
2.5094008247890947
2.5089096801876236
2.6268089719692442
2.529177998746718
2.4616751179385967
2.5472226867860726
2.60885489980276
2.6298523630133217
2.572832649604223
2.5901826602020455
2.5790001537319407
2.6034032729215375
2.6422303665096165
2.6737560294649443
2.5811197886235653
2.5832650963065715
2.531582073080578
2.620402804436348
2.665940752223986
2.606729095444143
2.530002437742931
2.614904850196877
2.61404331322237
2.5741540088641317
2.4702124412385307
2.4443597140693587
2.5155761763169138
2.5446028625692607
2.5542237632361915
2.6356795645328277
2.6418610475483084
2.5379489079637505
2.5865892430705175
2.59089670637663
2.6421780236719026
2.5247455321463494
2.471808983310548
2.448618935667515
2.537174519756413
2.452538706604188
2.4407715792522975
2.509180663952278
2.4245454815995298
2.5446061181403
2.4094075001184687
2.4405997404315736
2.466364368844158
2.5111542576977186
2.489039396953961
2.5414464257596334
2.5201860474264124
2.488610741926133
2.559614311971808
2.5660267885345274
2.546520882527685
2.585028023529135
2.555979193834757
2.565626614396158
2.556173383565481
2.662590353500666
2.5578733689149553
2.6287491324745558
2.6271706219116773
2.652894907652699
2.577582488259703
2.6319177222512153
2.6524866213375184
2.5575995744158733
2.557050202888712
2.579391163620303
2.4998493771082124
2.50981565540886
2.471894021435811
2.485320230173461
2.5588202893596455
2.469108088081938
2.5376761979735574
2.520412314522703
2.5545110800348363
2.485953723231505
2.5765779020113007
2.4180176810121057
2.514367278774279
2.6248673303259307
2.560322962979573
2.6784977832740235
2.6948851409384025
2.619923141477704
2.636938436878451
2.4915057719916773
2.5898674142371414
2.5326403942808104
2.4035124736615052
2.4250131233256447
2.549851796973339
2.442261037818523
2.4323603023358737
2.434056966560462
2.5866460548835764
2.5230045341944116
2.5323971940214713
2.543761192668171
2.531012561811526
2.4943677230026413
2.5440162477627126
2.4707212685662756
2.384000111192756
2.459884619010646
2.5089081556405297
2.499447814767716
2.501973561543428
2.486001488480134
2.519549625497908
2.563663494449229
2.5907817319008064
2.7202573815198456
2.6628939902423303
2.590312105273211
2.686601333017879
2.7207108754440568
2.5790503851622026
2.573697297675885
2.5776781092505012
2.5967911418339806
2.5903572752079844
2.5487878554072387
2.5364277097612384
2.551412561483122
2.5604813917774303
2.502434246911816
2.507235632340424
2.5425516409249145
2.529953693596331
2.4891196205912904
2.543455332038785
2.5241073139355903
2.5547274276735203
2.544380455974691
2.4943092967751705
2.4663541965950686
2.4020465035354683
2.3864128302258822
2.4572477055364557
2.5664525896280166
2.511914669839763
2.5405661744998724
2.5213393846449863
2.488938789168888
2.5010172330757
2.648480188190417
2.533015622147678
2.577367957952183
2.54249380232323
2.461801029559732
2.4374607439881766
2.4991567433678186
2.534526858873202
2.5653419602426437
2.5841527249719194
2.5008680538437087
2.5681793043861307
2.538696892154547
2.542462157462531
2.5164421119645577
2.420183409325312
2.471981365288581
2.4722182717600663
2.4798746212776326
2.5186852047768853
2.562988531244321
2.59765323351908
2.5532407657448424
2.525267425031438
2.6796449126751405
2.623067682778044
2.702369970927651
2.7273684469508197
2.669338489653608
2.576788625523207
2.5297736827839543
2.5738019680257374
2.486043946916184
2.5480936766005984
2.603461130189525
2.6478919299002133
2.612729917217246
2.5461740410562514
2.5924296779994425
2.6700207030310956
2.735620013316659
2.656532886348363
2.655792910963475
2.621027135070635
2.5923785225203284
2.605865418413722
2.6476786498408127
2.6520813814658917
2.613464290817834
2.637182151392995
2.4850308841583795
2.45370823700073
2.3719465839765306
2.463660834787683
2.5044058551835087
2.4758719288358533
2.5373534521009478
2.560277472328372
2.5710822097813018
2.5398410591469087
2.464861202944039
2.563831935708002
2.5523997190737773
2.5699463970012864
2.5904763678395217
2.5075933196815385
2.538914401935025
2.4858948182471514
2.569261453071103
2.5591697449045014
2.5582768199896133
2.7340370557495146
2.620655415519894
2.6847724160405964
2.702440229319395
2.5990976518443225
2.4667974684489167
2.5149778955787836
2.615582210793033
2.6041777424134978
2.5129595187762646
2.5077384511433323
2.470858184506053
2.4870434412793045
2.5248395480866814
2.52133227301925
2.557228316966207
2.5223841636393782
2.5248769128092343
2.607387023279243
2.683950251105208
2.6770696649709143
2.6682797079880736
2.631290948050402
2.744281305551983
2.6952147282792365
2.598098532594101
2.506078662110995
2.5650834946013217
2.5301013692699006
2.4768595075780495
2.555520890796206
2.5173656539167792
2.518036495881119
2.6138331388818106
2.4976268898407703
2.604382351555454
2.5693993661839998
2.658190152974755
2.583352546811357
2.566409168734714
2.4004234005631724
2.457183820243348
2.5394362262393644
2.5394643584473595
2.5882869390389556
2.5769356571644786
2.5256379964710898
2.5985474951964758
2.614869678252825
2.601311007643682
2.5099863748934954
2.5471188671020095
2.5071481981371746
2.5020016608336495
2.573686229079623
2.5354338552621423
2.5847621451253464
2.659672388987643
2.5659526637451324
2.5785914973281416
2.70824378107879
2.5295525381779878
2.5715762680050136
2.6012006345295116
2.6056425959378693
2.5444369114503926
2.5816920173379585
2.5659936776126253
2.5526883724879403
2.527570674296285
2.524094923600098
2.5758179825097285
2.5978291702456913
2.5748553993084986
2.5668028419756976
2.6343675753029467
2.5849233736732184
2.5901986060513527
2.498644543758035
2.514600660420074
2.640328088891899
2.646235762844589
2.6018740454801264
2.6239156537990396
2.5023724277828094
2.5455971071406287
2.59007746736232
2.5986076620040324
2.5286791219416487
2.5523450440811497
2.479888456833042
2.506533849027442
2.4887964449308018
2.5749552643535014
2.5740822316132945
2.5307684325903836
2.562262201319559
2.6089070714097335
2.501276261428358
2.596759614620363
2.4958113883808735
2.4405155066598883
2.510585776419971
2.486316615165716
2.5404029168148674
2.4057410847020386
2.512651192915885
2.5339331848449413
2.5968055373258307
2.6225052954133306
2.6121338345809177
2.6772027835819845
2.746171557597926
2.719076351128606
2.560868420282871
2.5321118110915446
2.5538027398600964
2.546743341616304
2.519826655951515
2.5754376423159933
2.6333138411304295
2.5132923234703046
2.608821406417182
2.5795028791353856
2.5913680756926607
2.5133462694389976
2.4669322753659952
2.4765283416730073
2.4923524858518555
2.568496247020377
2.5094283635137247
2.567459581786149
2.703133331610698
2.74472374489943
2.6460236384005076
2.6163603245142903
2.6216679787536146
2.6391648605631066
2.537271311595224
2.6326632062493087
2.6379041458195696
2.712672719185186
2.6988882511719736
2.620877120416031
2.583940863358638
2.5370232598737976
2.508866759445665
2.552382857468099
2.5808292679685945
2.654623528756408
2.546438287144396
2.501656214780181
2.498922905975581
2.5349941021572207
2.511677973452679
2.574454274700158
2.679716930069227
2.690767726156897
2.629898082378538
2.639144409843201
2.570664293745842
2.589423063525227
2.5864194492247794
2.5141033353044993
2.476951779339494
2.500945365751147
2.504603143946958
2.6012858462046227
2.5657546559279845
2.5129194546081215
2.5112387261928046
2.525051266155013
2.573929546100729
2.661332039304195
2.54605251036102
2.5428940141728402
2.613330168476013
2.6174076687856265
2.6032990119695407
2.560810163020894
2.5864085166211583
2.540415803428401
2.5298932881358533
2.5679540715307008
2.5913853406823453
2.618777368023345
2.731849723490512
2.731886796632694
2.7129217537953942
2.6710287684077163
2.753423995013306
2.673689381201018
2.6731222998249655
2.6363783223689707
2.666363474655247
2.643158597122447
2.6738631273285867
2.618545026934412
2.719229850633639
2.783279006026582
2.8643353396035374
2.7491357747336376
2.6634463585032235
2.6789297412244886
2.635664706378623
2.6437344135356775
2.680919793620041
2.6369818734944834
2.5744426954846205
2.550691464562781
2.593633971100524
2.544162099956195
2.4861330051294432
2.43694520610357
2.432250785691839
2.5164373305482686
2.6128355641591723
2.6580284521756004
2.737547758515345
2.6699763778850287
2.6371134112040675
2.5779522725367428
2.516511137908573
2.557832089484463
2.59337843638585
2.6345902622863235
2.4885051645041956
2.5055086880535034
2.506481892805628
2.471938163874182
2.559282542743386
2.6434926292015737
2.634879847672575
2.7876145892380118
2.7633050470242497
2.5918413818356845
2.510970075020758
2.5451219451167137
2.5818881166389684
2.5211006271950023
2.5410225454325146
2.6018279009981957
2.5907920483514317
2.5826620848150084
2.477195562668697
2.504405326844986
2.6059820267260574
2.583071577253137
2.6629959261276293
2.4690619276286214
2.5586408047179465
2.532433931726488
2.4954924482776257
2.513170786149023
2.5761946349511775
2.5894788780707527
2.576492458005498
2.6078651305727876
2.482889106282138
2.4116517141769007
2.455099789479672
2.4742017989691374
2.5235074890778257
2.4676748333937164
2.5013345907987445
2.5387958178160286
2.488675117527081
2.483210430893862
2.4442611394842055
2.573024999018383
2.5855693768907515
2.6488386950959755
2.6678698881769463
2.6890995745111383
2.6184635230821
2.5781139397689548
2.700349294075232
2.6295987456509353
2.5953074580217512
2.691462015495325
2.62954608123197
2.550475344691881
2.5780115510668584
2.543527797641122
2.564971646554462
2.5892037957525886
2.5022961928590486
2.4712548023484953
2.534310888428352
2.525381778117975
2.4965148337923795
2.496105451218273
2.452796104231589
2.488129480422902
2.5325778344835306
2.4936433901390633
2.495712378873449
2.4512784009384427
2.4573919810048244
2.544148658763444
2.5048815422200947
2.591504200437937
2.5432223120962387
2.5604462235604726
2.5367530333808648
2.5639422554023943
2.5339356378723195
2.555378499378619
2.57705723210061
2.5725580409821425
2.5745216688822725
2.6933155416277157
2.5576974937870536
2.647593897846741
2.5995532690845216
2.591594335878672
2.6747707813551567
2.562198677475165
2.698168186808605
2.625830941899106
2.6941171408394027
2.703857531806183
2.655085599270812
2.492960593219663
2.5886315700316747
2.5925424447017065
2.6223200076797464
2.632137922743328
2.6615490031518356
2.6756099393808612
2.733433802932289
2.5889497073389522
2.581004368341616
2.556871921685892
2.501466913222487
2.530365887822706
2.6112134504331332
2.562221577117316
2.5658333808162657
2.558653535184806
2.4808285381802384
2.4255581141655274
2.5089622809671015
2.508376891526273
2.429773819608495
2.4767269859481558
2.5257960736153198
2.5877577967132193
2.635436739143474
2.5898708895521794
2.5082539517659743
2.5267293126664088
2.466681426679804
2.5761767083882336
2.5962328167539424
2.7081457234980504
2.6906889775372886
2.56354596292799
2.5622636413470974
2.5924775108788043
2.5190612912543195
2.4949884933460313
2.4876037233059463
2.6908853415023692
2.6999537529557442
2.642742917275166
2.5235187630619382
2.4887165987690616
2.496303728916417
2.508116750246002
2.5069976992378136
2.477609599562389
2.4981524471854284
2.5057015814941552
2.5236847286481576
2.482432815755255
2.4702943625737803
2.5238409406903233
2.5224506284765553
2.54394290852854
2.568535908774773
2.6385570760757497
2.5817278550141514
2.5949803039277426
2.675499383708588
2.512958222969508
2.534741871997136
2.532638930457607
2.5841618266849506
2.666079011625463
2.598093461448962
2.692952908492746
2.6772384877044684
2.6289474311873913
2.7174699437261247
2.671878900997098
2.7221249480940064
2.8030489605394053
2.7076745628184753
2.697990696374639
2.6354450809145646
2.6013616273518902
2.545856504840035
2.5916460942148096
2.5190747206255377
2.600580848050608
2.589330875014897
2.6045323201871624
2.5149053938906714
2.5192660697837135
2.5224419316683484
2.4933726113805736
2.5046313590334455
2.5575127807034
2.5332777215399913
2.601071460490404
2.593919471885186
2.5790684946575735
2.458022820779751
2.5533633187978024
2.4717073432126875
2.5608989498282964
2.5445943176381847
2.6453975738802935
2.643018010227792
2.5709937325308516
2.548696464067358
2.4234288888652085
2.4971790032514334
2.548250919850175
2.542327031467671
2.5276578641029257
2.543011956339201
2.4717071907780186
2.5589061998067653
2.642986468188104
2.600311442364739
2.596055146432167
2.5067810613735952
2.5442144964999405
2.641485361964788
2.5549441739781544
2.6843920281609526
2.663490911016174
2.624984096563345
2.637266789391404
2.6114852152952337
2.660296811055109
2.6081488334225624
2.6058796425006747
2.703093517326253
2.6915630357764506
2.6284544694329823
2.710583859137591
2.8221659718121748
2.7304584115261936
2.7405273787071844
2.731209256848703
2.652421358381298
2.5695816293393126
2.6161480927271867
2.660142050609218
2.561919360808151
2.581751734052336
2.6139512184399383
2.5831248562676046
2.658787372461054
2.5558249279780973
2.5918672913020795
2.5508235734135147
2.5305249203310867
2.622589383834363
2.5110141542840694
2.6026905890463436
2.596123952519522
2.505341516206644
2.444232216412653
2.5158766850439362
2.570317897588898
2.496202427545947
2.4972519030333027
2.489820718444204
2.456780636286116
2.511184876552437
2.6102481481954634
2.507149223793975
2.540801739895756
2.537689888123491
2.661513252086443
2.568434431821559
2.501529121432826
2.635566421690295
2.5639516632216686
2.5847966721273568
2.5871547984334557
2.5719917407556587
2.5639588900251455
2.495110117383675
2.608692787283217
2.5911085057186303
2.571985692740928
2.540423960056688
2.502893959236058
2.615837239843529
2.6693537375596805
2.528676164790918
2.5209127122143244
2.5493666891117557
2.5377862193271064
2.494868794777865
2.4405983654194987
2.4147219759221072
2.5459043525668514
2.561417069400968
2.6288032275955606
2.517227010988173
2.5369446164530505
2.5363683975715454
2.5867289928620587
2.5447963902060318
2.5886128516834783
2.5627674094331216
2.5980266097151827
2.51325423465378
2.663413052936127
2.5502040802600976
2.6442647107589825
2.5620760765779433
2.556628488594075
2.4869961276618104
2.571401093045306
2.5562331210807
2.5195943814739925
2.474777856615543
2.4939012447508113
2.5036895955131095
2.518366787725398
2.4720770978386564
2.5050374065655294
2.5139302787110602
2.511551204351237
2.5630150714495623
2.5978284815656316
2.684582757226884
2.566870531533591
2.530995394250827
2.614985593662661
2.456175406842615
2.5117090614721764
2.5319493027227886
2.576414650000743
2.546036908993724
2.581548961544784
2.627002143763433
2.599395344364947
2.688351693251949
