2.800296105996837
2.7768028543307377
2.7029268491555127
2.733140483193201
2.838125190905065
2.6960356154689737
2.6611445507650004
2.693347949535374
2.680713722976246
2.747232696157216
2.7594184810848272
2.926780625959006
2.7247825420524845
2.6955288040574725
2.6262933484878723
2.6070361521293717
2.6556897808462665
2.7061652634849303
2.7226811367543418
2.6926265706458756
2.789509761122292
2.7708624183834747
2.704966817493576
2.731266770057839
2.6533570721121595
2.6978133828973876
2.745629022149226
2.7549344740456436
2.6392139072273904
2.612570592527873
2.5943482003603258
2.604180852481161
2.633633055118668
2.5617437267801386
2.623411185920806
2.647192210866133
2.6731886372481113
2.702441978474516
2.7219475659284416
2.7846499459305116
2.815881063307411
2.796320398146518
2.694608176865654
2.773340783977703
2.853936147646665
2.780044577316844
2.771889730533882
2.7788997610087383
2.7710512286528886
2.811813693897852
2.8191824782192683
2.710505751263764
2.633829777542105
2.704609698594866
2.674147860613055
2.5995888818591255
2.6616904792870213
2.6472321097803584
2.7315896915318842
2.7609665676076243
2.7466428333428192
2.732540636742457
2.7309592218834466
2.705195894636154
2.662523273737667
2.622739039103295
2.618343207320515
2.638977530429065
2.64235356335746
2.623856941995485
2.7190012689024767
2.7349471638654084
2.716056057915073
2.7328321275535816
2.733205231327318
2.7107530590796154
2.7044823305919814
2.7531843836491476
2.681344668950186
2.6468893770175823
2.7035721477845187
2.8660294689255297
2.789430130234532
2.7928141105217152
2.8116255851033185
2.7333761994299746
2.726902249369624
2.6828886195973216
2.7701492461712682
2.7379860982092947
2.7978946583469915
2.8198807811547923
2.8172008404682156
2.7289536628394924
2.729430950781885
2.703850539036495
2.745704692133374
2.7516622804992448
2.779486468638294
2.8255160191702178
2.760806410222571
2.8780703456849452
2.946931577155458
2.8121504944288405
2.8816192122848165
2.7738208918043274
2.8684271404325847
2.845217332173803
2.869528819010958
2.843614769019162
2.6755568972477954
2.7470373007963556
2.6786254695725824
2.682146504793313
2.7670814928768643
2.7597633336297753
2.734000753469579
2.667114724373966
2.7585062650421217
2.729801173159764
2.7724256847994475
2.707393950406567
2.734757869409707
2.615684582064671
2.607689875352515
2.6673467279277943
2.7079430367720025
2.656515157087991
2.6346057555760805
2.5973754375695393
2.576851492889473
2.635165979760541
2.590690714532158
2.62872485538594
2.5281192163790105
2.531960618663931
2.6626000436945407
2.6337899173359207
2.5415522901189096
2.5503721866075626
2.565699610435108
2.73281329378112
2.7150126336534477
2.7567574418685137
2.6531056442143734
2.697594576095274
2.7446186216014397
2.7355701485003436
2.658949908562143
2.554614257685606
2.6021499599573117
2.6621014227224693
2.629890103233105
2.6008413628134974
2.6068859858377107
2.616566176913564
2.6436635350796096
2.634036133878476
2.594448027101417
2.661691429978002
2.6597579707630103
2.739003514498418
2.634285252381201
2.5853290454884035
2.647091616609703
2.606922812002622
2.611799027403428
2.687970575548117
2.6123793405562905
2.629102598263565
2.57078598661569
2.622916587382335
2.7182268950050696
2.711031208863288
2.814456946679822
2.7909649839697135
2.783152285404345
2.669900457817188
2.8147251002749334
2.875953219296478
2.840161041983518
2.808021572047555
2.8733612851753936
2.7904080133222
2.7425971284183444
2.8416762965322078
2.8866597860954744
2.941740330547892
2.9653305566334627
2.8254003875929996
2.8093986213841204
2.8211923779112205
2.8488186135116917
2.8199326522303876
2.7839067751767885
2.8092769187049806
2.90407604434374
2.8653498603077017
2.7830015402632453
2.6579876044470145
2.5626919964323003
2.59853765048341
2.6161267921760616
2.689404089109047
2.699148822599871
2.6050974042413
2.647516710297113
2.678363290698063
2.6616904288808776
2.7215277265797866
2.7294509151645876
2.7726716637332496
2.741794595416773
2.741455780053632
2.8168455060420268
2.7539193281552947
2.8566828097686487
2.78574098398029
2.7216865325763844
2.7410257765201442
2.792077716499169
2.750861677813329
2.6378870685564215
2.7496506089605406
2.651357340764239
2.6568184475954943
2.664372069172104
2.5938825424543386
2.659423754044374
2.7008514979521587
2.7409747852847173
2.649683673607325
2.711426949281955
2.7667598498675887
2.7567917283418963
2.679303589876983
2.5685882949496412
2.548967080209353
2.5750854003013517
2.6074148989641297
2.7132165144745946
2.7584083550483642
2.716591683258086
2.757355310267558
2.732689044319139
2.6407950512862
2.704279028854389
2.766048388993334
2.865482137143504
2.8721260801667805
2.8942515217841147
2.767052567379961
2.742057464854484
2.65792282579576
2.7239407056075944
2.740119950009024
2.7508035010437397
2.719442601105202
2.777106185472575
2.790038679832657
2.742493435244824
2.7317503186893943
2.810651528358085
2.76957324633417
2.6514867797061004
2.677206664056236
2.8363513539292415
2.738933790519083
2.8063908232314008
2.7994397168236564
2.7818822623593515
2.8588785315349825
2.828066818888066
2.7278654575318466
2.7694786115919072
2.847736820684541
2.8182187820211255
2.8070735501968636
2.7632939764724327
2.6880323195728835
2.732168957423298
2.7381299955551612
2.7650593048089807
2.7170382253110166
2.6731563959699782
2.6341289955464493
2.5727875564581164
2.671695736893095
2.722948891403007
2.7935506641338015
2.8552061834893308
2.8203091774868927
2.81264809489818
2.750859185956461
2.762412049263415
2.758264610155631
2.848537275114126
2.9105789591038476
2.822672677846755
2.7591751228404258
2.7645990593281704
2.699865697049229
2.758015985006793
2.7052271541962534
2.7364014150871365
2.744641435188091
2.7753686984989416
2.741926046520563
2.7509140058169335
2.7997165950638783
2.793201817708824
2.7243801487775094
2.59326890193996
2.7104335903328147
2.714282780399605
2.6184640919218056
2.664442918463535
2.665387395011381
2.7101529238702864
2.6472729894219666
2.730319205520331
2.71694815698382
2.7020305035440755
2.7497403565683407
2.7485150957668223
2.756111056586598
2.7870615133852414
2.6909740114036724
2.6873859024056888
2.662096743801025
2.71123196137221
2.678941249943554
2.6536671744254967
2.6786961287046944
2.6533611240880357
2.799096715619919
2.7409760797806166
2.7214420922857356
2.626605602367301
2.6490007350931077
2.6837576740263405
2.695577619072595
2.789344497062017
2.722383864040619
2.7852342483601595
2.852422377631398
2.9163741212517023
2.7357658576054034
2.8004747896762203
2.7825731521735264
2.7124070913524956
2.6095435728734175
2.6168290334200397
2.5815119880107846
2.5943209708192643
2.616663458214189
2.706011859969377
2.689845911512688
2.704208878485366
2.7274320126716325
2.844483370839675
2.7534008641702585
2.7123458756301337
2.6332793653744875
2.725401924460858
2.7773346009235924
2.7426795843659604
2.821446930580898
2.76498800486813
2.715839316550558
2.606581230916935
2.6217283644497984
2.5959022549400204
2.664106859533036
2.7213422011208634
2.647943924706751
2.747748719170898
2.76761090637305
2.770402565907365
2.8150710768238705
2.7272673971875987
2.7505499861616145
2.797595923146833
2.809179107423574
2.771924290825367
2.712142594596868
2.713966251588973
2.5947906873051116
2.599992535822158
2.7611898866177125
2.7807689425403948
2.6924502895830895
2.6441958581842266
2.6072911770383285
2.688929723068905
2.625311711450982
2.704365091392585
2.6422269373550478
2.642658865329224
2.603533843792782
2.7418870039688685
2.7318437841014034
2.698619095377557
2.6578994005892653
2.63873865753028
2.7718750991770573
2.697839045252233
2.7009523153016737
2.6613398816344356
2.60169857850301
2.622489171226245
2.669883390043601
2.587812854405613
2.548647858820967
2.553536920944493
2.584375374227987
2.659424958095745
2.6190871434232985
2.5564307685830854
2.587330402212399
2.552374123233139
2.616412584518596
2.6063184165365474
2.5914055216928245
2.608842499204889
2.633480962897209
2.686069318840212
2.739832208508586
2.782429540618091
2.7062322700221837
2.7009718684943653
2.833726979907085
2.803770995931917
2.7434918523349077
2.7388779532394607
2.7121626924661184
2.695051002919324
2.7919008068492843
2.7804915237969086
2.7314781305357196
2.7321014693729944
2.6936770778497428
2.698994158875254
2.7218578985932114
2.71281307357951
2.697435726626579
2.716254263229303
2.7281150146362063
2.8080755474697514
2.837551947888039
2.7461596920698605
2.7822124981161576
2.87220837014799
2.8587017009554505
2.776166540183932
2.713476316581588
2.7449542278771526
2.697888065137469
2.811675818862135
2.7995102736824657
2.7863653769325287
2.7756522557636374
2.781866906295214
2.7933284134919223
2.7345611082616457
2.706751887444639
2.651204705811799
2.600590942727865
2.587864543246742
2.6944410183541194
2.721094595999279
2.77456634069116
2.753317899644204
2.781928065093658
2.7876237342362837
2.8503155703250718
2.798768000944896
2.7834853512189506
2.797139271932051
2.8133287162
2.7412594144768403
2.736179086762117
2.7966538027849155
2.85477781740133
2.7846601873896852
2.73183242133839
2.635560413911732
2.6598847195248094
2.672041108334748
2.6489117976336383
2.7242259111395772
2.7006400011237055
2.709304667255216
2.825438194594351
2.712966584623969
2.676598095739755
2.7015146075349374
2.648496091628314
2.6350218530607514
2.6863909347644617
2.6737344448185625
2.6359481272037977
2.83051969332213
2.770048838628706
2.6785333579092514
2.73574363229874
2.696438712079375
2.7521894623033636
2.809391302629796
2.8037886836558426
2.773966828619776
2.7431918151897166
2.6939907288003293
2.7109353729167736
2.6657441516184224
2.6802435720370217
2.7270053963790835
2.8087399866864913
2.712294858896957
2.664525173257578
2.7083272439520663
2.689038477079833
2.6920423868323513
2.691454000849962
2.7480946870868483
2.8913403868667986
2.9534348657396112
2.978567200859478
2.943063557743696
2.947423116004989
2.9994019063553514
2.9129003705296737
2.859259816379556
2.8330443279455064
2.7257563469622452
2.757778871239038
2.7724139213854215
2.713490798582664
2.6936562991599935
2.75363767876601
2.7703695745641594
2.6442195467823066
2.6381562424771534
2.671647851231581
2.7120662526109482
2.7749284893081843
2.7909938019228395
2.7789212013230733
2.7470155663511946
2.6908107529490417
2.748125394916228
2.7808581922936466
2.70913651181699
2.7090833857773235
2.665632718399529
2.5989069105128686
2.686409355179255
2.699292276547171
2.6979228197941416
2.7666604311052896
2.6445566773956695
2.6814188249520936
2.646549250085658
2.631052816501794
2.6100063513839924
2.636671214455349
2.724310086423626
2.689680144822534
2.7097365657898034
2.6686665886289602
2.706624360878731
2.7599183372453004
2.820537199757666
2.8164007432631557
2.8350098107891797
2.89868207012722
2.851453856025317
2.736754504415299
2.6712465787038684
2.632473958200062
2.6540042011414706
2.7439225885042884
2.65733213437978
2.6892175367348528
2.6779343265108864
2.800459423452356
2.767775962827732
2.79757110022919
2.687328995492354
2.686668466597519
2.7289454883602935
2.7324542230453694
2.794136646797864
2.681431118859315
2.7276407710678563
2.5657295381479592
2.671478513714248
2.655280315097752
2.6789000891699204
2.626273214074557
2.6239436941649665
2.76531532129758
2.6589530295207755
2.605945609772774
2.6373583878435585
2.608724043679389
2.668187049276796
2.662491150372933
2.6511906231928557
2.7161021182256504
2.6833249410924442
2.7188668430355074
2.776195005724736
2.6293258206470003
2.682460972766157
2.6827612415438615
2.74929967014752
2.7526369930026666
2.720609459205475
2.8632399647307456
2.883256731860904
2.9745525612405412
2.8758290184129893
2.839693749560333
2.748593837337963
2.81483979350181
2.8040401052662642
2.837828668287065
2.8709993363016295
2.687436675291411
2.7483401281397275
2.8041211465709974
2.678300111465004
2.7131245693433566
2.7309348955375397
2.7353219136834785
2.8268733535154844
2.6965910597775355
2.6865410739414166
2.690345476527605
2.7590747450303774
2.7462125948313245
2.7097548290215623
2.7232471728240126
2.689172056498634
2.6747918839743536
2.624518142584699
2.662514672267937
2.6783229879228307
2.705523434179179
2.6822637377594134
2.6796063529242935
2.6759687424259977
2.6315075528649117
2.6425188266254387
2.7179254400232544
2.6544364888572005
2.753527181153701
2.776318425607533
2.7393387218288723
2.655281645667715
2.688869165338682
2.711872233007233
2.666179073221193
2.6269716197623305
2.66513825800044
2.7140002264162653
2.662930169849234
2.676685435747787
2.7340942603207914
2.669540471496415
2.70174328124474
2.8006603618056984
2.7636165948241795
2.709183820197616
2.643722308007875
2.593396350617418
2.65892303446019
2.603965319177853
2.7053907404993804
2.790867714867821
2.71704171351335
2.7807163988080026
2.782567218004938
2.654709550207469
2.6372380446014048
2.713286016344829
2.5263106873316743
2.52614332762574
2.59511977333434
2.6513376206983197
2.76193726408777
2.784491816272421
2.7962474814314104
2.8354693936178412
2.8081460068043445
2.831662552090652
2.7190082728265397
2.7465849452412257
2.776043093626798
2.6141741655003146
2.5962585726202785
2.619859046509405
2.6588715694417333
2.5986205529544555
2.6798096636290207
2.7738262604278514
2.748449939207513
2.706927562169481
2.6402280849023123
2.664084773133845
2.663915039250127
2.6903001123842607
2.7634310667134665
2.73130798587105
2.7165482470248072
2.690556948148651
2.6403816240972344
2.6423913803904573
2.607091955387373
2.569881998946983
2.696365223584332
2.7138382894132516
2.7064913120942125
2.7177677262449436
2.734939711841891
2.6801565057804875
2.68764002427432
2.7001907133673977
2.736257909345455
2.8620534737857994
2.8414848625101365
2.8429438757817658
2.7925482100211685
2.8054944760696987
2.7497410395201247
2.7866966855863695
2.7406052116987025
2.7506950783676425
2.6786190098777967
2.728253340924277
2.7062894072352726
2.617546109289944
2.7097800849770537
2.717627698321883
2.652092416370026
2.623050166049852
2.6451347061443937
2.645405742545492
2.5958297852107064
2.6781938979035975
2.7153064173917643
2.712430739358597
2.7107194284630416
2.7547824009223576
2.7728243379911737
2.7491176897642804
2.7353430428627528
2.6789333382303853
2.653639755560416
2.674127316290497
2.6911663794607072
2.7154834704303306
2.7312839743532895
2.7246811365897625
2.6966202029119035
2.6866965790377986
2.7217206429807637
2.7387944021335167
2.727727593673894
2.7402009674419325
2.696876052811131
2.67008399700072
2.6996667649130623
2.7132030307206123
2.772617441480267
2.8847074713370775
2.8762933294823547
2.9044757614437224
2.8085242525872625
2.7531718793662607
2.714089671453715
2.805798223637517
2.758935981756785
2.8149744171642923
2.861281444615539
2.8634327664629144
2.8322864235904155
2.864440039848222
2.8846883865764363
2.9156072891004094
2.7639845264226315
2.8393118820447865
2.7993822686114687
2.7840806819767794
2.718744210314379
2.7311351607436363
2.785174871648696
2.719460206253613
2.7880512736231795
2.7335880146508864
2.694438800821335
2.6840761951627723
2.6787768218949966
2.6347849545735533
2.70455571087598
2.773774709864471
2.7916413275423047
2.689723529307946
2.65627651499967
2.688952477127545
2.745730220376819
2.739152747447038
2.7748582550124943
2.6288390083167497
2.682612857957095
2.717233448021852
2.7411710199106425
2.7329190583685454
2.795497906197222
2.8057961296764033
2.813715059630081
2.734338076336939
2.773939580859589
2.870216094390374
2.7651194799311196
2.7446222518339503
2.777016815008905
2.6577483307718457
2.741757244000532
2.6681196089137083
2.6746287478779593
2.640332567454827
2.710845562244971
2.7136888946579885
2.7425770903075746
2.6676180928529467
2.666152196019832
2.6136744313594824
2.7169152307602724
2.690810240264386
2.6163178074498648
2.6468088658065385
2.5829624972400143
2.6535917619043907
2.7803664044493788
2.7413046711237548
2.7075449364889583
2.7561275045783047
2.7309540680722093
2.748454073607645
2.7625246933073595
2.7945690331650535
2.842773942727827
2.7726562431631763
2.7655924808800147
2.7610596087968875
2.730988916316439
2.6826221112973054
2.652177564155205
2.682303547453661
2.6532152658879533
2.633209866670179
2.656136449418721
2.711896824809752
2.697647742188043
2.6655233481126053
2.613052224822946
2.7054276401609676
2.770320077851361
2.7103502297618784
2.779557348534416
2.7154273020390365
2.7184450630844497
2.6788488150587133
2.6496683826175325
2.5908409528740273
2.714839789394837
2.7444035059387226
2.670417253673209
2.652243805334301
2.7010895486056063
2.7621192805034473
2.76847857213032
2.7430522864321207
2.7512594905649497
2.7464203537714806
2.6562025221972783
2.6540715822151952
2.7282065506007003
2.7122476408132314
2.8307254130163524
2.7328575405140807
2.7288391962393774
2.7305020806611924
2.768638536903734
2.7807579359055397
2.809803349214843
2.830247604258092
2.735171296702558
2.6465340714225727
2.63562242623276
2.557681592277771
2.6932529781975822
2.7215288871549275
2.7720608460337286
2.7300460658865693
2.7511556501842813
2.777409776858135
2.7033107816488102
2.766925108868411
2.8032451893765447
2.790560399429707
2.665492949336104
2.6611213977022894
2.80454830937206
2.7494574006670653
2.729242013384257
2.648875449663916
2.5462248835477386
2.7149983574159102
2.6500114879562835
2.7634323004559844
2.6428767793090557
2.679131865915199
2.6557273938095456
2.589871881084298
2.568736286050477
2.659573017722674
2.683356384029283
2.677855600693084
2.6652404235855913
2.6404744796879016
2.7120739078650224
2.6902424537138505
2.766034849423029
2.7078245447988882
2.7052994267506696
2.7349166811756596
2.728796394847805
2.779667718102534
2.6861507346606897
2.7464135107032446
2.6712122588284233
2.588374670859747
2.5865518180481972
2.60490252757991
2.704632540180515
2.7055478287124455
2.718323884485007
2.741691029848006
2.8050033018588367
2.7493081493680034
2.76425923221306
2.7782033594915463
2.7885570640604085
2.7162330640197823
2.7465067709792264
2.7612112097797836
2.75421933386572
2.9029700962830325
2.810001435986518
2.8043965827059902
2.645714004406332
2.6342299103277784
2.6449874805906823
2.6035535524531683
2.71832943346417
2.6852777725825367
2.7500785667611076
2.6472987891709026
2.7120762803159186
2.766705487570082
2.8235384267253902
2.794783045408037
2.764216245871829
2.704471206351699
2.611812114183098
2.681681063120124
2.6599746291664146
2.6365265470343964
2.698753013890178
2.813355283101097
2.7192400705507813
2.686871424008488
2.768306789437561
2.6843923825574345
2.6760638416355107
2.660027992556304
2.674108106838804
2.571548635951836
2.493131026084283
2.5955348193425127
2.626189081679179
2.639142180117302
2.641413859815986
2.729665033648171
2.792449312369499
2.734388138307364
2.592316362755598
2.629774159806541
2.5837397533755957
2.5717266811756923
2.623338304080689
2.6555982203820907
2.753108578984722
2.6947464721895744
2.7656408124618714
2.676201393493493
2.660751248615061
2.7601298240268126
2.674221412751942
2.7556507539485984
2.7621052543829245
2.749557317538619
2.8024725369515195
2.6860892659967823
2.6658756947154565
2.6882536400196404
2.664271422227925
2.607696083420473
2.628605427960229
2.6572583861162484
2.5928536867452734
2.692508204656337
2.6674955522952586
2.7146332882511324
2.7507185993274166
2.618590261875082
2.6102422625256665
2.628972344527711
2.7362801721897037
2.695994937577239
2.6238641064889734
2.631614824915388
2.6125498140131915
2.606243494358017
2.6165725704058995
2.669636566697595
2.643850869460166
2.700488823546476
2.7143098852706937
2.8522140178364546
2.8549223381318947
2.852785352324903
2.7409653937241294
2.7696523524171615
2.6937442624740675
2.6389285159420313
2.660769568308349
2.6794971140081376
2.752644115906465
2.6558652334924644
2.716944439094142
2.681109149870467
2.7155179587830642
2.723108655391057
2.6301377266192656
2.7097770631804035
2.6926152857226056
2.674301994051885
2.703354736274463
2.65483611797853
2.6735703724545856
2.728138341925351
2.737234221130992
2.63922854539161
2.6571245468037037
2.7362208133951516
2.668190324486671
2.762618725485372
2.6922528693811487
2.654956530440827
2.645642242917246
2.696377945618627
2.5861090434293748
2.688444153636231
2.689858234695217
2.6362207987777264
2.6117074440130765
2.676833740445835
2.627815482183405
2.616521482355586
2.5758368241769287
2.695912322157188
2.708734431047483
2.775125846569871
2.7172457652569606
2.6590373722784113
2.687578748494228
2.781918195005613
2.6775184903080484
2.675526100428914
2.6986648020976602
2.5982667832007453
2.573225120284296
2.553655979573416
2.6272991236034606
2.702543975712157
2.6467413013583228
2.6470266020256115
2.8023395888644456
2.829303063558335
2.8833203265191765
2.7695119155206855
2.6688630520577634
2.5414416858026376
2.611391056185585
2.7185423307435412
2.6328280834233904
2.6760041147687224
2.5968626954055765
2.658266392172264
2.6564480452435273
2.738128383113416
2.621061135019473
2.641753315198725
2.6505336531965233
2.6894216472624315
2.6223970793578357
2.660124676127125
2.5889252224332155
2.666250717974096
2.7131181865866547
2.7823875509758964
2.7298428782924553
2.6687878195845727
2.6441627820609868
2.6498584160853587
2.7039196741273743
2.705193085519763
2.7024211407605647
2.682403876786451
2.736338671190693
2.8451157849827977
2.7781488830626393
2.8109805610710668
2.7570096907332537
2.8026767484833295
2.8677996901571507
2.8348843433057933
2.75889414937643
2.6036854570063537
2.695527992407991
2.801408619204691
2.8121408894098856
2.76134485113853
2.7527074047852222
2.7937828068741473
2.754346484269012
2.6982348295889973
2.7551576409740646
2.707875404411569
2.694549392457068
2.692888154033347
2.6451158627171076
2.654729292332914
2.749518193849875
2.6256992751773147
2.604775599329759
2.6963647745043477
2.6563489403500027
2.742141358019792
2.575570634063449
2.5480623004173166
2.539779146730018
2.565739325107832
2.633723904782919
2.6251160695641764
2.6034673146258935
2.630468801109298
2.599246632475051
2.6314551200136416
2.52824779546882
2.6038596040052235
2.707226390224666
2.6958913683601815
2.7591518048558976
2.7879464549969057
2.7848650849026453
2.8065259313414557
2.81326694485136
2.8002545257100677
2.709499067006539
2.662157679753721
2.642879740953727
2.6502784848050362
2.72085749830056
2.658943659051754
2.7908219748531544
2.8022212410841054
2.785085602669113
2.6923542230964457
2.677397785511557
2.59327852001806
2.6364319464957413
2.5466983457279686
2.60887118168257
2.646425458005781
2.6472378462353197
2.7187892822680073
2.625355472409642
2.6513030191646685
2.623758829771379
2.7579763499261007
2.785576994971728
2.8732371101272314
2.8450916215000586
2.847584618765132
2.7990268881203155
2.7147565721993
2.657870978515578
2.6043187890453763
2.54363626385953
2.6269258216766307
2.686555209365207
2.7113468357850783
2.812773986263782
2.842132334455695
2.8348446956820657
2.7780357081384714
2.7244716100489326
2.6997712524908186
2.6558824295391195
2.592965155832993
2.659810124138893
2.5341556472095204
2.643060949912813
2.6625631480483785
2.6595578205117554
2.8127764674716214
2.7211537689236835
2.7181542572937607
2.6845514688921965
2.696498351893333
2.6624070267232196
2.7227936460059823
2.7511185960886135
2.7314214672854384
2.8294700010000344
2.814154131449455
2.8033540046147367
2.766397882786668
2.6920647854079522
2.734972035299185
2.665862877805598
2.6448577847181087
2.7446813687151024
2.8247947106797344
2.809278762614554
2.7726371658717373
2.752291494874709
2.7520467268042674
2.7268025572577774
2.6928816323531004
2.670923848130445
2.6673156460447793
2.7184971107200337
2.6936921509035807
2.6559208268377406
2.6349606331386486
2.5236146281908542
2.629539605887975
2.6824189341192897
2.6362996031028776
2.671453732829328
2.7608157900562613
2.670589922338558
2.71896684869096
2.650820967047391
2.6693267656570505
2.5980590847277463
2.624252189020631
2.679010819672543
2.7459832064174208
2.664484463386653
2.671960740530303
2.7063634760351167
2.607624848738654
2.6302460974861943
2.6793530375604537
2.648098257590808
2.6388988918895846
2.666040651311063
2.7892881423245495
2.701072325199721
2.690086085899344
2.770117598833725
2.88573424644733
2.8658508180859688
2.8759157113143745
2.956269234911029
2.8429477068952553
2.794648084136568
2.7599251527975115
2.8185045187512516
2.7752403904865695
2.9149101809444726
2.8550441308960446
2.8563419049724987
2.7435646495831536
2.7333690170868845
2.6621512810927603
2.6940926839824693
2.59523833036428
2.586190624951678
2.6232656386042783
2.6385391396016376
2.6402850564653404
2.5919592801714413
2.557651159127778
2.6370030513063094
2.584584346701639
2.5796646161193184
2.6405925516937296
2.7341945540641435
2.7580427554414415
2.660030563830943
2.704542754751561
2.667670129454866
2.625445398798991
2.538159032584086
2.523043666066789
2.699826017090513
2.7468809668783583
2.7807654313933075
2.772619423781645
2.8474344564356784
2.8528638635611934
2.777870522952209
2.7158018444118666
2.8212999931849985
2.6976997467951906
2.627792957459445
2.6353547063795593
2.655647464881045
2.7163343889060676
2.683872607022814
2.730564945039567
2.654417521210541
2.6647692632012325
2.772630807934649
2.8759088174989906
2.7609889566793187
2.7580324977896566
2.695928913307714
2.731530618554072
2.7294857788011324
2.7211361701692853
2.8058472602981195
2.7720694961158476
2.733586287001422
2.717995435967601
2.7996229152792673
2.73778127812896
2.765767712667956
2.835856778457955
2.764586198081974
2.659616138969966
2.6761514571291003
2.6101145036529747
2.5748985190984737
2.6635487938218625
2.7227210597408886
2.7183423383653507
2.683646037033682
2.5884466820094927
2.602310199063421
2.672634371378483
2.5925350654936463
2.633622117470705
2.6862455130916922
2.701314915692696
2.7354776695802667
2.7550386740126744
2.6950858559896775
2.578256332412132
2.591343499408671
2.6989398617391505
2.6733708984298907
2.759387074703554
2.7624614908125538
2.8764685824427128
2.7801567893447703
2.8453163504307
2.805079953728739
2.732977573831068
2.761502199208328
2.6486786564527476
2.5590800809308596
2.7107974631119633
2.6799037881129664
2.6310856965625193
2.722357065561374
2.5958777416752437
2.654114703883991
2.6061577901653474
2.704427367781448
2.737913210906448
2.7890586805939934
2.7909058593192646
2.8008923017535228
2.7724285830255777
2.646018289435957
2.6163355536631925
2.668582278444151
2.677376877067154
2.6053719077114077
2.6873598185030074
2.5963313282017433
2.665977406339737
2.695891422450695
2.7901993642033225
2.7588849236249735
2.7054707569782717
2.686847009809542
2.7418156956880653
2.714207398060626
2.727012766637897
2.747744897065389
2.8412517112493463
2.8972171062190766
2.8853593153502493
2.8073054399470565
2.8501280585722415
2.8032240612145367
2.8412612840913165
2.793146993089201
2.7089068019238582
2.7127642866861
2.666807410905866
2.6907051450389137
2.699414326096967
2.652943993008026
2.6189141634929545
2.6893160837975496
2.69967802040824
2.5853132085267423
2.6345589006617978
2.6412674311686173
2.6587100831941517
2.7041557875533235
2.584404343780719
2.6218948835472555
2.7315843066228345
2.6841350946630658
2.6743653611365836
2.6457590709713013
2.5833872510098863
2.730161234795567
2.722259694976854
2.7937678610932197
2.8220681101186065
2.7904787720721393
2.7378556486991426
2.709211603183646
2.673255258967725
2.6243573872047254
2.64318237647297
2.8262428678127853
2.772503928934337
2.7670365117127016
2.7319337733219777
2.6821970703671862
2.691199406700366
2.569853377926917
2.641004868855434
2.605243572447102
2.671893433301963
2.724765303990032
2.7082356634331695
2.7906863782688722
2.782326294026959
2.8686381043856435
2.68741442247394
2.6720432307116537
2.6941268104931555
2.7550719890215025
2.7935549903190653
2.7523194302442375
2.706295165567798
2.6701604026199863
2.611417963230031
2.614333866617497
2.623551673343325
2.647095185233239
2.633836226785733
2.6874159840930716
2.6552227856519677
2.700652189861595
2.756158205782734
2.628028604649191
2.6500337140223227
2.6515190403806135
2.6898950848982843
2.6618979166447563
2.5982040616460944
2.669184544117001
2.7670525671356305
2.843900740588548
2.7737906659602043
2.797178573607059
2.7413512089374654
2.7771134014819725
2.7412919752469724
2.8416447544033616
2.8395598488236793
2.845758580432261
2.8662614363861643
2.88986744072285
2.87620655840786
2.8122015031205536
2.8255664062296484
2.7783159827315718
2.785861427994388
2.838874416189894
2.805838256518014
2.709480193474992
2.6517728628545165
2.746898201837669
2.6844491465364824
2.722774172129342
2.68371353845344
2.67115957268957
2.7737183198898583
2.7340060435835754
2.7791090991587546
2.796408780262589
2.681996362427045
2.737151622979824
2.7609313220782132
2.7115219665132466
2.6705668683771564
2.6503694620731673
2.557883334480733
2.6213952679225305
2.6980310273704204
2.679651025730091
2.582974928769922
2.722138307304665
2.645274452184216
2.6678197263820373
2.70993114911692
2.6312672651904583
2.6791664248084643
2.7447947848251038
2.759852502452232
2.8182741001008442
2.801084723140705
2.861425990355366
2.8026169826815472
2.796820591418789
2.832432842795602
2.790995977954505
2.811009447848775
2.8422625436437223
2.7914097146092676
2.6968483119739215
2.697585845623518
2.7317172098372007
2.6857736449957166
2.714587770111361
2.7683371697311823
2.7861696045657824
2.7815514608180347
2.741574698900295
2.7171576987995296
2.740852082216823
2.675557546836808
2.6530728838148896
2.603692249518774
2.5820347094056655
2.560901669282824
2.5876975130398785
2.647452165855944
2.692292312656394
2.642913127935115
2.694865310874522
2.58589126718602
2.6592722250094303
2.657466065115881
2.6743725212904192
2.593445332365568
2.5869397200848225
2.701348898115617
2.737562128260646
2.7205728711233794
2.7309442367882806
2.7646615063286526
2.571386222289091
2.592892043069879
2.6606806593342696
2.784426733800463
2.778081750847198
2.6797249413070254
2.7121402015201883
2.7456213449902513
2.6887715707864914
2.6409669741798236
2.708018052492686
2.7282687697133228
2.81772334959974
2.8630495233316693
2.8809994439898503
2.7510105477170113
2.8016803175930125
2.6943659920283443
2.725747697087618
2.6967145857279218
2.762935416861046
2.6709126344568173
2.666672079328403
2.6685700707295394
2.723178446831856
2.752216520709281
2.713338887892586
2.762121226074072
2.8000056222567644
2.7306914778364826
2.741836444597345
2.708379803367844
2.79474593985587
2.7205363928329493
2.692950088840498
2.6401720832294173
2.615881617090483
2.631386711449367
2.69635972060296
2.628216791020737
2.6284548573286206
2.728990170052594
2.710193043077614
2.716140157555274
2.685646832119666
2.6821681600754674
2.729418096449112
2.624206547366103
2.7363096147905055
2.7232798078934626
2.706677687150049
2.6198334779102934
2.66979321077968
2.6197392180353467
2.688664166746687
2.7462113240326014
2.740319554939569
2.6955585641149598
2.7505441331929212
2.738057657713628
2.7732172540450155
2.804660321359832
2.718835880561331
2.6750039617425903
2.6724701453483384
2.58734436022903
2.7434173642375344
2.6908732834489344
2.6056289663576693
2.6922045229993183
2.7911894369336103
2.7783607708004308
2.7649891934402007
2.7674044658789474
2.8116912112026613
2.726900559252322
2.816457077181037
2.843950358113843
2.756462972425739
2.7476758681080007
2.698445450362754
2.71777510616545
2.757092755756732
2.73693281628976
2.7537186802190896
2.6887854720057636
2.6592378334714537
2.7405758700028633
2.6833179623603045
2.6513799085541296
2.6909682873281824
2.799131817553727
2.7403853626583405
2.5887734378917107
2.571102218993724
2.63515415887903
2.6670793356415157
2.6548409899068663
2.670259307602689
2.688996461295109
2.6502608393024016
2.629503093205345
2.575811308370176
2.630600055834897
2.6454511897985746
2.706956814449972
2.687561142259215
2.7007408196189657
2.744241470135659
2.7951540765725693
2.782972203948038
2.817713194682975
2.8115585596913584
2.7242655593333995
2.743439616558882
2.8005970261566153
2.738499204557367
2.6852870694917765
2.729370022851888
2.7367082055305367
2.7370774478453193
2.587374743293606
2.576690720697273
2.5821438315040477
2.695736332297791
2.804988250149216
2.7518459960076487
2.7841950940284272
2.869955709755117
2.7770948492487975
2.788607320651578
2.692532164142043
2.7051634754298193
2.7336727105214926
2.6891188081323483
2.6137249284537805
2.7054314923600473
2.75470416893856
2.7311681964312857
2.722809868527113
2.724639186335437
2.751816404628631
2.7807217907500625
2.829808613770809
2.7940733856316693
2.8307466436774615
2.8332261454104333
2.8410165054164276
2.7895727972594955
2.7635128102459228
2.743304474258867
2.7240546226607174
2.7878575023140795
2.661581529237346
2.7242525170547025
2.6631269030449953
2.7155092424083924
2.687796101062958
2.778384574509425
2.7054441338665804
2.691082778375744
2.6549476544419224
2.662672210460599
2.7088783508626983
2.758397460283078
2.799111629137237
2.7965736591050283
2.8545002067424994
2.9273892609320655
2.9389288867079326
2.8009494840491738
2.879703087697942
2.8156036227207015
2.8348754325369447
2.8304958745179327
2.789648048195125
2.7150907113105482
2.5909627954511243
2.6226025507771045
2.630836386555231
2.605078579607573
2.6719131128866627
2.606855410646057
2.697203275792655
2.6994562447487205
2.59603060679124
2.5755916981198697
2.569725089374101
2.7072679684354344
2.670550873220124
2.6607688802484213
2.698913688469798
2.6752308412982684
2.629314685479801
2.6422527940851657
2.6911042500928657
2.6508220442700545
2.657042282212412
2.73238314958456
2.727978177620281
2.7753986760397584
2.6234333604379394
2.6821303144040582
2.8052683834513967
2.7446197358048887
2.7639890633991437
2.6463498844752085
2.5862662062545394
2.6269493393547236
2.6782329315946636
2.754250884978095
2.8072420428769016
2.7854424988026345
2.7470624795988563
2.804191026158553
2.8072711760269824
2.8791466928615987
2.9644916888327337
2.8640576936962434
2.7327072306683626
2.8423971029210633
2.917016085606263
2.8960455899980317
2.833039895509985
2.8074764495210074
2.7956953980140935
2.8142075633537806
2.807654328371114
2.7499879948409953
2.8283643213192713
2.7449638041872
2.7931201134656245
2.718371576713268
2.6623534141427587
2.726671383626888
2.6257918237431235
2.7463984676090685
2.701463311469664
2.6756501588035677
2.613696326737745
2.5838051912147755
2.652840240537486
2.6653566311887946
2.6010254336453693
2.6990716505221153
2.6470234829131436
2.6822913637152563
2.655796011509449
2.6497576858873666
2.619316083970103
2.706371441594991
2.714578253371193
2.672884103753348
2.7179413220596675
2.6577575531889304
2.6203619092340484
2.789797436804381
2.8321818061697126
2.791698950491261
2.769996690636509
2.7744197580245604
2.8219816204071075
2.77026672809037
2.689190563203225
2.7287818266061903
2.603975467413823
2.6217629163942022
2.623973935407989
2.593541179400055
2.608381865130937
2.62582567612026
2.7232257453230746
2.7384722195349824
2.6701800743043917
2.7126943486283617
2.7612853064593277
2.7989695451235437
2.8200125840556076
2.8180206048061542
2.760347872333866
2.778749033810307
2.824578779532209
2.8965787626970236
2.7672971322782804
2.7082023714780004
2.703051301308956
2.734359952761565
2.717738203848066
2.6783383134252103
2.781988664495228
2.6562446445766024
2.675625148335703
2.6219059671136606
2.7429597819436276
2.813132162787485
2.7615567778260015
2.7566357928794427
2.6749112953793195
2.65284218411988
2.6951681936958636
2.7147575337961447
2.7496883333448294
2.741339271185121
2.583027857639308
2.6957860256102872
2.6143261934931377
2.6977548988541264
2.6301764470819577
2.685518305710294
2.597540481949687
2.6338524281665903
2.6881611439183124
2.557187727281158
2.621448084831958
2.6097189584706864
2.536207464480948
2.5754420687050064
2.6420941956582413
2.6632094776124586
2.6357822692284003
2.680893005370031
2.6362797146412804
2.627921083677151
2.6726062822086374
2.7974291220064953
2.727570037776241
2.713128314161695
2.734446538368526
2.7099897159610484
2.695435525808312
2.732170720678058
2.6495193386355678
2.6220744652061376
2.6077883049397395
2.662165997798033
2.5839783333697564
2.59837933163682
2.594255671939464
2.671487283141097
2.685445287196107
2.6382125522154376
2.666282847004971
2.6440878845650326
2.724156943262567
2.740984122639731
2.644204347015928
2.6061885493535626
2.5787031667681477
2.642110911814685
2.7484663316889093
2.646826488331788
2.661539283612438
2.7082735621993557
2.747491877143983
2.6738747545775325
2.679529868355451
2.663213418079486
2.6874013049962193
2.6676830569524816
2.755239297938715
2.7239568133603083
2.7688725237001997
2.8427801263131753
2.8181547959522835
2.7761440011543734
2.7726634079754278
2.7832083133716146
2.814481330736191
2.8215215038870523
2.842856167864111
2.810986905977775
2.7060954453767856
2.729679487944122
2.7354342473858755
2.6840731880496795
2.729470194885559
2.7349033819649846
2.710642944450387
2.7278238235900627
2.7222381005451184
2.6795785707118824
2.7087846587287827
2.8288363238385745
2.879434584557446
2.825779495082304
2.754819103966011
2.753035256067275
2.7546628824851886
2.73864349491419
2.7092600337686066
2.744201315331999
2.631659450209229
2.6123565755559994
2.688252063306812
2.6391522314494766
2.6844991449151787
2.6382413038319186
2.589525577582048
2.6204825401731453
2.727543353652028
2.6254744590563472
2.6214057917269216
2.663250723763713
2.626893803551634
2.768554025763121
2.7587703079466097
2.643201966601396
2.6222571962317414
2.6829075576026766
2.696976608002514
2.755917707371397
