1.777472872525812
1.818342222340392
1.8792272001993533
1.8122205167345022
1.7924973597831804
1.9109875762843453
1.8554114431496445
1.8738629605244117
1.8763719559144478
1.8414067591945569
1.8652070110033112
1.8281664176616934
1.7995814104201984
1.932214528416925
1.8805381488099886
1.855074162816508
1.8535726749816777
1.818136296647236
1.8714558167533548
1.8869113860966065
1.7465497146319884
1.7671669811843158
1.8911516878219554
1.7667614649773749
1.7803051926805373
1.9141512076312692
1.946855208713248
1.783694858228128
1.781157536496979
1.801056171146522
1.816597041800004
1.824128730382232
1.79973570405221
1.820418201492347
1.8994432068759821
1.8657135786424823
1.7294521910954943
1.7925599957459102
1.836785695156245
2.0052995583509254
1.8092785860961615
1.8877553816956987
1.89580998989506
1.9085881455499345
2.0567412539454684
2.15163541412504
2.0787470251290228
2.0415024188123394
2.0256982251132114
1.9062929380897466
1.7759077019206753
1.7459523734349731
1.7134615731337475
1.7386319328721698
1.7419482347815982
1.8614967784630057
1.8325306864065003
1.74130979474212
1.7621284051317552
1.8228442469759523
1.8982696293588206
1.850684514590962
1.8732556869691128
1.8310978111028102
1.7282455914703208
1.900765323981006
1.711728198301264
1.7662565826454668
1.7339510416201145
1.8931823454372603
1.7781110356595282
1.7915864396273218
1.8628104101302276
1.7922458927792486
1.8582809532490656
1.7592686808823013
1.742881503995334
1.7106612028528518
1.7247643150198557
1.7748098143743642
1.689338948949913
1.7882801693318078
1.7051020520931524
1.8982407882542072
1.8779184542341985
1.8826511062977107
1.9906137882457065
1.8927240315819938
1.8745399746198785
1.8207724057616166
1.857688844990523
1.8240521431750096
1.9924955196409986
1.8480773654111389
1.8669287997405921
1.7915364475590636
1.9496791722243458
1.8560360392831063
1.8732338928718368
1.825017189437017
1.80225069400355
1.8438401693381044
1.7822046374129596
1.855644825032791
1.9406827997803473
1.7858383239749094
1.8842773966785193
1.8856654570927371
1.738351910457911
1.7691436353952383
1.791353638992198
1.8050829332527967
1.885102476036569
1.7790092952093264
1.9324692745672254
1.9260854627478832
1.9269960127439032
1.9810416151952936
1.9543271345243014
1.9396197255053549
2.003940581173409
1.8268892637534297
1.771469640764252
1.7699697141641428
1.7781012947853503
1.8317338720754923
1.8067355964938574
1.9657907532713614
2.0173848237470744
1.7997141593102437
1.848379295415022
1.9615580553424914
1.8517258154759224
1.9419760003805482
1.7569440564638859
1.815229523236673
1.7892237168084777
1.742967509509387
1.7897514838058273
1.8099764111962473
1.8930761327700218
1.7859351611479162
1.7293651437592295
1.7068897276079225
1.7513311988657425
1.776096912548011
1.918440524639707
1.8040267113796373
1.8767402808245377
1.8780132201605397
1.9562904549095377
1.847817062842626
1.8957048521508884
1.853260551751437
1.8961190059918762
1.8382400964585015
1.8064539902706107
1.7616915584890946
1.7139778798654735
1.732022586441615
1.8172888382822499
1.74801939740474
1.9537905871977965
1.8558328683814658
1.737449337677679
1.7961152507824447
1.734323428870758
1.8020565181274235
1.78387833246375
1.7480176768481561
1.7963648059876893
1.7665904719373333
1.8981940365727523
1.9098633373957143
1.7964607423878882
1.8384758053521715
1.7068559563085732
1.7199277905313652
1.8815298803147054
1.7816601544246276
1.8648565334381524
1.8846072594824796
1.781158902370009
1.8350139661076768
1.8162101224626837
1.9061404169711929
1.9364286703883784
1.885250162673843
1.963846461723299
2.0619453875976945
1.884939733076213
1.8336816465092334
2.030646672242486
1.9419037285579372
1.9673233966035981
1.8303164406901853
1.8779954859665995
1.8975679859923293
1.8845405313150645
1.7980494285706254
1.757576152623023
1.8603322812379144
1.8807401697261792
1.8332677172306977
1.8402159603095951
1.9038483714229524
1.8497790770998797
1.8628190705339975
1.9482931450964907
1.7425480151714436
1.808915783504783
1.7476198638162859
1.7713960635306127
1.8512159849632397
2.0529380251100005
1.9853441882794856
1.76487394478034
1.7633796913425666
1.7697915552451562
1.7247398888793346
1.984938362766013
1.8764279324664415
2.006071740092324
1.8788901732809205
1.8832134642136946
1.9216681766777586
1.9046533783018467
2.00019744011294
1.8630406622786144
1.8412917474171755
1.9623971685931263
1.9009677971963939
1.8861627474835319
1.8378998806656144
1.8498722485490817
1.8742451122498165
1.9005735500019796
1.9284886280451539
1.8403017321657402
1.9786525676676572
1.9699200819923404
2.0061394074940626
1.9610143394539001
1.992366313201668
1.8028553140665566
1.8306918275386606
1.8944424130903177
2.0022398762615468
2.0286781124872273
1.9863629835958803
1.917224223746338
1.9718034669851219
1.9989149158336366
1.9638585257888235
2.0178397734198565
2.013427756511176
1.9224168265782433
1.8621037019231048
1.8955734606717258
1.758534533172181
1.783404233093488
1.8123453369378206
1.798997009377219
1.923472556158881
1.8527933196681328
1.8019332381260391
1.7651223579155348
1.8710844356764953
1.9001630439777066
1.9412691873157037
2.0086963123965353
1.9174240140730732
1.8950411214603262
1.94872468201885
1.9438087127692738
1.841004674205866
1.8426681174464568
1.891282283928817
1.8495664564617942
1.9001978500239445
1.9607075163561842
1.903099053771725
1.8784129581838707
1.8649188655608318
1.8643334124884596
1.8014070529883097
1.8405635831767122
1.767308949790498
1.7019032240270322
1.7948943631562013
1.8726347605858953
2.0055110651103387
1.9115619393550822
1.9768333504285274
1.9219686470765809
1.9153743120384086
1.875247642476166
1.8448608851581787
1.8130160936181614
1.8055639954181864
1.903080466743801
1.96899691749561
1.919053112781417
1.9918833842339083
1.8747351949462574
1.8624375434846274
1.7930080215365076
1.7264874518438447
1.8467920603075827
1.8394706664085236
1.828009861345172
1.785475680198377
1.9050043266242804
1.731935862419571
1.8590490278511558
1.6950116346377653
1.8462402632212738
1.7855541931957188
1.8356853109044171
1.790819120119394
1.855256104247293
1.9490991002574503
1.7844761091944046
1.7858530757081361
1.7588972461414745
1.7963563160262261
1.748434724537555
1.780148094597461
1.8340300862432752
1.8310478256305842
1.8141212186161968
1.7576504207926265
1.862821619359327
1.718268232745227
1.8277122649553201
1.8069381373887567
1.811660410102301
1.830308067048541
1.805160751333603
1.8028093264026732
1.8374196132183152
1.8197610550254621
1.7889657482709242
1.8014956576929577
1.8345093576625409
1.8583037573096401
1.8559468083193935
1.9181477209156672
1.9219800591382294
1.8546235496969006
1.8762254479806686
1.7070192560221602
1.7865658074284807
1.8808637774372599
1.9175738742554616
1.9461748353605823
1.860856044856842
1.8578490579069844
1.8027889233518914
1.7733017267251259
1.7848485954694189
1.7542663839104187
1.8684910954134029
1.8567242566021096
1.7948445271947333
1.825181053592329
1.7974317080833457
1.7617314286985433
1.827654280970546
1.8427216022458777
1.9107956890284656
1.8846046127583682
1.8904916740041868
1.8902973883213796
1.9195737649258418
1.9754016544255222
1.978808063087464
1.9834653703154719
1.994995591541554
1.926018984409882
1.9717209724533404
1.8207900054472455
1.8258245736216918
1.772886187936734
1.8024139366402536
1.7991977850182463
1.7816630496554293
1.865902472029032
1.827378053219106
1.8481571193587063
1.8740187126257624
1.899438937661116
1.9034604515762616
1.753599120784779
1.7445660322889627
1.8562781315308081
1.6761989399004364
1.7530156397390393
1.861000139885378
1.7700312726434018
1.7465387615959804
1.7697577215161167
1.9592352810498834
1.958267422252947
1.890976853209814
1.8591177877442542
1.8841059216092646
1.8914185462051223
1.8353974893165004
1.9344929270003604
1.814951393840741
1.7997506965118424
1.8767892188499273
1.933966289096961
1.9781034443946564
1.991150928541984
2.028874295150241
1.8344046176858568
1.76732436550611
1.7810882169875888
1.7467357433477713
1.8993755690424987
1.7743674699982488
1.8436388386291134
1.7905158019890934
1.7406584069919888
1.8463514885687722
1.7827284308669584
1.84677639505297
1.8978427625759307
1.9016001929527016
1.864580985849504
1.8328951575067862
1.9023337494275325
1.8305720748712464
1.7930047650382315
1.7482127608897957
1.6631938825024337
1.7531469051659145
1.7841109741305388
1.814878004786391
1.8024516310929466
1.878823439958177
1.7921603469540666
1.82368274393959
1.8756173558801428
1.8118493018449795
1.7661452685176091
1.8008178632997547
1.8269789609797478
1.750621724657523
1.7944402570876359
1.8212843423000729
1.8270676927319385
1.8277886011935376
1.9442943317562444
1.942429094102311
1.9402771110244972
1.9101843291943374
1.8090318906683804
1.7713817587673022
1.8450207604496285
1.8651384948262335
1.8477714237258849
2.051233219113773
1.8334344751336817
1.8430386150512308
1.9008513108084524
1.8854825330988194
1.7710990094930967
1.8608964465739655
1.9422545228876031
1.859318573420048
1.9125010830626756
1.818796697418545
1.7480020229705295
1.8391328848266153
1.7558583813545898
1.7343760020540535
1.7922615610297963
1.7794494919441823
1.8372678361484425
1.8807088608208455
1.797940277362621
1.958435837493532
1.8065254438416503
1.8222872584955163
1.8058229521452331
1.7759574255336412
1.8159445848732003
1.7743489805157666
1.7688761984727248
1.7600163317194224
1.8069223061202708
1.7411778524140815
1.8246598741882945
1.739947720700806
1.9388345111109317
1.847474891696578
1.8509785818714424
1.9224176493762393
1.9231146449782217
1.7580760277792296
1.7274840513822598
1.7266136417077704
1.8114827975479701
1.8173836210803755
1.8114263899245344
1.7989536067204712
1.7952235969685528
1.8381427902855914
1.937735713539392
1.79268816918516
1.8636510860401223
1.8377583243328801
1.8291906908954114
1.957571631926731
1.8397616242756505
1.803718795513166
1.7570544896879297
1.8416123401186906
1.7602854434195114
1.8631076395556194
1.787435583776395
1.6802479999318798
1.8316126993220085
1.793141875788846
1.981549866720657
1.9478409405755976
1.7758366540658763
1.6870072661303235
1.776936481597061
1.8310440777324333
1.7458889323202322
1.8475561233561735
1.8637134867106628
1.7691445020244365
1.7788360133960044
1.7943848669167322
1.7687394976891297
1.7604551528852692
1.84560122909456
1.8707244615410326
1.9526336614087034
1.8957549178293653
1.8792456633184438
1.8739387309381226
1.921801714558962
1.9318241804490448
1.9273810336334511
1.805876251542034
1.8828686661748912
1.9427564480320754
1.836925559377412
1.8252105039951039
1.8064206491460153
1.8096287214120514
1.776911622970177
1.7761623044975892
1.8659746831150938
1.8931363673629038
1.8715575837541363
1.7676830271565538
1.8301444874679884
1.785650731503435
1.784512030735653
1.8416815467451275
1.8093004053199604
1.8541733579321187
1.8251272251380164
1.715889478360421
1.7507674273573623
1.7194333660723928
1.841024595996644
1.7396988455024502
2.004133020284689
1.784666981624381
1.7971451056926235
1.8528810044388684
1.786750917273487
1.6719700015425454
1.7090972383859364
1.7217120894654883
1.846403895652632
1.6751144841462007
1.7739231062154373
1.8555456208133005
1.8092476410764537
1.8586988358276055
1.9045452174329904
1.9565442138227138
1.8029813047292231
1.8157086674183496
1.7721624728580612
1.9386837144179137
1.898594574186577
1.9806907735618444
1.8263155509559703
1.7558440251645713
1.8912746798514077
1.9153662914292822
1.8729360527851155
1.952637339079778
1.9507450835034814
1.7651691930880726
1.8769629035087727
2.000879293012725
1.8451065016519825
1.7829780293710311
1.821987130399884
1.8984908428306304
1.8290925321709761
1.77361668709556
1.7659568618442534
1.8392057070826102
1.7773339835859474
1.90063081364006
1.8755863957624905
1.8425477779909916
1.8430746849933068
1.91919432954735
1.8853244493762855
1.7950052565719308
1.7634005351184427
1.7822694245785877
1.8462691013754216
1.9376008841562375
1.9150433522858654
1.8671854272611452
1.857838852867946
1.851535746132888
1.7618038245820093
1.8668000885350953
1.848845700918972
1.923710290125045
1.8608794696173474
2.0047344802433305
1.8881583719855601
1.8315153700622415
1.7234855211440903
1.8182947252266155
1.88167908748803
1.9653017617558548
1.900422279936051
1.8177658447288316
1.8242080047632645
1.7881776229369974
1.8396786015967737
1.7699561155549606
1.788985828677811
1.9620493908087002
1.853813501167424
1.7789793577159352
1.717045685618404
1.7717383005505305
1.9278859375345734
2.0119418631564914
1.8806148105598064
1.9173955406536347
1.8227494604707686
1.8244871832852896
1.8457334699683665
1.7629297143311211
1.8000179036690334
1.7530696994437134
1.812238944084993
1.7660929383450217
1.7340449273757903
1.8239043033611255
1.769084777728579
1.7793958612105267
1.8407964883494978
1.8016799234849377
1.7734622006523
1.8607344407846405
1.8567052891759384
1.8339628372019046
1.7844742324171663
1.83436526344112
1.960648818993604
1.964583975365347
2.002981789568175
2.059595966452251
2.0271752244789787
1.901201841599002
1.9147856436957795
1.9400597562722317
2.022957748920708
2.0293515336563215
2.0500139362098313
1.9899762890870833
1.9069726898322474
1.9148038255211572
1.9531431295531803
1.9654315595955152
1.8583216158419225
1.8146232246751424
1.8204007728333484
1.8124887355127357
1.7749211329127883
1.727086774359071
1.6883721335067898
1.6584520055033478
1.769118790570599
1.8662456221964479
1.8182575143966893
1.895649409450298
1.8492669717352102
1.8861991549851989
1.7732703588320868
1.8809403630230639
1.9169232387525048
1.8241087600691488
1.8875122959397868
1.797354829093849
1.7965078329388136
1.7679416839170392
1.745441229784305
1.8029686474492514
1.8168293140108447
1.797523273013035
1.7704799735430594
1.8197277640710026
1.8496675110833776
1.8267538085941366
1.9176004364784744
1.8240533809515684
1.7695609436625306
1.7770353816192888
1.727296317538976
1.9108936924063091
1.9137156713846317
1.9460560447283457
1.8690458189178034
1.8867169790213552
1.8322463023312219
1.7975809186199518
1.7672970374896044
1.7663319168884921
1.8309203880823193
1.9428155183259068
1.9476860978406714
1.9368718628933264
1.9671186638203046
1.80069198801296
1.9181973628743016
1.896509161967576
1.8477927474489735
1.8750559956878088
1.9440835989477587
2.0293945802060205
1.9793696402548964
1.9193991079590853
1.8862227760884203
2.0141791658190242
2.0390485579671593
1.9084571430531303
1.9009315547223018
1.874775892268477
1.8088715897786636
1.7574867876537783
2.035334464963886
1.9929711580801237
1.8742116864180662
1.8800959757715179
1.900048808017755
1.9540659683615593
1.8437814406367667
1.9565616366253644
1.9832967287572334
1.8972123027237948
1.7868093189524799
1.8338274689067569
1.9191501589752067
1.9050543717992998
1.8739813246732642
1.8628590294371465
1.9217942814981468
1.9485321707205525
1.7322713094537425
1.7774930043699395
1.8145400287388078
1.7807920954545073
1.849617644274886
1.7979723888756647
1.7614202680094904
1.746230884131147
1.7646185513460888
1.792331032960492
1.7054310623462476
1.786958927994951
1.878579103945078
1.7979263492573747
1.9384102700260741
1.8431292402892376
1.8673954109688546
1.7518248045582356
1.8097404709560316
1.8092845210247852
1.8718002222823358
1.9426334574553055
1.8499421511185916
1.8620663145003595
1.8010173171445618
1.7358912543474574
1.7231714241261242
1.7898374423288825
1.8570689542476713
1.7854758993017088
1.6813837650712293
1.7952716082015447
1.7136170531790686
1.8525649570522023
1.7919607449206816
1.8236874849276297
1.7110566007624388
1.8903713764308183
1.8676354863610152
1.9638473424255922
1.9254541798019784
1.8611309684868085
1.9114986343922726
2.010091952854349
1.9615377698404284
1.9347091242535843
1.9215967975536505
1.8812467518447797
1.8093347973667642
1.8020388642540819
1.7971222203918475
1.8223236692564797
1.8571304811305855
1.8255227417146564
1.7813754617640252
1.7471321101197306
1.8033289891043967
1.8119113744937767
1.8486939355936107
1.7937976543005232
1.7582649603409468
1.8076182003155392
1.8420511508046704
1.9148856293345937
1.8254847788453787
1.8795350669784774
1.8800464084568311
1.92541913758784
1.9273884620570576
1.8883853336224028
2.049075885502747
2.0453233332028615
2.0220944469765962
1.8723664074202977
1.8257246101295779
1.8849232081561436
1.7849123739741333
1.7855612392999254
1.8005997485005818
1.8866880255067684
1.8003790527700627
1.8101793106871378
1.7542112382612105
1.929450358984632
1.9351089958273375
1.9756996576219539
1.9787366127075676
1.9701803509613076
1.7456510840187895
1.95362854907255
1.8541540429943169
1.8548672786590938
1.8180399035042822
1.8358737955548756
1.886794412004124
1.982457090495969
2.1650412903563017
2.2101885287638074
2.008588880484873
2.004958813945243
1.9559364385735638
1.9964196254691842
1.9895642221824952
2.0822733338278714
1.9326586925255287
1.9825905896775757
2.0139866596822484
1.9479527727950825
1.8632159562052477
1.7148550015689263
1.7121963500338129
1.7269110700793742
1.8509308156621112
1.7756169399018265
1.7941522615337038
1.7692096501788446
1.7485133197797986
1.744229576175699
1.9072748055884936
1.988567909427784
1.8975405025288135
1.772964500121187
1.794064503984668
1.7847737767940894
1.7388184483041842
1.8792685708862154
1.8045624742305377
1.8337104290101574
1.8301430505268446
1.7428241421220996
1.7740708292105776
1.791895483987206
1.8723325942168971
1.88211611012563
1.8425818565086867
1.8654186334490077
1.84658247903468
1.7106266728892598
1.763542902423245
1.8950277987026147
1.8719456551122717
1.954301394854936
1.9464557763313535
1.903382456702198
1.8792733392904002
1.9757955968347767
1.871368232872115
1.9183209023638483
1.8581959763912594
1.902694059950045
1.7855018103729408
1.8102513508179188
1.8357514573971403
1.8900118190465163
1.736697168887252
1.8137740843475203
1.8504721420948709
1.8590715690185406
1.8411273830857486
1.8403288680055525
1.8600008009382298
1.8159186872701913
1.803301292315223
1.8863905382871569
1.8516853791935977
1.9804546747190968
1.971315205694603
1.956775678619117
1.9374596439641827
1.913574619108851
1.966078794285978
2.0313740748824882
1.9220497234456175
1.9232909404333325
1.918544681971187
1.8787757634118312
1.7830660841063213
1.7821337475239583
1.821496013428331
1.8215935350659211
1.8482458384597977
1.799120924714991
1.8545836032816598
1.803959523219247
1.7517747496281344
1.9244155365857623
1.840858331098392
1.8154503720425992
1.806122767076345
1.9085099187797103
1.8639823006273373
1.8160780732154502
1.8361323594540448
1.8159724957456922
1.7411421693710332
1.9360431950474126
1.9839801293776036
1.9839432312356018
1.9165280305585086
1.8205285726941194
1.7713244246077995
1.7212563388183015
1.7617710183993995
1.7751644566480547
1.7698393921691271
1.9359842637183602
1.8810962531825144
1.8342800810132662
1.8361415470222253
1.8208399616297815
1.8681866727266698
1.8479222174445575
1.7895431818410696
1.9390645509150533
2.0239877832750226
1.7636093130102035
1.8561255813097433
1.8185278165044791
1.9170493404771545
1.9062390180853843
1.8878027095812346
1.7272388861920878
1.754169726670364
1.8933945815396256
2.0282104346028365
2.066462366198336
2.1114385495818717
2.0389562624964257
1.9667227352232828
2.0431695718576646
1.9991553420349235
2.0708323494153853
2.0489176384922034
2.0405703762179974
2.076722454387653
2.016926886068464
1.9774381896994706
2.012682142740102
1.9201594015580392
1.9978883678185735
2.045072005807991
2.057911923788202
2.0828748935708035
2.061956191205537
2.0308435569272976
1.9797685457446912
2.0620079929215245
2.084351097813357
2.0226715863857856
2.1738552599372287
2.1085890318990113
2.0993012688120563
2.0720606275351368
2.0446551684040273
2.045992613283625
2.0991913140761533
2.0343293604915873
2.0802956623531434
1.9602797967055414
1.9045334375238219
1.6980529882146556
1.77600028531758
1.7790585023910006
1.7393195670552581
1.8685949334051308
1.7336101357181937
1.84362770839563
1.8503661236158229
1.794289319809504
1.8111049487500555
1.819127382056067
1.824079930894722
1.7912715070183078
1.8181301624622397
1.8139574670917749
2.014246542791115
1.9355275232694815
1.890849413807487
1.853481043357062
1.924233916537525
1.7892033923371142
1.8466010493737564
1.836303247047154
1.8093490691903333
1.8615851674819694
1.6908489103512163
1.836212787041942
1.7978061766731348
1.79550917696991
1.740046752647975
1.8349519789477002
1.7576792583943484
1.801257562403097
1.8100590153776785
1.8102104079171393
1.8239397901326817
1.8180891646316684
1.7936382948069722
1.791212518104374
1.8624331867284873
1.8352913482419257
1.8623383870479138
1.782047229529051
1.789622408590288
1.7929039641868085
1.8937409969178454
1.9241136711596567
1.8746652398348933
1.8396873698656426
1.9192980658451464
1.9013174886513406
1.8336248451570551
1.9304021495929147
1.8417448905882194
1.8915144213569672
1.8564593423454259
1.8193981611122414
1.9086950069558175
1.7730935866183928
1.8478712509847193
1.7272506457024646
1.662874928142505
1.8030026642337598
1.8469858922504836
1.8094766673977662
1.8952234927055447
1.9123462247484015
1.9051096639047298
1.800226295592526
1.8379559280506934
1.985736516389673
1.9073116272469743
1.8842242012145762
1.9819242148759886
1.9474187338450288
1.949018872341933
1.9393579915029164
1.9666135653076096
1.9149791416946742
1.9316500961895542
1.8927674690441163
1.7720637657188045
1.7197891871897844
1.7351373360562767
1.835737770251167
1.7636153785469457
1.7413731179743204
1.7689326888498642
1.8698475817619982
1.9087392125004974
1.8006469609739564
1.825728605400615
1.8209258512939146
1.7171282609264935
1.8083135634954932
1.8856282297810119
1.8835583774524047
1.8802922156764637
1.8136950829139054
1.768405680366694
1.847933306300977
1.8474799801369692
1.8707855400873865
1.8151905766579803
1.7611407921013325
1.7897842867650222
1.825380707493262
1.8034576231207187
1.8555003904103742
1.90043260385141
1.9544410565259391
1.8440917658793305
1.943801943853156
2.000449846164234
1.9463471052294008
1.9646676983212772
1.9423293381692575
1.9523307954486429
1.9149905494420334
1.8438709534688975
1.7853578586373318
1.7781941075849041
1.7544121760456421
1.8094512972790755
1.9314925850028672
1.860096440690259
1.8613413563936496
1.9596294953029136
1.9461884423039248
1.9621482396008125
1.9571061858402943
1.9045381292386188
1.9943447197853803
1.9297101928904947
1.8737530792227086
1.8722045472349713
1.9262357989072312
1.8907606658969958
1.8045966053712164
1.8480014329862415
1.8259481039600762
1.890643746435733
1.9553484522057494
1.8863197504028788
2.1000100493552387
2.086987591662141
1.9376502869946806
2.0067491795472243
1.8792736955076812
1.8028390320481813
1.7902393371370122
1.7621467525362278
1.8468763026321078
1.783280610350488
1.7559569732829652
1.7810040728870136
1.7654562551618236
1.8201393392821164
1.9045650564278995
1.9626366899231384
1.9660012728967504
2.0101622550264255
1.9051253419493903
1.8168927371860604
1.7512977130362344
1.8440653927867074
1.8710825335468928
1.7138781077723406
1.8538977171532012
1.826487799247672
1.9105844484107979
1.7899113634067023
1.6730795418364706
1.7179694305254196
1.7538705510353927
1.8150725359603839
1.8424746997619343
1.7608307987059542
1.8142158504342756
1.8754043823723154
1.7169461601848974
1.7215819589115797
1.7721570777279643
1.7765469755912544
1.8910503577946407
1.7709092217145972
1.8655577272684156
1.8840892987494215
1.9064664228832735
1.8223408556508334
1.7677289699796066
1.8173056572947257
1.8607003165280736
1.7996308663713567
1.8018185873226003
1.8321540551435729
1.839590106609859
1.7814544150762037
1.81279999520861
1.7741415183574976
1.8233746069682708
1.7798135714725336
1.804129597950062
1.8148048083150887
1.8553105653453579
1.9390274401314456
1.8917373765181846
1.821055544156958
1.8594626899057662
1.810649571472124
1.843228728785365
1.8083211707047353
1.8325770934914132
1.837590735093082
1.7932172262876294
1.7648538078490748
1.7533668026290905
1.8666871795411177
1.9133148344273705
1.8046530102890967
1.9085269758733379
1.7932603937957625
1.87999139615359
1.878545603523325
1.818472348253587
1.8214496363845922
1.805038038488483
1.8466925883177898
1.7890396927900207
1.885070854496101
1.8222510042510915
1.7748861072384259
1.7796344082811368
1.7661614480368355
1.7925491301938612
1.7988947918365952
1.903193309988246
1.8244876021324852
1.8560949691871942
1.8601934532285798
1.8812626884005001
1.8375767044381972
1.7599810287254107
1.6836759278984417
1.847918812250763
1.8168636958719477
1.8673162953223845
1.9062115954412153
1.7551792517958817
1.745493374454216
1.8320750155423073
1.9440974867593896
2.020017847273056
1.8587700498554505
1.8728067123363685
1.8454832261808831
1.9116025625470845
1.969134475638274
1.9233601982679303
1.9300901207762584
1.9270423362957112
1.8538645269595875
1.845824904454511
1.7932781675332583
1.8662461265936878
1.7865850932361094
1.79166597167838
1.826616580799833
1.8192641774128475
1.7499600283660282
1.792509129430359
1.7919807194379405
1.7920851101541468
1.811626399310265
1.98095905611762
2.015983900417497
1.9274196778059747
1.9398982551735282
1.8383451447313575
1.76139604600753
1.7802379579837673
1.8575643389343348
1.8075122980138838
1.758408439269549
1.7906034789701883
1.7573001125089578
1.7691991246350494
1.8063714668622033
1.857474812780549
1.890559099606615
1.7963801178589414
1.77344783794278
1.8126376208381914
1.8108543816349996
1.7141448068296765
1.7079681429982914
1.7891080150558918
1.7605310979861175
1.7611541880613344
1.7211795478597738
1.8224215187953783
1.790692761740957
1.899642558172379
1.9522807729675704
1.9075856226010226
1.8335951128487684
1.761014386329051
1.718417131452859
1.6842754204607466
1.785873703166549
1.8643006917220204
1.8894498188978293
1.7781420234108367
1.7639225566151415
1.8248157899900321
1.8570643995699718
1.8359133243744084
1.8169859442958138
1.9534605768842979
1.8218201877369269
1.8422576851625159
1.8591037994958524
1.8487165689866507
1.7789700230324552
1.773031985974069
1.873075222171306
1.8028404890089802
1.8881784164621975
1.8255818156232813
1.8279595532418336
1.8309915577380662
1.7523883142317256
1.7942315596130491
1.862263276805929
1.7497817795501382
1.7753528842400232
1.900911233172698
1.9275950915968152
1.926997255484683
1.8484570842945927
1.7546218013164832
1.8765256297157331
1.8357423876697125
1.783428895100644
1.9346715764967983
1.9039575122791796
1.8769222646723864
1.78926062664469
1.8225177522575977
1.839532676816181
1.9108273943829899
1.8192687312604474
1.8854342745292256
1.9004882446206106
1.9634636129516645
1.8581230197095389
1.8237246893877648
1.8643890302551358
1.8785823888525086
1.7901979366077603
1.8468479901850818
1.8845828290952322
1.831458253217456
1.8260566630959394
1.9376849554686981
1.7839886370228744
1.7933871016706808
1.8523665157036626
1.9306502495044715
1.8592881492888353
1.8004669642295374
1.6622413013889585
1.8258616740602318
1.8186909765408779
1.9564557707035566
1.8826867780334233
1.792780400334981
1.8254128557789089
1.827301704323017
1.8298259573936755
1.7896430580592675
1.8527136857735171
1.857998303991752
1.8769775087455365
1.8694721422823948
1.8155368473765945
1.8671807539158807
1.866818342781109
1.847795238792389
1.6901111887763365
1.7702573893450504
1.7647891741231392
1.8164357428826872
1.9023625176354717
1.9080802728289936
1.9191321335583758
1.9028131243408513
1.989869368419958
2.1260400422372965
2.028019624537329
2.105431492708949
1.8175885198871138
1.8498698193859846
1.8124300979563848
1.849888816312376
1.9496808925414575
1.750367693048534
1.800326914083502
1.7670569131144138
1.816245708444791
1.7347418995242108
1.8210887941113203
1.8375525086193252
1.9488960164701037
1.8877338430985633
1.7894256281324097
1.8903844998143151
1.8978864132775974
1.8868368277358882
1.8326224232965034
1.776326669198367
1.7331580033198153
1.778491374766242
1.7798706362096046
1.7600058792970457
1.6927958399173064
1.7589928275051547
1.852855003544928
1.8299198802597934
1.8311068882180983
1.8582968037276473
1.7782171565425955
1.831518786323791
1.976109986648052
1.9020259410112472
1.8166551064139858
1.8776449578226546
1.943769234312403
1.9238974667950068
2.0139811853246408
1.9219638922595237
1.9863114055882427
1.9326988952562865
1.9162118922922882
2.0269129583847656
2.0416178537298375
1.9192589001723706
1.8627290422907514
1.877818783815141
1.8720666140504427
1.801653987910503
1.7029673577559723
1.7684476676977496
1.8386552879092963
1.759812993333174
1.8186395040535377
1.8258037616938578
1.7982743280841054
1.7902106892858745
1.8086278215284421
1.826151007285718
1.777971123949153
1.8038618765051555
1.814414870682208
1.8046590133339655
1.7876310771154202
1.8581953197097982
1.8307054937071965
1.887422670443065
1.9130618005529525
1.9926067629646824
1.8689854706111722
1.7857786343851376
1.7797134739163645
1.746141917864917
1.771036841144015
1.7684476241482352
1.8122803473855498
1.7703417241096977
1.7654565697868616
1.7264801482038883
1.8244440367804668
1.790899087960906
1.8843242448942885
1.6915309365241855
1.7111830006816064
1.7700365412516714
1.8353563781169282
1.8269120899190898
1.8162954910107558
1.8691398919233075
1.846929195400692
1.8965373290831187
1.7701597412759547
1.8503591534459116
1.8039704087381687
1.8085059694038828
1.9126118351998216
1.8452273068381806
1.825668629513116
1.8715457381138256
1.831569064502792
1.7626771023146788
1.7597748513001383
1.8988733419694026
1.969042445414671
1.8799791774710288
1.8316383758305514
1.8026177417062719
1.7718416984207002
1.805216765959439
1.8290797576584923
1.8404136208597102
2.0172626141789487
1.9157605958080783
1.8967938851408044
2.062375396058059
1.8601140796129172
1.8845556306916387
1.8682806119167858
1.9784834535862614
1.8423964932941923
1.937374566538283
1.8916522841694157
1.9131093144405784
1.9308661727085485
1.8964579492554992
1.7706966655138374
1.7949851838234039
1.832739878661572
1.732879738734837
1.7325444228465636
1.8636507599637586
1.8834778547407316
1.8425744882906518
1.7968110536290498
1.9031121916798768
1.9064779207374665
1.8356768426762953
1.857913963765357
1.8420257088000418
1.9457430128779112
1.9975701256811975
1.953793043067335
1.9053565232833642
1.8443474665989188
1.7875324818285823
1.7933875347014876
1.7618126176809359
1.7885532864056164
1.7646463341955785
1.779513449812318
1.925625408643664
1.8584082249625764
1.8283980994009807
1.8182707078860703
1.7917238030390357
1.8315886859621495
1.915358177517042
1.8886882245117
1.8726621987055097
1.7993020864107017
1.8321818704144757
1.9372089863762667
1.7221375008315403
1.8357000572588333
1.9299669969057287
1.888308153955635
1.7448216178130274
1.7270577870956143
1.7310024298791402
1.7258575343033586
1.785564564806078
1.8044587873625246
1.7827748306420688
1.7250618458783438
1.7803561190922874
1.812514577636515
1.9195638556513155
1.7737567116550506
1.7189068522102127
1.7825278209790165
1.9031288162779496
1.843973954895791
1.8305771886904494
1.912172389995207
1.8688220205509292
1.9345613750526423
1.9414008614678018
1.9535209305552705
1.9841347281306256
2.0078512759866554
2.0040692211443627
2.001732294161096
2.00586217441796
1.9262390728296668
1.9210526194736777
1.827078614887647
1.8326101940073336
1.9142217924154368
1.8123557250650917
1.7419919640968082
1.8837363729082601
1.6978162907575785
1.8658720164166236
1.9137920101337622
2.0016561622912943
1.7930081060894032
1.7481880725017922
1.8954522779430814
1.9707246203726125
1.8013764275006194
1.7909094684997402
1.8276633858289555
1.9285755972618461
1.8997137996006273
1.8320638075215958
1.8051089950753163
1.7819022275563525
1.761446275128965
1.784196282763029
1.785961044708843
1.807610203693109
1.9776205822271244
2.054442196527229
2.0525806416332735
1.8462522170570435
1.8490211977211113
1.8385308150508635
1.7588098691157037
1.6948918661195291
1.6891475790915254
1.7768275203774915
1.8033732700312957
1.7807700399688164
1.818145344322183
1.7480788251436081
1.8152392288499979
1.8379964311790449
1.8306442100221225
1.9080381305518226
2.0499573256797907
1.8667515186213464
1.8200195944833608
1.853151758194529
1.8438881283701645
1.8210065841383625
1.7879297085170966
1.746028611871532
1.890076588944997
1.8336529183906
1.968227950529029
2.009856521835036
1.974226089839945
1.986953218999871
2.013095948008965
1.9905587734543682
1.922099425341753
2.055086500487637
1.958371488485253
1.8604334607395923
1.7969051766154698
1.749447258438409
1.7715856350598886
1.8453298816820656
1.8499535674980563
1.8407489320508046
1.8501634260659447
1.9179289315801928
1.831785216874973
1.8743441676361516
1.7799663631211844
1.8403643437159019
1.9221779174373177
1.9055033471668177
2.024271288694454
2.0153791247718726
1.9156441469283125
1.9720755776808352
1.8877564520764274
1.8376580777622418
1.8296427692026804
1.7735199251300031
1.7517944551865978
1.7633498598030823
1.673665545349783
1.7478301954449058
1.8439333902048884
1.9630435538259685
1.8850344535521721
1.8056628997391038
1.84481785537459
1.9580721507460268
1.9969283509971527
2.0901389889403537
2.0775977683869233
1.9568362773907997
1.9347773867162434
1.8974188202920725
1.9490845036076432
1.9408349019398683
1.8602082492451282
1.818734392602889
1.7727940061726393
1.7827828787378317
1.6888299759970644
1.8037969718768148
1.84986593539913
1.9149790567329175
1.76934627442479
1.800929609621688
1.7078703656209453
1.7793445286405076
1.741836152571693
1.9231530969104165
1.939798721980537
1.81573413873114
1.7201857224363066
1.7469105506727258
1.920566572431694
1.9403013135597227
1.859220868318552
1.9479038191320428
1.8501304087143156
1.8290758749006342
1.8414453790740328
1.7808544998433844
1.78232323752533
1.7646855557118672
1.7728323066464524
1.8417279267873445
1.7700461774983818
1.8236584674057283
1.7974994818160361
1.7078809776773065
1.7192006628108123
1.8109730974655287
1.846689836421408
1.8368336238884835
1.867058184251509
1.8566800562810772
1.8987665719619462
1.9127323817322919
1.825472993718269
1.8234037178592453
1.8189614791421427
1.92092386955878
1.812157677235036
1.871622528347008
1.8271975561869662
1.8796698288110814
1.9358162799620486
1.8748766294394659
1.80539017137784
1.8018080976103743
1.7851210004159779
1.895264416995355
1.9333997941644312
1.8858329465967547
1.9037753435300875
1.8273359263057174
1.772636020990694
1.9148194961428178
1.9050437418211783
1.95387422172652
1.951848395404214
1.7791191049896191
1.7514401487535323
1.8558480099925045
2.0120702405447073
1.9356716371741105
1.9298121847750984
1.8782492301026341
1.8385217679496382
1.7676194698629795
1.82974223216999
1.8694734382242886
1.9856637826627197
1.8359805160302738
1.7671451515620018
1.80302418862642
1.8843564641657355
1.8840681664112353
1.8912807362159363
1.8833345998242013
1.961589571693053
2.0059621606576505
1.87655321727236
1.9015005009022568
1.8395991625891577
1.7817362245112283
1.925241540876887
1.9208543521853738
1.8928287064016223
1.921829254003689
1.9175618099172707
1.9596303850694055
1.84810581124073
1.8239342704653567
1.8252704816698493
1.82149212786401
1.8526465878041172
1.798317658034899
1.7879021840997324
1.836303107133187
1.9658095954599266
1.9465142831930184
2.0609737913236397
2.1482043601459844
2.0034115333376783
1.8472375865936452
1.8983118909598338
1.8000121240853162
1.8083354440799413
1.8106248182720046
1.8260019849885203
1.7924457838077934
1.7929143768962008
1.8095418642400456
1.735252343441036
1.8003639176888062
1.8604553937406958
1.8565274050598517
1.8757142407873484
1.7889051362366628
1.7363810188142876
1.8220130178203904
1.8779333319180216
1.9050416862755981
1.8662601225834101
1.8130418862406272
1.7793783352013823
1.8170512642094057
1.7948333497188262
1.8105531616329933
1.9034290348589962
1.7768001537174827
1.7089088726150303
1.7433380571320216
1.8387848121824368
1.9249498587749596
1.9827094562750283
1.9513084303922639
1.804865090444389
1.8185527118404186
1.8740855437167474
1.8397080228811853
1.8047647095658212
1.8365112184261978
1.836903442974931
1.7548851909104357
1.77903746339239
1.8503827506719992
1.979207883753026
1.8873167689571118
1.8011796300731613
1.809322748335875
1.831507805214789
1.8894587985316897
1.8373863051213157
1.8588848259912973
1.8913198659599633
1.8803695928406665
1.871569851262716
1.8698625298403448
1.8863614082133056
1.889516077835005
1.9071052488533302
1.8467527543542084
1.8495122492269287
1.8502356610202786
1.7356453421045497
1.8236934213509393
1.765890792979909
1.782804258576487
1.7878977722770872
1.8777157797772133
1.8127683824262395
1.7902054600325281
1.913977669879992
1.800965351879218
1.873404557635947
1.80247810676233
1.8753862981305973
1.8688783983640918
1.8986720429379078
1.87026171382034
1.9380813008906737
1.9307541538288255
1.8686856985054006
1.875285399180115
1.8752647325074605
1.7982118940539877
1.8667378657496219
1.842785480623779
1.8352777553924897
1.8804156082061212
1.8656414057257047
1.6819636006404377
1.755861328563201
1.8812841905613087
1.873837798148598
1.9627668923361226
1.9758928176364345
1.8486976328417564
2.0246166344970056
2.1142192136718503
2.1029986897304824
1.9586243349750605
1.965154839283867
1.8485466345696924
1.8537384103143857
1.8410458059560253
1.8596683458169911
1.8702704070268394
1.8865911705576333
1.8582015564411751
1.7507510416313223
1.7990705988879443
1.9225444019970532
1.8680270706543958
1.9606943421572252
1.9717442971656847
1.9195625016256141
1.871237185709095
1.8448094308112613
1.861648507779067
1.8554843845765554
1.8011278818813696
1.8793182366081795
1.8958489498804514
1.766523905117397
1.9270568329933815
1.879082921098483
1.8211475403227027
1.950913302388194
1.9577704741201227
1.9945325816661306
1.8838034153194099
1.8857850116788035
1.8035413152466817
1.7801766360019804
1.8103035248143795
1.7930243768933023
1.8308370023626164
1.8508768253061134
1.8740809771598
1.7930258503088743
1.7974104525661863
1.84045002133223
1.7607240039711356
1.8432438075580417
1.7720262094677488
1.8039436739871324
1.741229789610348
1.8052357132851944
1.9007427786194622
1.8074282667176698
1.7915630066815316
1.7865464978642296
1.7388516236325502
