-0.7546397378954399
-0.7205168797563302
-0.7271505842166802
-0.578301055279129
-0.7147361497306339
-0.7524480400372355
-0.7905162831384354
-0.7029588295593869
-0.8495891349261426
-0.8384855819816251
-0.8952410046251462
-0.8872330001259119
-0.6965328912034617
-0.7879883556549812
-0.825703482637319
-0.8763909390544506
-0.7827140600294336
-0.7201882540693421
-0.7170464594326827
-0.7585031776489102
-0.7661481198831854
-0.7891224811234286
-0.8145387619238119
-0.7456614919413479
-0.8411538217183426
-0.7996465621445827
-0.7158779445144939
-0.7113636672833696
-0.6296549068080646
-0.605039448663082
-0.7465264089567177
-0.66767898838066
-0.6383297227908376
-0.5451879366075703
-0.6522210458814371
-0.8074022708743408
-0.8707784490245092
-0.6561837629086126
-0.7109119796862677
-0.6514435817934416
-0.6851568702940966
-0.6241801720295628
-0.6475317573061691
-0.6151028937031378
-0.6350244140715269
-0.6271847960011405
-0.5540460927236674
-0.626677533949529
-0.5871316408033016
-0.5323640153727052
-0.4636663506138952
-0.49664868118873046
-0.6200436194921461
-0.6071942575399611
-0.6298144587049409
-0.6413258774084347
-0.734349223715916
-0.8051813083446244
-0.5890838819943477
-0.5843304432029046
-0.6296639055267791
-0.6591145557625707
-0.6686564098540863
-0.6630685639202495
-0.6729745470266604
-0.7696294102607145
-0.7738083275763787
-0.7964950695630701
-0.8091657894768098
-0.7496152082747187
-0.7161313910545969
-0.6629564118880384
-0.7248750025435259
-0.641900755642442
-0.7176604423531027
-0.6900771970964753
-0.8342797222436614
-0.816980699158471
-0.7216337120278465
-0.7567152532885033
-0.7071019433641295
-0.6169290556366148
-0.6913353016843755
-0.7657623758908619
-0.6955761335182269
-0.6966486959940353
-0.7429419488062148
-0.7700730795445745
-0.8078701704885624
-0.7220487170293179
-0.7283400909915099
-0.6221511934453251
-0.6385838408664664
-0.6342994935790468
-0.6697848439963245
-0.6534414373469432
-0.6762128408682311
-0.7888224372275687
-0.8019625343555382
-0.7702571992003745
-0.7563747769963585
-0.745190315404713
-0.6725249972719732
-0.7034710693264348
-0.7325785343621974
-0.7671358701993256
-0.8086546655468586
-0.7956212477239737
-0.7391587700942821
-0.8319717969615075
-0.9052052142528831
-0.7978232635677501
-0.8411646612319177
-0.7638563605617756
-0.8597046413323886
-0.8518766937376168
-0.8558560907666096
-0.7653970478171609
-0.7515582823710056
-0.5947354694582319
-0.6392193889103962
-0.6670612634916568
-0.6152747485878192
-0.6082143567161337
-0.7289989313878629
-0.7398263338572275
-0.7198654810230538
-0.80200009397272
-0.8701203381960623
-0.8150697373524359
-0.8004493973913782
-0.8510952877399993
-0.7460676779272153
-0.7667543734326865
-0.7379049325775208
-0.7241907939685386
-0.6861115570867685
-0.7429770154327366
-0.8211675506095903
-0.8006974706010679
-0.862131980357969
-0.7972907213960629
-0.7311062221183879
-0.8681115211281222
-0.770074638786771
-0.7780074663373377
-0.8359809630462087
-0.8322047277982775
-0.7437276984690684
-0.7237911910552345
-0.7125038980342066
-0.6460331685908813
-0.6437559564962154
-0.6291316983196416
-0.6626249339357579
-0.8076106097206319
-0.7534947236394968
-0.8352959473488538
-0.7749318219340089
-0.8171575225641087
-0.8179159746013397
-0.8246611779729728
-0.7262456491279573
-0.7736783305642594
-0.7459323240582316
-0.7296769734417426
-0.8190643074721259
-0.8760466956351353
-0.8833654605314871
-0.8821101656182788
-0.8487547705078061
-0.9023954707226546
-0.7946877055296728
-0.8729984519555998
-0.8937256005854047
-0.8712399834267982
-0.7550087205251699
-0.7853212711371466
-0.8049907715195752
-0.7524623782489318
-0.7776876058670005
-0.8450250969314652
-0.8396110539034647
-0.8892496068472233
-0.9197294276688979
-0.7903052661612556
-0.773810204048401
-0.7126804276827142
-0.7182875480724042
-0.6995221671413118
-0.8426475264254768
-0.8430990429024592
-0.7476740103264842
-0.6476081152968431
-0.5095602032262093
-0.619166384702279
-0.7488149024383243
-0.8196408191978701
-0.8412757248031102
-0.8034940339291485
-0.7329766421078776
-0.7558934548174144
-0.8522714603264292
-0.7946801059727896
-0.7731489799798203
-0.7918200191996596
-0.7317440241287021
-0.7031376294301461
-0.6849233576176246
-0.6975628102978121
-0.6373519153876666
-0.7246626125777763
-0.6805228037583609
-0.7243737734214615
-0.6631054501608286
-0.7590889871989832
-0.8429792610367426
-0.7904224345382697
-0.6951846667630326
-0.6412445268748845
-0.7319246850033398
-0.7006783683642166
-0.8436070025114801
-0.7714384483092549
-0.829784424311939
-0.8493603907912374
-0.8287410596887217
-0.8953534694129557
-0.8108356465102651
-0.7231273672730787
-0.7894987023395341
-0.7537960274023872
-0.726483883976988
-0.7038028546599535
-0.7134117614393392
-0.7554089182440575
-0.7048712507109605
-0.6588708887493869
-0.7020569798147898
-0.8072979848790331
-0.8074897034025665
-0.7849665271468332
-0.7447659716800727
-0.8153038625667185
-0.7150579506177447
-0.7522528292906968
-0.8431994794998781
-0.8438012559517141
-0.7147583814480263
-0.6307903603989612
-0.4986003545805189
-0.5832512784102913
-0.6193970940450415
-0.5664714570455932
-0.5771646288476431
-0.6394630276978029
-0.590206163210566
-0.5554991894114559
-0.6246034014029505
-0.7549144328560079
-0.6786114379140888
-0.7082861345158883
-0.652811919734653
-0.6661348565461362
-0.6863035794769112
-0.71642814531844
-0.7043902720993729
-0.5954055241288141
-0.7757691100648668
-0.6205875134895755
-0.7656087840671486
-0.7890688868490043
-0.7972698870310774
-0.8055542966270962
-0.660335724362637
-0.6154705488652942
-0.6785593969302259
-0.7338342042383109
-0.7560131605734749
-0.7192767126839245
-0.7146112320812914
-0.6681337052696664
-0.7103823455600852
-0.667240402249616
-0.7912998384636152
-0.8113108936667871
-0.7157368752309439
-0.5248271105259769
-0.5695831313144575
-0.6224076664847772
-0.6858163800159419
-0.6917256375819755
-0.743215625807026
-0.7358613779923253
-0.8158468524635897
-0.8078142037037768
-0.7687097923146917
-0.7714941733303682
-0.753193004707871
-0.7610168021278338
-0.7429235522442901
-0.7681460804109697
-0.7366742559124986
-0.7566375369244678
-0.7909308680688342
-0.8600301335442484
-0.6742544106978551
-0.6574135921315853
-0.6765804464576329
-0.7877244803702458
-0.8146762381256357
-0.8294491835579052
-0.842829334954109
-0.8404897524490478
-0.7764954464122569
-0.8199114241371818
-0.8504267027659149
-0.8134588916712632
-0.773105377976075
-0.8283134212294541
-0.770510341221676
-0.8861667928126477
-0.791162699630741
-0.9017686755064883
-0.7573507564844834
-0.8188727892741429
-0.7907006800043338
-0.8610540193653474
-0.8151738078057359
-0.7666978455021962
-0.7775258503958512
-0.7334130872667913
-0.8555402811108352
-0.8475568673726974
-0.8023034409760468
-0.8926065733569233
-0.8377005032839848
-0.8276010573540584
-0.8334338758870498
-0.7729804220214344
-0.7884455402195599
-0.9089480607540169
-0.8736485579030066
-0.7755633829608154
-0.7139608103916166
-0.7491324154778702
-0.8525799692652661
-0.8070930950397133
-0.8680986538015547
-0.8913964626551559
-0.774763536469224
-0.909071547604047
-0.8119937992174091
-0.6910384380265397
-0.8011036963992004
-0.7452275262838256
-0.7823997532639014
-0.7480620208062816
-0.6186789777929367
-0.6452885089031112
-0.6204744103240346
-0.705710210617496
-0.8237500140508119
-0.7679999515328828
-0.8177559194065879
-0.752820873185931
-0.748457084494987
-0.8357853371421096
-0.8088323250264292
-0.7687082524300015
-0.7008861270668678
-0.7039494777515486
-0.6719309743649872
-0.8141901062403599
-0.9062444095299165
-0.7599783358937349
-0.6821832147916049
-0.6778943033146682
-0.832388542658966
-0.8060481214712913
-0.8052013989450811
-0.782353594896078
-0.7805023808005428
-0.8867892149271872
-0.8395215256056248
-0.7968721943501931
-0.7142509183538752
-0.6655158483522746
-0.5674631751676714
-0.7371464715802388
-0.7483755479771952
-0.6783960678072593
-0.7404683053651838
-0.7623328984792095
-0.7571612301204502
-0.7264535314988494
-0.7503743559035263
-0.7437438435742767
-0.716021893225807
-0.8730068317981472
-0.861695170314377
-0.8695466524338225
-0.8758050600835311
-0.8199530738140289
-0.7564387031635764
-0.7815249651902083
-0.7569344766207429
-0.7080043727068727
-0.7709763902796349
-0.6908915277243277
-0.6053776267124269
-0.761742131187486
-0.6616019433563768
-0.5853952151152524
-0.6677325645163771
-0.7541617491067131
-0.6860422853985633
-0.7638854142016189
-0.8027195914231194
-0.7675679946799013
-0.7933608818154693
-0.8193922907814953
-0.8757692359037531
-0.720060728492318
-0.7856703015805028
-0.7775234594739356
-0.732899553597637
-0.6408972232364022
-0.8141538477130751
-0.8210947295349668
-0.7981948327722495
-0.8492975614420549
-0.8396543677035695
-0.8092323478452659
-0.8896068371491698
-0.8754419355219686
-0.77511445184667
-0.8820006742389365
-0.8067920251771775
-0.8307103598371351
-0.9414477668043166
-0.8414677437338033
-0.8325964196288511
-0.6935409649270392
-0.7322875108176612
-0.7164708282508496
-0.8155394223862342
-0.7258274967780614
-0.7708397880230553
-0.8375318045747728
-0.7648441617785103
-0.7677219551620194
-0.8095816785801327
-0.8431181693524076
-0.7760192661986302
-0.7170619639413011
-0.7648106921556227
-0.8336162061356022
-0.8354768397006977
-0.7661464013307264
-0.738084178786656
-0.9369565148769199
-0.8917099086346629
-0.8369577285759068
-0.7795416919313306
-0.7220918638853719
-0.8151665869670769
-0.8107446278986684
-0.6637592250532165
-0.7085993231183175
-0.7844469124795912
-0.7949454926475814
-0.7327214208745589
-0.7707677955450114
-0.7892132932912604
-0.6541297712342037
-0.6754672687774632
-0.6647150683999484
-0.6916951721613456
-0.7294569716391428
-0.6875744868748925
-0.7009967648288898
-0.6393436637759348
-0.6178731111582383
-0.7301977806447894
-0.760212614170279
-0.7767537810752811
-0.807153373041464
-0.7664718903579341
-0.7608831207550023
-0.873119186130733
-0.7821513505778687
-0.6739896836944198
-0.648537812157604
-0.7762948383097354
-0.8165018552809166
-0.763535134727712
-0.7620610807070824
-0.8439202415033151
-0.7798729442664786
-0.7564501967551361
-0.8071275491413408
-0.7951037525539306
-0.8503567662617022
-0.7049600806481611
-0.6293857343738021
-0.6505097086193169
-0.6119044778266443
-0.6435841374624894
-0.6065420471642089
-0.614873299181701
-0.6585168095901175
-0.8083280775272049
-0.7253642414741202
-0.7444908118100365
-0.7264776594769744
-0.8493724171885502
-0.8853348983196722
-0.8310248329482577
-0.8065337483192608
-0.8021622872983489
-0.7437120135441964
-0.7984038767764916
-0.8087615205843606
-0.8327069411724883
-0.8532235129034516
-0.6930347916367885
-0.7203078259969979
-0.6895143142485597
-0.7745197846276667
-0.7279517104702674
-0.6449542534985889
-0.7661330610351048
-0.7356133426327759
-0.7823925045619802
-0.8082577942925561
-0.7001190706144677
-0.6496857326196367
-0.8169889558755432
-0.8343667044547625
-0.698774473292721
-0.7972690730667878
-0.9165581692937108
-0.8164794050692697
-0.6809425050124653
-0.7875859286318141
-0.7954504990158822
-0.7994500281397227
-0.7713683796110486
-0.7628670356910151
-0.7914653802285707
-0.7566075258083829
-0.7642178900277562
-0.7548232628247827
-0.8085642918070902
-0.6880769812129643
-0.7635975938568107
-0.7965601064898794
-0.7499894535126249
-0.6951470207751735
-0.7948723268292271
-0.7037256102140655
-0.7121951573251212
-0.7715047297251079
-0.807249701075991
-0.6473989644119532
-0.5372720890345392
-0.5818358672345268
-0.7298504028652698
-0.7602846299761418
-0.8068353689321588
-0.8444578049808111
-0.9180895458140411
-0.8678742187201886
-0.7375825197266119
-0.7090268497374665
-0.8509124533240608
-0.8313328979529275
-0.8579063264219418
-0.7967803042335109
-0.8374561330619877
-0.8533046023780623
-0.7091862888302114
-0.701399137461155
-0.6381597693835678
-0.7064819520438658
-0.7461616067135586
-0.6049199694138255
-0.54856740737682
-0.5422110490191389
-0.5951561032581498
-0.7033173837683588
-0.7000859323347565
-0.642645188054474
-0.6410570523560666
-0.5731145620605884
-0.5925660830217946
-0.5519908353237418
-0.7222361475277802
-0.7739534702539868
-0.6151110250668402
-0.7009409271274889
-0.701176958703517
-0.7849340342200739
-0.7613541295636653
-0.8269501928948624
-0.8565448151012967
-0.8019655439846671
-0.8101050690643116
-0.7762387016343453
-0.7823061313956298
-0.7581725722415509
-0.6596398347958217
-0.6689225547808658
-0.7972875325307318
-0.8148988025306347
-0.7670617740765026
-0.8736412492489146
-0.8002133315129012
-0.7941337372640483
-0.8314117999314912
-0.7462124587967622
-0.8540016264429844
-0.7704911540606714
-0.6667969615932223
-0.6487696015490327
-0.6185345206653817
-0.7263411392890767
-0.8200527035982499
-0.7803859384892537
-0.7819435971544446
-0.8461165132534005
-0.767435170840168
-0.7492707742075009
-0.9117862469355112
-0.8477242184649667
-0.8276499739078915
-0.8246498012795325
-0.8412723791993918
-0.7767969952045308
-0.8475234014057147
-0.8941848778361946
-0.8544366876872027
-0.8257773875679568
-0.7795039662328117
-0.7120518906878751
-0.699393883171394
-0.8598403192656296
-0.827827171776903
-0.8028318403470045
-0.8135246341582706
-0.7617875234068937
-0.6757554314295987
-0.7855585848519959
-0.7984321420054079
-0.794667942985011
-0.685056418155464
-0.7749284550535843
-0.7101884460419043
-0.784413418431487
-0.8224190586256056
-0.7088871940629197
-0.6946837218681854
-0.6209409694749072
-0.7476943039415757
-0.8344660499846224
-0.8524173185185651
-0.7350421730388673
-0.7576814536343072
-0.7886512965115314
-0.6598816161535023
-0.746931153040834
-0.7569317387530933
-0.8062682932867429
-0.7892514489968092
-0.7229039019421273
-0.6787058553219555
-0.6344698322154517
-0.6325621993244505
-0.7799387594779601
-0.6857095075032686
-0.8341926597242015
-0.7207258743133526
-0.7879685843963682
-0.7429119830857829
-0.7505889640608261
-0.8950965209726315
-0.8789591247654381
-0.8406284968484241
-0.7953339880374662
-0.9075992581829018
-0.7660188919022907
-0.6469562130774367
-0.7226696694384253
-0.7279268877093432
-0.6613208098854485
-0.6941996666080994
-0.6926140938006672
-0.6601739849760423
-0.525380290593587
-0.6796808451433505
-0.8158050737009196
-0.74160375409379
-0.7325013721230501
-0.751811357354614
-0.6632098749241213
-0.7447113566373217
-0.813006938194198
-0.7006065251436937
-0.7705042939338929
-0.7755190642479769
-0.8220371539540066
-0.9174343193150465
-0.9192870399320516
-0.8717328884785024
-0.7851306194108801
-0.7457826987295861
-0.7965814490626519
-0.8032037728256286
-0.6845194847520764
-0.7392248107114867
-0.7586661234432086
-0.7539512887192342
-0.7204083593396162
-0.6930995857543247
-0.7384021825451212
-0.6556788169656722
-0.7347127800911857
-0.7222779591799122
-0.7532189272762372
-0.7182463820128759
-0.6215069518308359
-0.6182664619385985
-0.6785910959767266
-0.6770677067856637
-0.7242289220653129
-0.8297227103418466
-0.8681561453297466
-0.7534177855067451
-0.7755999709744658
-0.7991029837134844
-0.8461843309067559
-0.6862171936821015
-0.7700839041255516
-0.6753433307989577
-0.7183345623215499
-0.7664164463022191
-0.7911223148018525
-0.8093996838381057
-0.6397852924525341
-0.6909471277259652
-0.783984247902685
-0.7966492596220653
-0.8844233913383226
-0.9059818861262596
-0.8292128118339982
-0.7475395667015067
-0.8308758982337432
-0.7754141511274937
-0.6658557503114834
-0.6773358554559448
-0.6909311841221986
-0.7011519772856669
-0.7975753073781132
-0.7940865027324925
-0.8110288089835149
-0.7399077638558194
-0.8516732952835552
-0.7721596610960834
-0.7675602597925784
-0.7318430409768016
-0.7974347963062279
-0.7115110346316668
-0.5913118421229017
-0.7569061329155922
-0.7532286878848591
-0.8335753443733239
-0.8013229170258671
-0.7519507104124998
-0.6919398222271804
-0.6269321935053321
-0.6642936179542269
-0.6818961942049482
-0.7518152733091393
-0.732989252302386
-0.688064125035231
-0.7356173338178867
-0.7316587871186121
-0.6467345057788276
-0.5635267167059389
-0.6830655410021692
-0.6707082672452929
-0.7894101589323409
-0.7282367122888208
-0.7465953448632922
-0.7411565790651565
-0.7460699355674338
-0.7129513421564175
-0.7283641338698583
-0.7729662522729295
-0.6799060786659542
-0.6906677179675821
-0.853143280322556
-0.8017508169890482
-0.8122465449867643
-0.7210921669906549
-0.6913456685750913
-0.7405671433448653
-0.684540384223064
-0.7090250793538829
-0.6910172582381802
-0.608980386723452
-0.5733294930660215
-0.604093462687303
-0.623183531717122
-0.6267640368971885
-0.7088866009993404
-0.755488518436854
-0.8793466583293718
-0.7614923408162195
-0.7625302898637881
-0.6948009577850176
-0.6743441074592961
-0.6451616392093096
-0.7288529182052711
-0.8066400125473683
-0.6430849492876851
-0.7515367652884236
-0.7901069551497384
-0.7756375811704631
-0.779959402822219
-0.7714922267840915
-0.7898536160270219
-0.7213212104280775
-0.7654188256246247
-0.779254469109797
-0.7084398658644616
-0.6297089077786707
-0.6191660695755693
-0.6799764268903538
-0.6133005191186691
-0.6648232242725809
-0.6873575944933903
-0.7177376479986712
-0.5545003700402665
-0.7092520791747056
-0.6687938930412822
-0.7117719573319808
-0.8065029241102053
-0.8097294663188486
-0.7906400559394057
-0.6970874641344851
-0.8068230588220576
-0.7105078352900102
-0.732271942703792
-0.6044707221231694
-0.6878440218015115
-0.7590284428298693
-0.6546596585149977
-0.6662564745678324
-0.5315737074541848
-0.6193277331225423
-0.6173081367149815
-0.5630290687419449
-0.6122052807474921
-0.7392676342365219
-0.6704905790960618
-0.6329484234027393
-0.6660814488514692
-0.8069933082590609
-0.850060485890925
-0.74741161103387
-0.6871291591458347
-0.7165737008469153
-0.7779511573730072
-0.8528950658727057
-0.7963713713875905
-0.9179994128723694
-0.9483454450524172
-0.8326061869338766
-0.8305648964329898
-0.7844764248068031
-0.7551819087927083
-0.795600754667734
-0.789166251533828
-0.7613916128685714
-0.825343566833155
-0.8017417337859338
-0.8114545562766363
-0.8487792470041918
-0.7352647443983626
-0.7896725157159036
-0.8196880269170904
-0.6718534190036357
-0.659623879472199
-0.8417229040855255
-0.7463620771986295
-0.781926488042901
-0.661032251183981
-0.7142632398035206
-0.6407302351842091
-0.5292615169356731
-0.7291727602421034
-0.6432718873360441
-0.5863009224275861
-0.7035524697518363
-0.7616147163217456
-0.7336060391979109
-0.754580656770404
-0.7249756315658333
-0.7272243750013235
-0.7664724992808761
-0.852662671589086
-0.7519419754976074
-0.8660776262940656
-0.8864647273106703
-0.8434874769347535
-0.7553689764883864
-0.8275337723810214
-0.7623268605478617
-0.8198907914166741
-0.7409165035815454
-0.7646331040732177
-0.6307608221798358
-0.6426453024929747
-0.7421030360057195
-0.7969098524315564
-0.6732850674553205
-0.6080953582093065
-0.757997426310785
-0.7958348185720625
-0.7720897023304004
-0.7955683127857459
-0.7916265272954146
-0.749822851003299
-0.7326410830478371
-0.7462485060378881
-0.8181599525093446
-0.8020073846719068
-0.7040456995359075
-0.8020808989818993
-0.7069400518067088
-0.7932421355700364
-0.8550844160068392
-0.8939701849756768
-0.917123340751804
-0.8581101742416113
-0.8536882195324775
-0.8195271854741348
-0.8150609499671262
-0.7394967227000462
-0.7160207942512792
-0.7906618689433214
-0.8048549196848724
-0.758451397669641
-0.7589493508965068
-0.7712296048130339
-0.7277322141524063
-0.7116650528820052
-0.7993223409533994
-0.7529190621004291
-0.7052853102215688
-0.5600639406038913
-0.6039381115016528
-0.5409238103868895
-0.6219321133606885
-0.7148284489117425
-0.7483713171995482
-0.75026535622386
-0.6750067373948393
-0.7326724316788175
-0.7523206749902517
-0.6885597262332332
-0.6614639923954994
-0.6683035668109164
-0.6863080794361797
-0.782123417842675
-0.6844594320888817
-0.7749765338171591
-0.795760486808917
-0.7692446090446096
-0.7770716581297302
-0.6314224303205436
-0.7339830202611055
-0.822346674757602
-0.8264803774486689
-0.8110366618378066
-0.665065276044512
-0.6689222008343394
-0.7451716675955381
-0.7441701347083113
-0.6530118349663753
-0.5320813399281085
-0.589763916031049
-0.6372822499013935
-0.8088301783792201
-0.8346315730642636
-0.7601409350618041
-0.8104941042281633
-0.8193338459748262
-0.7486045040098024
-0.7487834763523293
-0.7307536898981583
-0.7770365960111291
-0.7519877627937981
-0.8325318192814599
-0.9339849455082095
-0.920172713493839
-0.8693357106313552
-0.8061512958744702
-0.814526714831092
-0.8451166770634534
-0.7822381512362171
-0.699844398603017
-0.6679497845210004
-0.7741677217521574
-0.8624296000010603
-0.8544880087642263
-0.8628235696942753
-0.8064223441802268
-0.8353932319671429
-0.7144580756519581
-0.7243715872838867
-0.8098970753549353
-0.7992063188730387
-0.756015543665861
-0.6646505830610098
-0.7790456685825853
-0.8096843299686677
-0.7069559424774254
-0.6479255485142079
-0.6984066835214038
-0.8278511489139198
-0.7974218640039012
-0.8407990308063588
-0.8449914240771916
-0.7333903834628475
-0.7208118244049218
-0.8074967630072055
-0.7831445687733894
-0.7629340126899727
-0.7200904471520809
-0.6674921521637782
-0.7754629979170804
-0.8117444551858625
-0.8114520262436538
-0.856782590266751
-0.7085396754767681
-0.6865798228009085
-0.793261421399806
-0.9017456316517336
-0.7620937600741651
-0.7929295444852772
-0.8239595054988973
-0.8434016213663357
-0.7615119400469533
-0.7914544334610534
-0.9003479176157607
-0.8016376019669389
-0.7526703116901521
-0.7814899539714704
-0.8635876634981265
-0.7474155102567426
-0.7090710712387328
-0.7737104913034608
-0.6291703391308179
-0.6668658789917357
-0.885800558049719
-0.8660251045937185
-0.8751821548494445
-0.8408254031179395
-0.6925027937818794
-0.7620421770924158
-0.7779214360695774
-0.7933396868859255
-0.8392691596081379
-0.9349140494526895
-0.8450332052691485
-0.846668184069095
-0.800521964918329
-0.8323604339568075
-0.85072228971045
-0.8237265651291602
-0.7773762506335374
-0.7273202322607656
-0.748073499623527
-0.6413689895061484
-0.6789578806840487
-0.8560959945858291
-0.7494633029403244
-0.6836533013583055
-0.8128360308953717
-0.78749393439672
-0.763955704203322
-0.8766959986563754
-0.8877513956262142
-0.7863989890451761
-0.7796967967161246
-0.709246157078611
-0.6809575709781202
-0.6432107324954459
-0.7169357440360583
-0.7700797949089655
-0.7388916589797035
-0.717028231579436
-0.7488606649767517
-0.8011334510352084
-0.7635845838839316
-0.7677027171366249
-0.8181896465574598
-0.7433544407230978
-0.7660802231415292
-0.8275273979467632
-0.7969009588878495
-0.7387462301817698
-0.7425682439516528
-0.6744837721087762
-0.7806331951470518
-0.7758923400715451
-0.7433251704879656
-0.8187220348677196
-0.8024300938785472
-0.8481704445634
-0.8388831744732539
-0.7536149065777469
-0.7282698531159701
-0.7561203323739117
-0.7232223115159818
-0.7063577189048649
-0.7881672914897685
-0.7528107681544806
-0.8685402511964901
-0.7937969623936872
-0.7495619839843239
-0.7378868761722773
-0.6919246572922312
-0.5424512376887722
-0.7270087058560668
-0.6906554606230939
-0.6710468608183692
-0.7835431480777023
-0.71704541892088
-0.7985628714465417
-0.8277027279728457
-0.8492961362228058
-0.8481813127158363
-0.8177957590961585
-0.9017924137517106
-0.8220359656748499
-0.8220013572914673
-0.8225348179087993
-0.7569547786440293
-0.768128706579605
-0.7654401670235389
-0.7999665795166437
-0.6748360933689077
-0.8379093169096652
-0.8783968571031461
-0.8945523435408299
-0.752554003813239
-0.7084708707847158
-0.7282629885540672
-0.7297156068027663
-0.8848482134099784
-0.9401549892053066
-0.9403252693424697
-0.9083005994451262
-0.8052568098158736
-0.7998438538924862
-0.8930519680444353
-0.8445187271548444
-0.868249801074481
-0.7832304221714934
-0.7776678831804755
-0.7791339910083828
-0.8861788409835345
-0.7818632631647282
-0.7484337110129025
-0.7471814047295139
-0.8007956051731591
-0.7433813207386728
-0.7038287536444706
-0.7584483637062576
-0.8777802704142125
-0.7351388943176351
-0.7836477144454378
-0.7127042740206588
-0.776332672157795
-0.7035072734648778
-0.653820207892445
-0.6570731605538541
-0.7061834428034875
-0.7953110321566358
-0.7677271260640379
-0.8844739584587463
-0.7794864555583365
-0.8558407104759088
-0.7442398205273144
-0.7926063601027812
-0.7553945507458204
-0.7319649561807265
-0.7504649981751707
-0.6377891444387856
-0.561936002196759
-0.6786836882519303
-0.7025504353913147
-0.7316702995312573
-0.6619319034159089
-0.689140531258374
-0.7879968720093158
-0.8184005549486452
-0.8164759119133129
-0.7926101209416001
-0.8320671541739696
-0.9226811595486019
-0.8067618498567906
-0.8926494988755024
-0.9041815193686626
-0.8668127414096798
-0.8016620152032292
-0.7705295921096569
-0.7531906002434734
-0.7286670082453653
-0.6602775407034854
-0.6496120388773957
-0.8435347484109834
-0.8017592327393285
-0.7572259713364757
-0.6757791202544292
-0.6783818398120063
-0.6003153954718891
-0.6842841905076589
-0.58194328659693
-0.5159461114115363
-0.4926010496475655
-0.5298696724814731
-0.5734098735749
-0.569928779312325
-0.5121920181491176
-0.5170960269860402
-0.46959634115170346
-0.5611668292460185
-0.5856282278182487
-0.4857678346204983
-0.47947001403247524
-0.5205120327885298
-0.5987907297242546
-0.6301741650144153
-0.6416495467295593
-0.7706741843046534
-0.7987869563788622
-0.692414510497076
-0.8279956746770404
-0.9007227663530915
-0.855841297241278
-0.8680423602220718
-0.8167150727858447
-0.8319161197965801
-0.8296189489222665
-0.8594492152176092
-0.7133431151689248
-0.809851312230093
-0.8548773658328702
-0.7443367881539126
-0.8249705444624944
-0.8222996298480117
-0.6889253422087332
-0.7891195351043085
-0.8022763004211795
-0.8010146284664103
-0.8598703573929667
-0.8043496156223917
-0.8031904671438006
-0.7207559875802952
-0.817376356538063
-0.9222381592516612
-0.8338715585415623
-0.850919056342213
-0.809515168912352
-0.7557174221881162
-0.8041178246551567
-0.6238048173751036
-0.6596043496560231
-0.7787429701890551
-0.8259876599981242
-0.8872639574513893
-0.850997593908516
-0.790661753525131
-0.7899385052584007
-0.7971320699648612
-0.7036035788467674
-0.6796159210718505
-0.6097215396941735
-0.6952765150325433
-0.7851619775857582
-0.8117606114025583
-0.7790792610908094
-0.7641859398727207
-0.7642378215506582
-0.7663803750085206
-0.7103458729907521
-0.7332243654904615
-0.667422824292065
-0.7131187050858473
-0.6466688359113104
-0.7041734117785815
-0.7749680871348746
-0.7174772019497453
-0.9090039718652361
-0.8807578070576672
-0.9271591990912768
-0.8390006523540722
-0.9424762113571415
-0.7704752669043751
-0.7824917572688407
-0.7896980752472514
-0.633731347398269
-0.7190705584537453
-0.726947247231121
-0.7429543908787577
-0.8192366141988021
-0.6851118337284363
-0.6090189602548541
-0.7982058537000205
-0.7771179703874718
-0.7545574662913355
-0.8132802953264968
-0.8770986190108321
-0.7302683415928738
-0.7572615461093359
-0.901560161767214
-0.848414301428151
-0.8216002917762601
-0.8989569617202025
-0.8362128881939074
-0.9073535782847058
-0.7582684734131839
-0.8095273802807716
-0.901132741844756
-0.7912245195503599
-0.6284874057829208
-0.6683987726336015
-0.6541230852460427
-0.6610175612941719
-0.640350815465239
-0.6142960522646619
-0.6621390983226665
-0.6135625027843407
-0.5866668448128979
-0.6514923545081583
-0.743910083537446
-0.7238353482763193
-0.7993819279622894
-0.7820806118685892
-0.7515246029575251
-0.7572432284868607
-0.8843801374067419
-0.7393454335002625
-0.840879070467426
-0.7447940512911267
-0.8212603189127775
-0.7633181635493217
-0.6175934424831192
-0.6326115675857396
-0.7391643729697861
-0.6583093500761209
-0.655831169836282
-0.7543134538154059
-0.7712672638059351
-0.8201230246371632
-0.8656150713971745
-0.8106148977357263
-0.7070118305927858
-0.6436966880476038
-0.8366877275528108
-0.7922196992072356
-0.7765463944665487
-0.7832204632918425
-0.7541202049626394
-0.7767402761605294
-0.8900891548615965
-0.833915019453086
-0.7905161943941125
-0.8641654813056281
-0.8741765464613369
-0.8424820257609897
-0.76889002802447
-0.847959336538738
-0.8604255701818504
-0.8838898571423673
-0.6965982189221545
-0.7510906802431998
-0.9092047933973515
-0.8379584434639362
-0.8538187431921532
-0.8292310143068434
-0.8103785145479943
-0.9145744625027977
-0.80506085705985
-0.7241615270971259
-0.8082418546598119
-0.7249482894954812
-0.7987277565749364
-0.8645807456521399
-0.8459826337319274
-0.9541086282362817
-0.8601974229852859
-0.9226350423138147
-0.7686078504810905
-0.6977363919124753
-0.6927916784957898
-0.7014706989738896
-0.7417057624102471
-0.8275998526570316
-0.6787756194874363
-0.6316129709602335
-0.6638565542987784
-0.7217580065139253
-0.8167120870603796
-0.8454644309640897
-0.8918495841955072
-0.8364989207817279
-0.7403582446699313
-0.7131546346363037
-0.6058401444302223
-0.741064456666451
-0.8081797960668109
-0.8512316421854395
-0.7999073908839789
-0.8927068167834266
-0.7675969555086884
-0.7470555755200714
-0.8738271052403952
-0.8679105484628844
-0.791247624740704
-0.825737723445287
-0.814484850837453
-0.7983308444155461
-0.8299866232780558
-0.7805905641204203
-0.974453001309725
-0.8053854591118939
-0.8054532962007925
-0.8676931643377979
-0.7440235136478758
-0.7587529477066052
-0.7453422681240878
-0.787439483977589
-0.6954631452650066
-0.8101405863026651
-0.8900222868663747
-0.8417032533811867
-0.8307354275457977
-0.7798906670791294
-0.8146514169632111
-0.7825274306249096
-0.7740225172394615
-0.8357604943670616
-0.9089004114363586
-0.8736021876295034
-0.7954213860155153
-0.7547267736608151
-0.7582102170548852
-0.8064389310624506
-0.6149350871430923
-0.6466379461377672
-0.7021724936565844
-0.6982681884737174
-0.8003226856569687
-0.7451516891084573
-0.7904099504055304
-0.8657678594277631
-0.8153833671249053
-0.8045631463955526
-0.8274512469775184
-0.7023681664356249
-0.7708371602519827
-0.6941524727013905
-0.6788095584543166
-0.7378755829020179
-0.8122114097282571
-0.6516997665452133
-0.7387693212769235
-0.8002657624809422
-0.8532856437160555
-0.7589571757831091
-0.8869448741656599
-0.7844399401820661
-0.7444510335685111
-0.6663765043553495
-0.8209324954741244
-0.7696014706738747
-0.686131801717013
-0.6726276685604686
-0.6702986266925072
-0.7431770561502182
-0.7824070481759438
-0.7216427926833587
-0.6132006054371342
-0.6060527960116294
-0.6103284130506472
-0.7136115646060778
-0.7556489028033164
-0.7213448444921325
-0.7398240408922326
-0.734739428748588
-0.8041619961638526
-0.6626692717456143
-0.6525505171542716
-0.6508661914629796
-0.6832823696539404
-0.6982841166657315
-0.7947416309531776
-0.6980398228768815
-0.7745690176218514
-0.8179247457426743
-0.93287966436407
-0.7577704432693093
-0.757507061252732
-0.704602606139327
-0.7790556238364142
-0.8703109477543104
-0.8281586740525929
-0.8805951270133434
-0.7532814962412016
-0.8058656516100272
-0.7570219383055936
-0.9100466967769423
-0.8941308078520638
-0.8347360041484193
-0.7766227906884265
-0.7776640083052523
-0.7964853475338967
-0.6989495291310096
-0.6561883420469872
-0.753883835013229
-0.6929254361018378
-0.7110999253302888
-0.696262999925101
-0.7444633720071684
-0.7383445712985818
-0.7587039758971014
-0.7587126731941898
-0.8391221513782957
-0.8181601915518394
-0.7786288878468175
-0.842774062257671
-0.8205656733365005
-0.7768195445122448
-0.6984462807484757
-0.6714819355734832
-0.6296800181881135
-0.6460113535664818
-0.7698398073239133
-0.859591395455933
-0.7443410978633055
-0.7284649694223718
-0.7839112259903807
-0.7990694258375245
-0.7757202675696657
-0.7085967035667698
-0.6615169557374043
-0.726440796423722
-0.7141544551152224
-0.7404197032908573
-0.7653119426917481
-0.8685736280314823
-0.797281582049147
-0.8083156739720283
-0.8450345274671499
-0.8856836005331549
-0.7391382829383333
-0.8073083587813387
-0.7784763795129079
-0.848222579226903
-0.679513937775024
-0.8023666190108176
-0.8701750177243462
-0.8052126499414589
-0.7521764252668459
-0.7710160292292686
-0.7525557022793793
-0.7620558013845388
-0.7852406153664349
-0.6443291307125245
-0.696651824380196
-0.609654676368922
-0.565328039816478
-0.7309247392843481
-0.8476124893919263
-0.7925067545077167
-0.8613119814192574
-0.7853505137076877
-0.7473002266986943
-0.714413091212405
-0.8199548782512621
-0.7657072894296958
-0.794703859389254
-0.8007795188134991
-0.720258681431942
-0.7214162927629478
-0.7028727187083521
-0.7706138949564311
-0.7807787200012095
-0.660038129126625
-0.7264340508372377
-0.8523342436903506
-0.8141405483249611
-0.7232885260976576
-0.7950905412967639
-0.8281519365268988
-0.8807379719558052
-0.8753496173069577
-0.8087501178365236
-0.7338471589517622
-0.7237119456645514
-0.8171343181826417
-0.842235724213589
-0.8042780159676739
-0.8996377596188605
-0.8838804774099132
-0.7641373415922414
-0.7897285866859773
-0.7488390470529005
-0.8182021889066693
-0.8752031172595708
-0.7880849198746696
-0.7966411889423071
-0.8743466667438369
-0.938106782079702
-0.7191442923929433
-0.6300590712212494
-0.7933764090857484
-0.809741910826093
-0.7956520772109595
-0.7266888455411292
-0.8479557230175127
-0.7155040710072087
-0.7615134838337911
-0.7622800454178321
-0.7151026721436198
-0.7235658717675829
-0.8414439456322631
-0.864479982037226
-0.7276437027335867
-0.709117455276462
-0.6891993450378915
-0.6784479567958682
-0.6747759405937357
-0.7493238245586512
-0.7832961447605428
-0.7365419569584707
-0.8069426012440646
-0.5709007541337886
-0.728313576433078
-0.7390842459813756
-0.6898558136734055
-0.6012919572953578
-0.6886099389148641
-0.7939052261230453
-0.7803184601005615
-0.7220228339391027
-0.7427210263727476
-0.838668220482579
-0.8262181259785176
-0.6515618733245099
-0.6916043765359106
-0.7832593622574047
-0.8078162083065022
-0.8238769465868274
-0.8508328809138452
-0.862230419462603
-0.844377387327803
-0.8305163049674906
-0.8882786037503007
-0.8443714777123145
-0.8120136692471273
-0.9202479263315262
-0.8811630155794405
-0.8728724049092939
-0.8839308435539355
-0.8764235386479093
-0.7940552497586946
-0.761365199230013
-0.812418560082089
-0.8234896823009165
-0.8147466067713836
-0.7072336155433064
-0.6932657570914826
-0.7704221167886619
-0.7630542367910171
-0.8334471056606976
-0.7441046889365739
-0.7037668370991733
-0.8611361144058669
-0.7859831824658575
-0.7052154066417706
-0.7847104983104093
-0.7575933098640625
-0.6943265378543286
-0.8083190308744187
-0.6305241377546829
-0.6224465090638954
-0.6884949377511198
-0.6466167256367223
-0.7731440094532582
-0.84605539118607
-0.7995827459477797
-0.7518048442969965
-0.8702676044431756
-0.8413309858221126
-0.8236145378308218
-0.8065304716685565
-0.7936728567944481
-0.8413282950944498
-0.7697280459776307
-0.7247133055582752
-0.6497880197847196
-0.7700851384875685
-0.7692373532895184
-0.70969089082325
-0.7807026839491928
-0.828147152722543
-0.8696438535967715
-0.8521678554134464
-0.9013202572220201
-0.7444493816531468
-0.7935088870041523
-0.7566568212538325
-0.8465499646124425
-0.8484540216346148
-0.6756664360881091
-0.7685494609068709
-0.7907023591605931
-0.8173280077617423
-0.7043485190471095
-0.680823980132075
-0.6077936038600622
-0.6612705134305099
-0.7687072251370993
-0.6477411607288741
-0.648601753441482
-0.7190383860998274
-0.7168943119343801
-0.7787894927510451
-0.7325659079256629
-0.8161875405810433
-0.8060543104298799
-0.7958213277318897
-0.8649113997317933
-0.8807657801307184
-0.8393069259006194
-0.8471623878007661
-0.8384790030221054
-0.8527871499546039
-0.7758931511151879
-0.8636226148629722
-0.8384407628982111
-0.8268521973411376
-0.8377821306674436
-0.7866807715829
-0.832625133643526
-0.7961266390798577
-0.7527937024282498
-0.8053975664726719
-0.9161866720821181
-0.841509287420031
-0.7961171458186995
-0.743077172864676
-0.7965155441392014
-0.8220259825319497
-0.8826324043895872
-0.7955494326294598
-0.8233356447440479
-0.7525224639442339
-0.7172868156874581
-0.7575698248997507
-0.8854562359624054
-0.9180014225022977
-0.8828038585953161
-0.8962619423014618
-0.8807362372081885
-0.8032597712682188
-0.7818440784205016
-0.7351704156685157
-0.7362642933234291
-0.7799732000918767
-0.6958025041275191
-0.7459495569342705
-0.8270252574808823
-0.8083556952875542
-0.8179521691561089
-0.830523479245207
-0.8202880432217367
-0.7715594642894517
-0.7350954590290936
-0.7853106872149931
-0.8092697040493531
-0.7655683400156539
-0.7976574575575671
-0.8481016751110672
-0.7732935399434762
-0.7125962225372136
-0.7243639195917393
-0.7354353199318704
-0.6236817792983171
-0.7229269365004255
-0.7416918705041523
-0.7299449234349834
-0.716358642992445
-0.7395513848564399
-0.6561972544683579
-0.6396597139100512
-0.6857717332333114
-0.6539554905603485
-0.7433876239777079
-0.7633321706214508
-0.7952054076137964
-0.8015332710238756
-0.8345006580097618
-0.9250301256950317
-0.79750824455271
-0.7701162629652699
-0.7147999387023329
-0.7524494357145577
-0.8630570605918617
-0.6916171884572511
-0.6771236527133274
-0.7457325016894333
-0.8200786894766738
-0.7821049977652936
-0.7876732722409721
-0.7473474149284945
-0.7051059407749541
-0.6047523422765474
-0.7148642853044425
-0.6942700630833277
-0.5872839961961341
-0.5765730275345805
-0.6000931982733617
-0.6124672943616839
-0.7244401822619191
-0.7319779105984529
-0.7294521905704817
-0.7769156434794727
-0.6896916304103239
-0.8497757931470362
-0.6996633611337219
-0.7158154792908605
-0.704361729887538
-0.5266869573660301
-0.6666150111221468
-0.6696188127753377
-0.6869401274988173
-0.8608693219872885
-0.8506855209667146
-0.8695368565619809
-0.9374961634701083
-0.8097720245314933
-0.7418027476799303
-0.756147211264434
-0.755474968039793
-0.7042453829960403
-0.8320894016821844
-0.7124321820489693
-0.7251007202531102
-0.8772351043845952
-0.8670834478637858
-0.7049803620088496
-0.7168623394817619
-0.6759986608732891
-0.7312427737825395
-0.7288238781447883
-0.7360407676387911
-0.7130080245601165
-0.7746735428794436
-0.8528090920766068
-0.762558970127376
-0.7983476475140303
-0.7792559147491405
-0.7878167456017333
-0.7326464609392161
-0.6582594765477464
-0.7342409347434271
-0.7106276584302341
-0.7825917710412591
-0.7838070217066669
-0.8025044244903116
-0.7572728171513241
-0.7375366150447179
-0.8735532527624077
-0.8314368015519976
-0.8673407749634373
-0.8735189202543565
-0.8351440625570894
-0.8194776280784846
-0.8964308848723846
-0.7664219706722905
-0.8185033367441464
-0.6555991238666288
-0.8492203032068566
-0.8544475355572917
-0.8825409403028057
-0.7603425603903613
-0.7529298569279872
-0.6771719138123292
-0.6330449074195705
-0.7693610725465682
-0.7871317991942826
-0.8149791788552163
-0.8124132539212371
-0.7580453692512625
-0.7709288582463644
-0.8029347935363398
-0.926498206757875
-0.8539292899302405
-0.8805629849480023
-0.887588786222197
-0.893748756698266
-0.8763257770242361
-0.770959297304821
-0.679245420818298
-0.7421688005493412
-0.8273521741854691
-0.8110684915988463
-0.7513405234893493
-0.7309993899351531
-0.8663588459551563
-0.7443083794010511
-0.8105392687618534
-0.6849395915714707
-0.6412050255830859
-0.5658926673955602
-0.7143934876706483
-0.8264796428921926
-0.7996895895096585
-0.7297304230568528
-0.8927667405863291
-0.7832949976367751
-0.6524172210856183
-0.5997185979257725
-0.6654322743957276
-0.659559557154733
-0.6444806992119402
-0.52831951671163
-0.5228003317274063
-0.605900894551342
-0.5942625167823093
-0.6131324200914458
-0.5278236321624289
-0.602220132420759
-0.5777537291759453
-0.5034911049281233
-0.5103278530332519
-0.751999871339705
-0.6843781098313544
-0.5110125948348775
-0.5861185586024048
-0.675936119391331
-0.6494857528402659
-0.4758089864726265
-0.4756023469564512
-0.47861433696331546
-0.6074942369261621
-0.6383674367698727
-0.6063971775182078
-0.6050794178350032
-0.5547125767579348
-0.589475437865489
-0.8435924394318295
-0.8404449117674266
-0.8411332431943266
-0.7706899744359454
-0.7057296158005637
-0.7188756369340037
-0.6693803757353302
-0.757716611013715
-0.7729345702375306
-0.7199784179039314
-0.788369446472101
-0.8819220322793794
-0.8669878573662537
-0.8035918938555485
-0.8772564202323014
-0.7775190533190447
-0.5659196968515899
-0.6030887732907215
-0.7103264349576376
-0.7479708282439437
-0.7035351409703681
-0.7217768301014086
-0.8103477530109352
-0.6365759948793925
-0.5700215512570082
-0.6698811790276563
-0.652004582024448
-0.52547786091022
-0.6137444714716904
-0.6965917840927693
-0.7428487094107565
