3.084956383384755
3.0326176951854964
2.9766556531928394
2.995341643555384
2.975687814927261
3.04168325580506
3.005012924825797
3.0181655015136033
3.0770237469268724
3.0526319564442486
3.0504963081329843
3.079504540016176
3.0704851818206933
2.9802681066145142
2.949009318940887
3.014640240402769
2.9522621585771343
2.970026008702509
2.9824378562191693
2.9493420022189607
2.921757208175087
2.951310085943085
2.9206940268280808
2.9955148943626884
2.9128891339414396
2.9466176027807274
2.9693541855935344
2.858973675059199
2.837017273613726
2.833227060279329
2.861616890909254
2.9201854418956956
2.842768830551285
2.9015194180026693
2.9290432082489564
3.00900231255135
3.0264992729909235
2.952910639636532
3.0366363055664727
3.0622051765856018
3.058339841367984
3.0740161996074593
2.9709918757642844
3.0494281214615984
2.9206226841739595
2.841644022409545
2.8934797901505696
2.7874077986628114
2.8147430230496737
2.8713296872417886
2.8691346634941253
2.8875181023361147
2.8834295488860127
2.9343825491659277
3.0645961326732603
3.028459099830058
2.972643272423212
2.905230200558204
2.9801146044487385
2.9551282976369713
2.9086468521722613
2.920213152812346
2.883098978837847
2.973199705546288
2.9530166702310012
2.8490283508029504
2.852792275494393
2.892998465270273
2.928925644370543
2.8150347707602124
2.888972211383336
2.9290434314954346
2.9173156315548665
2.907959755728848
2.8789551671266405
2.7768953776888727
2.8172798854191945
2.85413227740435
3.018704242714472
2.8690397087207957
2.8613243134538533
2.887533146171476
2.8373241313176716
2.8273690503448408
2.8143828934636423
2.8454722861828556
2.942461148982508
2.9967685704022458
2.9660210622504257
2.9731756228000843
2.8784909130920235
2.8651466275905806
2.893863542091659
2.941417386799134
2.8724355257975223
2.9195586780222023
2.9947691463379753
2.9716712103965386
2.973406563924538
2.9262543728636063
2.983526679225026
2.9130522357071698
2.8189471128452306
2.873535637004832
2.9475253014883314
2.8755129934998576
2.856201714913096
2.8828793877669345
2.916948588470039
2.9605310643396323
2.992390576074902
3.0330814077661605
2.9707050232277723
3.029031654899696
3.0149919424742837
2.955688169386439
2.8884983459907323
2.9363586818015515
2.943456775607548
2.983429294361137
2.9167435201176413
2.921692356596728
2.883088365847402
2.9444195783079206
2.876431506645921
2.886513491292397
2.9707206109182587
3.005160308331378
3.0584148633620027
3.038461433064528
2.9727360772245444
2.929098232552839
2.8731014935456938
2.8284066468297127
2.903104840311258
2.8736481751814713
2.8100747328802873
2.7913156881385746
2.7806952147298167
2.862552491072981
2.8827303526289523
2.848602402274182
2.834763556729102
2.912545780784553
2.900959378222954
2.8404491829134946
2.882001272707694
2.8033737201638864
2.775011830824122
2.874756085744269
2.8130221885288034
2.840489758762559
2.8835040520760633
2.9442598334793018
2.829068740770949
2.877403140079841
2.906544679216183
2.9067440733029026
2.843743575368052
2.841269258207954
2.8711911339351537
2.8919287286962043
2.885601689238074
2.789707029738525
2.8738021600118113
2.8519831889844958
2.918348208528618
2.967561346549282
2.9765861464863943
2.9199672762446567
2.9591062401704438
2.9207010229948183
2.890898713474545
3.016984992597758
2.9933735101363017
2.97827367316913
3.003817542238194
3.118728381967138
3.0459672717032458
3.0150228862524084
2.979812633020176
2.9738198267673965
2.935663394587075
2.941842188498821
2.980595291668556
3.0653915206856435
3.101925264696348
3.081975436808354
3.0171418241396126
2.948522477641547
3.0091973166422576
2.9203206446436702
2.909512356924267
2.823726951767532
2.902384164274011
2.8859399116495124
2.9864520256145433
2.981555045741028
2.978352524878995
3.0407373319391824
3.0353977556968372
3.0990575627771366
3.029274315637896
2.9443249213543665
2.8910868498430045
2.91354158100334
2.9081689020042676
2.8613181354764916
2.838402376676018
2.7860723550617736
2.9125783498310005
2.8326091973475935
2.8776837507988713
2.80682869034332
2.822546566169259
2.850674283582071
2.768387083590673
2.7852063708759953
2.8535743952839003
2.9358223198106894
2.8496522116716103
2.8696674973343126
2.8639734038185916
2.851227438363522
2.8490647985669115
2.9170707545503256
2.855246468379902
2.8244680935428224
2.8038636551159066
2.815719519051087
2.847905689820271
2.824651402558724
2.784684226247481
2.756152895111356
2.836747392548245
2.7790660835959002
2.8108964900497826
2.8137845977373153
2.8998158765629243
2.8758168478630872
2.8094195762540712
2.7991877389291204
2.8637445212573844
2.9407142121109553
3.0123496366491125
2.7955313295852102
2.763322643051752
2.7388860764285115
2.8848377702721533
2.9258434901115966
2.8586310657389404
2.758052262371959
2.8282334656680144
2.8382257431851707
2.8109430090682874
2.7628991815727795
2.85022329887397
2.868898468959257
2.8524083472997517
2.8258264384667555
3.0114320967594668
2.887182415988136
2.9813086485447493
2.9752024985712513
3.042691911032769
3.035016390226774
3.0199499206320137
2.9635820701077287
2.9811292196947456
3.0760604469455832
3.030762695458797
2.9397512057975295
2.8629083376015303
2.8659091744113416
2.8239927657255444
2.781110226485842
2.8622626430750544
2.917181519919495
2.849810823526002
2.796977622229823
2.7814057504648457
2.9233384154713793
2.9242130564314737
2.8791274818575294
2.895158558769916
2.874327835029387
2.8379225424461714
2.8528747372711525
2.896127719706821
3.011230826735763
2.956989074080914
3.010270239369813
2.919867710549676
2.8765789649762814
2.8313716621759775
2.8748143868401588
2.861403350217985
2.855635235090478
2.8791015913670113
2.9235998339801688
2.980493297200581
2.901976741710885
2.9209879019791556
2.846798655215545
2.7273065686768847
2.799627816617184
2.9197958816739185
2.9788315392406406
2.99788471827323
3.0177809139126386
2.935524408574027
2.883401796401257
2.9424265255180315
2.9578371352775057
2.960778204335124
2.898229532150644
3.000001932651415
2.929108745069203
2.9935727002512436
3.0151729504882168
2.9134280981683145
2.864919189056385
2.9752107733978517
2.9252074738903198
2.9634718018610267
2.971490433984386
2.8724489371860065
2.8542006375462097
2.891946994758253
2.8837623497313833
2.919842450417742
2.8129355431843996
2.9461492374479343
2.968170324621968
3.0192059996805307
3.059290415899713
3.028189916514677
3.097201450693455
3.1167184994980457
3.098005504614719
3.011771717183829
3.1632544429361604
3.083527010982105
3.064056117231348
3.0138409192184907
3.013828744039698
2.982505566658507
2.9518161501008597
2.9643235819475326
2.9536571938219245
3.000053839230916
2.9887416947335046
2.998484559926985
2.9853319665703633
3.0516160116067357
3.045640839164218
3.09670982347773
3.0723202833245438
2.915794382559597
2.925548303832069
2.8929610576143308
2.850953203488339
2.835606085588594
2.8231934425019674
2.8601537739954828
2.88033665500982
2.864016919153045
2.9375657637448547
2.915046655641728
2.8531135763125546
2.837132818791493
2.8352057127965455
2.8406204165791946
2.837600219666804
2.759420289064165
2.807809590602565
2.868115263652371
2.7657947088956876
2.8050653978320637
2.769324236699276
2.8521066506212103
2.823088541481981
2.906918992392125
2.914221412273594
2.8941223406986656
2.937156062933758
2.914214583506746
2.8723928978648434
2.832909685478367
2.7844601104112465
2.923673581093187
2.867881613592848
2.8205401830080588
2.760568039468445
2.8047217909449933
2.870747603200369
2.810629995059994
2.8187486412331433
2.859733201714353
2.797563318547742
2.871336291568488
2.9958933483048367
3.0096512699082556
3.0157385737570825
2.9771829678185577
2.9819055431507397
2.913425933675715
3.002904487291068
2.9988496239384683
2.989341334272792
3.0556261212999893
2.897562459078095
2.8604840324723257
2.9070526077626124
2.8258532675696237
2.764404650101756
2.763256777930595
2.744734509380225
2.7712117691113987
2.7879827927245877
2.8023743933024883
2.7935235567857344
2.8641569104818863
2.9711923871007664
2.836301271538972
2.8678034326889343
2.826330966237724
2.8875951526680907
2.8601985276776247
2.8912636328849812
2.955199870514178
2.9127829499938134
2.8974198446096384
2.9863964880126823
2.9414756461465936
2.72940582618487
2.74291710789965
2.8478705061467475
2.921657010940343
2.8405753314710553
2.8763722501912734
2.807745751108849
2.9108246500392925
2.9256550738545224
2.861617508720477
2.875424935359079
2.8529292286186774
2.8989774046294423
2.883967480163096
2.8514866846631395
2.8603567677198667
2.8654396684459535
2.8784405792409222
2.8331333060523183
2.7734974988496375
2.782188831968241
2.840343552795547
2.9068792829401207
2.9906120667479787
2.9789759779797347
2.986130920562765
2.9824683867742494
2.938615343876639
2.933313314572421
2.886650239531673
2.796540815475534
2.8199423426539996
2.808198988431688
2.86612788813557
2.8605045399433138
2.874087630968118
2.882488592255712
2.9089626367372716
2.9230986352483788
2.8896192759468438
3.0104293032626974
3.046553877818513
3.0064398078169825
3.042293789078848
3.1253428725472086
3.0673142263046147
3.1363303544964745
3.120037908541256
3.0599312728016397
3.0410068217936206
2.9686879099058117
2.8426298215633685
2.9570115681384426
2.911034090767537
2.996072807494115
2.953984936804901
2.949402776055351
2.89767990909384
2.857013705802931
2.8295455167773613
2.8225571447481044
2.8979315887107484
2.8465513320170324
2.779399277309104
2.7764775022774364
2.8627991615626907
2.8566230480331547
2.9490472975266018
2.8912955346288562
2.862791984101195
2.912120759815552
2.888414055079335
2.817240521640123
2.8619725355517107
2.830913262262707
2.8251617956896387
2.9014195861388234
2.9909240195439555
2.93642873702664
2.9489824780815654
2.9077675353400747
2.8948191860549253
2.930733502867262
2.919091206314232
3.017625765831779
3.005390909012571
3.014933451000231
2.98341521534821
2.920032808475319
2.8985419448930068
2.9243297365196783
2.8439249673447904
2.812662497161769
2.8392855910075157
2.7864048988993204
2.7567732008979347
2.7691106353802226
2.7697658028569063
2.7769610701023035
2.8649364673096827
2.8887924097133983
2.8698679854998863
2.885425854718415
2.8637398729889165
2.9339749030632776
3.0040923719869164
2.928566200794408
2.92910019690079
2.9679138312844606
2.9337864886641207
2.9296436287387597
2.8578471262302845
2.869225528856257
2.9050068465050076
2.882316331166259
2.873054860453875
2.910639713409034
3.0338852191068524
2.9734923856807822
2.9784045885848656
2.9968317629925507
2.932187387879872
2.8991791622990606
2.8949504437875913
2.8444177485475
2.8400270575778226
2.8665127621367117
2.8870235528590515
2.9364746154939887
2.929228536361868
2.8812262237882726
2.9233192990615597
3.049668057785884
2.947647391520414
2.9101799693936226
2.845158396091244
2.891665448407815
2.79448204348873
2.8888422613803426
2.9650165954019596
2.9265478799681084
2.8554160408457214
2.857553996756151
2.924508105353929
2.9932025987856514
2.9985015841709877
3.053781364003253
3.02163847789219
3.0533590452791306
2.960830029553959
2.971425623964061
3.0284234502810237
2.958603690535689
2.8982448252329527
2.9853370867317963
2.9644754130138646
2.9944056333530216
3.034461542691689
2.9292448613078643
2.8638213166154656
2.874840801825978
2.9223605906692978
3.027783521690489
3.060145526885476
3.0196350408988
3.0166503177308504
3.056528678901941
3.039827342919428
3.105527830380003
3.0041052210908483
2.952532101888504
2.9936048777366486
3.0480568310781555
2.9982788193241876
2.968959560174223
2.9779672683318674
3.0353228106643915
3.0400291779557826
3.093696665740244
3.1243324064631275
3.093619915902111
3.0893232290515504
3.0190545980201717
3.046909598765592
3.062261511810434
2.981107683661857
3.0824606215574293
3.0105922631666435
3.063902578808381
3.064715143266394
2.9883757856744557
2.924549971447304
3.0588127380925
3.1259881669496132
3.0361593496178134
3.0348838028961476
2.9630085516139975
2.893140335477903
2.979741787486727
2.871469680632207
2.938963297079037
2.934859033149805
2.856085834953245
2.887987501934926
2.800614805930162
2.8946822457964423
2.909822748792723
2.861717049314896
2.8693237606918833
2.838943150159825
2.9110228950914983
2.892784520438174
2.9513791597946746
2.9059993355529086
2.9639115145784265
2.885259350420507
2.8661563274389823
2.859026814438086
2.7686283322066347
2.8025219881942443
2.859463692523971
2.860331120294403
2.805210407344168
2.891758299287841
2.8151305196604683
2.9382822843505627
3.0137694923678544
2.941083366958879
2.7947993846458576
2.814128397843416
2.8220194888577903
2.8329591685467688
2.750278196390729
2.878202413903547
2.8347638443113476
2.8108198318709468
2.867893178252003
2.943740455360861
2.8931804631933424
2.970011730937111
2.9561955158215683
3.0002919810106956
2.976387318345924
3.102904800601394
3.041232148115184
2.9775853080172685
2.9619155949462996
2.924434854883842
2.9128088694460246
2.8894860746571602
2.857311841049564
2.8137309855158192
2.9439308397764554
2.9424756297482313
3.018857714175897
2.97117794221758
3.013871694043917
2.9180856794938874
2.9237342996196856
2.9199086544700306
2.9836052225966476
2.9987659460875866
2.8086028992918477
2.815122979508014
2.9032878285989017
2.9888560099234738
2.9602484976644807
2.8926706164788274
2.9244817866943946
2.866207819745
2.794178265878337
2.856955499968577
2.8604480767840035
2.744279847583941
2.8296150537933094
2.882174132234598
2.918941599114214
2.9936656214153565
2.9365060741490168
2.8214356489267725
2.8879009814942145
2.85717058016716
2.8071012308795593
2.8531623401037445
2.8703588974742233
2.999610095986367
2.845075790165609
2.842407911884739
2.8371047353913394
2.9043221653639226
2.883855028263267
2.836810073682424
2.857093527194773
2.8961655893386844
2.7501258038471854
2.8342276604355368
2.723553241053459
2.7604330043044056
2.784470672127803
2.7930784853916752
2.822333549400099
2.8733533650457668
2.7720844703210386
2.7798729752148974
2.777330336262527
2.8632427477166287
2.7816077720546075
2.793025055263215
2.7590570922153677
2.7880824928732797
2.8200122673885524
2.8877313292337448
2.8476225482183746
2.8468257929897125
2.9862151028835395
2.9720594019825914
2.859746216608848
2.8554120668316303
2.8200885037617955
2.9062534613299764
2.887043007714726
2.938572553242886
2.965360884103612
2.957311797474338
2.9844132511542742
2.908300142542141
2.9636078224594877
3.0272616606574987
2.99665524560993
2.979863481485287
3.0319560726503836
3.0251898891857785
3.022132890703355
2.9928463951212736
2.9692665215651473
2.992644389854727
2.936767810740402
2.9047043161632455
2.972256463025674
3.0532989931489336
3.02838868700568
2.9809425112416803
2.9448779868481116
2.9193268301871034
3.0006246422307377
2.985553667050029
2.9223865554592234
3.042181605403226
3.0367808655229847
2.989679598730653
3.041478721200115
2.9764966497208944
2.912913531124644
2.9020276474461104
2.8968415509020664
2.9325650947768116
2.8309298404242913
2.809865107805206
2.7942332909592498
2.891992735400966
2.761392015745364
2.8817723263752253
2.8317239975814235
2.76118096513852
2.7500548043438426
2.8133417530652105
2.792534250786543
2.8482847475131092
2.8841936075025836
2.9577490797642882
2.9056011025015875
2.8090739882588576
2.918716900758453
2.8584493030471654
2.8048402955219425
2.731696399890871
2.7732982761460048
2.827523714503313
2.7376162534204127
2.83785894498695
2.835613443851848
2.831180271347905
2.791109621422558
2.934074964293619
2.997568516084116
3.003008045171365
3.0596881890556817
3.013255396766036
3.0489395167775477
2.9638736197891555
3.0027313035787317
3.0315564817933325
2.8953149413037864
2.959744944872877
2.930577934984826
2.9339447555859586
2.903440713686632
2.9067714216588962
2.8775751732123895
2.902944719810633
2.951798777558927
2.840105519170775
2.872197374601121
2.921332987644977
2.807428767008317
2.881534002811451
2.891355395137478
2.855566677736262
2.9039110821928347
2.941999953763322
2.952773636902526
2.9091584339563425
2.82998933543952
2.8106019038275374
2.8514389465623124
2.939379726065334
2.8755011421641035
2.7904895882186427
2.830037005317005
2.890672287570245
2.805393410081152
2.7981003335384527
2.85844222571733
2.902111420370164
2.918241359706515
2.888404211707657
2.884944675174494
2.931070519704693
2.8999435850123447
2.903980695436034
2.80939868271149
2.86623364116815
2.8551905653607674
2.767427473924111
2.7947544288097195
2.858511239684387
2.9301139562800063
2.869181420828826
2.8926530420265633
2.7995415280620444
2.8100151313375497
2.868223404776406
2.8722624675217996
2.8700389645709543
2.9091751787920526
3.0558257287993107
3.009199790625235
2.9881287861429047
3.002902201631449
3.0273703347625394
2.95479654168851
2.9591484003576807
3.004806511359181
2.922781047548208
2.873925021757204
2.900627893659714
2.892680289981052
3.008892270756383
2.8888553941702533
3.0679560216212924
3.0955843162113554
3.0043241750695246
2.9437968800955696
2.9014347719460583
2.805898441366807
2.8864880668958346
2.8837406826072938
3.0638297651013917
2.912162176294623
2.8790296508669724
2.9300546656873703
2.862807572710988
2.928584843019624
2.887105971022733
2.9563983430508496
2.8715842389098603
2.844282826075007
2.8823188697049305
2.8884091898182245
2.809862945649977
2.8198375187359206
2.7678004834406575
2.90587861493157
2.8367855766279546
2.8091543981591895
2.8959640638539788
2.8728625055792065
2.8618056255111988
2.7352624238495484
2.7907087820841587
2.787783405741413
2.8208606516730295
2.7896896668533344
2.8420265076880913
2.861049463535272
2.8449789029424135
2.944378674458025
3.0110703201334927
2.9615795742010365
2.9585804199544183
3.016920442018228
3.053096067725582
3.1109038922832197
3.063776836217656
3.0154070561468664
2.964013054680879
2.9020323393342613
2.808027325182339
2.892572125343851
2.9113567312836697
2.9725674842254888
2.893377063205735
2.8918433910150205
2.860867019897661
2.882667022574198
2.885971183003426
2.8743995487817844
2.8480990743512242
2.799605660331456
2.8145204391042054
2.8237738517594226
2.9738423647342977
2.806383613537814
2.7617315224051544
2.9100757867457427
2.930866043196454
2.9850920133988446
2.9393388644078966
2.904057091491713
2.922479175466763
2.9368298561590573
2.8779652046080866
2.877139343083247
2.8282399439849173
2.849230045939835
2.8049080649216376
2.856793649972763
2.7921998637986856
2.811363719616921
2.852153687079176
2.871940865622885
2.825039274322936
2.9047549389940213
2.9142345256533413
2.902930961356112
2.8801543441416646
2.9538530125662854
2.931150833486607
2.8743743290776527
2.8389933067805417
3.063073797704452
3.039916211786336
2.952960257116922
2.9379888358892967
2.958355782237473
2.8242628171212156
2.7844163031051394
2.9570322592779084
2.8029924564081883
2.860531857817763
2.8691830085875267
2.8796187513258054
2.8578138023394573
2.9056119662488897
2.900885295018639
2.8744225441992035
2.803269008521707
2.898521313699449
2.836797535934978
2.844312992613904
2.859656088714862
2.8618543546725563
2.902979588178061
2.8612279646323695
2.9362470551426147
2.8993862241531905
2.976588219929293
2.9224219941854357
2.9427769548026355
3.0531203867777545
2.9731489216635967
2.9304639443803664
2.8907718061849534
2.899490330599655
2.8200762738841716
2.8302163146342805
2.8418987228123824
2.8231696175608763
2.861952498233503
2.88004565080529
2.9505262331834867
2.936263338644862
2.873779146486673
2.833568716889221
2.8002331905276305
2.8557045678523476
2.862521390339319
2.825069599098738
2.784143766665552
2.8175988523980986
2.756782776989331
2.804925988091395
2.8875777660181186
2.8499738258783998
2.865804115938406
2.8408268532384278
2.8834571424559994
2.889512544968467
2.8040723978296094
2.8646230722667076
2.8158488754234603
2.7080495667598754
2.755371868934523
2.7502803427893947
2.763113556957216
2.8382590444146505
2.8868691444550425
2.8798585396111527
2.9500248825746738
2.925621592979859
2.905823385703828
2.8525709766979843
2.865255944523477
2.7985388909954882
2.8573272343602922
2.8997414518486493
2.8994144364552294
2.896766715344297
2.8720217931551595
2.8099524301560286
2.8905670961715475
2.963473850126476
2.9430424962410484
2.8953478605469476
2.973582464147281
2.984385374351067
2.9029929749102332
2.9812058464505564
2.972932992354085
2.9797630694089636
2.888549317789631
2.8689761521439623
2.8653753837582197
2.9410274335289603
3.008363924977406
2.916714504996841
2.9205988096836166
2.8562871354078565
2.9300085172108745
2.9040585147591056
2.910840285468588
2.836344367894599
2.9021810390189695
2.941901324308211
2.9969399632660867
3.0222790075261647
2.966777266180959
2.9160150759501446
2.8037278630965115
2.794252496695914
2.8198575611342416
2.7409720476301147
2.7226698766098796
2.7614593414691813
2.863473175438537
2.7678488477929477
2.86410713570126
3.046747667426616
2.9062225670264463
2.868877931675726
2.9233204470148393
2.9083861492365863
2.976957277369205
3.027719285033463
2.914817673667944
2.8297904373761327
2.885005526737198
2.808470761406978
2.836282901770935
2.825138697414986
2.7425762953163106
2.830541574893427
2.875948098081966
2.8904104763950205
2.984872638498774
2.992636095625223
2.923687845423804
2.9112352390827656
2.927600635131834
2.831996264855254
2.8591444789060305
2.9399001021015123
2.9476669080281717
2.895558302979952
2.901964031468723
2.886840635924908
2.899007358565763
2.907309364689731
2.9443126705304437
2.9396720167885153
2.9324902917844944
2.968984368826581
2.8368988759149887
2.9006566949103703
2.9406256399953272
2.9561612447237215
2.9193557705220647
2.783845775626255
2.7835453259423186
2.7943157038924
2.805748771279122
2.8093192150936406
2.8770631665408093
2.867287695323629
2.8152802244178794
2.8520432664418114
2.869265304943091
2.957337282026242
2.978309889177505
2.9084764889659316
2.850453576341758
2.863130799284459
2.7627203737610984
2.8256136513500834
2.888650469476715
2.8212944760779917
2.8650247148491528
2.847501627906179
2.8489548936849105
2.8780498825612297
2.949431116043135
2.898457627512623
2.8872560886798264
2.7804899954065836
2.790751414207419
2.9263698244162506
2.9157357110659943
3.0253139427394955
2.989242829802315
2.998904898346222
3.0642586374851346
2.928267957086936
2.8415870707624267
2.854320365140117
2.9099176467643764
2.924303194297472
2.9509384796593205
3.021560060064523
3.0693760273533583
3.0182758820377558
3.004664169695031
2.974569501257967
2.957497274165262
2.906165755553716
2.905268659432464
2.8670431949566177
2.8835115453984503
2.941721880106837
2.8920453987594197
2.918115351489329
2.859192045119095
2.815262162480284
2.8803135862623446
2.896820284283081
2.9844112366506805
2.9256217146082193
2.902361126346481
2.926118548848692
2.8753652228782762
2.9214180834621866
2.8362695267442763
2.878894179342639
2.9540449056804885
2.9928412913565188
3.032268004845304
3.0202586132101445
2.9175614224088013
2.9081441343000476
2.9894600328231222
3.016861403041713
3.0293242351488323
3.1456214212526703
3.124867323066349
3.1119364310117206
3.1531264422499317
3.0839207224417553
3.07636549554868
3.0353340261445685
2.997906346707629
2.9273000487862735
2.9369841996007344
2.9621772829136765
3.0236878928114983
2.9725962983022596
2.9726538308840342
2.9559744333232225
2.9872779133540317
2.93365295693405
3.0030787680423776
2.9744379205740756
2.9476671000910946
3.0344088438074097
3.049829335512789
2.9320708483628266
2.9480797848077263
2.842794367333365
2.8486380708210044
2.875367067591153
2.777824148299365
2.9075134235201414
2.8718344931059265
2.851252897157022
2.822690540894757
2.8718985485624695
2.8773101682155264
2.8273777645722644
2.900387367976858
2.8500659538852515
2.938048680327336
2.95583892441318
2.968365927032568
2.9053070313688902
2.8682554122983404
2.961099998912394
2.9677355125178333
2.9610884238749886
3.0173178569391936
2.908816585437875
2.9454803174926507
2.919663061341911
2.8272905239532973
2.7841228489107857
2.82029198313022
2.8070612906204673
2.9387530897899943
2.9176304686661383
2.9128191579402336
2.973402897642339
2.9056377266713707
2.9459881114896342
2.869143408258818
2.9634059021263948
2.9377622016312066
2.8713947075882755
2.8206382523746343
2.810294477734244
2.891457395336861
2.8759687161869443
2.8616165462045067
2.8752415732980117
2.7782056502616577
2.7937137693829297
2.8136402494917725
2.889633239835396
2.889314562410914
2.9452724844253373
3.0069045752388774
2.8899271878613484
2.962063975907288
3.0067170295038457
2.9804104672063123
2.9964893368274033
3.1264420678108977
3.0705649747235575
3.0286718089823594
2.981153999866118
2.9986862742347937
3.0320349580685333
2.9561141877250368
2.950443126207813
2.9312193564222886
2.9416460822134365
2.972122804404254
3.024759304678497
3.0376988592062766
3.102379359308098
3.1039808345101383
2.9024075892124577
2.852471763551295
2.8845211516822045
2.8462988572820938
2.8123879053648304
2.86594163190926
2.9110926258213485
2.930056795379082
2.89355550382755
2.929575805120664
2.9135691365089755
2.935349604150049
2.912271603182684
2.9417749661258323
2.8836956776657536
2.8325389509979555
2.866240910458487
2.9341038273703237
2.9180778982705315
2.953751993183306
3.0215666453329684
3.0619225544363085
2.999325065877681
2.8541330725990517
2.945415022586472
2.996809204586339
2.988679532331617
2.9718330098589285
2.9851777305968716
2.99625247203767
3.08385843405953
2.9647948029932834
2.9053080279128323
2.8563225795935945
2.804504169853809
2.9016591057993946
3.0318429490827867
2.9106125068306357
2.895453474454304
2.9014040779222463
2.8559578988155856
2.8370989857641438
2.870974210388183
2.956933982195038
2.955274782803543
2.963904130015724
3.0275107527626095
3.1423792291498174
3.1500115320460482
3.131831411633349
3.0700668233666573
3.0519356641267614
2.980330399658437
2.989885925627059
3.005995401082238
3.0164644952855753
3.007106710426631
2.9171367841902693
2.9766192475625446
2.9034726163660705
2.9041971726078186
2.930721221412286
2.846724140873761
2.896928799570338
2.783804310585969
2.8360916056294565
2.7568495771488926
2.7430693530013297
2.8527507994035717
2.799977923347783
2.7244021257016966
2.822396205082809
2.871159762912971
2.8714197615750576
2.8371438817708046
2.7953060021187786
2.872804349169232
2.848914284901769
2.8128358029198957
2.797196275736482
2.871097110241227
2.9321595323438685
2.8967166333820886
2.91118549772301
2.8422271458227577
2.9662241607190016
2.9926188057490912
2.8829693164836163
2.9129397358610194
2.896823360206093
2.8859880170164054
2.92344948967738
3.0252177472647013
2.9393812874686804
2.8572669142100544
2.882005527225303
2.906469603471055
2.83882523165007
2.8706451585400914
2.7801525893352723
2.8208325429996273
2.8186451960850447
2.907975262403216
2.83992889201577
2.8828016911874363
2.883080871314124
2.759875526051944
2.7680820893607976
2.8094029460517738
2.826586542217689
2.8407967791180124
2.818321912205752
2.8270865434537265
2.8137267909295884
2.834503491567097
2.871740286839553
2.9030669841895334
2.7771973291205834
2.851918997811901
2.909935745187718
2.9108146310324274
2.988931470389809
2.9054200816603446
3.006344413828009
2.91856912603015
2.8496485958597577
2.90414999285483
2.7990098092604696
2.903907416229591
2.8775212189196333
2.7514544096671867
2.800422280612109
2.9298617969174257
2.9522053252640585
2.9012532666351207
2.8715487769779022
2.8662526559750754
2.8441807491022004
2.880942628565333
2.8711647836496956
2.8125944011030386
2.818796388845257
2.8707804492743776
2.8903360798898348
2.8372120266958816
2.8330771352682347
2.8546608307879713
2.9159460616842425
2.976352607959445
2.8360627259338544
2.8017229767749017
2.847257778832497
2.853615474574843
2.8867056097251322
2.9222886755127053
2.9691105523836074
2.966531502834676
2.948768451236343
2.9185543139574155
2.957185573701616
2.921380440712552
2.9842097067269684
3.0331199008191843
2.916064115370596
2.9478755272847055
3.028221329874746
2.947294583921705
2.8877694667741522
2.8304381320111185
2.8263855133166964
2.857755285988092
2.9472707834711227
2.922224840323364
2.8311034731490743
2.798625504402369
2.7826282500014896
2.841443971146902
2.939810585173275
2.877967208592683
2.879889927447692
2.9610209728055397
3.043721818696234
2.9551768389878172
2.933641320918213
2.852740232198529
2.8818344165538656
2.847923059988968
2.8261948065094553
2.8246286183164613
2.845039586544424
2.8915038737474554
2.8806618986170536
2.817580521451306
2.8945722378181693
2.7579144421887527
2.887975021753487
2.894719508261519
2.9070213645221643
2.9220701606336537
2.751124475938135
2.77025443725287
2.7999256801643777
2.791350036933366
2.801722997475265
2.849682027098754
2.8407388305124615
2.876252294427149
2.8463002176498753
2.7848196777180148
2.812866967644639
2.888904555598588
2.8495741675700312
2.8144787285523707
2.763223621745952
2.8514899249592283
2.9632598472190463
2.949070382189749
2.8319695795769233
2.8078296438570236
2.821056352608399
2.8196708642235757
2.7834909394316227
2.891810148620513
2.946384496639936
2.937468969560467
2.9138657843328146
2.9605534848675457
2.869810995606437
2.919228057167601
2.869843135718379
2.880392291375041
2.916488260070399
2.8872082420543124
2.996646279915324
2.941472327383626
2.8915878827769648
2.9044874065977933
2.790077576808819
2.822801593264299
2.858158684472569
2.8945258583958413
2.8466260048611236
2.855446871035996
2.9064816689220807
2.7687472315645567
2.8111930048173
2.834771944566297
2.9300229314200092
2.883793737661022
2.8326176854567438
2.819054401256437
2.9469913367055462
2.871658669054501
2.8910501445817576
2.8631832100477874
2.7942391507739797
2.8422245639509227
2.9109473609525587
2.8516196478622446
2.88282753660587
2.9539757872957786
3.080849484905422
3.027118504088492
3.0664754178982006
3.0657564991271764
3.023724664801615
2.9739351874981788
3.063428974178214
3.0008815900773196
3.0521854194957254
3.1322077469958294
3.0355349897006327
3.0152544976786317
3.025972529679757
2.92263182818248
2.890976565605015
2.8484519214736364
2.8326783736946357
2.848905934116084
2.8953433785584797
2.828730644533105
2.868282815337575
2.884276342381966
2.8781314726503076
2.8468249925482816
2.871405460953279
2.849254526957072
2.8906124632814225
3.021502128616038
3.043172530543558
3.0525516023520636
3.029535483375195
3.0025595022338014
3.072734690141431
2.997311380279878
2.9686448693485175
2.8867631564781076
2.9446069768254923
2.891825919827022
2.938539337780234
2.8835894076165594
2.930324216220968
2.9354056136569646
2.785081001974633
2.874322188525739
2.88552400876466
2.8563404156253993
3.009411244194621
3.003684288418209
2.971187023680021
2.985959574664414
2.8998191727526983
3.0334245120994034
3.012313398531707
2.8708843630497345
2.8190390845926725
2.852539550935873
2.93008292661482
2.815373902106557
2.9304579002448627
2.9659246662352143
2.972830097828888
2.909943277092475
2.9418999002528023
2.9189688808464616
2.9176895098087097
2.793741392889016
2.9080417931333993
2.9281644889390264
2.9829154843387578
2.935291892953474
2.9498805938790196
2.9230205217382133
2.9576686600303965
2.924033601477549
2.8650135569167356
2.848084158329719
2.884009220995028
2.9943495267606393
2.9361316724120945
2.851686768636725
2.869217520384756
2.9255425699042896
2.911351549111844
2.943027866346798
2.9063176834094797
2.8791254294264075
2.773648541472613
2.8342638867412155
2.7896655915212385
2.8129130035834717
2.8044188742556426
2.8015682455383732
2.7758706562193973
2.8569388492173733
2.8609830544090844
2.8245765121220128
2.8571155049110297
2.8793750619328593
2.932041941527018
2.9307194701652635
2.960683230305555
2.9300490600360214
2.874384549011617
2.842058467869772
2.8383238260599244
2.8212464704738753
2.879839324140387
2.9298897032113485
2.930120398196175
2.9190029802752813
2.8468100608917397
2.8559506689646996
2.916595894403276
2.9159008783649227
2.9027828719365116
2.9292065444387276
2.99075226309928
3.0098404860157033
3.000702772239838
3.0539105580115895
2.9938697308766558
2.934676121513093
2.946685616287583
2.863482490948876
2.871598960459669
2.9037875896782563
2.839682881426463
2.8833794725425674
2.8024980202983607
2.7624308992848805
2.8064637070676266
2.7602866075348205
2.803388104326861
2.866994554088672
2.9421150921788497
2.9584295629899557
2.868424325085033
2.9110556487942474
2.880050587384515
2.8017639502687257
2.8864329183650947
2.7794169540398723
2.8289175580596018
2.8840093547212997
2.90050127752
2.835629743851509
2.950771981267736
2.9344489392005113
2.865055095321638
2.8463417665262734
2.9199453825015698
2.963838390988045
2.9093160604727752
2.9264091508905032
2.8473078822128253
2.8191958424437917
2.7679874783246574
2.845114382942558
2.9639671241414
2.938991930302775
2.875798093713679
2.9019710103101275
2.953413966871723
2.8244922790453852
2.829051404942964
2.918036228787575
2.981044453355756
2.9167936413182383
3.000834125710138
2.967249399116227
2.894338872548479
2.963242280053399
2.9434058421858884
3.003684194632579
3.0697497200229042
2.9948001305621172
2.98224428994217
2.9789005959022656
2.842147858747026
2.8800376756228436
2.8854069894138092
2.985038622691676
2.92580449278677
2.769261793166092
2.7968813387856697
2.831649344421772
2.8169712406218204
2.9068334671742
2.888870504012073
2.891629823502398
2.913188158162934
2.859039230239858
2.8938634064410094
2.958552576325717
2.9490346303407518
2.963618028214021
2.9785656997813748
2.961427178947116
2.857782543814277
2.8792256642922593
2.8226482077478714
2.831344168280361
2.8542299402441937
2.8282885677586154
2.8469703478959048
2.888910937717762
2.8843259026900316
2.8570387409417486
3.003863522115012
3.0219959143895485
3.0415512853267637
2.9219991230187943
2.8801453708377607
3.0149057015134133
2.98886429886382
2.99143483321205
2.9027778742264934
2.8835080592720566
2.926054416855088
2.9135883610604645
2.9804196724329035
2.992281986833158
3.0667442810091115
2.9780055241979593
2.993862703196374
3.055737416929147
3.0526795258419313
2.9979785385253477
3.0300620330682895
2.9787344483539706
3.0437040068207377
2.9835533501894433
3.0044806391621037
2.966728038520265
2.998736648358173
3.047226558314224
2.9301904075786873
2.9426424022157143
2.9714192748082975
2.940937288665514
2.9356961886970163
2.9441472199233467
2.9155706689843943
2.919722167715581
2.8711702478620884
2.9270667040086087
2.8353050779248727
2.7787235284116987
2.832264848397114
2.873217068642022
2.7830138458467855
2.9140333328216883
3.051879463708731
3.045848340702779
3.0272762214039974
3.011886747635921
2.9342746143156657
2.8953971569836296
2.9696477338174767
2.948360121048484
2.9620414980512035
3.016884256174438
2.9625184779040583
2.95500566147103
2.875422519941035
3.010300391791981
2.9966170362065436
3.0429301634962562
2.9457708863253487
2.995901660660247
2.9668277670167096
2.903803742808657
2.9004800657419216
2.9304190765796276
2.971795613227398
2.924590730824205
2.9437216552538854
2.9653141745846234
3.031148174894685
3.011160070451427
2.9696238641203583
2.9997141351151835
3.025146911734654
2.979696470596864
2.886291145419918
2.9314229709783817
3.0209531647123726
3.039309680509477
2.956944466378496
2.9254136388638075
3.00098469523765
2.999526850663369
2.99453736326543
3.0008608387254783
2.947293111074059
2.922796173654477
2.93201091029651
3.0764875395630376
3.048358631281785
3.051018510247965
2.9674484032117734
2.851046608757776
2.9019428397993488
2.8849881578561436
2.9419715016754466
3.0436280786685117
2.9546246003938257
2.988185811814319
3.0394707582854337
2.9727953125452653
2.8763019104770695
2.856913867384811
2.8939597406723903
2.9795245834122097
3.0583677767284434
2.9341303293900456
3.0016390287504806
3.001258661843139
2.989190123468239
3.006785876686649
2.870407892204744
2.8635223340204043
2.917220212507508
2.852114749280144
2.8573923501146448
2.828929081528403
2.8591512089405176
2.7978594595594526
2.7924732451324084
2.8108754298865644
2.8955394171069577
2.8940103459639652
2.8806637138487834
2.8437013142128373
2.8830617878122258
2.9201292095428046
2.9381188966806846
2.994493374622295
2.8407522663039533
2.8572165761043697
2.817347189266849
2.8490431811683434
2.8162225930036833
2.9028598163564077
2.961195564504556
2.9759788747598237
3.028650897553396
3.0375011964083507
3.1603246069184463
3.1976294745794216
3.222544467878617
3.2479026593428095
3.1898496694328706
3.052529942231919
3.063977138148007
3.0222149571260695
3.038802664802812
2.9736153066470754
2.989824465441374
2.9991383541022056
2.9467249828104887
3.0321687849109997
3.0095716810304234
3.0254591984825576
2.9980131775081174
2.988404116533911
2.9688738660619833
3.028562571424794
3.0175113498658352
3.0433592690360878
2.974844978658761
2.986323502398358
2.971804577099922
2.8845887859056614
2.8331434843086107
2.8192619838590574
2.8293324315028747
2.8684400410204187
2.971171914417196
2.9609408905440513
2.8561624889310684
2.9544776550628873
2.9023100632147787
2.8301432946513683
2.77673540375829
2.8185711026811795
2.94045161788231
2.8677635504506545
2.845431852422151
2.839392417504813
2.9644294690810247
2.9544548524026477
2.8742710818810973
2.8510514064513983
2.8741771817295114
2.958238536458254
2.9921093398005825
2.915065417695565
2.922299194803961
2.913725352974128
2.9591783927683992
3.0062136497720675
3.014813222307812
3.005637230188936
2.944411692403172
2.9294625591993113
2.9596230121574605
2.9846163185175465
2.9212106279681347
2.948499552493994
2.9240730613824524
2.935055858680742
2.909928811210249
2.9694718093665013
2.868987884119384
2.784894862476031
2.906407505212419
2.844242870533058
2.922605910023106
2.9439889400980226
3.0024050105835527
2.983522034144116
2.951608873244879
2.9425654891593056
3.089634162762674
3.012885728771346
2.919377784016468
