2.038517681681154
1.8132475047563825
1.748477706338138
1.7534851695985356
1.8224332189313512
1.974325227361025
2.0059912414786116
1.9427621144883758
1.856749466666797
2.010687032940065
1.9292784572577075
1.914121718290268
1.8496184325243328
1.8860380909564491
1.8620252966429574
1.884074813408499
1.9337946478546941
1.85484717129394
1.848706773991389
1.7346766884835794
1.8570309749741885
1.7589667349326845
1.8173013397025548
1.7204501101294771
1.6863870740802676
1.7821536056462262
1.7433284502728421
1.775931076439309
1.8101809992914144
1.7446020150559538
1.6624384766456184
1.758518046294566
1.7766250377099784
1.738106717622495
1.6772337898868457
1.7411650725911938
1.72776843713595
1.7065071398914498
1.734981156104115
1.867895377971044
1.783763785511487
1.7744378308950992
1.8185375085793531
1.725525489184342
1.6550073303687773
1.695672536687117
1.7673177269533085
1.5921846198436413
1.7173223122152024
1.6693703830511541
1.7084798909413466
1.71369849256376
1.6544840304222834
1.6735483787773338
1.7019933485809213
1.790616410430113
1.6982660354063472
1.6335364512898423
1.7799828067163301
1.7362245022205267
1.8382386211079866
1.741582765485126
1.8060045038557118
1.7647025275955652
1.7950045104617782
1.7839393732489663
1.7467921112687093
1.7934781075376796
1.8153595654320407
1.67777063108047
1.7686472862866471
1.641998732398215
1.6786324123901388
1.7398920312633415
1.572574676729063
1.6502456976640938
1.6362689825228454
1.6549450279648392
1.675133353786371
1.6505191174333842
1.6316869896166586
1.5811654730007119
1.7351014693173892
1.7574676183634597
1.8408008920669994
1.748476139331882
1.7445425943601727
1.8132678492490721
1.8092090300451205
1.842184784005443
1.755979925148755
1.6760425045744194
1.6744398177328679
1.7153308254282622
1.7290416051750102
1.8096057871521736
1.959961816977508
1.7542018047444077
1.8408501490342641
1.7262778270016885
1.63308023446236
1.6202158766063823
1.7179983876450742
1.8542880224031606
1.8693390436464126
1.7421938524101581
1.699610017493573
1.7786344897551183
1.8024912379201952
1.7620270676797876
1.6462460966531518
1.7000640099088284
1.719346207665773
1.7582855878057855
1.6881277527407657
1.6635019976751697
1.715133032830737
1.6097093185580105
1.596663508792634
1.6315024398875932
1.692609443971425
1.6693166602497456
1.6239258610736298
1.7557693602274995
1.6244997286092433
1.64708042766682
1.6483728544612817
1.787198834343904
1.7658309866810036
1.7522545758164016
1.8576118497050929
1.7912664646291978
1.7960732242323063
1.7189495934362347
1.720456295165286
1.7297319644422535
1.72909271244087
1.7647740437261554
1.8507095551660437
1.6504097640519675
1.6593836651733602
1.6717215336788562
1.6837401979266637
1.710247312741635
1.7008382645533076
1.7333806425832088
1.6947936560594805
1.6403066924267051
1.5872169563094465
1.6370242480178145
1.6481398367546334
1.6692322916305218
1.8768095434689542
1.929305964858641
1.92084310010216
1.8104636911567182
1.8180367277195577
1.6508419973698598
1.624068183883422
1.750306835648518
1.6527585153853446
1.6239861682885108
1.62681847975459
1.7171825474958238
1.7591893269493664
1.7143442210560498
1.6966109659067767
1.7198256531893692
1.7419329834326418
1.713157240615233
1.6313631380160145
1.6479282643415094
1.6743726526324831
1.806746994539983
1.7671327309095177
1.7680491795525195
1.7870269260297755
1.7848893903688023
1.7854330543557437
1.7120387215398876
1.7426676776401693
1.6997653604928296
1.743244072235909
1.6104027208322595
1.6420714186275214
1.7081642820422385
1.7843090816785994
1.8439541353065776
1.7575641402737014
1.7352895840030211
1.675194083027855
1.7430769682136775
1.7139872696966276
1.6022889252897168
1.5976125365476785
1.7947422978145546
1.8492473681031396
1.9006538409530733
1.956441122989448
1.7861711635868123
1.6782002061744667
1.6942750810222669
1.6471479737478443
1.730008674450553
1.8123895293469068
1.6734409804550094
1.7346515342254756
1.7143819797185629
1.781887632558836
1.7810354863284459
1.809470689034504
1.8155215871072317
1.7507330384623865
1.844274076255911
1.813295358988114
1.6357929003271976
1.7551086555435662
1.7377881867914209
1.7175589996401734
1.742536780710621
1.8201517264123952
1.8418790510197454
1.9167458097723833
2.0050579580103856
2.006767309501159
1.9891878385044106
2.004516077184785
1.8783232795956386
1.7636418084895866
1.838374592995883
1.7052265606232189
1.80130023312957
1.672623801076896
1.7521030361275294
1.7645873891532144
1.6756765121567627
1.6748404305445344
1.6933515887520116
1.711381143588648
1.7317658516604748
1.6400082839283276
1.724480227160378
1.765147690451868
1.7630033616540237
1.713748605328869
1.6881523727953331
1.664106786449956
1.6866011818196291
1.694023259251185
1.5996128326480168
1.68110833462407
1.6543977532084948
1.7980261030085776
1.769063463552417
1.9148657326790892
1.897997255129598
1.9833749797460014
1.8696485906307823
1.8737289688345704
1.9334343100413145
1.7854869289554427
1.7474543468116965
1.8121687192549079
1.808688934105039
1.828677915192962
1.9098137220222062
1.7262592303836823
1.7680225122095705
1.7110229258028276
1.710986812165574
1.7701547738653793
1.666281815739956
1.8812298995703751
1.8493382603257562
1.6979901280915999
1.7177873281587677
1.6928769159897425
1.7490936331896965
1.7610209088975766
1.7577519458702795
1.694120677201796
1.6971194342819786
1.74915952186501
1.7994505790617468
1.782205938098863
1.6776267147988035
1.7030970832133059
1.7072657611608035
1.808615442300371
1.784506233927492
1.7102451137447383
1.6224823378043136
1.6192645858073103
1.6603154849646162
1.7463774155852851
1.6728082678767904
1.8289874486552418
1.7553265128702407
1.7679548265197302
1.6417742783539304
1.7084183813596616
1.8197155262920788
1.632458335914499
1.670327066530207
1.6395557698454772
1.6769724779850932
1.6655440053599913
1.6117894689682823
1.6305029677564087
1.671511458429838
1.6519638652574458
1.7678111624181492
1.651816736699821
1.687658203210583
1.5812200728262238
1.6214838850565363
1.7084667470408679
1.8064046216817748
1.7517575297941554
1.6608527497864067
1.648855963448384
1.68619120351514
1.631077588253339
1.6279052741285809
1.6550591061944868
1.7666296875034952
1.7269186281225597
1.6947471969713128
1.7381232304446326
1.7559717193607716
1.727941632813984
1.6965949580928046
1.7071652979246112
1.775779060094335
1.7748453064329328
1.7111471496935369
1.7315102799289919
1.753508075606008
1.8733032992973127
1.7506805244572754
1.8032968169477244
1.8175763961669749
1.766215355907749
1.7254823559046455
1.7061342077360944
1.8034000273763207
1.7967982751345597
1.823897305330331
1.7205527330371948
1.817899172725142
1.7385317648477987
1.8037793590482543
1.590363862557717
1.7038415022253675
1.771452181978724
1.8305644756912303
1.7549792508089832
1.7189635936574
1.77478811903208
1.8492725176463398
1.6668960316529946
1.7147986120142027
1.7436096875546045
1.8238574150475646
1.712476858802313
1.6954840001577036
1.7337279421495726
1.711000338647056
1.7313452646080778
1.7188681991600885
1.730545129577933
1.8305223021730335
1.8220594516186934
1.8288056530778403
1.7282369335684027
1.8992246370553374
1.7689828591751435
1.6294384771625248
1.587825454824092
1.5872854875832818
1.6656767138038515
1.7193963883897894
1.6178545749003121
1.6713560054618186
1.716019813842952
1.6726920963493428
1.6894329363669787
1.690521191450697
1.7078574054479925
1.6540531805604697
1.6979756912073438
1.7960714739384303
1.7551719537095163
1.8022840100759585
1.8024682549214228
1.6093208536409913
1.7289486135648473
1.798030252602915
1.772602512931952
1.7217951349248688
1.632292776088733
1.6701687491302373
1.6894798959029986
1.785940123658719
1.723541003619069
1.777126691315205
1.686901521559153
1.5994134358378547
1.7590475626870319
1.802617914732961
1.923598662909897
1.8305698613058874
1.6708187965855177
1.6874665796682633
1.6637288678858533
1.6984559408805397
1.6252392402096028
1.5860508098151678
1.6570260883861088
1.7404961172909883
1.8437900134796137
1.830887591659052
1.9022848513111528
1.8473849463420495
1.8994173280334805
1.6289391195416258
1.7158910375174896
1.6924048219667045
1.6491992590735494
1.6380620451624863
1.6550165784844935
1.694680949051939
1.8301042587054672
1.7361562046502073
1.6693847334500507
1.7138751531601386
1.8061840481593159
1.6904032311981847
1.6863089821941735
1.6903685368686328
1.7542539604610872
1.7373741941431011
1.6371690554722635
1.5953471727421975
1.6021387616141716
1.6739553494402366
1.7058664824799334
1.6323761292859045
1.6447647214246301
1.6056369356729963
1.6434276421516574
1.607878113405687
1.6059451492529861
1.6959295852997873
1.7318965335139422
1.703492938867841
1.6816773435545682
1.7169509958763363
1.8111874954432718
1.7702128422558068
1.8113470762593809
1.7734228865216537
1.7336058062654807
1.745436601343889
1.7232629363688878
1.6923690231115955
1.799830209419015
1.6988502864652535
1.7391413982754842
1.708698108684727
1.8254530933145063
1.805925582937365
1.762311970308324
1.6525690645185993
1.6164314888367504
1.7444985531836636
1.8926317795850645
1.884071480337528
1.9904353170367444
1.9603990006287655
1.7816876739437637
1.6584925025764563
1.710916201335594
1.688416241901269
1.6327044561015427
1.66591738895766
1.7340858021317729
1.724465243872832
1.802449833506049
1.6717327322582698
1.7240352123533094
1.7094432557036712
1.7177937366249458
1.84116114535408
1.9250412196835844
1.8075216796994464
1.7877504796272148
1.7927698088291737
1.699291905168432
1.7419638021456314
1.6748260608488588
1.7041446839904364
1.787872030908252
1.7520492294823933
1.7558600965946989
1.8207647271833398
1.814932489180993
1.6267525401095142
1.7327217690498318
1.785193809114931
1.7517043240715187
1.7502089135579721
1.6932643063335324
1.6552946627458576
1.730597483676273
1.8174599299457466
1.7688884761675094
1.7548621241042368
1.6769065289165468
1.7488972717199645
1.7402891639586122
1.8007857719831095
1.8280982942956419
1.7769370431465463
1.70729838412751
1.7331952262773118
1.6344692504575653
1.6397875794320833
1.7192923285322266
1.7274038459907841
1.7721195250180872
1.7401619828553572
1.7605851351655597
1.675833434458747
1.7268901316977283
1.6630362446368283
1.6637427670381255
1.7447286389077008
1.5553120398355187
1.6013614314315685
1.5925456875824942
1.642171953956197
1.6153327392977594
1.6264257741573283
1.7762768309198207
1.7811966804909762
1.7582226128164835
1.801646428910801
1.8447991515149629
1.7416487470299054
1.6685926322544897
1.6760109467445259
1.7797326053969258
1.678204375336388
1.7879946146972394
1.779470625468107
1.7822342193350653
1.8104364562035078
1.7411422613478285
1.750761444958712
1.7128325485884774
1.681034904428916
1.646055322346873
1.7381734195453389
1.716028959557711
1.6877918256773394
1.7126036901959096
1.7605571637374935
1.6904392163289652
1.7936601214162522
1.7309651962082564
1.6960384537522464
1.72948730526824
1.7574783971746486
1.7701974384638375
1.6566493852680682
1.641342649871497
1.7470530328390965
1.7656801582518993
1.7188603445169373
1.7945956370062084
1.8336391297854786
1.709612085932649
1.626546671821779
1.741449729310079
1.746705378393657
1.7149466275438714
1.8165507160270855
1.7566816293226002
1.7233010149794994
1.6489535993999083
1.7361231455047808
1.9215001924637634
1.8813446553900004
1.739944351062181
1.5960987285423522
1.6778713242376497
1.6458953798310934
1.653162041123703
1.661924294256427
1.6864019954867258
1.7876851082770262
1.7692009765722783
1.8737641175631252
1.8821969560129315
1.8814769588551197
1.8330320751826141
1.7176459705064722
1.809882428173717
1.7227592219243906
1.7691927628148691
1.5604553193811876
1.6286695293685982
1.7223207571892312
1.7647871342415729
1.7631607534815672
1.7579554463368119
1.7535231211930777
1.6651988835024267
1.7134994813412565
1.78543645002704
1.721011444967159
1.8298020116071103
1.7900287200609575
1.8947262742070803
1.9070335452563187
1.8813535333441727
1.6871506552514028
1.6308111869363684
1.5845442230505618
1.6391418185366033
1.743530136600711
1.6673522166487302
1.597978533256909
1.6644150555521275
1.659801850360616
1.6551402696414068
1.6662184936323878
1.83010381078073
1.698170913264453
1.6251991683239306
1.700504622226663
1.6772081838978143
1.73332751230965
1.678480158624378
1.5640489262622927
1.6211303482000912
1.719299048463671
1.6715808986584655
1.6865774762668264
1.6836087816269178
1.6584348304665246
1.711391271431987
1.7430273680968973
1.5787242005905238
1.6001524497098483
1.7012983477934625
1.7715333297889908
1.7277487155714173
1.7440726825722837
1.7519387372336328
1.6332064083217488
1.6838815138959666
1.6369690163681943
1.7471387376400904
1.8319903899826229
1.8592697226991066
1.8064522928794613
1.6918540966273652
1.756922142705358
1.7257848488969922
1.8437547072889293
1.8762027953140352
1.7985870019873482
1.7887042573084975
1.807671971772578
1.6428298706766495
1.707452999580574
1.7429255516803248
1.7239277391922412
1.6837196752340633
1.744114640802114
1.7706399961385848
1.7037902397350764
1.8459474745377713
1.741020780835626
1.619350958151606
1.6050618161526473
1.6380190633351883
1.7090068803066603
1.8058914277132763
1.7532769487061306
1.7926480004164378
1.633649331889835
1.658282709075427
1.5650680812134201
1.6299391466291293
1.7389908837875148
1.7577913172367503
1.7416605538028869
1.829996927399907
1.8991986390492035
1.8708271741900981
1.9305965953710058
1.9632782902947084
1.9456365599284278
1.9000503385608685
1.8661420248280975
1.7842814702389966
1.6987412302896416
1.836899278397297
1.685531442055717
1.6518833251260006
1.6649343398242578
1.734756786281016
1.9041709775123001
1.932663763228179
1.884059461188799
1.787241314419578
1.8615385071594686
1.8062336457633985
1.8181473636929533
1.775753638670156
1.7734087425721055
1.7173890702775871
1.689886042046104
1.6540301837541018
1.6115322804901
1.6332809521437677
1.6532713199532296
1.7146294466538219
1.8190256595456622
1.6484686304299974
1.6482447693447015
1.694460074872205
1.7410577231525086
1.9583963970755187
1.8296989919502935
1.8002715160367875
1.604534705956374
1.6283944697703703
1.7281900224087954
1.6383094042024267
1.7204579029669846
1.765165726938825
1.8038864437351252
1.7540452508298148
1.6935964957160727
1.7450345494367936
1.746532680086086
1.6641211123702264
1.659138506808838
1.7395709217850754
1.7135499217462216
1.7541496258230371
1.695011277037871
1.8079051646989865
1.7707859669685495
1.8351259038015826
1.8569617973549746
1.8756810925769323
1.78856133588601
1.7625569409177713
1.8330483392871868
1.8761852341035514
1.8150616139141613
1.6515504399525607
1.7868826604059824
1.7544582578418648
1.7553864622924622
1.7549772198331668
1.6799993990473727
1.7752148353259023
1.797362061779907
1.7257311602599885
1.7384900108926276
1.6411824630536866
1.5954128535341305
1.6666467757077055
1.664980548660236
1.641765398050162
1.6574045780027118
1.8790271836505548
1.8876222114320227
1.920919342001291
1.980406570202346
1.9424470349328702
1.7891151589796397
1.8487628998277297
1.7455522101045684
1.7085995635610187
1.6920460780876951
1.706423699060704
1.6878235254714418
1.7212844473802082
1.6847580025860647
1.6515866953711975
1.7220219349290709
1.73497142860904
1.8014651685927001
1.8439583771296855
1.7708313746204059
1.76834543733185
1.7007342576788245
1.7711514971454785
1.6824009867955372
1.7224452159473287
1.6505714593119953
1.7600284230482977
1.732687633735601
1.708642664085988
1.6790205680974712
1.6450597600360315
1.576500019103261
1.7028480209665247
1.720892550056199
1.7740649791620784
1.714128840625206
1.624521158666628
1.6125874410361951
1.6603936707220779
1.7668235309421667
1.8090503036936147
1.8701510485167372
1.7237873634291465
1.730560880803207
1.7746257962945622
1.8191614459472916
1.7257390480143604
1.7269412637172512
1.659354607970739
1.6623502599127087
1.589348425450976
1.6832621168555226
1.5891750640136524
1.6568511266984693
1.6993760495624002
1.6474391856382005
1.6582998640739717
1.634980012203979
1.5983205912574794
1.7210060994012089
1.8076945241221112
1.87864321584989
1.9708389586253259
1.9912450672758102
1.9291232500637183
1.915644630578719
1.8818934839231716
1.9678341570695002
1.938841016670319
1.8356728338589625
1.8743752914168166
1.824245665689814
1.7621839736552511
1.7410199445062355
1.7506421177736957
1.8634715886190067
1.813800073232796
1.7958260899410416
1.628736313226768
1.6461193768009434
1.6758924342762833
1.7088977269857246
1.7074955185307943
1.7878780013072584
1.6958237023024358
1.7450463960727325
1.6783123193589955
1.808114255063126
1.781442846328741
1.7333078894217444
1.6546214037815148
1.6878674469980015
1.7002806394902725
1.6744722200078999
1.6359497974672723
1.7233868690538372
1.7495220765831259
1.6885831766376977
1.6694460974545362
1.8127863500789032
1.8509388548540444
1.8006296207870127
1.7266096160711777
1.7567765044430208
1.6956594220813788
1.7221574169715403
1.7041295706713828
1.6936158343994432
1.6931367801366946
1.7641252351484331
1.781230525373317
1.6376465226716916
1.700136014403496
1.7413933562325528
1.7538753470479962
1.6149524537803892
1.8422526131519603
1.7542126452016478
1.879949697764588
1.8091934616560315
1.679259816352764
1.7001951700422073
1.7207534040011305
1.7343907078088712
1.7433878163026613
1.6025038597749512
1.629323106636769
1.7291759787982588
1.6337188258906035
1.7452199585210562
1.8412686614551572
1.741527604412209
1.6469530273952109
1.5604958436448833
1.636206182924394
1.7242274508668045
1.7503705337137563
1.7666104167081669
1.704312937203158
1.7268891890608715
1.6699807903384907
1.5881896470039794
1.640182714721502
1.658087081785407
1.648354859385907
1.6873854939098967
1.6609470815785359
1.6374998631657711
1.6753031879286704
1.7296072917938803
1.6800883288776307
1.651187972667123
1.7173460809735914
1.7697205771274396
1.697007982893511
1.6831837435702799
1.694733088352983
1.71512146757736
1.696039723833532
1.631064078559468
1.664413527777703
1.6856266033987792
1.713286398054223
1.6798645207747267
1.7576468199788686
1.6403716464441391
1.6781346958084595
1.7128486555496754
1.723490991302036
1.7876735667323658
1.7497664410017522
1.755061415589219
1.7537938780252815
1.7172356508949826
1.6411993057532825
1.724300054070517
1.7380476651957493
1.7063597820255494
1.7067987305521615
1.7650168171334204
1.7858398713911352
1.7674309688297865
1.8186190081554978
1.6918050817016377
1.6848597250424504
1.612716095793021
1.6854998018726044
1.63759725806195
1.6559512146268767
1.6780909795932135
1.7596326286084603
1.8772284040709117
1.8117307188586427
1.8444080972899062
1.8563826854523633
1.804037716205443
1.8406160920115815
1.7653129811705945
1.8152308636312349
1.7600982637170866
1.7292500610833363
1.7396104721949481
1.7884170126372412
1.736473549504762
1.653197129667634
1.6450872048636729
1.7006591431734386
1.7139651820064108
1.7126215682633334
1.709025561036242
1.6439179452493413
1.6545807404816435
1.8127854686543088
1.874263625067686
1.844227886831223
1.7910422770562113
1.7175099209952083
1.7448842861430984
1.876442180907839
1.82967070641063
1.8335736640273494
1.940618088134405
1.9079178327552464
1.8490673507229674
1.8713064139425808
1.917485371820222
1.8305972201054708
1.8107996788122511
1.7575349826266826
1.6795540622489453
1.6057248392084897
1.6418231537164512
1.6323460118464717
1.738639310723558
1.6642608118885158
1.70309975230963
1.744866905224802
1.889712815939574
1.7071725100369977
1.766104100718596
1.823853692644367
1.776230116972817
1.6578020068747252
1.722887256919721
1.6976670434879146
1.741822430475581
1.6980581329805964
1.6757656175195357
1.6431341977503218
1.6980099422986001
1.744677750440102
1.7848955701306186
1.807184285118095
1.8031284029248122
1.7695221198965045
1.7710494805589383
1.8477508416851585
1.8919390622604746
1.8407041785207905
1.8082989750927083
1.820804912288678
1.6828290572011686
1.6488352206973422
1.7125665954339633
1.7378206758903472
1.598345396131136
1.6378262379940343
1.706998860775326
1.7051529981741724
1.6635620484838094
1.7037678897919548
1.773581022617797
1.7692077885216366
1.776146981132635
1.769615297682062
1.7700294016831657
1.7724464126299377
1.669222578332662
1.7041595753040009
1.676203738229983
1.7269110508484662
1.653360224256149
1.6003347893475686
1.7255894882329035
1.7402689293334501
1.7218278811906194
1.7570413997012426
1.8016979862362006
1.7326683923662314
1.7919342719773241
1.6429943931637985
1.714606211784032
1.6168739265120524
1.6294081382247383
1.6565202761849496
1.6373888896746833
1.6826142792686307
1.6362976723911085
1.7257396045599547
1.6315396676285963
1.6410202168212429
1.6450057292920506
1.6666294562635589
1.7107125585667928
1.73959495336893
1.6872688257372217
1.670335387568525
1.8437136634374371
1.821848320433048
1.7973015265361454
1.7376796445710274
1.763785972049223
1.6665696330647084
1.7063858560525624
1.6666507651849798
1.7008568636016306
1.7661797412604725
1.7733171922509436
1.7253368839033552
1.7580366859121699
1.772284150760024
1.7902789320816672
1.6699587695090914
1.76280570808801
1.8074302450440978
1.8625059942796773
1.750114736196835
1.7403392062118384
1.7207055058291478
1.7129505172418324
1.6705223260016167
1.702609081194213
1.8020383177344332
1.750555415206171
1.70767666650088
1.7752371902178696
1.7141600020460854
1.7553932241300858
1.6687566424905644
1.6529260087413364
1.6059303623456644
1.6092521805308222
1.6217578345720711
1.660535985696334
1.6122794015608417
1.6990066891469657
1.688545244417498
1.6587499713272578
1.7782690454814336
1.7764746430865266
1.8600101013786488
1.960008986594394
1.9785401998795105
1.969495690414141
1.7928026843198377
1.7914751843968821
1.7639559966212959
1.6593624566667313
1.7198256147807396
1.7527503314107253
1.632319003896085
1.6382954832135073
1.6738120431231784
1.7535760972822299
1.6736728934972849
1.716607394849839
1.748843082409373
1.6785030320603744
1.6863170769360247
1.800956189550141
1.732728335395319
1.6732692181842697
1.7064589101977246
1.7143038995079591
1.6958562411223377
1.788211045980014
1.8748431697707826
1.8360632455679375
1.8121135570574671
1.7874511557719353
1.7460372822076982
1.6752248407003136
1.7201852499479509
1.6446128626429308
1.6227210064343276
1.8163888528357763
1.7854347634690897
1.7683776663562591
1.800496590602991
1.7922588999739608
1.7859182270091725
1.710123810836881
1.7681382923092102
1.853779107005539
1.83874329345756
1.7952119420039705
1.8381628727792476
1.781751286047192
1.6447983960621355
1.8103958976040748
1.7335424832535171
1.6340398039896131
1.6190002780931914
1.7729801696459428
1.738114090806822
1.7325051038848607
1.739726812023571
1.7114375108665008
1.824008209383367
1.867867265039583
2.003138532107063
1.8099849065554252
1.6756285284451848
1.6606060685403767
1.7571261820768738
1.844466344055069
1.7249402299980579
1.7578763412561613
1.860244344344479
1.8243936267662288
1.8158579175840903
1.7782896856726504
1.718379183544812
1.7862246119590646
1.8237476808484396
1.7665448987042485
1.7877707836361565
1.8117889337565167
1.7728591790401833
1.7115566656284789
1.6588583513384314
1.5955493873978042
1.6708585541630148
1.6236335022476442
1.6849902998640673
1.6970861446120944
1.7472823639868955
1.7034049040922585
1.611682865378248
1.6815804643094299
1.7260972659367033
1.706990230494201
1.800298701793488
1.8632682360484059
1.7763885952293321
1.7133739637916228
1.691832329609561
1.6604660243031755
1.6750574014775572
1.6652516193535547
1.7409994810895324
1.7757222395547676
1.790165838617099
1.7274107734630866
1.792726256970223
1.8386286769732472
1.626445419372198
1.6550315565225902
1.7387503412645748
1.834746214379557
1.8423785744410668
1.8730041284621217
1.7995845106092605
1.7308728812672218
1.8602079332350212
1.8881151158448262
1.7402767900173708
1.674282399152038
1.7196453780821805
1.6542175614065944
1.6630506127687952
1.693608622998549
1.672484730491027
1.665971227188751
1.6328265714053831
1.683959154362373
1.693512623713908
1.7272201274905097
1.7147867713549734
1.7350066525378212
1.7550748005049857
1.6882310429615615
1.691767015127668
1.720824158465012
1.7133916977655765
1.8285600179261297
1.8843444209673248
1.8987831017207617
1.8111731521048395
1.6453729209986914
1.6566805429618763
1.6524898123708944
1.6694603423938952
1.6941786222262976
1.6284510522713576
1.6158631318787156
1.7065760822940546
1.6512001580150464
1.619200636730823
1.7308518910164787
1.6770455061099756
1.6710926338885572
1.7472387478427933
1.743655915976225
1.7758918025233668
1.7908024006688998
1.8503875788156348
1.7764308878478032
1.8265111997052013
1.7482356771858607
1.7561256969746273
1.7684530851588423
1.7561686998806767
1.808059687649472
1.8448577731955642
1.714424579914459
1.7640186170659264
1.6931032842027998
1.7309635211311085
1.720242810289225
1.74318808220167
1.7314887395663099
1.7337541685117115
1.6909117787757482
1.6774925943696082
1.6711849349745698
1.7733438854212575
1.8542711186949217
1.7814022590262428
1.8309124345883765
1.7941440028045388
1.8019952415595826
1.7360521968642717
1.6970990899183487
1.692458960701765
1.739640734717342
1.6509648992375865
1.7436511452993004
1.6960088243464482
1.837345765277773
1.8184423496162987
1.703768328018348
1.7044385333323093
1.6723598636963595
1.7267254644957757
1.713059150999116
1.7809665153792944
1.6583863092087938
1.737153192433063
1.7247875945334772
1.7267411616276214
1.6993161512982553
1.7292949907477975
1.7566703826674914
1.8048294114026855
1.7923996366318369
1.8544390351194893
1.912610038692575
1.7944832420393255
1.7229871216471624
1.6726491603214653
1.7414554029264917
1.7238346433355909
1.5779025769914408
1.6502114065773625
1.6399262486090633
1.7844635866323486
1.8242206284472262
1.8437696680488282
1.7477700002255463
1.7407569694096068
1.8250795217104343
1.7864028546170831
1.7498196718871697
1.7179205755052693
1.6686562984153566
1.6613088292707743
1.64010193973949
1.6955145985909303
1.6966674086959623
1.590968039273909
1.6590811468576434
1.6843793514046843
1.7888440821752511
1.720176847717021
1.6754255867394603
1.5272685613573809
1.6777766903683464
1.783183646453439
1.8298176961023076
1.7791997307963316
1.780009670146334
1.6943479706772664
1.7433837535692187
1.700115439541433
1.8291376903514263
1.7167802965892043
1.8007387124279057
1.75469724347297
1.7670537407567437
1.618194228483831
1.6712740936933246
1.703754495814058
1.6591060906543325
1.645217278085202
1.6551009427740793
1.6388357649849112
1.749843416635242
1.6644873558722446
1.6760750482638624
1.75240659341579
1.7672907983726656
1.7514688642657557
1.668310761430717
1.6850038998024304
1.6949842365886192
1.6736563181983612
1.650949286223376
1.7015673215594072
1.7450394007867698
1.7057351870297788
1.5932853971432803
1.6085622078615363
1.6069169802807732
1.6503478376423768
1.6443209561294012
1.8058424708594152
1.6782120250289774
1.7411027711612286
1.7672398317086127
1.7298127114885236
1.8205893373381403
1.878434401129789
1.9149921936148706
1.9709863266214456
1.907915087050353
1.9882220498959942
1.8035380387878968
1.7713234134477522
1.745951445260562
1.6518566403977526
1.7377993152911992
1.7508122321257567
1.820913844298425
1.7163463879464278
1.6272318242103265
1.8311559575420386
1.7821644940033652
1.6370255163108884
1.655805810240903
1.6348730305641415
1.685818056556373
1.615741529176218
1.7705739365521496
1.7380228905695332
1.8023577507604176
1.709263891407176
1.6497556288256132
1.6245866549521424
1.779068074849661
1.8100229624370858
1.8303544568585002
1.7859977731575534
1.7900483567390457
1.722197156494416
1.6409622784560103
1.68168029521672
1.7119820846288099
1.719224781815121
1.7974640184887791
1.7621985394894866
1.7614255007223323
1.7811165059043417
1.768923084967875
1.7944478565902053
1.7584405823702314
1.7308759615500282
1.638446036010856
1.8272006813700428
1.7392965674178276
1.7532068816576247
1.8235921094974996
1.7718358768401785
1.7045249087217182
1.773057659328858
1.863864262298494
1.6864942302972104
1.7812371846007669
1.8071328377387341
1.8253126728271272
1.7597191379804655
1.740923595838589
1.7903481980817706
1.8232525377302289
1.841689582499641
1.8060727954405253
1.7275559740606983
1.7680716052550722
1.9068239158468092
1.8045965376974338
1.6673976171844274
1.6234903942067342
1.6489456501927298
1.647648637098286
1.627863585655299
1.709013122897074
1.7628166486536498
1.6758706235922167
1.6326887697084114
1.6721971426215707
1.6692049294851876
1.694831395441792
1.659403963610439
1.7998219636611785
1.7344225571002236
1.6936443764353057
1.7192957020010287
1.7189408014250482
1.6351080602884143
1.6800187346326705
1.712537984660453
1.6591544596932934
1.7206691525397637
1.8153478151198446
1.7855079727759016
1.7019675204764875
1.7073184050419516
1.742488106859542
1.7344999185196748
1.7764934571152196
1.6806434616260484
1.8159297863163013
1.776960286837725
1.6603571255639977
1.6967361763435231
1.795524419382581
1.7345735600367156
1.726830852745204
1.631983409625934
1.6635818769592925
1.6364167948737125
1.7674058733772244
1.7241967953675306
1.754240604325418
1.7392493857206617
1.6436445958436827
1.8218903894718976
1.743940512006523
1.8118824830430478
1.7743857888539052
1.8530557891655592
1.784602549431264
1.5781429418637434
1.681643335766804
1.8025314709994122
1.8576207108493987
1.7853387432957533
1.642006210156244
1.864303828132095
1.8350396859176152
1.7598474091577925
1.8532364191139095
1.7666881869422584
1.8132957650621557
1.8807442046457763
1.8758617269853117
1.9744517855821964
1.7699677202357882
1.715286538355986
1.828603067417173
1.7971571550603198
1.8329576125227338
1.7284326896838063
1.6775420965920418
1.6633612233308497
1.8220286316430099
1.7025351579402574
1.6670449836228882
1.643324413542498
1.6709356108584497
1.610518747563001
1.658755173862936
1.6716246015790008
1.5857411909923407
1.695441868466878
1.7391666501148968
1.736252726268055
1.7398219223636617
1.684349080890044
1.647615511332442
1.5761266236590827
1.5914131758993686
1.6980773823584365
1.7476441147398762
1.7741004511152545
1.6788069226994564
1.673318082769503
1.7410966334679077
1.8715807288884276
1.8037171348706365
1.7750418365557479
1.723887300897659
1.73517227722344
1.6853454348327863
1.7357290186624346
1.6039501256956938
1.7305689891925504
1.6014690188118106
1.6323849064185156
1.8024203234654794
1.7884129061339162
1.656394132699928
1.651647672364077
1.6283719523611424
1.7234712744018776
1.6964516976739394
1.783214205524558
1.6041015774478427
1.6531240223977215
1.6698170706066358
1.8395120329382515
1.758387514707711
1.802669973004467
1.8220602794772556
1.7445914238440396
1.6922153431425935
1.6475613837820762
1.7934847244219279
1.8948341637822734
1.9220830716936728
1.8069205368183452
1.724452691896916
1.6631411036756882
1.6476700155111552
1.662875103839338
1.78787917869751
1.7579658036669572
1.8315019836932385
1.9285804748200044
1.7755928255701936
1.7223090339980605
1.67101195265318
1.6339307713635154
1.658113414430478
1.7363553547119321
1.6455443005492465
1.696321927436451
1.684207417822268
1.6578232462660583
1.683346814893142
1.7010591848876664
1.8004166199759115
1.6890820350120306
1.5850962247477287
1.6009552814171348
1.6204802528633853
1.6182991153592652
1.6670406201294197
1.6460027119418204
1.7725900370469831
1.6907328090935145
1.8069801091477884
1.7696546179804187
1.8408849720143268
1.8021541563399537
1.8398578839274229
2.0052570690345126
1.7974911767396207
1.661035165025375
1.639542777922401
1.6413845181865534
1.7579033713059828
1.779179628615676
1.7524665125531464
1.7963200200932814
1.8944475247941326
1.8511321498755764
1.6872710597198286
1.7767767176275822
1.7454597069793076
1.796285329919066
1.7372488189559103
1.6981151388903075
1.8639750754861166
1.8424826806448058
1.871577044020542
1.8801067624115542
1.7791114528123024
1.6990677857186427
1.5923650350691092
1.7501383369058394
1.721092372585888
1.7248388976861684
1.7374102467686579
1.7095598336738695
1.7220168913656857
1.6683343139588638
1.6957515538204988
1.735906974071087
1.7019189304576772
1.672609771884234
1.638361096455022
1.642514026940584
1.8106918348730727
1.7724716452243876
1.8032335032639857
1.7013136888097078
1.579845187574576
1.5587446644963154
1.6745731002483306
1.708560294540448
1.7713530414516234
1.7238152462306238
1.7265456642842487
1.8672675053860395
2.0039007666253283
1.9463594325670488
1.8386392903114046
1.823888564427273
1.7429916856746503
1.7097674645999752
1.7179899787398714
1.6418458734115686
1.6440756662417404
1.6962807658607553
1.7781652297619044
1.8464797937268185
1.8151199414569361
1.6609094796080202
1.7423932556743742
1.7277039981032178
1.768385737178141
1.6030485372590169
1.6320292909698924
1.6518173682896753
1.6340251632144305
1.6790508892039753
1.7004988205322105
1.8061704195827837
1.7104525975068572
1.6369322171878067
1.7002382323853766
1.7057609910943403
1.5974236902055594
1.5873826840857774
1.6852017690121741
1.7493187163618846
1.6781802105554442
1.5946150368012437
1.5745420439671836
1.6635479647282687
1.6430225619816294
1.645614953766396
1.682715514904034
1.7071649903454182
1.7574113292687534
1.7020234638706155
1.639616636219479
1.71690114446504
1.6525156066887452
1.6213590876964903
1.6436565986169394
1.7339046492050265
1.884322381723435
1.8491330353073956
1.8411170801788999
1.8421768710225905
1.7323970788549312
1.9118113386660962
1.7347448226163227
1.7197377058884311
1.8699348796147968
2.0205824520973494
1.931407010906105
1.7866359629650896
1.7600695599136076
1.8321115580437437
1.719420821617244
1.6740758809305254
1.7569381169524436
1.801119056524424
1.7025151960409777
1.765422656410184
1.6959105185858905
1.658241690110397
1.6749520083250684
1.672753333884686
1.611263777091658
1.7281664194953137
1.8044272606818499
1.7114384372086864
1.826657310728707
1.8938887207839454
1.7884959964289253
1.8090746647654252
1.8277621320474842
1.7547743438676064
1.9967920121421558
1.8500916364696651
1.8586020207622638
1.8562594319969101
1.8585331305891704
1.8897017041016078
1.7220784778686795
1.6768559540147168
1.6114893056844182
1.773747617612126
1.749811734617013
1.7339089496825146
1.6888425213290776
1.7752491949576032
1.7141735812660468
1.6271243267069544
1.6455869606666285
1.8042642435180205
1.6984786325721235
1.6589438959226617
1.6882050811799532
1.6563247486509092
1.6751943854469287
1.6641708484833353
1.7770195971094072
1.8124985128454405
1.799662789624945
1.878934492890122
1.787914678749153
1.7886943650404223
1.775842791448442
1.7342601762776788
1.749001121688429
1.676260354467581
1.5647140494178895
1.734831513399602
1.7284751113039616
1.6676906714393203
1.6339217987397103
1.7133728894465534
1.7219074896736049
1.6386954838105203
1.676872744306869
1.6308607319926751
1.6886223456238487
1.654735121281936
1.6412350606051285
1.7686531543748765
1.8935128583039982
1.7864178052673807
1.723862955715133
1.6452516026551198
1.7127676712004987
1.6722924253596976
1.736650739570335
1.7147738766069514
1.8379606616790969
1.7206568082259919
1.7540620909265785
1.7448765516960831
1.7483069610946358
1.6687153875775886
1.6944314082559853
1.644596774604776
1.6784715977245888
1.6691948263173177
1.6172999951625495
1.672184008583999
1.659493410652812
1.7876886987693357
1.7343744075268317
1.7174390748680342
1.7533094832928628
1.7753223537249756
1.7432655173969827
1.7903212190451832
1.8515603097664015
1.625296663131889
1.6763017498742854
1.7423860305411434
1.7292679315043964
1.723044772982567
1.7974054595208495
1.787529956776299
1.8672116983424178
1.684470114125714
1.653379424335917
1.5913202541266753
1.7511511543818727
1.6860315121846365
1.6291167556082469
1.6699138238733384
1.7922151166171534
1.776891897699183
1.7136462483424255
1.706537406311986
1.6659103899730376
1.6260398431219922
1.7105760556940592
1.7351474016170279
1.7486613547305514
1.7360129644071776
1.7105595795466335
1.6959433399519575
1.6403366925319887
1.6207400761176751
1.641271276191496
1.7825227726743034
1.7200919775721335
1.733708977836037
1.7022259957204129
1.6964491757067497
1.7243134147966654
1.7395512199055874
1.7836868333672267
1.7031197604218493
1.685229213198647
1.771990766256842
1.7903660844518
1.7815397829170259
1.8362694324151985
1.827993900221326
1.8784335446199227
2.0368391445435505
2.0500175024743696
2.085464457699563
1.9787606400525497
1.8241595448102617
1.7870391559374672
1.715543591500007
1.665273811287762
1.8015988860763024
1.7572189297705174
1.7349104086360292
1.7124552564815287
1.7519161068522555
1.8281759485692715
1.8177102939186434
1.791619050108791
1.8067813070092644
1.7848564860166942
1.6380421092835349
1.7086978564215154
1.774144962953105
1.8626773410739321
1.7024471971144064
1.781212120479331
1.7274793660211838
1.713283406020122
1.7059458614369751
1.7181652020761826
1.7477786178608883
1.8080214153836403
1.5992438740656754
1.6099133719611134
1.6226411875635558
1.665640015891149
1.6803821345350742
1.6945597492498208
1.765876978529429
1.70654263034407
1.6620233053884472
1.6487433040386488
1.7594961887453098
1.7481359101803702
1.773344050958444
1.7623428973880997
1.657103616694463
1.6810414425481945
1.6822551053678465
1.674096808487967
1.8073793899573416
1.8207571078571363
1.7697167586329487
1.8048196734313053
1.758737491831491
1.6354217663080777
1.728242862182663
1.7656112698294113
1.7414669482346679
1.656037398740106
1.7381628579112594
1.8412476240471405
1.7673801691716333
1.7513129942478827
1.6284740225689092
1.634265811417955
1.6551093619026975
1.7148886143335826
1.6928606238665862
1.772743193944717
1.7631598142056617
1.758800095683821
1.807269596563795
1.846806054957202
1.7657115351698944
1.776179389773483
1.7390141236574317
1.7723752487768138
1.713234035229652
1.747691137433844
1.7510801085343206
1.720419199852886
1.7764970771510415
1.8640497806588143
1.715017491217356
1.6824501240666785
1.6505317386595288
1.618141936779891
1.6084779943034269
1.5507192368058256
1.6336856090034737
1.6829182192044212
1.6907363525872687
1.7108758461422573
1.7318713378562973
1.677479859416004
1.6327139056340085
1.697577577198594
1.8432133158659463
1.7255651691961358
