-0.3742033419932683
-0.2805152941007943
-0.26556826681141454
-0.2865471015116589
-0.2882366630759518
-0.3426622430299361
-0.33891514328049616
-0.3323224927883384
-0.33389169211589864
-0.36058409554552373
-0.377087856849749
-0.30135855444523013
-0.2725837082180706
-0.23088226173048879
-0.2533021206346071
-0.2664873758673454
-0.27256225025183645
-0.2390101488061884
-0.20883679935450766
-0.22456520565932017
-0.3095354992678237
-0.3114928603954526
-0.2401112176035731
-0.282920967313299
-0.2927835700716967
-0.3557340903998429
-0.3980103589948013
-0.36084589025962727
-0.34356486277914605
-0.31844291580422457
-0.37076393345571
-0.2909780150302016
-0.27927412703651316
-0.3715631646791801
-0.29360413593612267
-0.31730778092076123
-0.37606977159780836
-0.35601536645594467
-0.38929895950522836
-0.32194731778030256
-0.4214534527593828
-0.4080318715109617
-0.41964048794781
-0.4267043347069271
-0.4309328738412321
-0.40814516431692
-0.4186603686665555
-0.4053848444511865
-0.381348753266237
-0.37708508727486845
-0.39916744072856336
-0.4518423390737404
-0.4004356118251382
-0.4496401163281213
-0.5093667216114548
-0.4218691108040458
-0.4353044740109027
-0.4658032010435835
-0.4481312403889872
-0.47902412435241354
-0.43429162225617707
-0.4090793781620499
-0.4266544250444308
-0.36891544169188695
-0.3237372659802989
-0.32961200643712174
-0.30624967575050005
-0.34874916915917736
-0.32940431130912157
-0.3010061274763476
-0.37181229039056274
-0.3591713487776751
-0.41901689893701827
-0.45701340457246786
-0.4264355359327365
-0.32537126999977767
-0.3309801640449187
-0.2664342032955121
-0.22275997216805904
-0.2249679114099696
-0.31364501550876905
-0.25597170001812863
-0.3170835318668081
-0.2689811210940786
-0.42227576025071817
-0.44643983657289504
-0.44225912489251606
-0.4598945990143063
-0.5033657280685838
-0.4462202271000795
-0.45505550582645793
-0.46332040007756414
-0.44101925765120875
-0.5235383024634014
-0.4240667494117106
-0.3798308898257594
-0.4147682405661447
-0.3635835237713453
-0.40337377578055655
-0.4569731063149943
-0.4530555324049149
-0.47308140736080057
-0.47227556038075397
-0.38574886238628336
-0.40853512842471396
-0.4672632237981341
-0.49214390623249965
-0.47616940508408023
-0.3673019643612857
-0.3132853281193174
-0.34441058921531337
-0.3715286396193086
-0.3034387347376798
-0.39274589428223555
-0.3545901987563538
-0.33599197537639575
-0.2760157348700414
-0.30006473111112547
-0.37185097570929393
-0.3722384598352942
-0.3165852987913222
-0.29673972856987196
-0.34191880199771774
-0.31044211694495194
-0.24344307527997996
-0.2886907866026456
-0.18436328523265508
-0.16863099052190617
-0.2333729631653209
-0.2541317340441156
-0.31930887274154873
-0.29474537201430384
-0.31617614244787884
-0.357666950511086
-0.42359975260046107
-0.42875713357002887
-0.4547094964949938
-0.35236853050822914
-0.3117324301387625
-0.3056935204575568
-0.3937912165515802
-0.3778396536417743
-0.37763227945263333
-0.4160571955414537
-0.39141319690532944
-0.3836030652241555
-0.4382438562454912
-0.48423278585777285
-0.5123592936311494
-0.4828286414028381
-0.45822285616847
-0.3553870923787139
-0.39778006310625
-0.4027973576286521
-0.30420477043808275
-0.28717501853321425
-0.3268213992854992
-0.244570765655681
-0.2661902108537161
-0.3017362463281685
-0.3421843303532788
-0.3619380184990559
-0.3870478553236546
-0.32510597009345055
-0.3320612121298552
-0.2782336951278129
-0.36948634133631675
-0.3903815122185167
-0.3821063803065548
-0.40510962873137424
-0.3885777274931924
-0.33903635299379997
-0.4140304366659502
-0.38891168929019027
-0.4270416240569317
-0.43664846390013123
-0.40917093814509686
-0.49081737192167085
-0.42152551674045186
-0.3844144203360565
-0.4064695931183881
-0.37100124622033515
-0.35621707734006103
-0.40259648503775164
-0.48209987108298663
-0.4685136960779216
-0.4921576700582955
-0.49315717391559594
-0.49250708161999845
-0.455033117904863
-0.4086399407029517
-0.334859322259175
-0.3816659393980153
-0.3390644354620632
-0.32371518652969106
-0.30719617675566263
-0.3675421693491063
-0.31086551872226176
-0.385765412720665
-0.3290992028709724
-0.4320892839611845
-0.35000958306708707
-0.32634836154420427
-0.3046720920913809
-0.3715196678553456
-0.407387903180814
-0.3684556200832918
-0.39607275786929624
-0.4145833792724396
-0.329665692388257
-0.35931574618208517
-0.28130674479476486
-0.3489019337131145
-0.3339853611049884
-0.22392739152859414
-0.2304178483178268
-0.30601120816363403
-0.34158436204430875
-0.2896293965217669
-0.32095260758409755
-0.433260817175685
-0.3860293223275518
-0.35850458952430214
-0.34093009383322187
-0.3202965505795178
-0.38682010065413885
-0.42623306040739417
-0.48564832046230727
-0.5285442848541966
-0.4906361681265254
-0.46817833645513424
-0.5202610296995663
-0.46320593410118127
-0.4140735605770453
-0.39936046867593455
-0.44040411431254184
-0.48246781854026766
-0.42481432614925996
-0.37775798234417507
-0.3004132421290561
-0.22999689611358443
-0.3094932523067738
-0.34803823077320306
-0.36094789803780525
-0.2545326146766782
-0.2210945871617384
-0.21904498416264165
-0.20396823298634248
-0.279381224487009
-0.21026370436587205
-0.2559328729779337
-0.21912708361855104
-0.258955769608652
-0.2735921437226136
-0.2443944347326427
-0.2472191771454634
-0.20000798002136985
-0.26031404876243897
-0.26845591487070325
-0.2464137795569721
-0.297194812279466
-0.2755628556138674
-0.23295599275043002
-0.3574534953373964
-0.3387523398443449
-0.36771547551997874
-0.4615348985695281
-0.48752008410485453
-0.5053377522632695
-0.4442721723899452
-0.42264059018454836
-0.3122216025416603
-0.279582633334753
-0.25002345022626665
-0.28484769746815786
-0.41305722110789383
-0.4910498060406445
-0.4062258968759703
-0.3940180762593862
-0.36558840638533746
-0.32893745197358354
-0.3859171585810107
-0.40335314976487974
-0.36873643623116575
-0.3765343498550396
-0.38898797084946324
-0.392231379264549
-0.4083792955526513
-0.38746625348128566
-0.37284909927268856
-0.3832731302886918
-0.34184647466432483
-0.4506068121908351
-0.3545547219474872
-0.3575991386771417
-0.40342496090788155
-0.41236477647297287
-0.3516916566852849
-0.3920846010715893
-0.3915379948168403
-0.3639224218607362
-0.4897811398117558
-0.3918637760905708
-0.42134212460943715
-0.4292684780286842
-0.559732749948222
-0.47419193250533037
-0.5251579242456855
-0.4964179263842939
-0.46256296267980296
-0.49763595704223185
-0.46476467786084447
-0.3902993964841912
-0.3150317229439068
-0.41155702667934063
-0.4384599980215832
-0.47089720366056337
-0.4728965994234861
-0.4153295270463146
-0.4932435287403363
-0.42999928979914226
-0.3408463316586126
-0.3799067860048048
-0.3246188879420281
-0.24920097809106823
-0.28899419755439487
-0.3820767876854491
-0.38483796722154306
-0.3312484064921252
-0.3221258044233697
-0.3059380370033929
-0.3112209335587237
-0.28327207088450623
-0.2690771232124168
-0.3551802105707762
-0.3267368564843215
-0.33629669655191285
-0.3722878268948198
-0.4128304411191103
-0.3910135240330868
-0.509542216218859
-0.4642143297864223
-0.46983404495574344
-0.5360769195994097
-0.46591176191528627
-0.45872352651140486
-0.4174738567934398
-0.3990345450815625
-0.35409756592873265
-0.29350355329981453
-0.2882894543304093
-0.31621347376325276
-0.32394647276532224
-0.3597363648459266
-0.3103768931964825
-0.34077642037712336
-0.3341963375527852
-0.36474760683691987
-0.4080852021651719
-0.3667098006242208
-0.3461583056142596
-0.29377386352930346
-0.3900480757361545
-0.3348924190460086
-0.26532460350380066
-0.23488412642900647
-0.29388040170669144
-0.2556354122512479
-0.20952967890354346
-0.2061127851903979
-0.2505643920000326
-0.21992002072024588
-0.1801666971723792
-0.20806189325645796
-0.2512690263645255
-0.28852287117672504
-0.25379571339395884
-0.20190831716579533
-0.21738212621531758
-0.25730087079697866
-0.2575922039480991
-0.31279767018838933
-0.2984396769834556
-0.36948806990926364
-0.3980699558123853
-0.2937189617020712
-0.3573012338687661
-0.4028906939193825
-0.42305970743630783
-0.5016809666715153
-0.37852449311279085
-0.3627571972818343
-0.3606691823017179
-0.37500595052261587
-0.29745747667010486
-0.29613798127307817
-0.29336433824295893
-0.25495145414612486
-0.2536913248607618
-0.27013037278037566
-0.2881561107519972
-0.4371054874263157
-0.4020378481982951
-0.4380722368122193
-0.4124082728225102
-0.40136824036669105
-0.49351122844747547
-0.5377321397448812
-0.5474480215945376
-0.5350692852689987
-0.4650456988358387
-0.4324909285341611
-0.39465931059739273
-0.44487243238824925
-0.48921610692015843
-0.4265381640031324
-0.3617316524260081
-0.42057157725894717
-0.41904597028561014
-0.3955585276386686
-0.3833806787572724
-0.3265100677045541
-0.3706216183433274
-0.2791408735566389
-0.36702272180018297
-0.31935522867474725
-0.3593267038900469
-0.32972203372341735
-0.2978183917448879
-0.3520997488272117
-0.4204542575417705
-0.46583813853568445
-0.49933369667262606
-0.41958649651077895
-0.525949145933064
-0.4788671358472965
-0.47036214724541836
-0.45830784329642826
-0.5151756634320417
-0.42857168852555233
-0.46335248271877305
-0.3465062893143949
-0.3982428595399518
-0.3942377333473866
-0.29003220037258143
-0.2570673431081105
-0.2834976593919045
-0.35919546529691737
-0.38890929084778686
-0.37609661155524904
-0.4221836409340373
-0.4214578740715936
-0.37651818750221966
-0.46535166664201627
-0.3666420116522276
-0.4561227490726527
-0.43008775640305424
-0.4865701746901714
-0.4229986670454494
-0.4374856599658157
-0.5365866297247268
-0.528803685372755
-0.5012707668845645
-0.41247375435724953
-0.4323351421956979
-0.424348639983067
-0.39876696433084996
-0.40560470557025075
-0.31498340100245487
-0.37336748938699654
-0.37812473462607454
-0.36367339522781733
-0.3823394687060517
-0.36321018776938613
-0.35866210331581105
-0.3970057965751968
-0.508547019955715
-0.43808476675288843
-0.43901575117972813
-0.45696585405555906
-0.48458026302798973
-0.45582037278638116
-0.3546048106588258
-0.4222302200942677
-0.40412204319589873
-0.39494521809032607
-0.4015735847100055
-0.2579643997459283
-0.15693525121170393
-0.2079321250468233
-0.21160333321556288
-0.24298344713093695
-0.27573940296882715
-0.26432124478687424
-0.2640673960197737
-0.27542690965834543
-0.3314107131471583
-0.336071648772835
-0.33232492546653447
-0.2732948116198599
-0.30759905965038786
-0.39536129269324527
-0.3679623561876665
-0.44946913690097623
-0.5704260200620103
-0.4835201156580923
-0.4397015107782378
-0.43568183866796245
-0.4875574247455794
-0.4772056075319347
-0.4307060288361234
-0.4838441037251029
-0.4563295611513927
-0.4341051134622879
-0.43388471912966303
-0.2713430548337343
-0.2913292499140388
-0.30141589189725215
-0.33164104617856116
-0.34864099626113915
-0.374881222687672
-0.38247581732465247
-0.42308415683988704
-0.45023108294261394
-0.4132247356291383
-0.4191167951412283
-0.38628673902199756
-0.3642230037584207
-0.4760532699900213
-0.3889997674131799
-0.3873087270718555
-0.3579167447230853
-0.4077837815003832
-0.44212194645221314
-0.473596183304899
-0.4863972939054106
-0.4375695029893107
-0.44992599773321706
-0.4515263343368595
-0.4531723580835935
-0.33388637972713886
-0.27874305899322654
-0.3788962900139167
-0.3171620889104192
-0.303304349788622
-0.32137173734912433
-0.42463734891722826
-0.3901890804621525
-0.3072356831485133
-0.35529698340984067
-0.3977718424531888
-0.43752536860143815
-0.499506065091212
-0.4426164902207306
-0.31245870750129623
-0.27002735706415326
-0.22761057094056802
-0.25745255693890906
-0.2818751209072463
-0.28270411657990213
-0.345739268831049
-0.3264112455447091
-0.2981423172922773
-0.2852572417442099
-0.23480597015731575
-0.2844233821375759
-0.2880728568930286
-0.22790121574001473
-0.1609657286961724
-0.16785504214342756
-0.2107487586146027
-0.23470878619463695
-0.28154333058065995
-0.3469220173770122
-0.3277306860113635
-0.32126817505891936
-0.2728411909569349
-0.2243057609811307
-0.24470327390983954
-0.18409252805223386
-0.2385275900546002
-0.23767680771184485
-0.2601122452635206
-0.1789617889582132
-0.2182317388035386
-0.19113307448154562
-0.2638605153576721
-0.2175345348588262
-0.35017717921858543
-0.336552707593607
-0.2837546457331954
-0.26109815725759494
-0.24934670997522287
-0.2059020300838392
-0.16473413585103233
-0.24687661974676223
-0.24769528851603695
-0.229728703594788
-0.2195022155243908
-0.2509659751184619
-0.2804892839294274
-0.3214292311086324
-0.34551976596386597
-0.29683875067041615
-0.29640250120624334
-0.4193078259664542
-0.4860136841386189
-0.488864603225234
-0.3847699937174399
-0.38810670936973213
-0.380629481277011
-0.37449728961187995
-0.37159017431951114
-0.3571277616785046
-0.35239939415093524
-0.36866940071086995
-0.31498901218131464
-0.2752113646144916
-0.2600183986070665
-0.27243407365723793
-0.2607642298738632
-0.2705680598892055
-0.35752053268642914
-0.3266976797980905
-0.2639862332040898
-0.2534780641002974
-0.30085218124108876
-0.2800741171673513
-0.22373953524293638
-0.24693484024532344
-0.2812904583111405
-0.3686105839627178
-0.33796054204660514
-0.4035192156349047
-0.41864826954495743
-0.3288123852045327
-0.38148864645822705
-0.4646556389498885
-0.3037096745193536
-0.2889842056596253
-0.3519209999512434
-0.30300262920199633
-0.24503032326777371
-0.2978684679604206
-0.41205283589855424
-0.4180067187146172
-0.42401826146397237
-0.4666641306152558
-0.4361027656225835
-0.3740018374567675
-0.4476270213890182
-0.4549790805766963
-0.3899387884168927
-0.47822004081211045
-0.47471002416228425
-0.4224463199481252
-0.3781921961656462
-0.368340771620715
-0.40766526560704397
-0.35778453210824235
-0.307107047786232
-0.3218049526460213
-0.3714554989712955
-0.36198869273447043
-0.4164466603215243
-0.3702510866324271
-0.4270511839152339
-0.3689726828458341
-0.3325624036484515
-0.34558357467962897
-0.33822073100286726
-0.3841055317348107
-0.47829066545336396
-0.45546109006943636
-0.456287599268521
-0.469643072798003
-0.4902105602371652
-0.4057489300727969
-0.40403805305031415
-0.5298374175730846
-0.5206306390399122
-0.516812945899199
-0.4293085764869986
-0.5157602955001716
-0.5194354204103392
-0.528366792455885
-0.5231793347909337
-0.42152791718516613
-0.3587282631004992
-0.33406419871532395
-0.36274262720838457
-0.36307895029572973
-0.3668957086124804
-0.3451997001620822
-0.3771240365286754
-0.3749744563758578
-0.29714331507790603
-0.38561842890659936
-0.48823792261683036
-0.4750891127601511
-0.4183972034532855
-0.3504403654757366
-0.30440420418813346
-0.2919400329447867
-0.306007649820937
-0.315963116187921
-0.37000511494159527
-0.33900083788736834
-0.3794195896985613
-0.24765534074375042
-0.2369574454869637
-0.34863131455002144
-0.31706549565431935
-0.3741474945878576
-0.35945935876120594
-0.3732884906349643
-0.2912248551846803
-0.35370331848470554
-0.34351761610232623
-0.32338816831495176
-0.25509764603461993
-0.1826573584865835
-0.19723834481094268
-0.23628438258825973
-0.27664007426088066
-0.22495075580424895
-0.24690778919797557
-0.27709624662324306
-0.2636301666728821
-0.2369319175382868
-0.2879687057213741
-0.37129067047775594
-0.28636131573487783
-0.284009617562878
-0.3200054893031179
-0.3717009218451816
-0.28646984955018595
-0.29476454997137447
-0.3332063705414441
-0.3628461196747079
-0.25664812084309063
-0.27052048031721615
-0.23602194728716736
-0.27207936243222086
-0.3116741205517207
-0.2763422320498544
-0.3711595362009339
-0.4290259657686673
-0.48845614329955467
-0.46941846713725655
-0.4099961344780701
-0.4472702114118161
-0.40787805621148066
-0.42203349498711484
-0.39632567815477737
-0.3271334988192848
-0.3190362342781764
-0.31880555832882673
-0.3896159995244144
-0.37104082272003436
-0.31834196437149104
-0.39126109962463584
-0.3309113860642199
-0.26011037902587875
-0.2999687705271077
-0.31122558517521304
-0.34118803700827843
-0.3108602883824798
-0.21912916919563752
-0.24944071567470927
-0.24578159379419176
-0.28764834204427914
-0.4070468050752878
-0.4729718600006506
-0.50016966686657
-0.4559626167759638
-0.4173925239632728
-0.39432512975515527
-0.3757989954217913
-0.31217911665500475
-0.33485461071583944
-0.325836150990557
-0.293483633878149
-0.2900628402469927
-0.3548798216143916
-0.39841957653460464
-0.4259853591432293
-0.3657944379131716
-0.4106073105025226
-0.3410378190895277
-0.361750102556895
-0.36711467443698576
-0.35820853842289313
-0.34922523665706173
-0.3360034318281997
-0.3740651610201113
-0.43583161265879916
-0.36905056140913717
-0.3589180245401209
-0.4401255319167296
-0.5118644198208737
-0.545342948780185
-0.5350397964209804
-0.44012749656379424
-0.4976085048406669
-0.4992271308995917
-0.44102755035673435
-0.5313652469181699
-0.5443402007246012
-0.3987061289703883
-0.49313905860159957
-0.48507724408065306
-0.42410617799084854
-0.45843087676357264
-0.34356663264755344
-0.4051501494180262
-0.32602486628922067
-0.4197484077194685
-0.4002400424314391
-0.3091148998889064
-0.28775058862943076
-0.30657501872253634
-0.23326079067075703
-0.2993684671302462
-0.31447319507806215
-0.35785634895859275
-0.3568113845884527
-0.3441594315493321
-0.4023824976972178
-0.4149774482575804
-0.47033818446372805
-0.38593373635028205
-0.3552972464560252
-0.3335576169850228
-0.45750225625333923
-0.45509218256843237
-0.41901999310194105
-0.4563892244202736
-0.4002140564509999
-0.45874288377540345
-0.39974206419784475
-0.3403833311500573
-0.30955730576637486
-0.30970517076421755
-0.30638105263569576
-0.2569247979882221
-0.32572194456450804
-0.35003787414182935
-0.3030416496960101
-0.2332881872419559
-0.32276650319425326
-0.30949040071219586
-0.38729940217007996
-0.31872920639083574
-0.2870352809993614
-0.24051377283655953
-0.2838678980389475
-0.32046855990476
-0.34634972370629324
-0.33109717919372794
-0.3047763773055178
-0.34530598487680497
-0.36531639854765263
-0.31092259883532386
-0.26647666311799445
-0.3433126708594775
-0.4166545610642205
-0.39469084843885505
-0.449690064447319
-0.4517412893115229
-0.3954170636135327
-0.4379329110139417
-0.41708159194458977
-0.387252680200702
-0.39959470858970814
-0.29399042693108485
-0.2842509130005365
-0.29165352444770665
-0.3405821876029885
-0.35554710338619927
-0.38091002988592126
-0.34200487601157314
-0.34162078741851276
-0.30881648019830016
-0.2933199167984907
-0.2960450910247708
-0.345807010589155
-0.3186166309789447
-0.27724584269354186
-0.24891026571314528
-0.24097284475085246
-0.291467999779675
-0.2886332637507887
-0.2491198330356038
-0.358718120527179
-0.323802736083192
-0.27869585605753194
-0.38217786989927655
-0.31150608328133683
-0.3021464942900856
-0.2551405127535678
-0.2572770116086039
-0.258322785984731
-0.3904441616543318
-0.37997234119065526
-0.3676627772582114
-0.37082883548618417
-0.34753976560395194
-0.3615834855820747
-0.3925156579743705
-0.33136659436248994
-0.3908941152931102
-0.36950132744670494
-0.33966334905488227
-0.29174131098041634
-0.2806616419024181
-0.23205053430723724
-0.22482476181248212
-0.1926844131699377
-0.13443590982680914
-0.19494307480794812
-0.20877901141284247
-0.23948282908451124
-0.23071673309562865
-0.20218097221695644
-0.16844968811135053
-0.16752111321905
-0.20670415663937106
-0.21358876521675169
-0.24012053666435895
-0.30676947036436364
-0.3311211949783053
-0.36422019776996095
-0.4000826245894355
-0.3332277819077273
-0.3498281065984414
-0.43083781554387596
-0.37541594859591226
-0.3860855249617295
-0.36729186441970857
-0.34394405073959494
-0.44779435918465804
-0.42113117101336495
-0.381885594184903
-0.3835205459273178
-0.3810051761509047
-0.3979448636723491
-0.4465684381278593
-0.42427275283346366
-0.350415637592274
-0.23811647377651884
-0.23431797516066472
-0.2184990444936496
-0.25156911677521643
-0.2426480319576757
-0.2866120972331654
-0.22645906267692922
-0.2723862336651431
-0.2828712154705689
-0.39620217866991003
-0.36556992832417123
-0.3459818135885472
-0.4027389851738051
-0.3124967138254122
-0.2878745661347869
-0.3340914912660233
-0.3936159363181626
-0.31177214300920486
-0.23794509319948579
-0.28329392413475574
-0.3505541037476321
-0.37634193481022127
-0.30174195794122627
-0.26867673685722204
-0.2870145383027506
-0.25031823652583285
-0.29621463824888683
-0.24669281728733777
-0.22088525111667073
-0.23612082618578425
-0.19002201684028538
-0.2118615072204448
-0.2568459954432293
-0.27296036221998216
-0.3202025368507367
-0.2850778821879206
-0.31652596249197706
-0.3380478529886444
-0.25528391398156525
-0.35888579633542433
-0.32782207166758726
-0.2868721531401898
-0.327011159041271
-0.3064548148097222
-0.3582743124533468
-0.3510538761931324
-0.29439084772889657
-0.3315207543749293
-0.4038269607351539
-0.36028577469973116
-0.38760688875083044
-0.481184339995419
-0.33632716843064014
-0.36990977194980457
-0.34779238344899976
-0.46943119947800616
-0.43578055883835815
-0.41317029344010353
-0.4753146065696643
-0.4475958308141478
-0.530328207830672
-0.49264088978731163
-0.4609317483938975
-0.37856704305550054
-0.47043172100956093
-0.4738644872362129
-0.4480247402569813
-0.42405205055637074
-0.3904881253964633
-0.4898939991560281
-0.4790077559511832
-0.4332678987203881
-0.3570907105394931
-0.307539112909048
-0.3282397584079719
-0.2656298567180783
-0.3943065973277622
-0.3875376994409701
-0.3930502643604885
-0.3735914804888792
-0.40380992027985574
-0.407268695513495
-0.37614554486099755
-0.4196972371640716
-0.3987008193894323
-0.43736619603130505
-0.45677414688293866
-0.5643044047283772
-0.5271556869032662
-0.39152205074712865
-0.3408568006991518
-0.3227746952339603
-0.2970543508855104
-0.2763857301581388
-0.34226176334407143
-0.27419271789348676
-0.23352158167978418
-0.2655291951107474
-0.2949515390048946
-0.2840473478132155
-0.25222942788369673
-0.27494610711745426
-0.35168072061793465
-0.30897929377213307
-0.21387491120521593
-0.2797230839061504
-0.2903206961970471
-0.19278977035389433
-0.12202850681569619
-0.13712345485580452
-0.21144011809362856
-0.2195938852516105
-0.260946594734148
-0.34809615799370297
-0.36340374372629386
-0.35443101338085015
-0.38952403882634834
-0.4014186815063055
-0.392092509562578
-0.43875948430747297
-0.38982760333456584
-0.45894003460113336
-0.544045981925302
-0.41385151742517773
-0.4445912107938407
-0.4898360171446432
-0.38085910933580946
-0.4162829669791787
-0.4058958555221052
-0.3301591057568257
-0.378712033856352
-0.39179343048617216
-0.36748432779996204
-0.3752981066457995
-0.4079778147943551
-0.4116759908321504
-0.455722346565818
-0.405077667418115
-0.3761162016161969
-0.4658885812464685
-0.4086132996452292
-0.42618783658965315
-0.38230522601026823
-0.42624079127924824
-0.45894439383641505
-0.4876136225962952
-0.390702105308006
-0.3679984207807219
-0.2789363363358478
-0.2573816019728955
-0.2567007231202967
-0.2898519653107049
-0.2081006307942559
-0.1718349977710024
-0.2601129343341187
-0.31347973519525363
-0.23896176639302336
-0.25789039794674656
-0.20157379047592056
-0.19764010370143964
-0.20081262870762434
-0.23917197623263692
-0.30142815121389943
-0.3201197809599476
-0.2828087587238959
-0.33924488966543065
-0.3053721572532567
-0.36587615480271557
-0.3643888411072384
-0.43175006456211273
-0.4238649665989144
-0.3769428064158172
-0.45273811387120605
-0.4526714275737234
-0.4966317516246054
-0.5562027124696058
-0.4449047126874804
-0.41384505418107514
-0.3842029994453526
-0.3713533864347779
-0.32414606229588805
-0.3157662503402667
-0.3630158566369109
-0.3416655205649427
-0.3985216260228617
-0.3817695158496096
-0.41969172638150115
-0.41930618548171067
-0.45285285666514463
-0.48252439716272316
-0.45646761691733734
-0.45794434493521724
-0.3549291760923483
-0.3394875340978596
-0.30116690229819326
-0.25960325124592787
-0.26796508367627825
-0.3076065322573732
-0.3026808669216033
-0.34230082326343364
-0.4110055972828203
-0.44290838526084675
-0.3838454923726208
-0.5182048240033333
-0.44742275143098426
-0.4528815472312559
-0.4087574666089841
-0.3378002691236717
-0.34513619769180576
-0.3884932580663696
-0.32090217053544245
-0.31392240989621045
-0.37060947684074946
-0.4136976962789586
-0.40156462448074853
-0.41497065733070837
-0.4383983875035601
-0.42306844624227796
-0.47959711368245755
-0.345907998145482
-0.3457531191899314
-0.39284590315898993
-0.37891878864342715
-0.40971194795190924
-0.44570728570276713
-0.4052244169423932
-0.5105662118330176
-0.47271663156823424
-0.5027956700981383
-0.3964451211450119
-0.44130402406813096
-0.34291043077028904
-0.3439522381697304
-0.3937798449521155
-0.3601815124562136
-0.3233065726161264
-0.3982544446977135
-0.36842358761618865
-0.41891000555873126
-0.41967779435859426
-0.4179615267360358
-0.4933925489369963
-0.47119398660804807
-0.3940026771914391
-0.3509905056878129
-0.3367757449637565
-0.4136076937220137
-0.44658404886025505
-0.3949691428389482
-0.42913150675595746
-0.40027529315177873
-0.3837388449712579
-0.35280583836946866
-0.38798982656913017
-0.4087023827872093
-0.28518462665561306
-0.28578778605147875
-0.30488227153520286
-0.28306837695056114
-0.2467026405127415
-0.21258592625806566
-0.22282271763724107
-0.2044907525682981
-0.29327015675647455
-0.299505673174061
-0.283586179626123
-0.2437016120816762
-0.2535471126757309
-0.2810514171509653
-0.28426859283468403
-0.31790595661416016
-0.25686158975624807
-0.3220054082515435
-0.2275379671992342
-0.29852985582015146
-0.3176642010759115
-0.29186654387149713
-0.26045742888988627
-0.28814522064255804
-0.2559918598180547
-0.3256196361137746
-0.28315941902055564
-0.22291154282363998
-0.33230130838441263
-0.324142708554174
-0.2537832794196255
-0.248339086153549
-0.19256684345652894
-0.17540880596245587
-0.2821438952631639
-0.35431390611837543
-0.3157239981023008
-0.31202099772288744
-0.325705069124788
-0.3317095682150594
-0.4163523214170111
-0.31544081166354726
-0.26665660642121214
-0.2884608004200872
-0.3291686265834723
-0.3105783071043243
-0.3790248901360601
-0.33261298630144187
-0.37076534777166953
-0.3071754957483392
-0.2815301264569051
-0.3696759341369242
-0.3832479649554499
-0.38392387181924587
-0.4347563074739571
-0.45668852161236984
-0.43966664250589166
-0.42157727777155013
-0.359765952530363
-0.4312143482475216
-0.3763847717208519
-0.43292205858019084
-0.411357971964795
-0.4668585457486304
-0.38959351699716344
-0.447439935445852
-0.4673703669371544
-0.41494752514545846
-0.39204661396858237
-0.3924174572838538
-0.38004292336371825
-0.3454648678943084
-0.34204302439247253
-0.2996853707071686
-0.37054711061846407
-0.30403670779534797
-0.2815342499971121
-0.25961894479168907
-0.31519937731478853
-0.33487793832455304
-0.3596440137184718
-0.49066188409105305
-0.5151532373937011
-0.37832620732414235
-0.4066851274608868
-0.4088782837525721
-0.3813323700544227
-0.29362299467491815
-0.25871072026330133
-0.31366970556282314
-0.43367234607355387
-0.4084746379471299
-0.42464465806374485
-0.4455223795587999
-0.4506464145209599
-0.3998053417162111
-0.3120354215397181
-0.3649332743885201
-0.3528922735424935
-0.3201551146951686
-0.3675308175294315
-0.38134959355254794
-0.3742572861833266
-0.33629856618083087
-0.3671766012871924
-0.43337189848683555
-0.4530135495081197
-0.4085558615177927
-0.340096954171554
-0.30160517484791105
-0.296009294380211
-0.34007911100175436
-0.3488037160764152
-0.30632279055672085
-0.2984526157735043
-0.3308218429244106
-0.34425443241601567
-0.3169115850394397
-0.3133967517063075
-0.3657375334979595
-0.3496789251198413
-0.2588042374679626
-0.29887887986910067
-0.20704739787994522
-0.2713856145395306
-0.2959302031846213
-0.25244379182095966
-0.26237317427075857
-0.20642700148977666
-0.15843475704012053
-0.2308481220677318
-0.28624573592166463
-0.2934277624517894
-0.2919165377151458
-0.30116184979140204
-0.3322459163076609
-0.36621367719171677
-0.3132626643367067
-0.3607854260098766
-0.3265404153750301
-0.3251284939939837
-0.3580778405010204
-0.3073777302018168
-0.2999650779141151
-0.3772637969930876
-0.3606618769668619
-0.3048211581252996
-0.32233056094239054
-0.3033750017227504
-0.29683940470522274
-0.3720501490685355
-0.3227145008102273
-0.3773776584979053
-0.4307921597179647
-0.4400955878138146
-0.415364072200201
-0.4697097310244703
-0.38008139833694726
-0.24093437516810964
-0.21273408386522824
-0.3130596066869766
-0.24381031941257258
-0.27229168395002296
-0.2668184696108541
-0.3157751515483056
-0.26263267682436636
-0.26168618684334805
-0.31165513741993467
-0.25020768406430666
-0.2502861027592743
-0.20835767048397186
-0.25624279116632526
-0.31934465050091
-0.29484664553552603
-0.32103786929718753
-0.40623503868825916
-0.4205776359034842
-0.42726302078936873
-0.3945349555719941
-0.4157315424477948
-0.46635915900327046
-0.35905784848494104
-0.4193532359615056
-0.4580142783874013
-0.48047164130827374
-0.5284339459962076
-0.5031177484190599
-0.44810999389505274
-0.37179090726215647
-0.3827000667474569
-0.4065296684510046
-0.482956241254781
-0.4109939669699255
-0.29092138030777465
-0.34637360538701345
-0.3394534869958503
-0.3027046634249878
-0.21251668648758265
-0.2600870181925815
-0.2467026788851907
-0.31386205762272784
-0.2681189327997531
-0.38232812147391565
-0.369993597147432
-0.39159939204272687
-0.4376686919387869
-0.4676420718198553
-0.5163596224530776
-0.4773315376891
-0.47524739868988974
-0.41931138792378236
-0.39848033620794765
-0.4494112350555809
-0.44516190529713406
-0.4082910486860505
-0.44881255561711725
-0.3401972332761796
-0.38366864838305836
-0.3767367858298502
-0.3747075082204539
-0.3334344788201624
-0.2893483705429
-0.3297600014562285
-0.3232368119151975
-0.32616344774154055
-0.4415021379335531
-0.4052208867257512
-0.4598315308434039
-0.5011651912340024
-0.5181539990902634
-0.41972535860738835
-0.34010562170753783
-0.38222663790030015
-0.40912840883732815
-0.5123239347753287
-0.5274950256871964
-0.5120359357005846
-0.5145324096460038
-0.5105158913541374
-0.48654249145502904
-0.4790826423964153
-0.5508254382895253
-0.480590806142653
-0.4368962809299888
-0.3979551051900825
-0.428883251362323
-0.36109227453272685
-0.3702461165606229
-0.4156194097942466
-0.4003151663777433
-0.40857225678568126
-0.40809264187764843
-0.3477500493906548
-0.28761191322834573
-0.25752139234925087
-0.2704259723718374
-0.35683710080333214
-0.38909189360211466
-0.3620215794818671
-0.3160459936167234
-0.3654050856420843
-0.39484233494090915
-0.426437126272069
-0.4000131861351898
-0.36566599590982707
-0.34612391867916686
-0.425466588641048
-0.39150232588006756
-0.4302112821862553
-0.4710476774481034
-0.38621488215108324
-0.4857556584290079
-0.4410703546889797
-0.38458601952210647
-0.5211341832276956
-0.4176369846244141
-0.5386860027112792
-0.46050048340595917
-0.4512680073429028
-0.48251116525353194
-0.4066531894502718
-0.4272984476029822
-0.45880355189168004
-0.5143910410042942
-0.5086065991424834
-0.5657975810224419
-0.5262645575542536
-0.5568829193763591
-0.4925798460349235
-0.4471584941318484
-0.3730382846057091
-0.39598524268510993
-0.4127459402110634
-0.4264359337451265
-0.3972822270163097
-0.40407621641825786
-0.42094519782195217
-0.4452221785376982
-0.5045831360193475
-0.44920626948280834
-0.3968009386527934
-0.35091679543296134
-0.31973301997692744
-0.257936181375616
-0.3077144485797028
-0.42452415334196925
-0.3805452027376497
-0.35545926774536596
-0.3861869360971029
-0.3929490157229588
-0.36879354324390345
-0.3990199839012234
-0.4430232152806398
-0.4813001098110717
-0.4535280269603829
-0.41323891488361014
-0.43125211274581443
-0.46429559011750904
-0.45946838387729805
-0.48158349998813116
-0.4754107607420182
-0.5054243187133737
-0.4709006550626765
-0.43119382290686936
-0.4567440895716144
-0.47882905563107553
-0.4373789349956062
-0.4386975716987289
-0.3514493889572549
-0.34567964902759696
-0.3917114753182758
-0.4561449719149392
-0.4882375024452833
-0.46292987189772195
-0.4216275510469903
-0.4033019103216838
-0.4694482248597706
-0.5538671794872471
-0.3442021432090669
-0.43059111692315366
-0.4752198437440939
-0.5774109515766982
-0.5480687290908497
-0.48418319517821645
-0.4356233734601164
-0.4924090438124688
-0.48221213849175726
-0.524687077353224
-0.5369981394302877
-0.42386460978550655
-0.4101749081717672
-0.4477738162054158
-0.4319785010240446
-0.40847881945768877
-0.37829739104123977
-0.405909954236124
-0.41683247535139184
-0.4495216465804849
-0.41895769043670966
-0.48208705937866747
-0.493876725066789
-0.5393797112848865
-0.5225970557281377
-0.49147392948752316
-0.502205283771008
-0.46560813879627383
-0.3843367780686746
-0.4339069049143484
-0.44256582714277
-0.4717850047024725
-0.4133789593596032
-0.47080554817570647
-0.3875816069812791
-0.38391368421180555
-0.46463669593349094
-0.423569360574788
-0.4811902763989437
-0.42456438640608146
-0.44471846741932924
-0.4684448315633354
-0.4091367524364476
-0.3336473060298438
-0.4006339021267702
-0.31062936604099467
-0.3036306568999244
-0.2860671189009944
-0.3413636891014185
-0.2634472409602379
-0.30020031000563985
-0.41386285033209314
-0.4315714934306113
-0.4429222277624285
-0.4652937936853104
-0.38030826005956264
-0.4232766333651138
-0.46333800772141986
-0.44461708564481844
-0.480247764066581
-0.4441378368840435
-0.41838306782942336
-0.38328217324156605
-0.3100075524602674
-0.26660108610579486
-0.2965017705553228
-0.30130791942690416
-0.2981268729254495
-0.27000941946127893
-0.24110791489082375
-0.23838787014235352
-0.2517808297718141
-0.28583903705011393
-0.282411105119431
-0.29226226523396853
-0.2922555046510544
-0.3395253451996012
-0.30280603712678117
-0.3841449188070783
-0.35360027858876397
-0.2768529538866459
-0.31347321827840074
-0.30541538166875715
-0.27199864792437733
-0.31895069333214154
-0.3780653945184419
-0.37325244251163914
-0.3875899137064557
-0.4129534164443809
-0.4322980548756909
-0.3785136429116606
-0.2892020508080183
-0.29069437980258644
-0.35538760464068914
-0.31818430574332435
-0.3422728507636063
-0.40641444027053314
-0.35880025303987123
-0.34505728388351825
-0.40632566317859287
-0.3794005381457534
-0.47165209265193053
-0.4663232497559361
-0.5323108770570558
-0.49672308516252456
-0.5087310870347458
-0.35761790399461046
-0.43945973208421063
-0.4840767636906019
-0.4401442038713931
-0.4432330178679546
-0.42417997714954997
-0.3584514254073619
-0.4151163947290935
-0.4414839484598436
-0.4403467486012231
-0.4629137332666368
-0.506597470728133
-0.4724504014815222
-0.46827514341469634
-0.45338834142897366
-0.4781277175410632
-0.4137484512012372
-0.48496302815720316
-0.4832049818138858
-0.4660020180704459
-0.4226119089065727
-0.4538666383802075
-0.4814964496471674
-0.44919160286037974
-0.374747605560413
-0.3297883546189189
-0.3840824406204195
-0.4130896077642232
-0.34495436710906063
-0.301028708085897
-0.3991642925013076
-0.357351846941212
-0.34667560278735876
-0.37620847740477686
-0.33014985240957745
-0.3068439164069271
-0.18433920469484139
-0.2594201260516578
-0.2963509596933824
-0.2946781834659821
-0.31069156237688533
-0.28624530403087
-0.24853155873462235
-0.19665646827810562
-0.18841479183445237
-0.15313141404948544
-0.1581020780171769
-0.10629306998686344
-0.1428769724568453
-0.1044020651664895
-0.20150753352588469
-0.18626758446002525
-0.22541960962837754
-0.28499082499626927
-0.3476583135122878
-0.4098822106575815
-0.3510372938962949
-0.47547659814192766
-0.449539612619038
-0.4677350041598837
-0.4590672224254446
-0.37454348862145553
-0.40121343306916174
-0.4605168470189943
-0.49694451482198515
-0.4622941885205817
-0.4524977218185871
-0.4407043057601154
-0.40529250605412315
-0.426270272189438
-0.4456589009064393
-0.40199062924522766
-0.5551912944574404
-0.525119022544984
-0.4803750412711927
-0.4872632845186442
-0.49043598757757556
-0.4109977572424872
-0.40339465926400647
-0.4031081937489486
-0.46071098320887327
-0.4205174001063947
-0.5176001542794763
-0.5136756635701392
-0.5034776578555054
-0.5167650248571651
-0.40480796722611045
-0.43329903846344997
-0.4329048042978336
-0.45033793509987896
-0.42578976303734484
-0.41729837914032886
-0.42049442184934865
-0.39977740461341416
-0.3993078520162431
-0.48676245427261144
-0.4742930837378582
-0.42641710951880496
-0.48425260798277
-0.3908489709045812
-0.35208836869363475
-0.34603555928061835
-0.3043901121738096
-0.34446524757850505
-0.36851095484673235
-0.38073463342717817
-0.3691645102205577
-0.3241504462298783
-0.3887082837557979
-0.3667501442137784
-0.36922395047384043
-0.4406754695479812
-0.4302789418025185
-0.37444843977492664
-0.383486548893785
-0.4172564694109673
-0.42028868109606876
-0.4177470380344976
-0.4134513083496028
-0.48252946997892804
-0.4505739087401056
-0.4304973620946567
-0.36389888137454574
-0.36665723166756053
-0.4559164530499451
-0.4932639192476637
-0.5580884436581025
-0.5103088617519144
-0.3334705676754024
-0.30892131978326426
-0.25638723931677554
-0.24412683871102764
-0.24542799384352315
-0.20323003446626164
-0.23764542695949692
-0.26928008274584636
-0.23196640179960537
-0.31833315814161045
-0.32686946578667714
-0.38003315532677284
-0.3321848790795475
-0.3238143102867598
-0.3816023728530223
-0.37176169057323294
-0.38802698893093573
-0.358678593739216
-0.3649772353560578
-0.36845162990414404
-0.3138175754169778
-0.3257296696841856
-0.29288859546100865
-0.1940013619012871
-0.16073802821556132
-0.2252403985076702
-0.25929730886364494
-0.31204454037737195
-0.2749790071416147
-0.23960510486020306
-0.3620195930720082
-0.3513672754335667
-0.3606781326069832
-0.3427625367897056
-0.25624214345948143
-0.29195377246863424
-0.2498267004388717
-0.28013753167622646
-0.3306974409425675
-0.35958029710860373
-0.3178058870884698
-0.29158051160006404
-0.2670886333710563
-0.29325967506845196
-0.3048629417560005
-0.25444743487791355
-0.3644959898051651
-0.4401354084919542
-0.37720463909084456
-0.4703245048130906
-0.5268037944831045
-0.4754889664701988
-0.5209571875626549
-0.5426148120114745
-0.5409518082680781
-0.4615956253870203
-0.42685101274171133
-0.432481494546198
-0.3681212940930515
-0.35798899889458513
-0.41934965586050127
-0.4322118597193653
-0.40171989659312185
-0.45370794507411505
-0.44568016484151257
-0.3570948585013028
-0.3804154734294448
-0.31470154318414195
-0.32661124274638803
-0.2930831081830003
-0.2540364820915732
-0.3816084117020655
-0.4071834321892287
-0.37397353529356253
-0.3480870097288014
-0.28830213761664286
-0.2936149404063127
-0.26757214007869934
-0.26143654936176774
-0.3464435489498311
-0.3723751518319302
-0.4144540023546795
-0.39742596885580517
-0.3821159587900887
-0.3087715590389806
-0.37640280776536683
-0.2690681796062879
-0.30331573010734214
-0.2878659939093252
-0.2884947076227674
-0.2812482946268616
-0.3220311585956731
-0.31141023846738203
-0.3700346073797099
-0.3301675260422018
-0.32374692038898445
-0.17751287270950014
-0.29626139562726495
-0.33277241929093354
-0.3969161505606359
-0.4042026456966296
-0.4432134599229093
-0.3931722583475028
-0.31118765524106623
-0.2850182940387569
-0.15555313413850155
-0.3506425106174722
-0.36214875362315824
-0.3787527684727235
-0.3941441261418699
-0.3654574404575199
-0.40241564649533024
-0.3393243247290236
-0.3862728503567737
-0.33735882284828383
-0.4036842228932474
-0.3504018121344174
-0.288278437437468
-0.30782404923846307
-0.29499974205896773
-0.23759619483234445
-0.30028015954995585
-0.38126968755613727
-0.35587882224511797
-0.4174390807882734
-0.4164107019416655
-0.35229144648428695
-0.4237447292883375
-0.3664113921967145
-0.334482004178442
-0.2975130739795506
-0.3168075484435727
-0.30441601056781425
-0.4332730669886686
-0.36381945756440415
-0.3211476083601693
-0.30788582390339514
-0.3654766125696542
-0.3670659188760433
-0.49046864031631704
-0.46799011904975674
-0.4632607841396389
-0.44785118782872557
-0.4187414013870513
-0.3528966126337162
-0.40984141580088534
-0.36349556837245844
-0.4208410293442599
-0.49295840371142585
-0.4556482938122075
-0.4033361949601525
-0.41505502648504744
-0.37632427006177
-0.45979877239594197
-0.4808046761702131
-0.49648309497241944
-0.4870785537679626
-0.41652325062230106
-0.41807597781633743
-0.4925338836428817
-0.5150011289495556
-0.4883591290390837
-0.4740957181434271
-0.343778251631301
-0.39123248748522194
-0.484680872991881
-0.5220681659283297
-0.5199599924069221
-0.5031622119403923
-0.5154057487866156
-0.47643524089993905
-0.34618296798530446
-0.4249394818108371
-0.3982321733419297
-0.41067092359910806
-0.4902916915299917
-0.501901054634143
-0.4650877131309209
-0.40085420246114445
-0.4163610839330214
-0.3959876862422775
-0.41134537338603233
-0.4204844347934449
-0.43787284360372747
-0.3936052312284838
-0.4612522244037963
-0.4638514888283557
-0.4379107898269635
-0.5212781710784992
-0.5246087371629563
-0.4702201384669623
-0.5411710879283445
-0.4438302351800592
-0.46229897457340735
-0.5204026954607214
-0.5105211924054344
-0.5017092708068016
-0.5211155410797028
-0.5680293571916558
-0.5662851812284483
-0.5689904347085363
-0.5312864577985914
-0.4710214114459624
-0.417732977018732
-0.43257604129798405
-0.4346578114363421
-0.415014732617392
-0.41097878854032877
-0.3384372593380626
-0.37260650215205376
-0.35615470958976536
-0.4343600322369444
-0.40828562180570677
-0.42317531082089266
-0.41931192200706174
-0.36336223748596536
-0.36181206351148465
-0.32209758250279197
-0.2785906217505547
-0.37765407854644356
-0.35471876063904795
-0.40401622641801116
-0.40960174461015053
