-0.5950856409085005
-0.7330330560141111
-0.7336546998447734
-0.774626908343
-0.6480152355722354
-0.5503004718431367
-0.681156356213231
-0.7116118672242057
-0.6917080086935247
-0.6521415621845853
-0.7765103809290159
-0.7779438660082207
-0.7990024385280553
-0.7659973333438838
-0.7194522910181022
-0.6882033737106057
-0.6967216021540222
-0.6071400403049245
-0.6690238616861304
-0.6257086157487343
-0.6860364353427884
-0.7775855303192855
-0.7430718695504575
-0.7061016102289168
-0.7530066038422698
-0.7288214257900469
-0.6429108160824215
-0.7065966607980179
-0.6218548735979069
-0.7509651394446897
-0.747282519393429
-0.8159911634326498
-0.7653186088691256
-0.8104077045321343
-0.6743895137542396
-0.8075920955510253
-0.825349821440151
-0.7681999549660194
-0.8529959984621098
-0.7742473843675501
-0.7425205376827559
-0.7599875866283996
-0.6057409700152679
-0.5361224485147351
-0.7023034792185802
-0.8236403285710872
-0.7414704955382782
-0.6516434522878648
-0.6834372792719108
-0.7606983742597658
-0.6856835508593858
-0.7733616597240955
-0.8033390675934875
-0.8274646194758796
-0.8081928863194386
-0.8166075266122268
-0.7332547976204945
-0.7661276568853925
-0.788280040650629
-0.7959670230352702
-0.7404317305211725
-0.765412653201442
-0.7059495377871658
-0.7257122773740722
-0.6902233881756242
-0.8095831672446135
-0.6854268816774207
-0.6741397727458952
-0.6433202548796223
-0.5421086427045549
-0.6057520015377486
-0.7439311337723952
-0.7332533058133681
-0.7754685454942437
-0.780981928143725
-0.7496558562263882
-0.8489233102412471
-0.7581116800182387
-0.7927032892128623
-0.6953245930643455
-0.6588993163755753
-0.6316844616920634
-0.6169316493763055
-0.6314312055653912
-0.7735701616154921
-0.7903285695779732
-0.8303722788047101
-0.7521901092519977
-0.7728230649230428
-0.7952787367153884
-0.7542044692317157
-0.7433302871238372
-0.6943873537701909
-0.6819804814901975
-0.6800114374316991
-0.678965684045034
-0.7354150130881755
-0.7156394643042208
-0.6692031500344918
-0.6476064467391504
-0.7744293049026364
-0.7364076801632313
-0.7432700133171967
-0.7459737015911586
-0.691178208819766
-0.7287479225306362
-0.616657773712385
-0.5125524109071389
-0.6006546584047321
-0.6825715128530948
-0.61964938221465
-0.6439560521103248
-0.6067572953935982
-0.5443560707462547
-0.61902440609858
-0.7554472931698505
-0.737861041108412
-0.7423875831672583
-0.7201033732523168
-0.7893042323362834
-0.6494848858331809
-0.8633485010352623
-0.851743777919669
-0.8760792681761035
-0.7490528104954776
-0.6339535208086008
-0.6147633665880411
-0.7068881692598292
-0.6649722082674008
-0.6594787694695583
-0.7641934270094549
-0.7949217113086021
-0.843090897594727
-0.8639931296353306
-0.8038630041008644
-0.8141089238966199
-0.7972675097799463
-0.8032851372255524
-0.8523196778678436
-0.8349893270817383
-0.7438385288048569
-0.7804139905157934
-0.729191581168434
-0.682586133164224
-0.7058229213932639
-0.7950984617479171
-0.7905567117066019
-0.8014244053551908
-0.7797075893271164
-0.8482244649396937
-0.8358894754876444
-0.8513224657398885
-0.8095149716582344
-0.8413248594565965
-0.857694322068336
-0.8388666022978494
-0.8313253744971962
-0.8023667341955895
-0.7825209310215793
-0.867461214077777
-0.9326943935350707
-0.9000687713763947
-0.8511219414542543
-0.804017496859733
-0.8228509490516327
-0.7818072154605038
-0.8563447479430923
-0.6889111675165981
-0.6607899763485472
-0.6602837782763559
-0.5390599830116101
-0.6235084810717372
-0.655026663798774
-0.7178375737503624
-0.731631413855735
-0.5480558707046669
-0.7121306942563053
-0.7651553929084003
-0.6799541751780966
-0.7187110959506234
-0.7022652622607934
-0.6857312404318162
-0.7203259744161256
-0.7001411133161152
-0.8062269219284618
-0.7104356779769128
-0.8074451797944897
-0.698601206747732
-0.7927673182488095
-0.7530222205702698
-0.8722566746782514
-0.7826808441450697
-0.7846646665638186
-0.8166161779368358
-0.8167380952286433
-0.7608633136277934
-0.7786407571020907
-0.7977712083558357
-0.7678385663763018
-0.6823787072021092
-0.8079454576993684
-0.8375684691139491
-0.82506180950209
-0.7939421950634696
-0.6577301672234455
-0.7496376756225752
-0.7493637020413966
-0.7889681540773089
-0.8321433447861859
-0.8656487325693302
-0.710229923881998
-0.6675704209141351
-0.6304286843798441
-0.7076968597756039
-0.7390530600290739
-0.8647508662383189
-0.8348526853778012
-0.8912385825456083
-0.7322007168566648
-0.6413114423479123
-0.7026442386049593
-0.6588825789907148
-0.7056001844578639
-0.6474751216690662
-0.6649077333096253
-0.7387878094769558
-0.8855437207067749
-0.8281864019505262
-0.808098631353416
-0.8004305329834392
-0.8589078407481545
-0.759218306846349
-0.795033371797616
-0.6885219590230917
-0.7492076552597167
-0.7064362402119918
-0.686331416048092
-0.5966750788958549
-0.7056831757712266
-0.6630003741293711
-0.661132992270359
-0.6467714023665067
-0.7086079191013959
-0.6911880903885597
-0.7637518655256956
-0.6322927172609212
-0.6804048567425787
-0.7078074811791355
-0.7910262429149852
-0.8414800600132522
-0.7273558809346686
-0.7537858580355573
-0.8092743671940288
-0.7365965698521175
-0.6924954164275721
-0.6427045924138813
-0.6705877559946023
-0.6087056645753989
-0.5886943293134835
-0.5794867528127675
-0.7080106448333339
-0.7593868864522718
-0.7205433387589204
-0.8063582377406827
-0.7868308048347045
-0.7824647576503265
-0.800560580343933
-0.8994343016864094
-0.7463749263917537
-0.7132014344322924
-0.8113241142209369
-0.783639073849032
-0.7455201814150609
-0.7992704449983037
-0.7899758742527784
-0.8102245906584101
-0.7626500277213821
-0.7992946492649425
-0.6504982015470324
-0.6595282737781147
-0.7234066598361371
-0.7656422031988589
-0.7519508303069045
-0.7365217142202399
-0.8333959475380499
-0.9228598352762803
-0.7955096009435858
-0.761024065613442
-0.667361724260601
-0.7169889754016393
-0.8162149588751717
-0.8423982634914025
-0.8551794171653619
-0.7825671611776911
-0.803252255235832
-0.7306208997052769
-0.7027137132320501
-0.7329565856414055
-0.7066057018697504
-0.76739573504266
-0.892050045030547
-0.851673388525503
-0.8338808432068319
-0.7798201791312974
-0.7879672444297146
-0.8175954238034864
-0.7935164936665169
-0.7546046583650573
-0.8144482934288031
-0.7530126156241393
-0.8055135601794493
-0.8217854809189489
-0.6709764840915083
-0.6832427837772176
-0.6412740002025755
-0.4568070881287831
-0.6561997892819912
-0.7971093934795257
-0.7586878483455355
-0.7439782087474403
-0.6807240537595032
-0.730365341361585
-0.7369749519995105
-0.7340845575947111
-0.7329557110449154
-0.6937602532331175
-0.6894713575152013
-0.6773409536787225
-0.7377350133744931
-0.8147528798876497
-0.7968278359803568
-0.7889110477368185
-0.6406903045460279
-0.5423071672667836
-0.6172584449732438
-0.6514259624614668
-0.6773536018916662
-0.7196652629733721
-0.7372526358315235
-0.6923221860807178
-0.5914764036684287
-0.6784338893610696
-0.665244232941244
-0.6801363193511056
-0.8202705573982239
-0.6808155604716617
-0.6577066497585491
-0.7621513262066615
-0.8017782222419855
-0.8571068552649322
-0.8638349520851851
-0.8803575006931633
-0.7817653590866095
-0.7183896657817365
-0.6612865684242252
-0.6591993929919772
-0.7519107772103775
-0.8018729771952652
-0.7908345743841836
-0.7964659367485749
-0.8236415196843488
-0.8373356296950432
-0.8229355848852759
-0.6634574185214905
-0.6214579599025034
-0.7115343542429532
-0.7493644748198707
-0.6892570329608099
-0.6592074609341603
-0.754376640557037
-0.6498065977051978
-0.5762259613337037
-0.7107152966696356
-0.7820986196250929
-0.8259376607296718
-0.8204908105247444
-0.8695738717018917
-0.7926399587220032
-0.7388710842801284
-0.8286248747471178
-0.7924797550841132
-0.8529201147410697
-0.903541079014299
-0.7988420681176707
-0.8185351007523225
-0.8248330663248956
-0.8200479520055205
-0.7871536041166441
-0.7507219370494045
-0.8163398930609972
-0.7334449099457728
-0.8415820036455459
-0.7589142737693687
-0.6900547013488747
-0.8772044500286867
-0.842188814794909
-0.6807439109800875
-0.7679723512692576
-0.814900738066482
-0.8613808449299482
-0.8400700448120301
-0.7566277567257634
-0.7331403403335423
-0.6846395307091899
-0.6176643991798682
-0.6330904769489059
-0.76975303753239
-0.7184292500866412
-0.7097427152231633
-0.7220739249912382
-0.7464763533005658
-0.8198327847488143
-0.7726609916336171
-0.7857906508405064
-0.771903818500496
-0.822224813231557
-0.7747980328070133
-0.7325238752513449
-0.6923274259746485
-0.7786206698538678
-0.7458292245782576
-0.7502713223709706
-0.6941810556530131
-0.8530620352545557
-0.789297202650817
-0.7632430952615473
-0.6845399650795977
-0.6688806698071511
-0.7926686591863278
-0.7924203756441891
-0.7745086000680874
-0.6495058492283453
-0.6657141599854386
-0.7253641804301442
-0.7863835759718568
-0.7576097616521733
-0.9141136553540394
-0.8155518451104578
-0.8165604438808726
-0.8035488289408964
-0.8196051418831045
-0.6938820770592804
-0.7220521179359207
-0.7500269750114434
-0.6908695903027848
-0.639400274925777
-0.7471891755658675
-0.8352178595000269
-0.7771618831158285
-0.7211973502491821
-0.6934902044251448
-0.6976305972977315
-0.7579369466073729
-0.7423110405999479
-0.6112872263357337
-0.6414418316754731
-0.7126618682542866
-0.7635984421147018
-0.8329496276155152
-0.7899072582561887
-0.7331562234477619
-0.7379623090115621
-0.839264079313759
-0.8124144383446761
-0.7616640390153159
-0.7588578157166465
-0.7988386615069865
-0.7739258739467486
-0.6613231860311747
-0.7150034323960774
-0.7188315694369257
-0.8055811078589656
-0.6426231185562804
-0.7038383670200955
-0.6254785821065749
-0.834536308802936
-0.7896841227375614
-0.8551474252201008
-0.8150538033370824
-0.8174105814121089
-0.7906350174694263
-0.7227739652346233
-0.7847918131904495
-0.7507127088065266
-0.7655205647710183
-0.7101290132077073
-0.6424090677095067
-0.6591049960490624
-0.7384422047032386
-0.8151732424935122
-0.8370103375934855
-0.6722480014140425
-0.7527057721731502
-0.6806073628211656
-0.6834024686350475
-0.7481871896858441
-0.7718892262819037
-0.8737090140965236
-0.88802016863811
-0.8933426390040182
-0.8201726053143363
-0.7614054248371264
-0.7170823344752568
-0.763335606292581
-0.6571068721081151
-0.724057423266388
-0.7813281371760035
-0.7381640996095986
-0.8097944815971732
-0.7566699572775379
-0.7689196081815708
-0.6897888377606913
-0.6634264478392685
-0.66869607660145
-0.6663553038304657
-0.6884576752481933
-0.6620026007800477
-0.8292354552788864
-0.7919531651694616
-0.6708702704246932
-0.7205186470952019
-0.8568686355443554
-0.7099374152379602
-0.7448454900083042
-0.7980180784262314
-0.8140245413015285
-0.7207241209956864
-0.7459071185105475
-0.5933378981495272
-0.8052175126458886
-0.8262519330059034
-0.7403359565124265
-0.7646813424118154
-0.6933317641846186
-0.7576319665994902
-0.8014045449687655
-0.7571620243835897
-0.6983152006021952
-0.677827910067913
-0.6506463109381014
-0.7748478170925905
-0.8018827480829218
-0.7020792260573525
-0.7354355582716917
-0.733274654285499
-0.6514762764006298
-0.6900566505318724
-0.6492936720591359
-0.6558773247964879
-0.7062367148618857
-0.6059093165281346
-0.5480243568846735
-0.604454446297489
-0.559010437566237
-0.5960228940584243
-0.6701583256537391
-0.6624090987985071
-0.5997118596075126
-0.7359051570616297
-0.74528962888723
-0.6365904420539572
-0.7706988400667828
-0.7948154144205398
-0.8589514761812966
-0.7946177599647178
-0.7581745868454985
-0.7110904437981902
-0.7388426915568631
-0.7871685040279108
-0.8095923895296195
-0.8725765288856193
-0.7576905145140811
-0.8120909969877327
-0.7716551771102954
-0.7620516841110341
-0.7862946467478605
-0.7018611475642825
-0.6621166607651852
-0.7500839619636377
-0.7049121270728069
-0.7166529014536507
-0.7942575979605939
-0.794491508232679
-0.8515477498730532
-0.8466069221818091
-0.8540187870800648
-0.7920682630089726
-0.8118474068744328
-0.6451990819628997
-0.7867492494274388
-0.8588398179058852
-0.8427587808445673
-0.7272852864292587
-0.7477728283888814
-0.6414903288642226
-0.592747727862426
-0.588257406091689
-0.6981132563692535
-0.659600483662987
-0.5869280792728478
-0.48108943964122103
-0.46298393754860495
-0.466516714640819
-0.6205938404126545
-0.5544615050034915
-0.5701183030777883
-0.5172797514220135
-0.5534836312378324
-0.705160873569256
-0.7616166887051921
-0.8257031581771905
-0.8878749041883565
-0.8341774256302766
-0.8086016841144746
-0.8301597671517851
-0.8359539358209376
-0.7490122971018518
-0.6842244665177284
-0.7111757890972874
-0.6691545646077859
-0.6535946066092835
-0.6832959456481887
-0.6652600606739226
-0.6633868070590053
-0.5758445953551928
-0.6082355104033373
-0.6317251768409154
-0.700733924818777
-0.7281226751069093
-0.8112270286958094
-0.8103043164786972
-0.8396767530650563
-0.8125535193048435
-0.8628503254837159
-0.8146656583421598
-0.8859262811908254
-0.7865142576103622
-0.7707164744022778
-0.8042596687954784
-0.7930969774703434
-0.6744594146951168
-0.7349200232364033
-0.6838507158242915
-0.7332668125458836
-0.7935762923653081
-0.8240975869845284
-0.8830773545963513
-0.8516449747823212
-0.8457391041046477
-0.8595388585164971
-0.8328656747954446
-0.8023020366997113
-0.8594914034067296
-0.7328076294043859
-0.807098988330685
-0.5964643750441625
-0.6479316659935767
-0.6744417131458764
-0.6595041851443851
-0.6290415083484667
-0.6357695461397299
-0.571336278053417
-0.5572189568220755
-0.6212599155059253
-0.7080412299675302
-0.6644204228522865
-0.6990256903227569
-0.7655997085642233
-0.7447821409362659
-0.7931595218311164
-0.8496836847076966
-0.8152784508968977
-0.7582079858003852
-0.8179245571632741
-0.8536249981335137
-0.7871868568223918
-0.8148643237894713
-0.799579330912724
-0.8304868662371042
-0.8228941695919738
-0.8028646588451307
-0.645741428640721
-0.7056776759940668
-0.7051607302204015
-0.6260408210513553
-0.5879952365371225
-0.6499704774838211
-0.6982077920097044
-0.7311552713859182
-0.7080714712817133
-0.5176573355772492
-0.7110240478317668
-0.8312388056767839
-0.7960972899221507
-0.7587205905071639
-0.8275536703664677
-0.7355628881839389
-0.7817376696556791
-0.7875666727805624
-0.7984024405456174
-0.7552666436253935
-0.6717812470930506
-0.7388931167805513
-0.7142577503055441
-0.7339767916556122
-0.8494488246384388
-0.8457683299845397
-0.849335586072163
-0.8417065440351659
-0.8141695437143244
-0.7441779132918487
-0.6938579362477872
-0.7787731347278184
-0.8158976175921604
-0.6391199182201348
-0.6859601538236606
-0.785998086236294
-0.814856452918095
-0.8639675904756581
-0.7572720866692929
-0.7810289795776892
-0.780060364174893
-0.7799993115652846
-0.7621368362065879
-0.7976275216249352
-0.7905803058706836
-0.6818449277575716
-0.7713915850882832
-0.7717725986669055
-0.6423156781543035
-0.6799102588808057
-0.6634033153787748
-0.775722257323525
-0.7330197354420145
-0.7517485051163003
-0.6993872072985291
-0.7024852464026403
-0.7590208965757399
-0.718261141194771
-0.7147023926435444
-0.6244350411758398
-0.7493107584156954
-0.7330026991642588
-0.7828434561267296
-0.6270702072131862
-0.6224186243632321
-0.7945463916981639
-0.7643064369070534
-0.8412924734605335
-0.817421292384946
-0.813738111746759
-0.6566682758413656
-0.6707777464317245
-0.5586495667330709
-0.5865711333579784
-0.617294291279227
-0.6913858612964673
-0.6128883463460362
-0.517957632230575
-0.5240160199358327
-0.5623280963175439
-0.7024157816019626
-0.6775005904527189
-0.6457878863289945
-0.5335917757088534
-0.6591381838320097
-0.7402117495520624
-0.7184937451228277
-0.7230712578593
-0.8297754683764622
-0.7800923000341213
-0.807032550727227
-0.7965776190074495
-0.611934623911593
-0.6569255306145901
-0.6956643330716537
-0.7518949281016859
-0.7993668890425399
-0.8332133388662577
-0.804376052066556
-0.8067967366049857
-0.7727921773124468
-0.774390011725937
-0.7863382247343036
-0.7358067252867974
-0.715975462044307
-0.6528945722752623
-0.8017651718500124
-0.8503222613200814
-0.6466660571794436
-0.784546342853598
-0.8831799265310791
-0.8179187990033838
-0.6797549836677976
-0.6645039537981589
-0.7121763519229809
-0.7198379442230183
-0.7260080781563711
-0.6900890631989276
-0.6778114279388912
-0.6802415543469058
-0.6913358852153308
-0.7243107585758465
-0.6615503457716441
-0.6531105277171839
-0.6853721931513262
-0.715837630167595
-0.7914329433721791
-0.6701929798277283
-0.6623868474604397
-0.731365190928411
-0.6660727886487255
-0.5712243000917276
-0.6480775747520481
-0.7097234486224517
-0.7390555957740671
-0.7458988681596702
-0.6427984438004568
-0.7554310449601203
-0.8338160326725466
-0.7977975646070373
-0.8268683173971707
-0.8268542263995613
-0.8340605080618494
-0.7675624070280211
-0.8323890149447566
-0.8177037456365376
-0.8368400269207455
-0.8115137694906582
-0.7733150916499211
-0.6915031763108384
-0.6433726032995788
-0.7996588563434461
-0.7855173091542459
-0.6936910871891679
-0.7506347168466934
-0.8597256048069811
-0.7508356155293451
-0.9035126841132398
-0.8900735338090838
-0.8727086476443036
-0.8779097881834959
-0.711086321401988
-0.6780380755569816
-0.7280639741737439
-0.5865433170398837
-0.6363292506636832
-0.689549881803397
-0.7102411568067384
-0.7189268644275498
-0.7624655733773461
-0.8492518256757019
-0.8572023254491454
-0.8264454141556249
-0.7762126589904
-0.8047007424963027
-0.7592310207056352
-0.7438472003820908
-0.6866433408689655
-0.6512590351492722
-0.5794931379093888
-0.5811102561801965
-0.7651874742072822
-0.776227513289491
-0.9396575318691552
-0.8396360048016839
-0.7472845405149552
-0.7681790852183382
-0.7306470264021487
-0.8064310205097666
-0.7846517160807119
-0.8978912271959462
-0.8124144536722598
-0.8005170618659281
-0.7847006742762801
-0.7032680663142818
-0.7235517287018229
-0.6533917040397139
-0.7264310896054869
-0.6805503414816825
-0.782577309476533
-0.7969947254272343
-0.7430846321583953
-0.7921962034387529
-0.7033575166769537
-0.8068243821650111
-0.8221298583208185
-0.8471691807474209
-0.6745857465490722
-0.7059110983003433
-0.6531112240365077
-0.6556282263377251
-0.7871096680716566
-0.8250858068093263
-0.8184259858488176
-0.7818715739039929
-0.8018006810285643
-0.7574674325171591
-0.7276921298462687
-0.7352483173555864
-0.7388341018716956
-0.850462030937194
-0.856402469214486
-0.7856324451201755
-0.7804879997774755
-0.7996431928798655
-0.81348102705669
-0.8453054485869572
-0.8371069929292471
-0.8355425109527777
-0.8352876260543143
-0.8998010338884094
-0.911342392210328
-0.8548389939448565
-0.794382243415146
-0.801270360708508
-0.7581107470722219
-0.7535782653439537
-0.7510386966261723
-0.7062472161907611
-0.6875355192169714
-0.6660269895905035
-0.6873212915886553
-0.7146566201206012
-0.7052089589797648
-0.7406144000794131
-0.6357375218840241
-0.6199207101679663
-0.7678169349794857
-0.907129371813587
-0.8092842888085684
-0.7658889852090306
-0.8164759936453513
-0.8892000774925659
-0.8313947410379114
-0.8237787087073906
-0.7930544999533842
-0.643941916984534
-0.6659669748729776
-0.6992416048039999
-0.7382905324097402
-0.7631755924958981
-0.7236494203423292
-0.8316920211864988
-0.8188644102965682
-0.6637820576215974
-0.6584524224105077
-0.722252438959378
-0.6838744944719649
-0.6679021931330261
-0.6400731834104613
-0.6368050567821988
-0.7021925825239728
-0.8013583191912943
-0.8323822562763897
-0.7646091224515887
-0.8085995231052648
-0.771866721837602
-0.8398408890404061
-0.7478830830262202
-0.7126614749560147
-0.7321934538731697
-0.5843544817399435
-0.5848850567201627
-0.6559595516731523
-0.6975896320726598
-0.6061747245737921
-0.6967392907832048
-0.6997689252223325
-0.6856623307186538
-0.6628775702156652
-0.7299927873978911
-0.6997633655359979
-0.7311570862548757
-0.7130331964278747
-0.6911065512582306
-0.7648264421082529
-0.8261193906006048
-0.7452197324441042
-0.6545493996261541
-0.627900305040276
-0.6426810506699927
-0.6981708165973226
-0.6427226797784225
-0.698128125799419
-0.7051484415970979
-0.6807058028833068
-0.761545362456575
-0.7837198876415209
-0.7839748335297692
-0.7279313713651135
-0.618625445485073
-0.7710339376957284
-0.7362204141847745
-0.6885523703510491
-0.7788455403381024
-0.8415629493542932
-0.8773905983326667
-0.7671988870168237
-0.6616028804106294
-0.854335891202798
-0.7338354247491594
-0.6307975907370151
-0.7489369750656728
-0.7247253149030759
-0.5685835221593322
-0.5666422234522023
-0.6440045443138988
-0.6030476665482097
-0.6223469316839244
-0.6608561562025168
-0.7175397988189764
-0.7336573942160068
-0.7863272251463109
-0.8929437079640493
-0.8741512097223638
-0.8320552381235158
-0.6792478448145395
-0.597626882184009
-0.6269892139022345
-0.6267824871718943
-0.696131723559573
-0.7003067316238198
-0.7753399959894436
-0.7557029839627928
-0.7414474332822393
-0.7480415681133734
-0.631665316624323
-0.6683335276665572
-0.6110834471779886
-0.600348832789192
-0.6279654709994755
-0.6535004613873502
-0.6261214163216665
-0.5954054769826009
-0.6124450569229271
-0.7023531197837194
-0.5969186443724236
-0.6428941794664441
-0.5843430366746495
-0.6343750546887944
-0.8092548457752858
-0.7578567433045136
-0.6733816305646401
-0.628164037084928
-0.6698725102600351
-0.5645567671131412
-0.7311233306843768
-0.6670047638150853
-0.61666100626871
-0.5064809506026203
-0.6270643451195522
-0.6773336174331617
-0.6757853175310992
-0.7453467201597846
-0.8267716053076525
-0.7751593643789738
-0.7812693008292627
-0.7926369702366265
-0.6487385251307691
-0.8263481771757097
-0.7727502201085553
-0.8406986416448776
-0.7992168109235944
-0.8591892348279977
-0.7850188119560572
-0.7995464945877618
-0.8449629955226805
-0.8016999872034422
-0.7740840357141777
-0.9049961661226322
-0.7948577476037998
-0.8420978611948697
-0.8194151365576683
-0.7278782227473445
-0.8352228422226597
-0.8050828048574916
-0.7351533687722869
-0.7780696739743366
-0.7552328727229677
-0.7706326998668904
-0.751034222402502
-0.7176554912325847
-0.7093690700103452
-0.6212531341883084
-0.7168380761070858
-0.6590139864006569
-0.6203607603228696
-0.6776571304155521
-0.6900707684548844
-0.7940202086619882
-0.8239583783440569
-0.8096213224119952
-0.7244339578393832
-0.7608963145169023
-0.7184538752204689
-0.6493311753015378
-0.6802609166867754
-0.8606298532309218
-0.8593063638613985
-0.7981000146111571
-0.793804422658704
-0.7195480191055963
-0.8060427301905558
-0.7814913545328214
-0.7737519806232447
-0.7234080386106779
-0.8186506293354137
-0.7966928360940446
-0.8752431204581048
-0.760350295729666
-0.784129072822689
-0.7928513156554495
-0.8332825920710243
-0.7593163195358152
-0.7244465353604146
-0.7621742139955262
-0.8313251449576449
-0.7398022774513145
-0.840314432952824
-0.721637920714276
-0.8023152473526852
-0.6910585609411826
-0.7429825622334281
-0.679206447114465
-0.7144778733323723
-0.7785260548342994
-0.7327538332056647
-0.6751570863352107
-0.7591211565466311
-0.7130055422783698
-0.8308452865543914
-0.8210273677627128
-0.659375820754457
-0.7837354339099002
-0.6822247786133315
-0.6963004498165336
-0.6947624578990444
-0.6099373243571845
-0.5924777938167569
-0.6714674416984444
-0.6993496114882197
-0.8350156604582727
-0.833060148948861
-0.7739961879803363
-0.8258744833299407
-0.8697879276313439
-0.6951495006477925
-0.8469925321700075
-0.8226504051560309
-0.825601313818387
-0.8544360373077419
-0.7660595332286241
-0.7926678121219983
-0.83042637771806
-0.8585038855577584
-0.7854456391177241
-0.8840217008719427
-0.8132351184613236
-0.8561987922388024
-0.8019853989999289
-0.7003987295536445
-0.7275217551726746
-0.7754055258969706
-0.7506934862028878
-0.5719982840688999
-0.6251412074705647
-0.6790714924217524
-0.6809140241658742
-0.6908896603021639
-0.7015852973938197
-0.8918000531420494
-0.8148104201716204
-0.7556096021884456
-0.6602860088171626
-0.7160382903770874
-0.8040620804069837
-0.8735279463510627
-0.7957372838321797
-0.8080708259944644
-0.8628718313892845
-0.8176461910125228
-0.737163463401375
-0.7300447369184188
-0.7474970553367504
-0.6831254807191514
-0.6680705585376334
-0.6635762927025849
-0.7012415305810251
-0.8304968348475548
-0.7377920523991549
-0.8514075369224778
-0.8658443959960429
-0.8365302435252108
-0.6799056324622996
-0.796691797180131
-0.7732109875289163
-0.7053477192787442
-0.7175480683550316
-0.7081366083488152
-0.6402112620172447
-0.6541840479575719
-0.6504810233212525
-0.7720306859566135
-0.741785083244809
-0.6837708914017064
-0.8425105236487008
-0.8227556893921765
-0.8341047496173786
-0.8188564355320885
-0.7319015861619194
-0.8185302362278674
-0.6627510845643043
-0.6586331476908421
-0.7663600963427586
-0.8237028366555041
-0.7616936152017666
-0.7706356900402627
-0.8214143283461518
-0.7936174854972261
-0.7637179463188615
-0.6752145273955011
-0.571026215179595
-0.76859238584087
-0.7325692502229104
-0.6927151382142387
-0.6927552641944674
-0.6236948441168639
-0.6533438760170738
-0.7134890514978715
-0.7353186573023673
-0.7958824825276802
-0.7102763366991492
-0.711808848486901
-0.7210291060449462
-0.788419381676584
-0.7841312960376045
-0.8062263356192063
-0.7263255967200408
-0.7687689731723195
-0.8401089330249677
-0.76945057007973
-0.8022312726892842
-0.7450745989272307
-0.7952965606545715
-0.7337232670399819
-0.7401763091059026
-0.6447251146889609
-0.7954946107930073
-0.7191663649988932
-0.7145762759929914
-0.7651343277360628
-0.682786702740858
-0.7680753935436001
-0.8154177195161402
-0.7393635086053516
-0.8219844545616896
-0.6625549437553978
-0.6129903746816915
-0.6873105719396868
-0.6644836554240329
-0.727142986737354
-0.6866202760351171
-0.7494068641910786
-0.6742624234677458
-0.574765055312196
-0.6435445775653218
-0.6152544546044056
-0.5294964406492539
-0.5162527097330775
-0.479864964108389
-0.4955692072651396
-0.5458929637418818
-0.6067500608412554
-0.5785485643775319
-0.5241766833117566
-0.5804816449824414
-0.47836899460782295
-0.5794840728070831
-0.5193629817017047
-0.6196480089739456
-0.5497804387097852
-0.669845618877249
-0.6358050294823859
-0.7825344390175453
-0.7370574005206726
-0.7250480677303327
-0.8432959087326047
-0.8053757231126875
-0.7247827432465922
-0.6167420685588277
-0.8692081276419563
-0.796903756473409
-0.7556612043654419
-0.7636389698906503
-0.7574530296607322
-0.6786085079528342
-0.7894206982133726
-0.7155736259965821
-0.770380093902591
-0.6655580585507911
-0.7139330703667601
-0.7412861256015896
-0.6482863730296035
-0.5809614670477719
-0.6781726699463897
-0.8154705162231922
-0.8285942381176712
-0.8417598749592012
-0.7533644792242358
-0.7221406701858616
-0.776511049270947
-0.7765683887913595
-0.8071477236333098
-0.7936969919540662
-0.8219931083147723
-0.7736962037721454
-0.7338978583707251
-0.8377438747585936
-0.8824266974671677
-0.7878969224864375
-0.723546792850061
-0.7479302917167638
-0.8255160511660087
-0.8045944636177613
-0.8054162283868675
-0.7596958753055089
-0.7438423232129622
-0.7436805505588014
-0.7474097299532019
-0.6777087404795252
-0.7625206386399768
-0.746772597115721
-0.7676803921083606
-0.9035579164428592
-0.8062772414322343
-0.7145657940540908
-0.5583512501584335
-0.5673292515157597
-0.6902536825256133
-0.674277528241092
-0.6970688130751408
-0.7008098640808851
-0.6717998374577536
-0.7180535818609173
-0.7090396859338902
-0.8524961366177187
-0.7128193448174769
-0.7593821471172695
-0.7768560189281832
-0.8336617822104858
-0.7762004334292759
-0.8396674809256209
-0.895915122943185
-0.8811835394616752
-0.6937032427420997
-0.6581139804708996
-0.6891466498000122
-0.6433851024204482
-0.6401362134137755
-0.687806020686919
-0.6039077220452854
-0.594722002238404
-0.5958779985355125
-0.6689281616206759
-0.8160314369840977
-0.7094841307878634
-0.7995129315661799
-0.7161352236306054
-0.6684539555631138
-0.6507451080953113
-0.6854299785049515
-0.6753095383358239
-0.6164450602601633
-0.6215931592447662
-0.5873581512195415
-0.6390154715414653
-0.6269275101824046
-0.7066846367179552
-0.7100764584833247
-0.726687018282365
-0.7912988005359886
-0.7648467298380328
-0.7614462909609804
-0.765715899438728
-0.8502659038657976
-0.7203481421344086
-0.7531667046319328
-0.7159979057788921
-0.7646511506605329
-0.8552585658665387
-0.8242872960898849
-0.7703508758480226
-0.824571386861246
-0.7827557321687038
-0.8055293339438742
-0.8056013320031148
-0.8190851022857821
-0.8027765183887688
-0.8401376753381806
-0.8305663511728297
-0.8043553638692698
-0.8949362189046732
-0.7879226338702485
-0.6586335227408504
-0.7722732580486465
-0.6298194507469634
-0.7398862896459996
-0.6918272317309707
-0.6781838732673893
-0.6313917202238271
-0.6684158300271851
-0.7778373363835528
-0.7442592847694127
-0.7207544804483399
-0.7303955323415163
-0.6380702814520323
-0.6991027626239914
-0.6636086168792362
-0.656264904310802
-0.7067508549094224
-0.6468634641294985
-0.577458163567715
-0.6139557201056616
-0.5616187600675107
-0.5933777684816182
-0.6068907947057842
-0.6368335985980443
-0.6626923985506128
-0.6747508606819047
-0.5622208158070517
-0.7478184015846929
-0.6675303515905612
-0.692472632559489
-0.8083314305263307
-0.7331890138725701
-0.7211629470413495
-0.7409845816358902
-0.745075886638785
-0.7571180941234122
-0.6197497101437238
-0.6433208902176195
-0.5765175000933019
-0.6404200124814817
-0.6844176452530417
-0.7774063318017861
-0.6879456970671987
-0.6774237609975846
-0.7993711410030949
-0.8170554877062248
-0.7186504322423396
-0.6988069001016249
-0.6864494331394353
-0.7783769599955108
-0.6854181667236663
-0.6739040529190943
-0.6888594102661904
-0.8619068834073661
-0.7913572592656435
-0.7197359011240698
-0.7048885842013499
-0.8092499406860623
-0.7066115821753212
-0.7800298660050135
-0.866587266716733
-0.871257514445241
-0.7158468346630128
-0.6526091466641624
-0.7674735013045934
-0.7406470112635655
-0.7816800342319181
-0.772531692640574
-0.7437368886131686
-0.8497568114417046
-0.7657676505374997
-0.6959666793192608
-0.7753338732665971
-0.6788182369350535
-0.8170616974169593
-0.7167990575659525
-0.713220502629691
-0.6353524750507281
-0.6151631000484428
-0.6507804758401319
-0.6031321671830558
-0.696006431110688
-0.6382489855056541
-0.5435595286228284
-0.603290024954731
-0.6132787542409817
-0.6694701595198835
-0.7389147552931169
-0.6405563936656815
-0.7449376132902386
-0.7440427746332289
-0.8556027931866584
-0.8180111922946844
-0.7940204624050595
-0.6670630502663897
-0.589181301590518
-0.567660899662233
-0.45393877952946154
-0.5623196757398619
-0.721083446163597
-0.7655205891449149
-0.701880982472762
-0.7591379492029413
-0.7765529411191004
-0.761716695818912
-0.8228446983292826
-0.7959443776306585
-0.6918048796814317
-0.6940658547841363
-0.6380688751365271
-0.6429529793776844
-0.6924803027768299
-0.7622537865004672
-0.7058762491517888
-0.6874249755018855
-0.6718746438620695
-0.6869570340936642
-0.6116840802772265
-0.6673105904421444
-0.7349416628415789
-0.78029424704512
-0.8125246584950092
-0.7420808725164911
-0.7074353472764981
-0.6775188639364024
-0.8520789592048652
-0.7363931621948651
-0.8177454664051169
-0.8516385448587518
-0.7993129563187212
-0.7496449748958338
-0.7474953774503611
-0.7707057098103156
-0.7447770863960035
-0.8378630207760783
-0.82645768250625
-0.8147130378831167
-0.7232774388185327
-0.7174687435169805
-0.7174036015597812
-0.6725923433267014
-0.623602457153876
-0.685889390216609
-0.7300737217997778
-0.7445018335594168
-0.7087586353637105
-0.8270626811359941
-0.8787282256232795
-0.7340931536377447
-0.722836188111678
-0.6861641891158823
-0.728456240847927
-0.6878438098566928
-0.6556602711900871
-0.6366741963243592
-0.6781785599647361
-0.6339552762273293
-0.7997797451798059
-0.7135380222436021
-0.7522499288221383
-0.7016061672105249
-0.8151937150162519
-0.8222231372482602
-0.8229915051715452
-0.9152077956958585
-0.7206096213271702
-0.7238484423306482
-0.6659596671613609
-0.7568902569598495
-0.7531923726706932
-0.8351555153094481
-0.8367325313737517
-0.824233363087563
-0.7895587364138612
-0.7882837251566588
-0.8717375599711433
-0.736320624299814
-0.6473803352707173
-0.7436908486195762
-0.6768755769806657
-0.6551269775171525
-0.7745364642339018
-0.8996028248290596
-0.8844193457992168
-0.8700832828748072
-0.8157195951124674
-0.881625745945539
-0.8462608613233324
-0.8315650543323057
-0.8065777210441704
-0.7643761407275881
-0.7883037617191564
-0.8487251550140719
-0.7970549722080837
-0.8065204437399636
-0.7994653722519769
-0.9014038192866501
-0.7767805683295156
-0.841400709011985
-0.7988776597596138
-0.8235511028352221
-0.8635521924426314
-0.7311952900330565
-0.7116261284322678
-0.7279914753530644
-0.7260634311713761
-0.8318452682209834
-0.8133721127970184
-0.6872524174910716
-0.8027392674202539
-0.751523274145135
-0.7361503392288309
-0.6316429299396589
-0.5832418592503978
-0.5565219388614876
-0.525947162508621
-0.699984981054656
-0.7593404339386403
-0.7798249345769275
-0.624554625795429
-0.7346719492350043
-0.7911936251203519
-0.707631503530032
-0.6955814432650148
-0.750095871515371
-0.8253422788510488
-0.8205875046796046
-0.757877563953659
-0.8266103097287127
-0.6933499377960108
-0.719351603296583
-0.6901204188562277
-0.687902010700464
-0.6882245210675879
-0.622403487426515
-0.652659304222442
-0.7632646094798479
-0.6771240259495191
-0.6924026634478742
-0.7705102175342001
-0.7782204478369499
-0.8216492477814286
-0.7353756641432138
-0.7975991173793155
-0.7931399091976484
-0.757664009759582
-0.84262309322659
-0.7780574091738013
-0.8046530517224062
-0.7587607234114779
-0.785649902531739
-0.7428623849391566
-0.6954969483387451
-0.7763504210352569
-0.696731813966306
-0.7671969045500798
-0.7423954719042585
-0.7422032882840912
-0.8874538730909435
-0.7966845795634548
-0.7551246510439162
-0.9020107139387903
-0.7692617709925936
-0.7058954095511306
-0.6782035451031323
-0.6802886400483174
-0.6337015271338337
-0.6990144839497738
-0.7644001344473476
-0.780742753747254
-0.7218794970482798
-0.7177500012606346
-0.7057231877115601
-0.7223793601067705
-0.7333300593443202
-0.7720889904458919
-0.7486828920316075
-0.7394831093241014
-0.740764353840828
-0.7862360143643573
-0.8483658324580668
-0.8444320311217857
-0.799500113836892
-0.8462055671016041
-0.8933662827861134
-0.7988236560268555
-0.8461234021508826
-0.930247711390856
-0.8264560144763397
-0.8474441081124471
-0.74645885572225
-0.8514550639550255
-0.7526507892767234
-0.7252175645913558
-0.8323697230834666
-0.7862595381881454
-0.7814216851600017
-0.8064453170569261
-0.806456616853649
-0.7722854305271923
-0.7209366909892856
-0.8256109563504166
-0.7881144972974884
-0.7440991383822404
-0.6510750398453459
-0.8123725124928584
-0.786344071759053
-0.8041037832629936
-0.7724549702992969
-0.7034423304582462
-0.6877809406770212
-0.6489336366883987
-0.635104806085872
-0.6205062134324875
-0.586058231890425
-0.5044474584739593
-0.5650153980619247
-0.6234165270170624
-0.6409515843362906
-0.7522351271787439
-0.7145020754552978
-0.7067044684544176
-0.7391598068490922
-0.7908997486361586
-0.7257740634790472
-0.7632225733553554
-0.7694548432350776
-0.6767393325179916
-0.6614688448600473
-0.6770774471758878
-0.8034010789772065
-0.8072733543293528
-0.7714149614023401
-0.7474873283116374
-0.6001590028357405
-0.5228416274800851
-0.7630595185343628
-0.6533510511191294
-0.6542763948486746
-0.8620147791057909
-0.7833306587444987
-0.805214932387456
-0.7221620245454531
-0.7446933310107233
-0.8303364782206929
-0.7861466831137254
-0.8579473880720958
-0.8250255471829399
-0.6821473087242128
-0.769379654066429
-0.7888140093338858
-0.7103680633890697
-0.7776193966467727
-0.8346385176616937
-0.7672913586738441
-0.7571691104155588
-0.7561393410740014
-0.8240331506912809
-0.6907239658301133
-0.8009958907618004
-0.7609737557262397
-0.714995018566051
-0.8350003368829757
-0.7735397624125796
-0.9100064482284103
-0.875069968667713
-0.8203852400832803
-0.8517999752787515
-0.8537398211381437
-0.7916919239667047
-0.7889143752962934
-0.7163146297628774
-0.7525568535807701
-0.7303038476130217
-0.8182969096409504
-0.8608762050135798
-0.8787053785751426
-0.7742785793936325
-0.7593750484933142
-0.774365469124768
-0.8034634837991018
-0.7925143826641139
-0.83421976221113
-0.7597448169199803
-0.9114985773626928
-0.7764056725022718
-0.7281356593993144
-0.6776047709306944
-0.7077834614729029
-0.6767248263140204
-0.5457235438138912
-0.4853570841734268
-0.5064884542125907
-0.5508763737940308
-0.43186856357209064
-0.3975590763981981
-0.4383332202700639
-0.5004805627102293
-0.4869779978907118
-0.59123847917576
-0.6871012989004278
-0.633527585689382
-0.6544304739471565
-0.8058420092473593
-0.8388940255708728
-0.8062916693662177
-0.87279595890559
-0.853673352631765
-0.6711399898775121
-0.7202281492281484
-0.6834020891027737
-0.68885164548944
-0.6174710346886565
-0.5421925975373304
-0.6682722229335474
-0.7144838113888419
-0.7911811785914162
-0.7063234535905831
-0.8656529463770056
-0.8310709872039983
-0.8158214222654581
-0.7896705215527671
-0.8633023582125898
-0.8103182008231158
-0.7733942701921734
-0.7852450861254092
-0.7762036219689575
-0.7490736095433967
-0.8059634703902663
-0.6955477155517822
-0.7936822149623819
-0.6829574410965975
-0.7937647339753837
-0.7052003933776367
-0.6638397884665648
-0.6917079482287972
-0.6305645903499794
-0.6554085729327132
-0.6391352574559108
-0.645658990852264
-0.6663719206727332
-0.6875533491468225
-0.7735339411149629
-0.7959864755500312
-0.7944076896897846
-0.8248752943246725
-0.8399359176634149
-0.6836184710989374
-0.7010637569203911
-0.767337369654403
-0.7110595613473236
-0.7829458682237505
-0.6642760926415519
-0.7449600055274553
-0.7934801114657325
-0.8566169268299035
-0.7636355930238099
-0.7900218139113444
-0.6113844822600344
-0.6698102233321649
-0.7341422253176975
-0.7796050601281259
-0.750598603341701
-0.7843491455991628
-0.7809926844443206
-0.7941373638587724
-0.7357939561427614
-0.7461723227590208
-0.7727434107480937
-0.8110554692913211
-0.7524128399993663
-0.6727642287684706
-0.6508900494822407
-0.7633101362446143
-0.7802167903445371
-0.758676785886959
-0.8042582284070218
-0.744162255172884
-0.689040901998122
-0.7053953172330316
-0.7954829886134412
-0.6985444978663118
-0.7428608028606669
-0.7951890646231374
-0.5893415027994231
-0.6560215619279617
-0.7061188105003411
-0.6680296235166091
-0.737116149507447
-0.767313897855073
-0.7298432555759569
-0.8714712329771171
-0.7885933065370777
-0.7995034756674646
-0.7152751905235438
-0.7089928267460971
-0.7197194574710194
-0.7799624693703833
-0.7206585207506764
-0.706663145482597
-0.7464861898839783
-0.7772427895248357
-0.7867283310138151
-0.8017807871144301
-0.8645700680207623
-0.8687798781872702
-0.7754709621282708
-0.7500688399971644
-0.7938528690452189
-0.7302037147460567
-0.7952380442352771
-0.7133604249388298
-0.6804824142705307
-0.7326572915961315
-0.6695168541702547
-0.8027409756201341
-0.8322995502084518
-0.79661601549238
-0.8329844901450706
-0.750787959011365
-0.8180349656100743
-0.775025511676487
-0.7564480433568729
-0.7387765106064523
-0.7869376617173831
-0.769094894376323
-0.7783698129819184
-0.7698899799964061
-0.6492274076302182
-0.6090968973437849
-0.7121993917491353
-0.6781582754709498
-0.6818769602580075
-0.6782338274818465
-0.66623126197728
-0.7567429034331429
-0.8179635908330503
-0.7997346249727062
-0.8593289434621997
-0.8499275219487648
-0.7599682017926714
-0.6840992060033277
-0.6952617069029258
-0.8048280201945405
-0.8510673212455754
-0.7279006861544144
-0.8299795241955408
-0.713918558123587
-0.8174578578446534
-0.7851437661438356
-0.8035419590091347
-0.8159315548632912
-0.7438353176217161
-0.7261122500164819
-0.8316256486537521
-0.7764807137298899
-0.796116825566403
-0.8623166731146742
-0.7455924672763022
-0.8437561583512381
-0.8009229103469633
-0.7219036121503917
-0.8069391504386042
-0.7706537561743483
-0.7240723203278645
-0.7074189797531976
-0.6537781889676209
-0.5863511696501799
-0.6945016657446457
-0.680297699172229
-0.7039450013491535
-0.6726289988403023
-0.7362173875650994
-0.7056654017246201
-0.6838761694237534
-0.7201068035037785
-0.7384568807394722
-0.6173429964900653
-0.5341327979950491
-0.6090117700205899
-0.7284664711189986
-0.6516199061772288
-0.6490159668066415
-0.7374448482425257
-0.7726379556072055
-0.7734190030636379
-0.7854328359594925
-0.7767946807673969
-0.6993931545885435
-0.7119634627824376
-0.7392639948395724
-0.6749284309902217
-0.7786097916100153
-0.827076003062198
-0.738446318241452
-0.7998107768837481
