2.87279350040128
2.827400414651063
2.870289251642554
2.8467715581507145
2.7817143968350795
2.7732002274997263
2.807986705003619
2.9063578379580775
2.8199315310973576
2.803325959872997
2.843470335480114
2.9709137426529315
3.014309505689339
2.9741663543731316
2.867955057297965
2.9277766950774686
2.911169340183381
2.9701510721171562
2.860792939427518
2.8822089407423785
2.833889203046203
2.850409914950298
2.8668260113473685
2.8799517505304864
2.8116483176821556
2.7231810746817593
2.763488173745952
2.8212276636607156
2.737133079261358
2.695669954539105
2.7140879152361466
2.739982227895754
2.742233831803524
2.6915319985792743
2.721925955771338
2.7682682594698322
2.7770387028208403
2.8382364614972637
2.857399090135604
2.794242850005862
2.822663738794192
2.748907688276465
2.8321039346802506
2.714086333597111
2.789539236951295
2.772923387990536
2.7954708931340866
2.825655764735579
2.8387168010876085
2.724785656735751
2.783984892078545
2.808872479987882
2.8329595724691727
2.828816629585927
2.8247920099654853
2.8013218888188742
2.8507107475706794
2.8507691724284188
2.8669503489349233
2.83833580591595
2.8575165947094807
2.8171035406083482
2.850942682803614
2.8882021491835017
2.9012424132871617
2.8559302951123517
2.8027688299926643
2.9078571815481493
2.920774460730969
2.887021738863611
2.9028184761553657
2.877652370801297
2.892297465048597
2.8356910210779525
2.7854361597458173
2.7894475166588797
2.7679356293172748
2.866256726817193
2.8105899801822587
2.769175313919796
2.7158254726776865
2.7576966276157666
2.782284531804594
2.8048750139923495
2.882810356079883
2.8684066390744247
2.8484396331706487
2.8547770060418336
2.8029654885817408
2.7804644908989053
2.8249651006409104
2.745441319646739
2.733490549866369
2.739392195644945
2.711662696759908
2.7197087431061826
2.8091892679768806
2.804799630560954
2.8440805487119745
2.8054222503468633
2.8407786340550993
2.7440841691050393
2.686720609935344
2.66717983102921
2.625013279745336
2.6622996976324194
2.7004999313520592
2.714187916170826
2.7359896873530465
2.7991314692169755
2.8060707149116637
2.8969917898705866
2.83865030243477
2.8816735175007575
2.9562490617097357
2.885385789349325
2.86965766661097
2.8439657744383378
2.8631039320469265
2.817018117811918
2.8194243044864122
2.8228680057015327
2.8185542631286573
2.7979492714207956
2.8954868391792496
2.8136274058282917
2.8190934364919094
2.8004707133974693
2.777312041857376
2.6885246700330727
2.7404896581415463
2.7382017766611364
2.7471731588937534
2.7847250846768974
2.748234659312164
2.8225906392917186
2.883490631334756
2.749908180500033
2.6904708149835246
2.7320269281871337
2.7112985443389976
2.7194682612190193
2.662827746667974
2.6519786208162
2.6448144342870945
2.722278964349624
2.789635408160654
2.858983883246847
2.7840231190931433
2.77920710856823
2.774348442611381
2.7154333423242245
2.762897775301594
2.8419551599671014
2.797463999740567
2.705773147683918
2.8253487123752663
2.7626264322205087
2.7634756544890635
2.691122934895761
2.701030741758191
2.7718143071606027
2.7489125806494754
2.872245433924292
2.959984457839607
2.9046438658430254
2.8443690151519156
2.967973651414619
2.9332924390775723
2.8222040831646766
2.7002845172404832
2.833764172331597
2.776847878726737
2.686136908450609
2.7445963127318196
2.8428789219217077
2.8411911161831696
2.838394741003911
2.7749807590909645
2.81203598130765
2.8512077647426457
2.7818698136768356
2.793234831927127
2.8205731411975563
2.708141254593324
2.638741206126891
2.7308424257597435
2.7604232920163776
2.7274425823719524
2.7494966445605287
2.783870906333616
2.7691162307852584
2.775425220353708
2.7892312398508237
2.8656651899023937
2.8596617727906324
2.8258342762509225
2.892198721888911
2.83599518446439
2.8939448793354736
2.9088118501830476
2.9475042140554324
2.8581333521747063
2.9068180930787473
2.885051108884343
2.822487569677728
2.826651909515176
2.758495343100399
2.7493486237793445
2.8511982512759526
2.9617554742450487
2.854906332593796
2.8261375500970125
2.7794658105398757
2.7737378281959186
2.749603869328498
2.7215729711334333
2.7579611570071245
2.8646797928958367
2.7915105991530282
2.746025555336305
2.80263666433623
2.8646518115330357
2.782838816408894
2.7600335108728657
2.7643062688536437
2.7037305925275312
2.8833255327907015
2.848500511385929
2.915160331434799
2.9354347109010965
2.9461916911585595
3.0212842769323967
3.023542667974451
2.984094194896962
2.9869086646445617
2.9160133582414693
2.874866041511006
2.784123058564072
2.8504909162004295
2.7747387166199147
2.7407737341716527
2.8261689912596712
2.8099048061049814
2.8369461872894326
2.866160992262816
2.8444467208267668
2.8044741722445456
2.725842765516712
2.7968524386804856
2.821310338589116
2.7779190307035497
2.8359712736388296
2.8537657654371387
2.832560299068079
2.8632115383018086
2.8518121246789034
2.8390055507553025
2.8755209684314464
2.8396784717030923
2.864873075421794
2.961809048057227
2.9153273991551
2.870673118650614
2.939039687503899
2.9087814825705807
2.874460301194718
2.8661194107883046
2.9477011626583183
2.954441992238993
2.977260318385019
2.9769069939733983
2.9737053479274542
3.0276950122505704
2.996361531892491
2.9238995911114825
2.888990919322663
2.9626929185093984
2.9589507209640273
2.95958436628295
2.95503710907723
3.044672816759692
3.0030886877628875
2.8335945828681908
2.9410344317475214
2.9579552050570634
2.8120831746015877
2.824310627507321
2.804495613772134
2.8073304004698008
2.767922959403311
2.762314336447111
2.736575068103006
2.844036114520539
2.8352015965661943
2.7185981129760712
2.6797706643118753
2.7512064956266107
2.6999084996508174
2.70547324347146
2.748786855837345
2.826485874438105
2.832836631249655
2.8336641876679862
2.7835373194588215
2.8825142071327745
2.895616549555406
2.8355252493151752
2.8090138674189506
2.8892884427660253
2.8769077605756532
2.745268427466087
2.7856769615191124
2.792027445540333
2.8631838790358506
2.874242026200758
2.7443412650581966
2.7232491479937275
2.880607962674037
2.8175856834419024
2.8128059301695014
2.7285226428077034
2.775950923744681
2.727705715039814
2.806100668918964
2.6584522685414536
2.831058290356006
2.8081635446053816
2.8077954535458747
2.861041914938224
2.791496167878188
2.848878399753497
2.884736405527066
2.7818874891279353
2.7463790031989204
2.740031369516718
2.7931242478932754
2.785805205469896
2.829076536512388
2.822916458688523
2.8502739064749827
2.965845082604156
2.8428390012132354
2.839627281327642
2.9624582898764995
2.8902004026700685
2.8613221519713212
2.929981439432802
2.8838067312667417
2.8395085923172516
2.8158371251152734
2.8200186663855082
2.7831913887353465
2.743580123387974
2.7338494086683967
2.7980251362685045
2.6644138754800686
2.735076672814551
2.7747928229321355
2.70873662332177
2.7411633217368103
2.759222397764857
2.75829380066994
2.7757113538637324
2.7958327825641938
2.7448079785029935
2.6692340726572836
2.7208965830221152
2.8539586394584675
2.9208225148176905
2.8408691953720915
2.7421558491197975
2.7546344445846516
2.8396863516416238
2.8843083732309376
2.8072817096509137
2.7401430303468923
2.6923550435635963
2.918401808195154
2.824289971215713
2.8140340367721968
2.7778202505125993
2.8007897669467505
2.72564333507399
2.776100927337043
2.8719367377238276
2.810892462352231
2.8454450217158342
2.842220984832605
2.844740898749423
2.858622042219063
2.71902872494459
2.7293341722386035
2.7169742134064405
2.7279470967745825
2.7521322377388384
2.7241183492778247
2.7955257668233457
2.8768407334797508
2.881755995613873
2.803552419702366
2.8114474042008344
2.8039430983378066
2.81176960747938
2.8780783502821556
2.853681918102914
2.8668130543395214
2.847772208200838
2.815778875152624
2.8045377748299876
2.6978363162794428
2.749578271994733
2.7685997059362943
2.74883876280173
2.7922275017215177
2.692270659800288
2.7164173906124227
2.728881615193653
2.780181081175476
2.8242491566724115
2.8203001999777007
2.8598167501254688
2.863128590841495
2.818827030340443
2.825043550276414
2.8357321567232883
2.771849148671169
2.73392266607255
2.718676678633554
2.7898623413711596
2.7721703849767527
2.7272561126766006
2.7736447089455565
2.805959865396452
2.720102828912607
2.767208207385614
2.769223904342678
2.6870419866266317
2.7008998514368336
2.8226062690885527
2.814851284806192
2.799670582489469
2.753454508279308
2.824076006559936
2.8064997849419404
2.8267631829013165
2.7423064339125482
2.728780226628444
2.777651257987747
2.642925955898184
2.789841696949825
2.7621387338564247
2.722177430450951
2.744439780073585
2.7010891833240267
2.7090282701870736
2.649242939628009
2.6542919920626167
2.752745061782434
2.793385490264144
2.9050988553462616
2.719587271016479
2.8053401280419066
2.6912416554080467
2.8032474714840876
2.8140505718708537
2.8558768177378866
2.8501112604506056
2.793847974379679
2.768469559920919
2.9069074025683133
2.782023845445646
2.73989417293513
2.8489560183975997
2.8529728716245946
2.773900633646319
2.778540518914186
2.7150507402374293
2.743957140445045
2.71348518964405
2.8119083723676974
2.8646346605605943
2.8016732717735433
2.8660179878010084
2.7955756669193086
2.781578973035449
2.82804973526175
2.740948302939249
2.798136224924668
2.792441518677
2.8340876597275213
2.852669298656155
2.9043323054259225
2.8973602598840635
2.948225330345609
2.819919684333344
2.8795215302550003
2.794803167348198
2.8416185372166503
2.8008569302609767
2.807137141899963
2.853623745798347
2.8067304941061058
2.834479121183657
2.7906657284151004
2.798397629551037
2.881950278286065
2.881223890228794
2.7772711369762186
2.701228389691343
2.7541764434622773
2.690882381452975
2.743258584770803
2.725841056976881
2.70049892339658
2.6431225647052012
2.681985643662121
2.7987782522669673
2.793492705900548
2.716986189708619
2.6832115230207423
2.665190843607134
2.677800184625345
2.670297560985857
2.6994768379647955
2.7555582297701298
2.7691771719720015
2.7986524456380075
2.880825948263853
2.873446496159645
2.8740100777506465
2.8729223315980272
2.811619470803442
2.887961913096568
2.8924436008788295
2.8201123058399333
2.90666210054209
2.9312595400659207
2.888276294864003
2.8268274877520123
2.9400174232008798
2.9585053218828756
2.818875818368719
2.8099549816890255
2.8215666610164187
2.708061510843436
2.7762106806890356
2.83415177607935
2.8929768284215336
2.9110028790626297
2.8839813544129114
2.7904503444211475
2.7423005877311284
2.6969598028812145
2.7852488561522577
2.8118999395684754
2.743012812131565
2.836025305768532
2.7870852152622922
2.7785187793562987
2.854457782581443
2.796465092556965
2.760586414631506
2.8043513957472475
2.7873406042340485
2.813934461440972
2.73178379446873
2.6741991473727773
2.7702839062702815
2.816271829964581
2.842438881755138
2.842294211209407
2.8700783052915253
2.905912478262205
2.796382576788173
2.819007288614282
2.750670719180436
2.8695676029779467
2.8439038104537047
2.8763498141383774
2.7426229590240028
2.6849881329444623
2.6928278648788604
2.797375354256128
2.7454240040443327
2.7787144308584852
2.7796133857963756
2.7521271593447745
2.750167973742692
2.774300573716052
2.8137392000537766
2.7673332555171504
2.8232978999621423
2.8063460096197
2.8199607524575856
2.764132379793344
2.7647260411702956
2.6940928044795136
2.7386473823344955
2.8286148475319774
2.8755914117917927
2.9441467887737494
2.871878970064001
2.8204958676084346
2.959125809539378
2.975130954904079
2.9023989661603227
2.9058539193557666
2.891285873803515
2.812452238701009
2.8084107312957354
2.7344097240722696
2.725935560991922
2.6905456252572937
2.6604113739090103
2.794077203498211
2.667392888958552
2.7636991173777616
2.8286180717337164
2.7395006986923396
2.7528951332324123
2.7600505730906866
2.726088716216747
2.753501185678214
2.775221993809195
2.6730779434339937
2.7421297297695864
2.7503529289227044
2.7421307685182317
2.8155084257835092
2.902106912781587
2.8656331808737985
2.7818712830089742
2.760384591630547
2.790894728726358
2.7292347559153405
2.7224738415518073
2.719333551783546
2.7590346227890907
2.7859270275625874
2.8057651481049244
2.867984191761785
2.899519801807004
2.8107079731603335
2.8215822909775516
2.798593918996627
2.8360311392628774
2.838848759729076
2.9019510865117666
2.860334548307629
2.883821854488787
2.8997329012745565
2.928879788721649
2.8968599538367936
2.887729526571734
2.821447674777412
2.854922548781384
2.882755404198421
2.9507114412609896
2.934227603479953
2.9227420958555883
2.868620616207248
2.914044592422282
2.941169182693506
2.9477311399110215
2.8728433664679196
2.747012257646019
2.7844533687735433
2.7534700854136713
2.662588790627556
2.6356191555749153
2.735435134164781
2.7131711319117526
2.7276183659943265
2.781253150844626
2.679290008848831
2.6594342817068917
2.749734424491109
2.7451812075996282
2.739457878408733
2.7482491937675206
2.8446008279244794
2.9331268736653064
2.9250282104058725
2.881831806570487
2.8263157846818547
2.7508801189841896
2.7129204096603687
2.7396438244462247
2.8246773674037855
2.866955817822759
2.8428350107039115
2.93268012106243
2.9036846110396413
2.9496764435074336
2.908193739991212
2.903862476069292
2.9677941623641897
2.9694870339305193
2.9287105460304903
2.973353387074372
2.9107564308857894
2.8888124166952287
2.8163181217916815
2.9332261262224213
2.8724630672429257
2.7614866187623073
2.7591844584384684
2.7292060612324573
2.694127819183304
2.7700945799644052
2.8059941950755602
2.7747906751250135
2.7051309526915346
2.706805772550882
2.704591975018203
2.7427601941173605
2.798968142667511
2.7187926613843034
2.778176466101076
2.6616357070425036
2.6836320437941907
2.723950149207422
2.7922133080316147
2.7617561303840157
2.810107070067878
2.708602876738727
2.605911030072556
2.708669929424192
2.7175659432036237
2.6582483474772505
2.702468372439087
2.7065603849909334
2.7016208366639214
2.7346841118503487
2.8259615029870644
2.7071672266258635
2.6997861655200257
2.7655170643004716
2.7523472684298134
2.7999770090494542
2.8013348439017127
2.806310849992655
2.787765418660775
2.8764658309070756
2.798847731828358
2.7243483635149444
2.6647495442476257
2.7114497652434593
2.774745627626184
2.8975455385549007
2.930051063379373
2.889586338766987
2.850003110220597
2.8717677921253912
2.884573873498687
2.914689707568792
2.946338411492286
2.9604327480768196
2.9042887281146035
2.832616509447221
2.8839908112958286
2.8905964044985932
2.947603267992657
2.9760388076956668
2.9524368327909802
2.9667036314885027
2.999158762680463
3.045180602875742
3.0204787136313214
2.8758015157817622
2.922914961629923
2.9499218468020594
2.9708717196816368
2.971205266763383
2.933126771922871
2.9183962264241634
2.853825598141161
2.782261151406697
2.852711229721704
2.9331150198692666
2.799482021818963
2.7782844780905935
2.7987048716648237
2.911432034921787
3.0370107859544775
3.065847065915202
3.0753224563582533
3.0503970034159753
3.007205469333937
2.913472201671892
2.897221031030148
2.877984358711157
2.780039127925714
2.7841289260281226
2.7207988718564673
2.7526702282386655
2.7484615800621115
2.7622302224654325
2.7405617891178653
2.734863405055259
2.7043136539598684
2.7037882489587246
2.760576342280093
2.666687299525848
2.6720896070405886
2.7019062503118056
2.7183871943734594
2.7685508556184217
2.6690276316704167
2.6788691839184837
2.7492742958537066
2.7419013077145706
2.6305401243684274
2.679890022424575
2.687852282551072
2.7224196164153507
2.750084216173763
2.8535998719139952
2.8164715519851526
2.805589040759443
2.8195861210497064
2.7817102654423334
2.8018757741500155
2.837962182552791
2.8370725151012666
2.8222112040356655
2.871418420803164
2.7948882330976694
2.7631692069542777
2.71550941848568
2.791694108479658
2.8748281394287525
2.908612263730787
2.9042735527785966
2.832630933122057
2.8037440570995655
2.716796459818178
2.6595010822556984
2.754772956111291
2.821125808051187
2.7901385618895884
2.7406505928154594
2.827892529231452
2.8639970760458
2.7867276310793345
2.8636731665220263
2.8926639157540626
2.9419611761617728
2.9020474055466585
2.8352046703896194
2.883638740431423
2.8592388761402963
2.825897682859842
2.8339509340577074
2.823336396174758
2.7955905847362925
2.8169056499371843
2.82964299826407
2.7888017909696456
2.705454640565045
2.7123389679906693
2.7325443654948915
2.723334746560236
2.7968381449939117
2.784146907935506
2.729443883896625
2.736520996373425
2.711013659235057
2.715073860576999
2.760040512269505
2.7793487424729837
2.866667166268221
2.810573020048458
2.8664801626515026
2.763669912411043
2.755532513317497
2.7646848156041837
2.678962713640464
2.7462222679207002
2.7952953923298156
2.7022590981066426
2.784280702064029
2.780601071924208
2.771059513189168
2.822160329936691
2.8206050846949116
2.8687782060795266
2.9237188374629346
2.885524765552959
2.8151374545943733
2.7998107665930636
2.7468481055089113
2.7456289281117163
2.7320512674033446
2.712246135428193
2.7808360228736864
2.6993875950826522
2.809122739199242
2.764133353554183
2.8471452001421875
2.7909950001866015
2.8610923836268407
2.852870203758829
2.824383214409277
2.756407138937946
2.7383329833815546
2.693836503743115
2.763243595212754
2.8301295538428968
2.835459691297194
2.8545784686792057
2.8039090631860932
2.828610164819651
2.87307178448314
2.8206189494788263
2.787984670451552
2.8244226853651817
2.8200367654018454
2.866530695466027
2.905195933781574
2.911517508520596
2.7903317141474906
2.778895781775614
2.74283450811787
2.778067462456264
2.792052324309457
2.727044261870021
2.746470829766288
2.7064696739292535
2.714488776613944
2.7211797035905936
2.71306730975184
2.8377673762403117
2.794344404105215
2.7664543982916143
2.7427909854555144
2.7217021127440515
2.7020134009995065
2.661472914819133
2.6412822516469623
2.828228881015264
2.87470529728064
2.899979525828655
2.8766880506722434
2.908238625986164
2.8631907168753283
2.802860316361523
2.8427601144749186
2.7992687751804137
2.811870973275612
2.8777323768734995
2.882471356890526
2.8229137150793093
2.744616482062147
2.7323690760038493
2.7097514362929154
2.770543887276892
2.788800033485975
2.841986586875904
2.9979578736015795
2.9868655433256235
2.940212295881073
2.958078601161874
2.970216183375575
2.8735843380027046
2.867154989086652
2.818247214262012
2.851595357771594
2.8470151674153956
2.792105460087528
2.7452951528165364
2.7452694419912653
2.8100856661080655
2.9630063179741617
2.9016151295975408
2.9354334116781016
2.9782289246478526
2.9511413583894415
2.971231386125566
2.976987702568379
2.9540483824730206
2.9530318755227207
2.8401614712157093
2.871204738930478
2.8520471279591835
2.9433004353069165
2.9392095370236513
2.8908052888552813
2.9313012158051093
2.8745908261194844
2.8548224571875616
2.8870332292921512
2.8960346950658296
2.9621801575208613
3.01579235343807
2.9754571383417026
2.960961352731938
3.016362206757782
2.976330927797872
2.9933817273792735
3.060562839574929
2.990140294764379
3.025956225991912
2.9939356128250214
2.9127491140034847
2.90656437917331
2.8844334542547694
2.8043584912521426
2.855757620207604
2.891679899004905
2.8336504629568666
2.846631701672177
2.9464200840450845
2.839154246567332
3.0130768316967482
3.0725030717272004
2.986568037900316
3.020636377975197
2.9229777557677683
2.826285905937791
2.934905418022292
2.912836995796155
2.918910603183203
2.9411160171607227
2.879653698228467
2.887553229885066
2.8889067182582933
2.835357064768277
2.9168433784617553
2.957616281752542
3.0145039050904554
3.0150444044478872
3.010936474792048
3.025521166581376
3.084646137678924
3.0538870349401526
3.0577451507627598
2.9485597248231166
2.935330969508785
2.923298488165595
2.9309917570690938
2.963201471698854
2.9358364153402734
2.9364931955659523
2.9057139576541844
2.867338389649165
2.811854839737617
2.8253780697806947
2.8339901361844224
2.902742079112533
2.82885120586969
2.701745159598427
2.8305654339064077
2.8907043297698896
2.78328740787445
2.8879596982720686
2.84338811668507
2.9218625607735826
2.8331385014851906
2.9134420979491225
2.8626965315414226
2.836739219808537
2.863033363706158
2.903552599926579
2.8418350475543583
2.8852279127762355
2.9022466427611513
2.8935033938192323
2.855357171302691
2.822372765234437
2.831975972655768
2.823844664971147
2.8932981469896766
2.8243504058473627
2.7756929219556445
2.8224403300299845
2.804449188374757
2.8034891933503308
2.807066985757445
2.835575339805729
2.8525979241948716
2.844319392539834
2.7926615018564007
2.7843637847835274
2.9165781003199176
2.7950098677361335
2.8935502665449913
2.8380207245638083
2.7985893134458917
2.716803344631659
2.7643973156432886
2.6976598745035867
2.807791857008805
2.8306568189965233
2.882824997314895
2.8452332786557877
2.731117504704586
2.8012511695332933
2.799061764729632
2.761421255245906
2.823813773806199
2.863893881178736
2.9401675032498464
2.8692272848150178
2.909522288421963
2.864884175384644
2.825618712109127
2.749400483448698
2.726465830051079
2.775282950761585
2.6918883990028726
2.725427932907246
2.738401053672158
2.808548417697031
2.828547454221761
2.718060672773327
2.8176717994244243
2.8400982683960976
2.8406327053717386
2.7559651077711385
2.772507827844611
2.7617260708951306
2.7069551804657257
2.862907085005064
2.8611546854336902
2.8253555209815397
2.7888554207119016
2.7931817460118613
2.8034763777900604
2.7174160182641227
2.7935968353815146
2.790715302906803
2.877116191625
2.768936967693759
2.802323646903681
2.818968828962302
2.913077737130201
2.751979774321757
2.8672570661237278
2.8976701295099803
2.9218441698095936
2.868556250010621
2.895003442215472
2.9135280603923537
3.0192894219342326
2.973843295572773
2.8946000131265683
2.763796192567065
2.748185432431145
2.7650088820924124
2.802322820364946
2.8335092275510596
2.8734850534492327
2.796289755244184
2.7984626924926994
2.779966500638348
2.834170491812191
2.7740714649623506
2.7656263517765547
2.6739810287866757
2.671269804126453
2.727666580932728
2.7330932491103095
2.8645980662771464
2.794693452058672
2.7526623429894324
2.781606303304061
2.872351051004553
2.744587023873821
2.7397687606435612
2.803786125406404
2.8049748961722307
2.810479101742576
2.8895569658707054
2.8208811963912703
2.766139142516793
2.835956114757183
2.779236989083716
2.7175101257452683
2.776549192423497
2.8273168207919106
2.8038156324919816
2.855838765560144
2.814837277835136
2.765125058912854
2.7255309237097203
2.7211560859055357
2.7198931746982167
2.7257961540081688
2.777643196567274
2.794367035601435
2.73333212937898
2.784995776156673
2.816975729590162
2.7822186264354745
2.751556455077738
2.6987048876936455
2.800483570629612
2.8342148311987363
2.84502711571003
2.794159268864126
2.750911030935325
2.726616060447914
2.668117593569855
2.760296215964728
2.780347013243241
2.83703970575528
2.702728483060445
2.766329010059345
2.843538674505777
2.8029582038257987
2.843952617357356
2.882148920304849
2.8451819937520164
2.9262568857544973
2.8097632285310996
2.837316154422541
2.880677213475853
2.798339968833928
2.7355895205114673
2.7760378902978666
2.6919709014336926
2.8268016250711794
2.756141152125587
2.823411452989323
2.870727695093034
2.8272472282311227
2.8462134704554
2.9211901315164353
2.839915879911894
2.923309452623887
2.922977848413253
2.9093021941313113
2.8930276213518207
2.869322233680646
2.9163421135014787
2.9809580407753713
2.9723037767638725
2.8724549372778267
2.905248681725724
2.8576678772580495
2.807459050322996
2.8161968603238354
2.822969615088528
2.7379029620849766
2.83509728530093
2.795651652364567
2.787795183335578
2.8324438367109517
2.8511232897346988
2.7839982892050967
2.781414627649681
2.7518488252272566
2.7897273419950674
2.784720298318648
2.7933801374065252
2.7817965652925043
2.837646758579528
2.834891242057425
2.786108698447057
2.792162514307784
2.829524451605781
2.8246384440538357
2.7647947682024503
2.7330288297851584
2.8262884563597748
2.7102955027498177
2.762452637694501
2.8720704816343816
2.8960023575447904
2.823634436156917
2.8959975746796323
2.8801827647737688
2.8863642491468084
2.912165893678723
2.9731089859047066
3.0123205908143595
3.0278110418676856
2.990300440155133
2.9534831431715705
2.9280144168306066
2.9493067543373535
3.0400773371625327
2.949048661140844
3.0269208516978945
3.001064678795232
2.976127106646308
3.077571617351269
3.1124331554550086
2.930853062710232
2.899268936027403
2.9057601728732876
3.0012286970619404
2.9756255936400753
2.9325144930990197
2.908606101047859
2.8501487451154373
2.828796645465601
2.864809111987172
2.7967497396543006
2.8457083123286266
2.738316103541208
2.699765453798048
2.769200406902879
2.7474550748718665
2.689179047767477
2.7277800185567758
2.7925204918011226
2.762420478791328
2.787022969196764
2.736425005116958
2.712828174434343
2.806398164871622
2.7483333880415524
2.8227226853384204
2.8256161703198375
2.91303634130265
2.95680029378972
2.9188876943551576
2.820455504095955
2.876968442934093
2.9150758800738137
2.8117272554953856
2.7183954793493976
2.648534192644355
2.718780056813972
2.815526007151316
2.7784268757829578
2.8269469190588117
2.9164579724382174
2.7783169617927053
2.7007516637786533
2.745086467905286
2.6663147485959566
2.6810339068778752
2.7932685670771393
2.785173159124165
2.754444411662069
2.7507029122014988
2.753755784102948
2.6804309680099547
2.729136066379923
2.7303343656726704
2.724419564192018
2.7750959055996085
2.7003490783243524
2.7143380499608902
2.719872624585236
2.6840585046038745
2.6745551391357387
2.689822112434211
2.7595919055821025
2.774004640244506
2.8246397903268465
2.8101106883435865
2.8085549552854006
2.7356370124765226
2.7069277014758164
2.7915538574543244
2.8090301927453187
2.860382725167553
2.8071181806289305
2.8071830580334836
2.766853565806808
2.733339146224875
2.852596229312202
2.8093206650661857
2.726004427428939
2.7131627637256743
2.743072784365032
2.789732800238082
2.788793075269654
2.7427648262041493
2.858278437139769
2.908062904196342
2.8569469287356895
2.756065859649215
2.72025072525652
2.6883721231206588
2.6538240353437446
2.689415463000447
2.750396702589958
2.739868449719172
2.787097243707413
2.723339067125893
2.77308425527472
2.717129911262961
2.730213369892185
2.7108658738066094
2.7810113636695917
2.6586667884721265
2.6865392718273515
2.731269006674303
2.794506153897282
2.7162490250247773
2.7820976128702495
2.7903761331190955
2.804498058347394
2.8504873519336735
2.7523749305018588
2.694113244587462
2.768570766851842
2.721265608280601
2.7869793378683436
2.8051543704598845
2.8083908200008043
2.891214699563384
2.7889971842874113
2.778604763092211
2.7822464842793915
2.8199951226841398
2.842818663764605
2.8806151868586483
2.8182043882442587
2.7937407506006147
2.8231838948769776
2.8593223298786787
2.889659358477269
2.758620495789738
2.7244925947135443
2.7690942888796277
2.775669756985464
2.8821498366098153
2.825654074472699
2.719171041471825
2.6493094825231456
2.6918985827953965
2.7869162827833303
2.771592746322646
2.7291611380799914
2.8110686256750563
2.832397941032038
2.8258044970275216
2.8198921843289844
2.7524999290150935
2.7385186691078687
2.8180252923107147
2.823643361372035
2.7679211042829186
2.7546058719397735
2.6875837460562106
2.721428268051727
2.8384618939633763
2.777764741864673
2.7982151952960805
2.655795364185879
2.773551550865607
2.7093806129900906
2.7782617274660386
2.7956844666323883
2.7465681210525204
2.7206934101402
2.844823034189859
2.8557850586329243
2.8747218042079554
2.891199186325389
2.936406830307203
2.925863666211442
2.9035620858938387
2.897454886153294
2.7788739515124323
2.913925804867813
2.8908778236018304
2.89832547125826
2.931995418243031
2.8924525538865455
2.83860084938675
2.966496469555607
2.8339716834420847
2.76350999388673
2.6839169467970607
2.6794695940721818
2.7839191561020695
2.7697499010349715
2.731940750395642
2.810326084719205
2.764461493994875
2.796581226252862
2.71216492235444
2.7277762965366446
2.7478055230430223
2.7953004435053854
2.9107696537820464
2.94895780086528
2.909381459777543
2.9075427333476886
2.910388772573175
2.8945611544164365
2.8150393109632117
2.8393494854467
2.844607016520502
2.776222867213177
2.8650906300927996
2.8408231836656466
2.9251800234123166
2.944874274967005
2.939414107744841
2.9092314842269937
3.0071266432770623
3.0016016681978313
3.0255852145663873
3.04545868789029
3.027384429245208
2.9385021625722727
3.0332152276103694
2.967195722801632
2.9484486594281867
2.8992413256215537
2.85766553084893
2.8276867921497417
2.841184298470118
2.83669905884666
2.8468353266776565
2.825521286654014
2.7639871688414077
2.72392230439196
2.749507232917007
2.7988445271377502
2.9166813418413917
2.787402073259462
2.8336778648482746
2.717868201247059
2.81061849878356
2.8092401448296322
2.7398496917944177
2.775454719961356
2.7358216728440996
2.723922807492957
2.754256548100574
2.787767321330711
2.8140703274630305
2.757886716961916
2.675189437820781
2.647278150258023
2.7412473120914127
2.7084923842743516
2.78631744859189
2.7528946397380767
2.8203669556835527
2.9407551918842443
2.9035355496886943
2.8526357941841236
2.875174228638678
2.7687860152787165
2.8197181428364675
2.87860306453978
2.9309637950912166
2.8792149192219383
2.8632658122807353
2.8206092941200964
2.7884746071538187
2.9177338478671775
2.8650951012133543
2.875484740982075
2.760043664688669
2.7636991658652987
2.774232629424397
2.792964557764845
2.754228302928735
2.728513908714607
2.720918386320614
2.7758889229786083
2.7335048003740186
2.674030112553113
2.7501016566661662
2.676373262440798
2.699985471016003
2.7263537167307694
2.669483164980651
2.7145981107238937
2.6561637184752627
2.695893247195009
2.7122519672694123
2.771448928076184
2.7323806809928795
2.7261214146478525
2.7757561178031462
2.7561937847055877
2.813284716591893
2.7951028612273974
2.8843483068153035
2.9040216015739935
2.842753284278592
2.7636537680184015
2.7767242115043436
2.8001343468847812
2.6883710083028562
2.734464324397331
2.6609832781774974
2.704238289995738
2.730187511379855
2.7988661798121846
2.7139859535627804
2.6974445295285205
2.7059735007283554
2.7463355624779417
2.8376437475331646
2.8772186058215965
2.851556251192116
2.7520897571359364
2.753658664081883
2.752396880238197
2.7899623236510416
2.739466720559473
2.735766885023861
2.7157245329288444
2.7837495875338636
2.8494448638226237
2.8233081631653625
2.876220225035042
2.792975155443608
2.7607477970460117
2.8618834780567077
2.8880277181815637
2.8905880782151976
2.702094028099081
2.760678273798856
2.7535040986367396
2.762362078041738
2.8326459901339027
2.8543729294153835
2.728985588878843
2.7990778525219344
2.8056788065229497
2.72841833397572
2.778884873108521
2.8111501512006116
2.758685981671312
2.7338397640589567
2.746519179959584
2.744181848504684
2.797004336623052
2.766002251577477
2.7809603543064427
2.874541861871345
2.889115258452869
2.8915136780765205
2.8413805076122043
2.75408940193629
2.8310444848164042
2.829494764456502
2.83359708509744
2.8329991720554224
2.8443667769375964
2.914533299377636
2.9522846030912455
2.8966527826012074
2.8471635996360476
2.883731302812687
2.8280861759478286
2.8858842407415133
2.8567449126346047
2.8297361532524965
2.8986290976965456
2.8972817912290925
2.9200719690942507
2.889205229315596
2.9456207960976135
2.890084758736932
2.946039911180154
2.888530064962112
2.881875953218388
2.840084240006745
2.8280463471684527
2.865650480239189
2.8128298130824225
2.9402796810837524
2.8810181281805955
2.7518072733558956
2.680291789963477
2.6264564875611636
2.7335452614879903
2.7713927447642757
2.7479256242314123
2.8252995298950014
2.768448502114826
2.6704460521694915
2.764495492658525
2.693473131174125
2.6914305121604767
2.721986945205461
2.7619388196575887
2.8107016354276944
2.751930871846597
2.7302927251353464
2.777788567673247
2.802428720446232
2.7751788063590532
2.748138424275587
2.6500594530507593
2.654173002977026
2.719941300391066
2.6738601859741795
2.718279227665397
2.831934038551516
2.8073969666106886
2.7541789731093234
2.717516676488918
2.849105503655234
2.8873267927659527
2.8554945460708083
2.8817451039659074
2.8272794637749743
2.813715389538294
2.8790143367017307
2.865867026274295
2.8352861251598243
2.791064161221711
2.785673725308612
2.8176961762273187
2.918552489215851
2.9559621021941362
2.9174653596993574
2.9087413175739365
2.83069265150186
2.918683645723832
2.94962461631542
2.891164480270334
2.822998112659669
2.875828157251766
2.853973168942847
2.914944277353679
2.9611529545849256
2.9862955235363224
3.0265180648731573
3.0122359511173036
3.019157268117951
2.9452538001607644
2.777287240904118
2.801283119956692
2.728972253811127
2.830381058166289
2.7426882566829547
2.7270783440232687
2.7835486583579514
2.7077535086813693
2.7216608000788876
2.7490391298170604
2.8012759733008674
2.7962745781479192
2.7850299906694542
2.7181347735694437
2.7198030547654812
2.7244350684172405
2.6777165515513563
2.789159189141359
2.780069032082169
2.825445871439579
2.8331708496408683
2.9101546230055817
2.8443291685107135
2.830323300677231
2.828149949628299
2.832072778177383
2.932119264317428
2.9171133532429656
2.8786274550265363
2.9176115787362105
2.8119865040019283
2.711149782118273
2.8059543231769917
2.812592124277901
2.8002940828427842
2.760177495738018
2.8751749621718217
2.793851407092112
2.7983201323135165
2.757461531445995
2.71879040115166
2.7707281154399976
2.7752682003981346
2.774574080975847
2.803748019016766
2.721225674002397
2.7954774367473236
2.751381713461565
2.7316326279855225
2.781835881423487
2.7963012883637344
2.8066588760237057
2.8592381377043328
2.8864325664791193
2.7925411934109268
2.75179419173036
2.793843815554781
2.8435399347596846
2.9108779887699026
2.9445535654044432
2.929506842505738
2.870300244160563
2.9504897449642034
2.880590052302581
2.7809860567917415
2.7574334955157798
2.7917754754631634
2.722447282062056
2.813309961530901
2.7555606095862726
2.8743007876482314
2.8205773731306536
2.8394758922279553
2.842033376829681
2.8863006983290087
2.852488983043168
2.9156169978205844
2.870689193872453
2.973943717997734
2.900986058422813
3.057889291040809
2.856505335245
2.8780385836124367
2.8327712773911333
2.7701934276988247
2.760956940624407
2.8247326933621695
2.771456814181761
2.7666796983488324
2.779318451469473
2.783390987966742
2.7331767853361546
2.672136421227617
2.769432753195209
2.771164549918205
2.738504703414267
2.8411372476824193
2.8133511179918558
2.8300884548808716
2.8309658308716656
2.8001813683153625
2.841638394965534
2.864860401723754
2.9135939590018323
2.7661952131374115
2.8411271354185383
2.908623254127397
2.925260469799646
2.886202225879553
2.9458458853608533
2.839388763912257
2.811996496405667
2.8475025550447457
2.865066285553191
3.0143078304579087
2.971179647946903
2.8859453898508276
2.844312043651867
2.9003357422227154
2.9141419575046985
2.8483471091702546
2.92091817031824
2.868036609555687
2.7567088113276674
2.701985398222664
2.69356560355376
2.7094742638304345
2.6077408857592594
2.7622245343814917
2.7658305038419178
2.8121220882747746
2.770384160718647
2.8466368149948735
2.872958932722422
2.8896473878949225
2.826834859659425
2.803183474551455
2.773693461470212
2.8235056740477154
2.801836550909097
2.7868639832687103
2.796128835647606
2.7407697509608386
2.8111427008839605
2.9607860506898276
2.8867505924607064
2.9090092153840414
2.8882895644537796
2.8507425339746235
2.883593611866223
2.8936825843739857
2.9835611723529327
2.9140649635499085
2.9264115840436244
2.835822826379432
2.7413735895937186
2.8000017522381224
2.786676744558437
2.809670024118527
2.953483612688825
2.9066018301301533
2.8398185918239283
2.875026554074229
2.897557395157721
2.978393763791682
2.930080354077873
2.9322763042030067
2.929666218136944
2.890454959866565
2.9190801645681237
2.9882177897772477
2.9452466983099446
2.993777520593489
2.963693515270815
3.0048159457633767
2.9572035886014807
2.8686567590820036
2.8336544893084366
2.8773612556164965
2.9073852368367796
2.8727834440976348
2.9057343186136455
2.9495779562217175
2.96690142690834
2.9652423056943396
2.8030133482556066
2.871519832841433
2.908700408320035
2.9069003516377787
2.936915431113117
2.865903629884326
2.8781688495479356
2.9596736281016547
2.9023449073359355
2.898346770125057
2.841867044538865
2.8452825548797698
2.9365855106490635
2.9210609904155773
2.9630715538500962
2.981142992111653
2.9299168050429976
2.9359732797570253
2.984314533365973
2.9641900568352173
2.9094552397322824
2.858100806119673
2.7458880257579232
2.781638630488511
2.7453679099839836
2.7776683061311376
2.7966647905379705
2.8141192789013463
2.8867235729358134
2.7571609520463967
2.769576225135694
2.907407285643005
2.8944275102874535
2.903563177856472
2.9119057427245747
2.999444601254712
3.0234454152511323
3.0238016210583307
2.9281489092273367
2.962697088034578
2.934221082564867
2.7813462467678303
2.7378331229152764
2.7893735512341657
2.8490542146674502
2.7761815035754047
2.82462956621498
2.868600822202917
2.8881353143129416
2.8798422939765054
2.820509692303156
2.8939196511391394
2.8492009595195418
2.858698096668669
2.777568630421377
2.746447467327959
2.713183852374014
2.6570013543052013
2.7183097835733716
2.749174164062773
2.8048947075863437
2.8265186973471765
2.8667197970211475
2.739454540235514
2.8541234644726567
2.8851762871631808
2.758932271454133
2.7751967720224053
2.7184046928255063
2.8257457149740985
2.7685921881067124
2.7675971092383858
2.702495097880428
2.696657422579033
2.727836934368412
2.8035531701163343
2.7876829154781255
2.7808532125142458
2.8308116054937735
2.8311578874667083
2.848694654737483
2.684282374509675
2.7195008818366766
2.729190283802371
2.7328581007085515
2.704517385783493
