-3.996695279530005
-3.9200364010922506
-4.023406105201189
-3.8204959743923306
-4.016415847199306
-4.0053059384239384
-4.026404028064188
-3.9061012104445063
-4.014149467529627
-3.9892447672308196
-4.057946170951239
-4.056100599788349
-3.9099727376763207
-4.025502125139601
-3.8820513179549323
-4.015080064099166
-4.036113687978749
-4.096279879967572
-4.0136851464495615
-3.9109587735394618
-3.936910153089891
-3.9693926692477772
-3.9946154264568405
-3.7893310865530054
-3.9485054282172123
-4.121294001122214
-4.074692848084735
-4.006272136819906
-3.867789840434507
-3.9958486364042543
-3.9831338866138
-3.965239972592677
-4.062100268512342
-3.9588132763696597
-3.8332278674569165
-4.148925874537965
-4.039177833104572
-4.054586794184234
-4.001838885894604
-4.061880201741662
-4.176404388003178
-3.954809527466026
-3.921590952227823
-3.953197088653954
-4.078633687362884
-4.027243785864123
-3.8051802213961303
-3.925802328131672
-4.001632226057206
-3.9033500653043465
-3.988590032871169
-3.9449905920786947
-4.002312212861202
-4.053268043278296
-4.062904715184132
-3.894371554888728
-4.100460268371167
-3.7295494982894133
-3.739790177250907
-4.027856322841759
-4.055935451147672
-3.95171157966883
-3.963513510533947
-3.964110092239176
-4.083267608321713
-4.075295462666348
-4.139860222082769
-3.86205318974332
-3.9870084726916577
-4.005009418566809
-4.013219217610466
-3.9244752141408803
-4.092216938315171
-4.02457471326867
-3.9910971842061778
-3.874483536889487
-4.009745571622553
-3.8407483469849226
-4.060830863825054
-3.984482201075494
-3.9885492358926715
-4.079457311480815
-3.9977754280360625
-4.012615355168516
-3.9179783258669674
-3.855586939254799
-4.030959631665878
-4.007777840954005
-3.9285319026069065
-3.9067529929335847
-3.770266333591535
-3.834591958068617
-3.9804728020627467
-4.072852319709152
-4.0090922950614125
-4.058153584342597
-3.8701532848101694
-4.035777545791708
-3.9335113235597547
-4.098079141791565
-3.905676698622926
-4.087917113078627
-3.9351660726901327
-3.947380590102883
-4.027294714398352
-3.920051401496386
-4.034185441899659
-4.019742494825337
-3.9290801491148213
-4.13791092641236
-3.7099377305317827
-3.950318874465014
-3.7875713019329975
-3.9862547712149254
-4.067338404577827
-3.9146923844291646
-3.9060703732402615
-4.033061009545016
-3.9116140194752074
-4.070887319527035
-3.949224799663952
-4.0553170486460335
-3.9056700100096196
-4.047819574109724
-4.029099655824809
-3.9362770123790387
-4.01027445580143
-3.9065330506958746
-3.9159333098926252
-3.9663683854437393
-3.8839845097688914
-4.130812488299143
-3.886794305441201
-4.004981031754668
-3.9601292626400086
-3.938081750047295
-4.027889236994268
-3.9115910013491675
-3.9985180051772544
-3.9147642005586762
-4.035292278745604
-3.9626369315387078
-3.9741470255565985
-3.935306733157438
-3.9539545135564866
-3.915039383723758
-3.8496925818560244
-3.9959810737954626
-4.050293743996009
-3.967703719854143
-4.049263201677611
-4.067200467123059
-3.940876767771428
-3.962486015652649
-3.9803830714973705
-3.993340821460613
-3.794032436057175
-3.912445168780064
-4.114014914791482
-3.9299323891377616
-3.910927931748406
-4.029185350074188
-3.931855620380313
-3.9418193517271924
-3.7488287180606426
-4.07017570883915
-3.95967436118967
-3.994211264224243
-3.972676229094167
-3.995045998669451
-3.947992347526541
-4.0568610979164035
-3.9125612834433046
-3.9508337076296
-3.9712260312436216
-3.940388098982279
-3.952203364971491
-3.925205864519252
-3.9404049968693835
-3.8206235082998994
-3.9570613777741217
-3.9828442710419383
-3.944286165779679
-4.06306068963054
-3.8447501681730634
-4.038353630620368
-3.9638979286568
-3.8534676558345358
-3.961760135623939
-4.031620496715429
-4.112206764019147
-3.94392734436201
-4.070139552864219
-3.982998087430589
-3.9519187792397013
-3.959901776057203
-3.9712744851175397
-3.9744237988523112
-4.049384690999899
-4.077527263423801
-3.8430371444868427
-4.025731886236111
-3.893841049391778
-3.9013568699166212
-4.081976930023213
-4.077657732098566
-4.079977913267438
-4.045111910116538
-4.111027388151431
-3.9933162214392413
-4.009111023531351
-3.980560844845314
-3.896188114192632
-4.0607735638649745
-4.017143800482338
-3.9040007679152544
-4.008197718987441
-4.0640149393753
-4.027623898335556
-4.0433061537638455
-3.9095434214130704
-4.0247827522553346
-4.0068777175421895
-4.035529606153213
-3.986159854650449
-3.9828070360203074
-3.9608137682121285
-4.035105506396517
-3.8806215171368277
-3.9616038881709597
-4.0831114946557685
-3.9039786206407
-3.8863777186717794
-4.087116110996798
-4.029495459063467
-3.988734216150149
-4.029415828173955
-3.9379526487798673
-4.014103668374362
-3.9591756927478667
-3.9388181724738804
-4.023458491893049
-3.98604889386833
-3.980142774524394
-3.996874771421005
-4.035492419086248
-4.052040602615136
-4.07664654497061
-4.074775361593591
-3.9726092121742616
-3.8795600678762137
-4.005992328967905
-3.9275399793151657
-4.047703707343191
-3.9101300827310372
-4.045759334195347
-4.042238423752834
-4.045885978257594
-3.7594622745748763
-3.8233681565718447
-3.9973281142767148
-3.850089680141704
-3.9758249888498605
-4.053100453796658
-3.9760367878279808
-3.8725421019590303
-4.008533579421725
-3.8648293862340717
-4.053292972492161
-3.896549246454458
-4.085249428761809
-3.944045070124167
-3.9653958491528343
-3.9154037255529106
-3.9636343309349664
-3.921682383811117
-3.926857863357287
-4.05490404654628
-4.071893376320038
-4.051648866922001
-3.96213696876932
-4.053316909181481
-3.950009321522386
-3.9822828382967654
-4.011813132621988
-3.9541361011588707
-3.977031521421344
-4.03669894790116
-4.011751684772866
-4.060957444430732
-3.9563464505082506
-3.955344826299566
-3.9514041539375837
-3.934001499069655
-3.90536372016587
-4.064985398173994
-3.7188429376653893
-3.8660336769860693
-3.9052938185720096
-4.03790191054223
-3.8198724007693188
-4.039664640717972
-3.9689556664375303
-3.9653632636745986
-3.8656619643818573
-3.9562989538483078
-3.9688926031389093
-3.9923929477184905
-3.85815639437659
-4.0168945856851686
-3.937854520824804
-3.998132760132585
-4.061091926752602
-4.063978428074303
-3.998179055600616
-3.9153389206420117
-3.9454918081661816
-3.927361185849347
-4.003667457742637
-4.0996718717089475
-4.040899932989475
-4.01671352866206
-4.035968728644192
-3.811559947840536
-4.078269028337712
-4.004011594757608
-4.0031988039985364
-3.9838837871417536
-4.013850613373179
-3.9703732706591564
-3.8320576066305847
-3.899820271401677
-3.9988639458863897
-4.0558579947846445
-3.9060707369974397
-3.997112659359681
-3.908730650779712
-4.01700699500995
-3.9800735590641
-4.009112345940446
-4.002529436006865
-3.9418547964580597
-4.0993849759530745
-3.984099714648068
-3.960547797895706
-3.9387601048716387
-3.9798475216638587
-3.9259121730701447
-4.069489360742127
-3.911012955936157
-4.013180927984311
-4.038724724785506
-4.027520324563852
-3.9000158025859566
-3.854060549846892
-3.9370640514415007
-3.9029636091732307
-3.8071200834997954
-3.9823624403822535
-3.998424388579511
-3.950524106639742
-4.0076051811916935
-4.0508845656235275
-3.966936337447091
-3.900235274588315
-4.016389011868524
-3.9988137120506906
-4.055536131402202
-4.0401749586456575
-3.9698058583855125
-4.02289102309676
-3.921371220026258
-4.011985376479612
-3.9106076356369313
-3.8752851105054003
-3.8788342354933247
-3.9894357788989376
-3.937831375245924
-3.8700548406119015
-4.072257408486643
-3.8534353981490006
-4.021719042426071
-3.9164268587240882
-3.8811490478824027
-3.7327654608307936
-3.8220534065557463
-4.087946845870006
-3.9479895126241487
-3.9652857630415723
-3.9938232488489787
-4.027644123168398
-3.9349226257934857
-3.9799186170065766
-4.045990747910986
-4.085153568428714
-4.01786691278244
-4.016742663647546
-4.034444096966314
-4.012744970242651
-3.994507975286417
-3.960471153780943
-3.879524625313553
-4.027964260799735
-4.095796662944783
-3.8856409732866606
-4.107203689553886
-3.9623747238026557
-4.0503129066092445
-3.897119305101128
-3.999944197724263
-3.9682733336005436
-3.91625196424805
-3.972896844455541
-3.9234800737240048
-3.9942564347650378
-3.99794897765042
-4.106369060003372
-3.8985483463163315
-3.8989382128929444
-4.0444984718966905
-4.099479332158085
-4.002228877792111
-4.099004767383967
-4.079320152232839
-3.671918640362672
-3.967821205789927
-4.0806733127289085
-4.0421537260018745
-3.9753031681736544
-3.970938613917062
-4.011593232467174
-3.9483350903809145
-3.8753576826542817
-4.020876078509413
-3.9182822761036444
-4.049742855060282
-3.9832144277988344
-4.024051136237802
-3.9862991983589087
-3.96134700402963
-4.035354970027913
-4.072725328748284
-3.7923930958057035
-4.040407512980925
-3.8532327407349776
-3.9396639525625425
-3.9595095391217074
-4.024961833620344
-4.027857204020834
-4.06873838690928
-4.025809392164945
-3.9707033474530813
-4.051617547044286
-3.9726471448547356
-3.963775051595338
-3.9903427012511776
-3.9808316528744
-3.9060772020371797
-4.103480945198925
-4.108069672549816
-4.029103368287547
-3.975557039178561
-4.039683869603891
-3.992343728166773
-4.170561223303623
-3.875707449143029
-4.0447305936313045
-4.048304455784383
-3.9412732677645597
-4.077684311134041
-4.0462022076103965
-3.9522796314209883
-3.8709037837030182
-4.011511027162851
-3.969034962136212
-3.874906283436367
-3.966700861697869
-3.9193721675733157
-4.060784243888115
-4.004367379982503
-3.986020564312144
-3.9956952027297907
-4.006165508323963
-4.113670951752905
-4.019042730195905
-4.027268679015085
-3.9981121196545457
-3.9702246801367984
-3.962512935527486
-3.9849548235523007
-3.981152807435799
-4.004676047558162
-3.999486265766877
-3.8504233060589454
-4.066875341814234
-3.7992864929043373
-4.025071152561113
-3.832569691516138
-4.005520221060698
-4.026664614795394
-4.044675177902116
-3.8730777745763976
-4.070411923811192
-3.946717638845069
-4.0560700620636405
-3.9165955594652218
-3.8668575108098233
-3.87945731663375
-4.005860569624504
-3.9560366920291226
-4.031920608721672
-3.8725566597205074
-3.8654539031931403
-4.023361833172036
-3.9495542579086167
-4.072140823772603
-3.9840633241150174
-3.780315321908926
-3.9693570102490177
-3.951874664079439
-4.021771699448529
-3.946691206624136
-3.9955651832535546
-4.095170146741831
-4.008145217036911
-3.95163134243452
-3.978633208875919
-4.0762297793879245
-4.028506147170368
-3.9504526026670885
-4.025367101872934
-3.9982109984938776
-3.9960361768192243
-4.04087333714408
-3.9360545504992204
-3.9364672765442177
-4.020761669869554
-3.938383474604482
-3.8981350976107803
-3.961357869713931
-3.8110637311010294
-4.059613532155632
-3.850899037454654
-3.895135778365549
-4.042871566389398
-4.055803227116229
-3.978489281309165
-3.952604358960844
-3.9392180717949197
-4.100096316257227
-3.975585048211073
-4.037053904059885
-4.000725977262317
-4.015630701795173
-3.963415116322276
-4.048524061617237
-3.7314413064102965
-4.0654892476292215
-4.023713391371016
-4.069804317199321
-4.002466197136696
-3.9512866375087903
-4.021469377211472
-3.9859366063705637
-3.9525943915034043
-3.989884200629466
-4.027937045676811
-4.041160952537555
-3.993808447733781
-4.0315226757262606
-3.9173039691617015
-3.9280747999638557
-3.960130189161746
-4.052115897821496
-3.813070403520479
-4.0591115203788535
-3.990028361191664
-4.037185662436566
-4.022593074385585
-4.010893280349856
-4.0390713382547085
-4.067686597930637
-4.020037584857252
-3.9717942370302284
-3.893286958057358
-4.01359396734403
-3.9839474215671857
-3.9519500052525247
-3.9857648184201633
-4.01432405378019
-4.087088169219548
-3.9866093621263534
-4.067311159673223
-3.810053519973278
-3.847830584451573
-4.106231278882472
-3.829301174868811
-3.991342996125622
-4.083735678597428
-3.8171692471595544
-3.981083045412075
-3.9999897813806657
-3.8345358719259464
-3.948453706499664
-3.994117158646824
-3.9774337657783017
-4.032951873734723
-4.012546353088108
-3.8710855624092946
-3.961700778587435
-3.938121844284044
-3.939023994030353
-4.108415167637432
-3.967662226290924
-3.9074688923239793
-3.945757750188986
-3.879357191244831
-3.949725146516146
-4.033921106093985
-3.992177058953233
-3.9985766198776376
-4.101378199968803
-4.038272510882852
-3.811659749024625
-3.9888457543951654
-3.9957419090457376
-4.01971546146004
-3.783034438160022
-3.9413421321877484
-4.062004384893408
-4.0353739942477524
-4.063807000740986
-3.967281922806581
-4.016350715325156
-4.001523506434938
-4.065058463752156
-3.9308857087780056
-3.950781235254984
-3.9892657441774846
-4.029222672458737
-4.11383676902366
-3.9403045010582445
-4.005061468229184
-4.026713760772117
-3.9804314217445476
-4.08886091987206
-3.763473263735256
-4.0681366467170355
-3.882770496161736
-4.089854479696653
-4.041786856426856
-3.9709415288899472
-4.137973898588343
-3.8498043032054245
-3.9641804420487023
-3.899774050908743
-3.9657808927068006
-3.839468369158671
-3.841841021198375
-4.119534954215441
-3.7950821075349355
-4.00853897958994
-3.886403603910092
-4.060022402470922
-3.978703954738563
-4.088663393784314
-4.0685972995129935
-3.9447667525243073
-3.9525166829433176
-4.027018941920756
-4.002019676346635
-4.021758133083214
-4.012294657958302
-4.04434841492933
-3.9452655826015177
-3.9566930031606424
-3.854523215512226
-4.069049218450661
-3.9264693771505357
-3.899767317655423
-3.9610623575059547
-4.081046747039606
-4.025525216268507
-4.059908767973753
-3.977678841746562
-4.074315996809908
-4.0916597653846765
-3.8999761189287305
-4.056676418247264
-3.97819023718922
-4.109943068361826
-3.8487147169793
-4.111936700602586
-3.993180524284595
-3.982731843410579
-4.1179187110553865
-4.133885171028347
-4.0308873313055615
-4.075793603353982
-4.018301517638316
-3.829234793495873
-4.0278616969206675
-3.973854221323445
-4.049776398403844
-4.066958472193335
-3.9912018711279407
-4.051189483301321
-3.9038939668349792
-4.0232496685633965
-4.045264756137658
-3.852469785729506
-3.9746052199508477
-3.986277354392384
-3.793014936772131
-3.9316714921784093
-3.889572200711427
-4.018933545997585
-3.7735228268509715
-4.0616589975641
-3.9854355781196142
-4.029709088847243
-3.9163711575383133
-3.7666272024294463
-3.914336241830452
-3.8812581347904604
-4.03622186957408
-3.9749373566179864
-3.9917528212780824
-3.8019278857759136
-3.9773079987481994
-3.9724665516580226
-4.026484657029048
-3.8571372426395003
-3.8948269349446485
-3.890619798823813
-3.8943619278074646
-3.988334329754801
-3.9987692011248814
-4.040774102077029
-4.002978358268785
-3.9311398723666233
-3.956034152913548
-4.07471035367499
-3.957391594590427
-3.9601936311183663
-3.833421008573548
-4.099096920093697
-3.9431763197435874
-3.9602780243367146
-3.8759601309921616
-4.016135866931328
-3.9482802421634258
-3.9133734535973783
-3.9689352347797486
-4.09942173061941
-3.945552613103046
-4.017122200601509
-3.960476242952574
-3.850606077839403
-4.0088256189037805
-3.9362410506184733
-3.931580431940833
-3.973389048632237
-4.099452337574371
-3.9002470213451286
-4.048403954685895
-3.7854884935731685
-4.082296490064332
-3.9935801354633425
-3.8396906451419506
-3.9579230212904775
-4.0599851668746325
-3.934338797391044
-4.084596208721632
-3.9712950012710366
-3.8542688270665093
-3.9761948728961425
-3.9690844627838633
-4.031580853683759
-4.025503329832518
-3.9083480059908724
-4.033586926097706
-3.9593741685624604
-3.9849254969192676
-3.896131255156414
-3.982027387549408
-3.82875074972261
-4.104535117070618
-4.070823215220766
-3.9145704662160687
-4.0028727901573244
-3.965981014020289
-4.0628755954231
-3.9900408705136234
-3.906466104044027
-3.973603510751752
-3.9378541623824383
-3.9613923430513776
-4.0533150051428795
-3.9800966155132214
-4.007443019885624
-3.973249619883556
-4.04756312339039
-4.039063014069558
-3.9609002646874742
-3.9654681549259534
-3.941745750728264
-4.008544500378913
-3.903877761473116
-4.0006455451894105
-3.990682700617743
-4.0584063462439595
-3.8286005436068145
-4.035515413999703
-3.888572351708972
-3.871570920066294
-3.9934672589667732
-3.896243787701457
-3.977599022127804
-3.931013400072243
-4.03914916465143
-3.902747744471428
-3.8950748806690285
-4.022020228590236
-4.068308789724755
-3.98966112646549
-4.074433825188879
-3.9850904751534855
-3.9371199842135067
-3.9248664547998997
-3.978852856964086
-3.8098009784848057
-3.761978467496407
-4.0212906939226665
-3.8288776621740577
-4.089266801447154
-4.061326339225041
-4.0149147850084335
-3.7944950740045518
-3.8939802756927087
-3.8099185704696055
-3.983801282068876
-4.025621027700317
-3.9690275798748273
-3.9960317313403344
-3.929042311308608
-4.082413862409677
-4.015261743726691
-3.8392450747109037
-3.8736045213186476
-3.9882256685503146
-3.892264817838987
-3.9041943710534097
-4.020645297667889
-4.060575627010711
-4.0322641695222
-3.9096615657439107
-3.9682827547791564
-3.970409485086959
-4.120114269397222
-3.8457825979842335
-3.8859074778045493
-4.031345267751795
-4.013773880351037
-4.0254464880457155
-4.021851688675374
-3.984601816992732
-4.147408700051831
-4.1243449692556
-3.991209556553801
-4.0571758827687
-3.978905874708316
-3.8766478129856656
-3.936759886567746
-4.070589378286687
-3.947859279393589
-4.040598911879502
-3.918526137329045
-4.113857988209625
-3.896490260175328
-3.9782703924946348
-4.050836642339915
-4.048046243040813
-4.006471631167758
-4.08777218004269
-4.089292756216302
-4.047624066359745
-4.115928313832861
-3.9413326758538525
-4.012013216164084
-3.9632471566496448
-3.9446725991736176
-4.011460878996231
-4.0279983621039115
-3.8745163979276414
-3.9378525241178313
-3.918116222452656
-4.093852160824211
-4.115378069531924
-3.9270147084692244
-4.078746415116681
-3.9382788816503105
-4.0302124128244525
-4.048632173058342
-4.074430068469997
-3.8753421514847717
-3.9875740572646015
-4.10452033824192
-3.986837194551602
-3.9800432184023737
-4.057680407187513
-4.0168121052216215
-4.0506341765798055
-4.0193375207411215
-3.9473394906622508
-4.042050016346343
-3.9426621239010036
-3.944367450634113
-3.9370604765155996
-4.063372037652689
-3.970264437821864
-4.0214687658338475
-4.061133953656719
-4.000886348547743
-3.9241172081481395
-4.0250797908763944
-3.861707799464608
-3.995119780837073
-3.95160986215011
-3.936593561703053
-4.014751007259111
-3.9805683761528625
-3.995341168357302
-3.93703247008789
-4.037732039331932
-4.054776162973254
-4.035576475022251
-3.9259254667399293
-4.053912184266199
-3.915420128034059
-4.021641915973092
-4.037956085767876
-3.910619050712791
-3.933708290733316
-3.9176718531529784
-3.8866503118867564
-3.99050309902971
-3.9741750510468994
-4.05015614145196
-4.109824021889087
-3.979357968156074
-3.878418877254359
-4.1338123558668105
-4.016754606903095
-4.11255778054873
-3.9990345907980567
-3.983190152019497
-4.023653294511816
-4.0264555158708735
-4.019896421311644
-3.8827134322587207
-3.965841419023098
-3.933847765219464
-3.918087137868856
-3.95464507447925
-3.909079076835077
-3.967063633316001
-4.024573567008954
-4.023955368489742
-3.9980264181251783
-4.092136017034943
-3.952354082379003
-3.9019121783279305
-3.983145003449902
-4.047910471875377
-3.837482398749241
-3.9849728497364048
-4.006834117706352
-3.917629575775076
-3.9851498050626333
-4.069477327041478
-3.8980964602054855
-4.020709583532719
-4.077975691017603
-3.8100525949964594
-3.9888668248245773
-4.026083913223266
-3.9955099520136557
-4.014754039359103
-3.984951775309476
-3.9594221265921448
-3.9509653271130905
-4.040383050196746
-3.8914911936842036
-3.960970622536349
-3.873622476093853
-3.842473082923638
-4.0281727599686645
-3.9315118611803554
-4.082520516010216
-4.065873865181504
-4.051262165732572
-3.9231637331613665
-3.986672953790603
-3.9119487423544186
-4.019725316513106
-4.085765357082655
-3.869595826313109
-4.006804943498812
-4.107724363572865
-4.103755544229979
-4.00896404860802
-3.9834927733622325
-4.078086610323983
-3.9699297640524747
-4.10476866064349
-3.975299581529217
-4.031552526423584
-3.9171268040297806
-3.956760124520698
-3.902300433634844
-3.837875954946586
-3.7803005402572563
-3.8333885007861594
-4.002068399504611
-3.98218757631019
-3.9577152544117653
-4.0292846809387015
-3.8935829750181483
-4.077457740495627
-4.073043723764222
-3.9404042061677504
-3.9175360279083895
-4.081423789691323
-3.941661407291455
-3.8633469288232574
-3.8222210259897005
-3.922532228877782
-4.039561013445844
-3.9098745617502004
-4.136545765873228
-4.00099617871596
-3.9605889646696473
-3.9349852328246326
-4.067924489015449
-3.9963540378608453
-4.009635303847527
-4.0648181637974075
-4.012091469824058
-3.9860853383441524
-3.9421535269864445
-3.9936256680147784
-3.9187643611500214
-4.095994081000827
-4.106985087498981
-3.9099567824951773
-3.939673817662978
-3.801747710534819
-3.9647146561411373
-3.96456635716453
-3.9970630705094155
-3.9867534614516735
-3.9469631995362815
-4.080249448707341
-4.010479547360974
-3.976031276276635
-4.083619837447086
-3.7733593966922725
-4.100373045420489
-4.091235378403867
-4.085987612161001
-3.9302597777709694
-4.060944064391985
-4.010360729227134
-3.9452498989663884
-3.9541898734375525
-3.855123387831769
-4.073000050650077
-4.048722198782225
-4.05796467914375
-3.890104567592346
-4.02455980261497
-4.1087401984945515
-3.915600672162194
-4.00972601845739
-3.8854807784011816
-4.0207631755589395
-4.175551047584659
-4.0834385771721005
-4.076557303438992
-3.810137829312199
-3.9458934931086347
-3.916217898557119
-4.018146398766006
-4.083391535923844
-4.1454242318851815
-4.062880406278431
-3.8985777330325826
-4.075459594998517
-3.9166306905504604
-3.9665411056089495
-3.8908165926509
-3.9484300437845725
-3.9147841766797606
-3.8742725339323605
-3.9133423766837665
-4.062297995036055
-3.948446407432624
-3.9237435277668236
-3.941266063816085
-3.9116409474659086
-4.036932196115756
-3.9639262267731157
-4.014565394903604
-3.996739936216831
-3.9407493787838233
-4.0098139059863795
-3.940556935088777
-4.085504702205771
-4.0294201922315604
-3.9848559831749846
-4.10778894945501
-3.9125123641154524
-4.001166619741556
-3.760793252998006
-3.971082728709315
-3.932312667542073
-3.909974998176491
-3.878249962691546
-4.01317177286516
-4.043910003393368
-3.875565950515501
-3.8513642318122994
-3.95918244745837
-4.006859493035582
-4.015588414411113
-4.087733248070888
-3.943856717991003
-4.0508916772534
-3.966540783852018
-3.992570864468288
-3.877573844727281
-3.78504478196919
-4.098500859558389
-3.870941016024185
-3.8802491579414156
-3.8419754155645625
-3.9135882500778854
-3.903056267288916
-3.9858150768946015
-3.953761887634159
-3.9474212171806244
-3.97600921245722
-3.9275501185024346
-3.8951347563745835
-3.9591507788284606
-4.016404557564218
-3.90106324103497
-3.9367284030368523
-4.022349365905595
-3.850334375304694
-4.0095307116913155
-3.993811627315657
-3.988424835510738
-3.938428993852863
-3.9774474461694314
-3.970466711329115
-3.988543402986632
-3.8878558760500534
-3.922784908787035
-3.9111202529239177
-4.0372928376483435
-4.025290737006079
-4.027461261196782
-4.083103717227919
-3.9912496215918676
-4.120276530923903
-4.023065109932361
-4.074194889202847
-3.7868864096091612
-4.083894828038565
-4.113397760570957
-3.9251751337704825
-3.949122037131556
-3.9464355674635883
-3.9865124016803746
-3.896693586829164
-3.822861135319963
-3.856820168352452
-4.05096114269778
-3.9737675331980093
-3.951275163000176
-4.052275444973308
-4.088341351382518
-4.032951869409137
-3.8809015054609004
-3.9915004703741195
-3.992323696072362
-3.921902070574303
-3.9523121339030203
-3.939373083466572
-4.021526602484099
-4.025611277443855
-3.997803789669465
-3.9590460094116304
-4.085240552575035
-3.9903694758441732
-3.8539446126860195
-3.936171139440435
-3.992169218725913
-4.000551852189249
-4.0262369240672164
-3.9910276985936473
-3.8590693785011814
-4.021841337593049
-4.051981045585388
-4.031010354043918
-3.6478637856309857
-3.950717622895797
-3.995261961861288
-3.955173544103813
-3.8738037716324683
-4.139668350580694
-4.073916397950004
-4.021843864544051
-3.9617957145702034
-3.907992242207682
-4.072450761968589
-3.8942429427568324
-3.924630611751227
-3.985204057100946
-3.9422782553557285
-4.004437817244675
-4.053865520249575
-3.915700646199569
-3.993564690014546
-4.029828900717623
-3.9285160743976437
-4.077880590204045
-3.9089451389215633
-3.9436629971130714
-4.017809128714308
-3.9087342989669986
-3.8148758634474906
-4.015246823441529
-3.8671161986905043
-4.045988775724451
-3.99048167908253
-3.853880351666942
-4.050115522270432
-3.9378974522588033
-3.9564073237071797
-3.942286223288476
-4.084055877096185
-3.889910450707653
-4.05054574324088
-3.9596374252296793
-4.1271972482867305
-4.010732202457611
-4.061691953380362
-3.8935683149800604
-4.0591897407318
-3.845712363043489
-3.9920339727978447
-3.965273156532888
-3.902274550068044
-3.9431972963467334
-4.025191746561738
-3.8900930678504646
-3.9651577291150994
-3.9796419179091393
-4.019345029888712
-4.017841404673473
-3.9886611909200402
-3.804313515525349
-3.9850140342299523
-4.060362969282585
-4.061567754010646
-3.87378941126356
-4.050198083801511
-3.997878919788059
-3.9382439946267755
-4.069375660774329
-4.022075642313799
-3.823370567944943
-4.087350786918071
-4.020681462231643
-3.9894648634087684
-3.993305000528368
-4.109032629840101
-3.945265573065056
-3.9688689237522796
-4.03472504939871
-4.031024220385498
-3.97834486193901
-3.970520725078785
-3.996053215035438
-4.07669018927815
-3.9636457187335403
-4.065274070328826
-4.117794626994938
-4.104075804804118
-3.9031403783200695
-3.977877830358256
-4.057561740722535
-4.091456578490132
-4.070385663960582
-3.9858188109869586
-3.894790894028554
-4.084311584089338
-4.09791606864815
-3.8991397081349475
-3.9127995009461634
-3.8770051074132112
-3.9878834953398066
-4.016692816636814
-4.02678896671004
-4.123865635299039
-4.063657605435171
-4.097700685828823
-4.040735032990717
-4.043425874992572
-3.9016032139155534
-4.000643907171193
-3.9963864937975924
-4.049182332197256
-3.9618006589099695
-3.9709727495461755
-4.035333373453008
-3.965866357821109
-3.9825233852662363
-3.932850266201161
-4.006861895050788
-4.105414149236533
-3.9886064635390297
-3.9860077647560868
-4.064934822637594
-3.8610234862016926
-3.973290872096157
-4.009837568802797
-3.7663632341482303
-3.9764974752955555
-3.9959726670468703
-3.96102338544196
-4.119505010958844
-3.970144040916997
-4.027189069027054
-4.01669471278395
-3.8459029282337203
-4.006096422408046
-3.9928909496464273
-4.047948961522662
-3.986290341603629
-3.8934789237884617
-3.966212391986615
-3.865116614568008
-3.9574693908651355
-3.988737625309998
-3.9744511246225867
-4.051811179863873
-4.131500341857941
-3.9546662626811875
-4.08469068992977
-3.9140176723229816
-4.000561881809572
-3.9556676957579944
-3.8838390516953716
-4.046830459694957
-3.884079279118918
-3.8809945162955186
-4.01717824511403
-3.9967144638375256
-3.977279492307197
-4.073619357553487
-4.016932159787809
-3.9821767351485864
-3.8400103941747226
-3.8876669699102893
-3.983925685729817
-3.974718145585138
-3.9868562261775287
-4.050350465742443
-4.036535640608436
-4.012622683043941
-3.9690909910084167
-3.972385726183561
-3.9778469967278056
-4.003695023260229
-4.022728661937636
-4.012748448713799
-3.9922979554725604
-4.134035824120229
-3.919041086680906
-3.8434775732679554
-3.763180909338785
-3.9896489038864544
-4.005524058540157
-3.984084933280462
-3.9460902023198168
-3.8239064296679786
-3.9804906382953105
-3.983173599626663
-4.058948468792559
-4.139910537602887
-3.9614294989061434
-3.8683573481716067
-3.9754809554580803
-3.994551291181108
-3.8719582039368063
-4.003402839010345
-3.9472465008270543
-3.9791625681873874
-4.091374835822722
-3.987046016449071
-3.9472968378646898
-4.0324604099287695
-4.098103765220107
-3.8303696250933954
-4.050256525832297
-4.011229995690474
-3.895834856005475
-4.028586498460622
-4.012874311200811
-3.8795138208216393
-4.082204728344915
-3.9698453881895785
-3.9289177492049863
-3.921213869073736
-3.990719257459342
-3.9528280739526807
-3.9822065168556335
-4.0200118118095975
-4.087291132658699
-3.8878869803443483
-4.044791253798049
-4.04992883551261
-3.9274689253195554
-4.1117624873635625
-4.054092649484609
-3.8893210004158285
-3.9963341363696574
-4.011951597316337
-3.999081579478261
-3.929005261416832
-3.929255744396169
-3.9604580493037917
-4.0141920277320775
-3.8755215800500666
-4.018532630631855
-3.8330105023478866
-3.9661753647513476
-3.8385119542834256
-4.085432633769541
-3.8853697555131204
-3.9692356095083983
-4.025871011158087
-4.036402242563826
-3.9485773430356064
-3.9876649590389057
-4.023252950060381
-3.9178034972443636
-3.897780910574599
-3.9757458000166275
-3.9956759728951767
-3.9631834793970104
-3.8316247460958075
-4.021726078354334
-3.984078964863467
-4.073357212864981
-4.069178820447832
-4.0480069654975495
-3.9571612987305924
-3.9060905205279353
-4.009485641836528
-3.9880333849421357
-3.9704075750228123
-4.02268066932888
-4.007266322073965
-3.9844965148812164
-4.061352438963867
-3.90723338417101
-4.051990034789584
-3.971693544995354
-3.914190414440862
-3.8409622799369973
-4.044831372623246
-3.9530217001669996
-3.991996885911429
-4.033465389567623
-4.052861667684919
-3.9383261571674817
-3.969864398123398
-3.855057801559967
-3.989346635009144
-4.0773620994073685
-4.092017261500952
-4.003200577421455
-4.1149006502225935
-3.9781306677401655
-3.8648356319061534
-3.8327112552166613
-3.95526091374856
-3.980147645683437
-4.02652541811213
-3.965405508279891
-3.973441334742363
-3.981699160131486
-4.069336870102507
-4.096239204144724
-3.8889666372793283
-4.028881702008313
-4.055014703821191
-4.0704308522221275
-3.9189514021250487
-3.8745910820711185
-3.995045950995097
-4.014674527356967
-3.8672310729981976
-4.011251263135072
-3.967005223658316
-4.072860633925654
-3.903534882043532
-3.9750313578618757
-4.03465769746809
-3.9595515165910458
-3.9706871406808952
-4.043314857351067
-3.995548189014306
-3.983904590916966
-4.038231368417336
-4.010308025918171
-4.00664064641987
-3.969772141509874
-4.0140560083611545
-4.0000502295045495
-4.04501189780403
-3.9858592349908584
-3.8402404933988916
-3.9893758364245056
-3.993069467152978
-4.044962016780641
-3.92190464196314
-3.920838484827284
-4.065940168862372
-3.9874501724292424
-4.034933203028908
-4.114631027861487
-3.9334204669311172
-4.013559071830266
-4.010857528240163
-3.9812924211017076
-3.972849462890408
-3.9800319216245694
-3.915786250416471
-3.985921892433214
-4.0717056034458485
-3.9573462140936586
-3.946411995720601
-4.051729321756708
-3.9314503110023526
-3.943451873185036
-3.988603421310367
-3.9484234343443454
-4.034496751172587
-4.052791966583951
-3.998607475973044
-4.039909901579694
-3.809187496390277
-3.8860969111209016
-3.8798299865073975
-4.050786615992745
-3.9896737897039234
-4.060305186252351
-3.9206579316798065
-4.09121761979975
-4.029633603177325
-4.106867011033364
-3.9420955236271418
-3.989360509918052
-4.0680436051200335
-4.003955906282666
-3.903139461612273
-4.033379995817094
-3.9406044581506956
-4.05619388578928
-4.117339550309114
-3.971177042563225
-3.9537684961641615
-3.996306810194769
-4.002574491582319
-4.0431324896691985
-4.024719478481136
-3.993940074215501
-3.884730850802544
-3.9786564224544687
-4.048625352977422
-4.097672977881496
-4.014345916281934
-4.06506649559893
-3.8871889103089536
-4.0482989778783995
-3.935341405160087
-3.916805944181961
-3.7582019035619143
-3.9866561994496754
-4.034947717515884
-4.095233361277781
-3.861627231348733
-3.911610567119875
-4.049340107399122
-4.073147931977347
-4.037877514015952
-4.0332181817857915
-4.094112142246674
-3.9875146912022115
-3.911219087355158
-4.0728551205852614
-3.9830845857652095
-3.9499245945091532
-3.8839221745929664
-4.113843452105142
-3.9702902320652202
-3.9952741551514483
-3.716984897930467
-4.100978663980185
-3.953877072164037
-3.866787400280236
-3.895594606177056
-3.9600332828513434
-4.064844360698184
-3.894406951142539
-4.073684209162273
-3.974409514001584
-3.772564806974575
-4.095268463069726
-3.9133894946523187
-3.9142056110199297
-4.078846306987467
-4.104549286226222
-3.917407114873088
-3.974895187367203
-3.995602674839652
-4.0201641460138395
-3.986865227911892
-3.875828553440213
-3.971990887446458
-3.890108760491019
-3.795416493493925
-4.0680469061433815
-3.913120026698232
-3.951069026691478
-4.043479461702379
-3.834563238584621
-3.998382125125691
-4.012545365592613
-4.068491907912777
-3.9585462773567954
-3.9787924386587434
-4.073213945801677
-4.001919417922038
-3.8900798470747677
-3.840371072327214
-3.8284968183275345
-3.959487966019504
-3.8618426810520523
-4.073125736485938
-3.9322609643370208
-3.9188684703298717
-4.034931441364035
-3.8726593202344284
-3.8606092382270014
-4.025517682911394
-3.9779217476407283
-4.0791436948295665
-4.004437897239274
-4.03649318390718
-3.979489833319545
-4.041064568874011
-3.8897810404732502
-4.0223988171222285
-3.955771943050542
-4.071622228759418
-3.968145179130218
-3.8897090369513547
-4.001821999804143
-3.9892384645615966
-3.961635385713075
-3.965777645486714
-4.086537387004727
-3.814971663230698
-3.8540643958259735
-3.893859582797925
-3.9704171945314437
-3.9468204432590483
-3.934119787518768
-4.074731931774739
-3.956175228400558
-4.055330210420517
-3.9324837609623984
-4.076952490379676
-3.877509838718716
-4.119457777337981
-4.025897356181546
-4.064832146740548
-4.086664402079852
-3.9917851348688456
-4.003314568564943
-3.8853182928467196
-4.079518432981354
-4.022764985832402
-3.9938469399056946
-3.9462902724310096
-4.057312076124322
-4.01355593632467
-4.048751444694828
-4.0309705024297395
-3.999059384752402
-3.9593519787471045
-4.069906974175886
-3.987587664304218
-3.9524468139424966
-3.9950758110812634
-3.9940688312651638
-3.992280814561842
-4.023972093163955
-3.956368674476051
-4.064923537827963
-3.998279434654596
-4.029982269887666
-3.9612384638597478
-3.8930444386468386
-3.942016990350753
-3.940364142040499
-3.9822940379646283
-4.029469000484535
-3.945709840432754
-3.694398814585715
-4.067754383904011
-4.0295771620446175
-3.9217124947050204
-3.786336723776438
-4.0001653028832544
-4.037410147159275
-3.831793820933361
-4.075801998293235
-4.03245940044355
-3.9599770617388006
-4.112745046181303
-4.002138259367533
-3.9231615693095474
-3.9769300194863244
-3.8683824056937954
-3.956801075687792
-3.953319269379734
-3.9742433217427755
-3.965039802491273
-4.024254834165996
-3.865323227854408
-4.091392880183883
-4.004134469839856
-3.926304542415552
-3.8925975183571255
-3.924932652456096
-3.8785893886912
-3.8893506758922842
-4.033541620884243
-4.00723531574771
-3.8397598384056018
-4.071181543176564
-4.03216203418828
-3.983348338261908
-4.025049066864094
-3.890374972774037
-4.009520330898465
-4.086083803292282
-4.016097145227811
-3.946328530216731
-4.0180344955819125
-3.9650718800628084
-3.974272621454625
-3.8555323140608295
-3.9809808689946165
-3.9834483385731514
-3.852593407686978
-4.011711061716476
-3.9827840514359645
-3.980069922600403
-3.986982324866816
-3.954440523509782
-4.0216522141269175
-4.094044470851847
-4.044220959962254
-4.060409230512019
-3.9889744110610486
-3.914812241084866
-4.122235617715456
-3.9148142247565154
-3.952063358272026
-4.009360076303292
-3.8967581290322286
-4.038343020591225
-4.053517087587183
-4.028021261205182
-4.0171703309715285
-4.0022543409958935
-3.970689419980501
-3.9216452297386346
-3.985301863393604
-4.052482698258674
-3.9168336906089585
-3.8153403419790717
-4.094042471258855
-4.008394460647135
-4.055254854555243
-3.9801537262250166
-3.871922058844678
-4.072566182715106
-4.060016878187456
-3.8703243149417976
-3.9672975226395826
-3.791537749082051
-3.973779494182363
-3.9095137010935272
-3.9678496232989455
-3.9942759832265398
-4.0106827506100835
-4.077011346718583
-3.8739150798534103
-3.9245795977121336
-3.930662267260284
-3.866123284084385
-3.8819961229352495
-3.994346192605209
-3.9628633436896674
-4.093170416184948
-3.896275755919219
-4.0781500244318645
-3.9513046846336533
-3.9902401662409743
-3.953096152969914
-4.007996496798918
-3.9742421846310942
-4.119051510213805
-4.063890592406648
-4.020630238248273
-3.97854861789404
-4.1019248332146
-3.997543108846911
-3.93329562446741
-3.878079704117243
-3.842640485630584
-3.882357690114375
-3.9990599601777506
-4.030870294509875
-3.9196450814685315
-4.02469514790108
-3.9698623042667975
-3.9470000592856698
-4.025804913125744
-4.113406445179447
-4.047557252647415
-4.044710339744979
-4.02192881905092
-3.9880721467982725
-3.7748051034214627
-4.087000788639214
-4.070351896069906
-3.9088062196764572
-4.028865085913294
-4.017383612159447
-4.002796729424249
-4.019648283021794
-3.915157310791662
-3.997467702011103
-3.806894057122919
-3.9769140833659247
-3.8899252607357604
-3.94159039794209
-3.9016572491783372
-4.013001277123036
-3.918310974074819
-4.087203845838163
-4.022636408442678
-3.9394966138839247
-4.078287713735334
-3.9929075968584193
-4.049792779361386
-4.089801625548906
-3.8739001515394706
-3.857368280720856
-4.049685879467698
-3.8823090921982173
-4.027242057904251
-4.0607352729471655
-3.996961252360174
-4.035676596727043
-3.9908680648680823
-3.971608775948194
-4.1184924624639825
-3.918536019683197
-3.849339230981871
-4.00159951742407
-3.926277484165557
-4.0129119065655745
-4.009815850636883
-4.031081146218713
-4.094212640799973
-3.97596190461068
-3.984323891914069
-3.9385656363049257
-3.990331226632912
-4.081760410997834
-4.02044147635822
-3.9783849482423617
-4.0783444919853356
-4.006029181086271
-3.9664924440910903
-3.891204449379595
-4.0630253890863965
-4.0221265550510275
-3.8730864724372847
-3.95775209593259
-4.085360348162769
-4.077140886644223
-4.059287974122676
-4.06968127180451
-3.9062520491570902
-3.9068200381900198
-3.8831429650538314
-3.9707774867418695
-3.9598739211300558
-4.076577541946146
-3.8819781308458667
-3.988918460210196
-3.9771308750114676
-4.064237807343342
-4.001656584224643
-3.8522554451707043
-3.9859850442759197
-3.9887393907633237
-3.9860774291206775
-3.965484485393851
-3.847307238545443
-3.825389209147829
-4.014412940513206
-4.028445834165296
-3.9494887453617573
-3.9696883006949095
-3.9677109952883467
-4.007787752940189
-3.8695575371438697
-4.041097222485639
-3.9289988657850996
-3.9604421920112145
-4.0782878331041355
-3.851335108024735
-4.0199432240717154
-3.991090726144613
-3.8416921199970337
-4.030175155229862
-3.970055094870351
-4.078143037568335
-3.9827615072379876
-3.9906468531894568
-3.816020905236587
-4.05400451099478
-4.03154939161386
-3.8960707063036626
-3.9862386112345596
-4.0136978910931
-3.882320411052903
-3.86725760524869
-4.042675084163209
-3.9261938644872565
-3.9758765939765315
-3.936132693674303
-3.9441532779687254
-3.815903733315536
-4.014315378362229
-4.067851615401489
-4.000953195109328
-4.067330490103677
-3.9745888000243603
-3.997424727357333
-4.066461058802619
-3.909954936065027
-3.943283657447984
-4.0130787924188915
-4.027993161467869
-3.905208910295432
-4.070997693440841
-4.084910055284398
-4.003311731714026
-3.9877756082090348
-4.052579360340882
-3.946472431752883
-4.060572366932677
-4.03166978013725
-3.8933000690564628
-3.8806209460065206
