-0.06794632240279343
-0.08635052878664083
-0.10809367801566322
-0.14564236997015773
-0.1764272649183823
-0.15570326233006565
-0.14560550221638419
-0.13186439246090528
-0.17484538451381015
-0.13883125952357822
-0.10294371727624492
-0.09583081913034244
-0.06977573419704283
-0.07565132061587776
-0.03774326876416419
-0.07092617682170123
-0.06856114056987574
-0.07880199984292241
-0.09822799505946957
-0.09124199804362895
-0.0954594391455467
-0.09181501652847043
-0.10609622999046912
-0.09994244520594703
-0.08063267170132371
-0.08652749143531957
-0.11396388761013124
-0.13822517636455278
-0.13311339477852305
-0.1368545749238741
-0.154209883372465
-0.15957821350405121
-0.16557573931059022
-0.1868527844561537
-0.18128272226798492
-0.13243959775617542
-0.14978330805129147
-0.16428051429354615
-0.17968707643034904
-0.16627346281968103
-0.17540214619050745
-0.15307775212560332
-0.11060945592499302
-0.08696845033260422
-0.0725544830118025
-0.09355291886631355
-0.11606482121125497
-0.12069241894634239
-0.10571545431584776
-0.0992409054181048
-0.12658626453744592
-0.11622887183780127
-0.14827604101848219
-0.08167264072687384
-0.07650213053111153
-0.08442879869393641
-0.06424077536923034
-0.09456138466319773
-0.10542710562980354
-0.11859435521111618
-0.12609039320337118
-0.09048996513652846
-0.12902904759398565
-0.13191255395451917
-0.09426884837399088
-0.08822919206079592
-0.08633639522974704
-0.058015713539590896
-0.04192855267437072
-0.036924622205144066
-0.05653510132122675
-0.0180155454742393
-0.014971165765709749
-0.05001382243737229
-0.08065121917878096
-0.05519566011271916
-0.04070965459116277
-0.07600391603675287
-0.07371994148866497
-0.06116028509513906
-0.12149585810676436
-0.1468133698082356
-0.1174831010118044
-0.12466681574137192
-0.07637101890340585
-0.08570673002557093
-0.0827904227844556
-0.07249726201190085
-0.07970974447597687
-0.04988669867538313
-0.07181811188530836
-0.07579211967612448
-0.08729100122500451
-0.051021782885089434
-0.06852308619911002
-0.05399221949392432
-0.05169521893378501
-0.05341302972117882
-0.07181935456539439
-0.13571591783477338
-0.12191621580025937
-0.1519344163260759
-0.15259740696036508
-0.1337850485331488
-0.1159055779207198
-0.10831648813577585
-0.06769205214052174
-0.10180660200342567
-0.13566656255149362
-0.12597232579987905
-0.10648678747096704
-0.0732916447772506
-0.04430413773970353
-0.0653801007451684
-0.06589602167135206
-0.029531973271685937
-0.013162754650304634
-0.047182573304519325
-0.01739766295808957
0.005185561601387957
0.00187052922028106
-0.022268764831746005
-0.01591802195335664
-0.04595605261783248
-0.07981540290695743
-0.06315549021086676
-0.068132055750577
-0.056232122855146394
-0.13287029990845334
-0.08223874734890191
-0.09128828665615876
-0.09285974847442074
-0.09417642497753698
-0.1149851639960594
-0.1381383694685701
-0.10830659086774723
-0.08209280577078129
-0.056212501997463075
-0.03887167649292432
-0.011790037589414678
-0.04526242046557985
-0.04773069669280972
-0.12815673613552456
-0.14072249347507093
-0.11346856864960886
-0.11161889922890399
-0.09799801887399291
-0.06752183689284444
-0.05953154089824641
-0.09408392408076836
-0.1077298718252843
-0.11273738865340519
-0.08660728754728775
-0.13311114254530254
-0.14302591050377647
-0.12593974882668033
-0.15744528276649733
-0.14120609728580696
-0.15828398589823442
-0.1418938267130455
-0.0771302326769183
-0.055861803376478905
-0.045782763562661345
-0.0991776326229493
-0.0816044248487968
-0.12379520043815129
-0.12983479286525812
-0.14652471502715086
-0.12707936452536694
-0.10590747135132368
-0.10657463860316055
-0.11122845889928958
-0.12345323163343723
-0.1358615405386869
-0.08116311072738722
-0.07675142903248905
-0.10855888708110482
-0.08145537346859424
-0.09386346079847606
-0.1000936241798438
-0.06476170375531234
-0.05764363334477031
-0.061619621726523334
-0.09988750233759987
-0.12026540200523965
-0.05970161221454977
-0.03942153331448496
0.003766995556913475
-0.014875562325193992
-0.027983047467200303
-0.03041458120299413
-0.01059726445301256
-0.0329735015585169
-0.023316461446842542
-0.02127605481542299
-0.057227486207640635
-0.04978014074984294
-0.06167448653281539
-0.06994130612596729
-0.07386353379060717
-0.04807319627793586
-0.03756148128370108
-0.06896486841404931
-0.034759297813346836
-0.03245267911810712
-0.04806617850166565
-0.04406505979831425
-0.0543729696667674
-0.05307082780446624
-0.036270180960609036
-0.06724723714703519
-0.053828870372563176
-0.06114909094410584
-0.06776385459546293
-0.01832807399416584
-0.02810699038308704
-0.036107950147056686
-0.021351306057638526
-0.047654217983251076
-0.07214840293556679
-0.07289352618801204
-0.061398288787159486
-0.07029332935094636
-0.08720918565981947
-0.07101105491965368
-0.034578332871519415
-0.044955291952729806
-0.057462724890417836
-0.1049015083448422
-0.10157918997146949
-0.09531351282338617
-0.12515313614763524
-0.12115371647695833
-0.08577381120973422
-0.08550781093021123
-0.10393726340304853
-0.0862691821411939
-0.07017056732958502
-0.0685444586965696
-0.07762125241196755
-0.024114999755591872
-0.04041950104511225
-0.06406341283448516
-0.07580181865738708
-0.06285945454853746
-0.06451411476444903
-0.03396302942691109
-0.06153447261006858
-0.11533420755107293
-0.09208989015834317
-0.10478791203809128
-0.07079724822898363
-0.09731760500537437
-0.10523401927654223
-0.09451985004754758
-0.06214886986637716
-0.057162170606630154
-0.053059938292538605
-0.07636783723329454
-0.07129400841050676
-0.08987148722106596
-0.10573443607564707
-0.11286865866723256
-0.13868580112046971
-0.14073573035799317
-0.1412579002116033
-0.08248417340338716
-0.0959741946636887
-0.05436458980708546
-0.09158059182919283
-0.11695833183036503
-0.10214264629309532
-0.09730546269426561
-0.09243930536793958
-0.06875459145351684
-0.062351333586565735
-0.08942887923196793
-0.09186616057976707
-0.08193408840080636
-0.10228890020732011
-0.10845620457745071
-0.09043176824562803
-0.10438041116466086
-0.10741210723184666
-0.08895989575936393
-0.06476436403101615
-0.04739478899749169
-0.04844651374449868
-0.029514936538392315
-0.04110209770305677
-0.06300269504538333
-0.039036443636372035
-0.05837838678103069
-0.04707566348485983
-0.06462165980034017
-0.07808929467294805
-0.10731316512069027
-0.09238211827099291
-0.046904888015979515
-0.08793580610715762
-0.05805133783972246
-0.03416738213267415
-0.02538361565309857
-0.030706832556538482
-0.036465742588875895
-0.01856329257563217
-0.031282137781055125
-0.04323824799517156
-0.047786599530630185
-0.06540371544388018
-0.03479321854886837
-0.0874381395317393
-0.07626570425212041
-0.09436376672240741
-0.11163103241480676
-0.10597502999792634
-0.11982266151250233
-0.1403562241828015
-0.11887357138822406
-0.10116893829274129
-0.14736575750909872
-0.15748722724789777
-0.1225308148051826
-0.11037390967104979
-0.0635492406308437
-0.08527615568723157
-0.08057397867047104
-0.0956404197520776
-0.11335008173065053
-0.09722003220018108
-0.11064093050569677
-0.11884243501468084
-0.14791280342576058
-0.1404897322177009
-0.13586739928879377
-0.11640677063173738
-0.13898039692570685
-0.1284846635642165
-0.12395024827970798
-0.10641155728462405
-0.1414931010325932
-0.11335509740054024
-0.07930173806687493
-0.09415980446023435
-0.09936189057596641
-0.09342321745578695
-0.10876600230162216
-0.1436737279381752
-0.0997494541925075
-0.09550200170741875
-0.11340884212281335
-0.1114333637723772
-0.09088070654163614
-0.07727502111891336
-0.07599652456564131
-0.09486939566080115
-0.09634223056272145
-0.058356741735300616
-0.06752827361210993
-0.049635020418826434
-0.020145836251734692
-0.006064826743560145
-0.03493290260319401
-0.04745899637402963
-0.057029297262606346
-0.07655720233086565
-0.06797986364877862
-0.08746453210631415
-0.09510268914005708
-0.08295158259383224
-0.09929866410017205
-0.07968321297448852
-0.06723341978239859
-0.0719179555693639
-0.08103358821659323
-0.04688335675964394
-0.0570893290393498
-0.04051612010863132
-0.0464406649288061
-0.030571133402501203
-0.020810717605884422
-0.03702187663398384
-0.05803724417626042
-0.045736455414191454
-0.047983290220757625
-0.0782365027125206
-0.05644228110940952
-0.05011827630336932
-0.08963701689577268
-0.0670698425739224
-0.049526791971746933
-0.02748781208109066
-0.08894282607545102
-0.07683556810424234
-0.10598256073289823
-0.11895835103397881
-0.12300506162066821
-0.11126994503513091
-0.0792427256667327
-0.13237990108089842
-0.14316087109930858
-0.1925292913515679
-0.21219465870419998
-0.21535928265783133
-0.19464573412833355
-0.18458288839614737
-0.19926402035394516
-0.15776534736032116
-0.13500635044094364
-0.11815213397276343
-0.1348411521687938
-0.13233752731939846
-0.15875120610359633
-0.1531714145372991
-0.15092020609084567
-0.14102900161693757
-0.11714428837664748
-0.1234265921975704
-0.06896838603860396
-0.08540305666358063
-0.10114650118742645
-0.1319321610305743
-0.12494399114666792
-0.11162909613805612
-0.10212602516040098
-0.14277245764843408
-0.11156046586651985
-0.12443817868842524
-0.1163726841123458
-0.15720030327119666
-0.15013750431255737
-0.167867656194025
-0.15376261529405144
-0.14342414592302785
-0.14257171427940654
-0.14464836698821482
-0.09794896263431997
-0.11932390537824564
-0.1239038334361664
-0.0870814678381484
-0.10863176653425191
-0.08971409466029
-0.11485886649362347
-0.121701996638657
-0.13054888692690853
-0.10874024066902126
-0.13576580308827088
-0.11036226714315538
-0.10752649080490455
-0.11235408374756474
-0.11143079094653492
-0.13481599157015725
-0.13734925225632566
-0.19713106530899158
-0.19495854107537525
-0.20855318607252238
-0.22393026220384205
-0.21590330001054012
-0.1780947041104549
-0.1801609254237438
-0.13305743766474853
-0.15443555595745337
-0.14039813051114852
-0.15450208822624859
-0.1529947853433857
-0.15492008535981522
-0.1686849247594988
-0.16360893757214315
-0.17152833655751842
-0.17897924145972116
-0.10698301437169438
-0.11551309824496826
-0.09752464599939857
-0.08326923802802177
-0.08224595528875052
-0.0981603596402574
-0.12209236715721493
-0.09706890405346431
-0.12615230716253475
-0.15793904759558816
-0.21367985456145575
-0.21344152490764876
-0.19908022681965376
-0.16084866974999218
-0.11425977122229267
-0.10893332104603155
-0.09959687334127314
-0.15480833458273519
-0.17944492044444635
-0.1231734706018353
-0.09607806982171502
-0.08268151406756495
-0.03864549393384651
-0.025815319945786137
-0.02387610877393063
-0.037385907934987694
-0.07814090186143158
-0.10967150945193699
-0.1562075652204378
-0.16103942873726845
-0.15403018355647988
-0.15147575946325872
-0.13895823369902988
-0.1381541763034451
-0.11950472283649573
-0.1275837259569554
-0.1423672865084952
-0.12281174769343167
-0.13997422306548105
-0.1475930944922094
-0.147784970710556
-0.12919595270226647
-0.11299891365974342
-0.07023714143495995
-0.0797357625044392
-0.10074255431105193
-0.05399618805105148
-0.03223519446763055
-0.013977703494430078
-0.024225994694433126
-0.04334937296058224
-0.03465567908944111
-0.04497187379402741
-0.05870637267419085
-0.02389987311238398
-0.03550648782414313
-0.05644286684623021
-0.05459711718628985
-0.05619074663850809
-0.057282316491346026
-0.08512542006761299
-0.04976843034796494
-0.032824320687012826
-0.013068181398407732
0.007976049829125222
-0.0026102546886797064
-0.008856812854393497
-0.041879743358212
-0.053475913906540266
-0.048455837490470235
-0.033856690435253835
-0.05657005813495289
-0.035584951179036865
-0.0325868848080744
-0.07215124369414579
-0.038862176221048
-0.04768324375991851
-0.09690320770701558
-0.04438663445309115
-0.045150975564910045
-0.09192261850525121
-0.11401280384189183
-0.11847374702355333
-0.11993520201894153
-0.11458751286324453
-0.10064426582760215
-0.09308604543980636
-0.06861221181677196
-0.07010775921541373
-0.09676820893132665
-0.1479735940372874
-0.16767413630079914
-0.1957804320748069
-0.15537097710008946
-0.16932383523947409
-0.13808502399340813
-0.12736470124108323
-0.13575248321938904
-0.15038430503633204
-0.1235534906444679
-0.14614012943938753
-0.15221331965992824
-0.14843542065431817
-0.17983406546228353
-0.14470294016568458
-0.1469346993997985
-0.12598271161439895
-0.097278894730368
-0.04908074570965958
-0.02766711243207747
-0.05475270114880412
-0.01777606353708257
-0.012247264914579553
-0.02348748453514732
0.01347709464436528
0.020207363161540565
0.031095211790017185
0.008257466151319027
-0.015406414782110724
-0.03275782965192147
-0.07423461551087031
-0.045024409365283485
-0.06140017689720545
-0.07890849567050955
-0.05264592131612841
-0.06765481097801747
-0.03287865275798382
-0.02579630748393577
-0.054985412766633074
-0.06163636388443446
-0.040024733732833266
-0.046369751999642016
-0.04283972448374014
-0.08271931176494057
-0.05789889582119945
-0.02643538436887055
-0.07616676213553294
-0.09412982590448417
-0.09119654935808236
-0.09098009940625722
-0.0984822862309194
-0.0758795355107038
-0.08263380442658061
-0.08267766850428941
-0.0476219225383206
-0.07768370817610722
-0.1040365796863623
-0.10985029432077098
-0.09185418529265359
-0.09488563868343282
-0.06229117201322188
-0.08325119407612924
-0.11894271841606424
-0.08145980398315994
-0.054560085975846065
-0.03004589477378692
-0.03265804896362438
-0.05258523419665267
-0.031193052172077563
-0.021774175385299518
-0.03305587564594248
-0.05911577679329326
-0.07015155891960163
-0.09136915720551028
-0.12083055730698768
-0.07540509209740477
-0.06271627242136514
-0.031616781471038614
-0.06059044705308236
-0.06096820963499318
-0.11570614344539408
-0.09033644191501922
-0.07793459952087775
-0.08287526143490022
-0.06408044565573072
-0.07620296574442402
-0.029744641458860577
-0.02437019105427815
-0.0038526417380556283
-0.029300469784809827
-0.050702058744824016
-0.04035269496340216
-0.04945930285972027
-0.039750610507198705
-0.042013539851258073
-0.03973083359042005
-0.029345032349778522
-0.06196391342300652
-0.08089725777727226
-0.09626255685013836
-0.10144117570723846
-0.08592658378369424
-0.08044598020199346
-0.09587910144065363
-0.06010819339347928
-0.040130772377868884
-0.03595646155486111
-0.000756366802552466
-0.0071681172584999375
-0.015919004558701974
-0.030201155750637535
-0.05853691499639961
-0.0731113857014549
-0.04815596431921303
-0.059510319341390054
-0.06841661863890781
-0.018899472159667394
0.0144134321483499
0.0008123060140249373
-0.025520133425431028
-0.029477994624791507
-0.03145290484788672
-0.0869409343612122
-0.1172564634135349
-0.10487393533552776
-0.1343573104744637
-0.14535390072530138
-0.14150696880046362
-0.09578568314190174
-0.08527875984612496
-0.059419412242517636
-0.039557681657010374
-0.03893957950033125
-0.05107463126855787
-0.049773173929006626
-0.07652670294598535
-0.0811753747638876
-0.040110674860261056
-0.04874225892625222
-0.023940332004726957
-0.0507767966143164
-0.08940242566626137
-0.10832098423089302
-0.1167576183788183
-0.14318392867164245
-0.08391574155945374
-0.09877653559663133
-0.08647349638484389
-0.07747839713988518
-0.05123627693298541
-0.030362398859052307
-0.03653309328752666
-0.06794649819517995
-0.09775824310146929
-0.13840168958786891
-0.14414568708676448
-0.16860617886732976
-0.18636509895551673
-0.17139195578126762
-0.16557281774586796
-0.14152999141294884
-0.15031432786746277
-0.11628863789143012
-0.1325420025965949
-0.16058666840052713
-0.12218633907965144
-0.10700446518109474
-0.13870704455742
-0.1470778171621011
-0.12869358930972244
-0.13508765166339506
-0.1368882855072383
-0.08866382916081585
-0.09487704106283634
-0.1656771564920759
-0.1330564771112038
-0.1308430967515093
-0.1461067855951974
-0.15396727660166384
-0.12001841608785191
-0.10560233231561822
-0.12049967088831433
-0.11051248954605
-0.11457166509866495
-0.11679777522259444
-0.10703102262474622
-0.11396152544548104
-0.12834749910497406
-0.10897264094544516
-0.06043172115447155
-0.07400396079693422
-0.048594178427291176
-0.06456074059174259
-0.031558394653661954
-0.012336705185324105
-0.030035599240700876
-0.03294112164767769
-0.05001846793650486
-0.05202354131446366
-0.043595306446811054
-0.04132230081017417
-0.04662932901247548
-0.08742388812551008
-0.1051463166284463
-0.11956951328485675
-0.10768228795626089
-0.05379381854428644
-0.06146455280261971
-0.06238961622142907
-0.07481583554385539
-0.07612753679933183
-0.08026175218675324
-0.10105457531931891
-0.058926678697568236
-0.10239577308311044
-0.11078076556910497
-0.13057944610645467
-0.1463765904495646
-0.1657706249821005
-0.21579100001260418
-0.21037626675469856
-0.16203261623060308
-0.14776258844234091
-0.15893751989791524
-0.17395830016754688
-0.19344089089775224
-0.19129701557749781
-0.1941771132523566
-0.12808915086839268
-0.12256206593366069
-0.07593546068679083
-0.11382091961617706
-0.1125978191467719
-0.10625499081689066
-0.10971490723576811
-0.09647283890887173
-0.11729068330947695
-0.12620918272669746
-0.1318957396252345
-0.10864169300886466
-0.07077382127087073
-0.06640988489714887
-0.10593447968336202
-0.09203731511809776
-0.09202810248561573
-0.06523559480079269
-0.0648839975908161
-0.10521480937721682
-0.0802326657629918
-0.0922178862114082
-0.09533131249732682
-0.08684616973905271
-0.08467114085515608
-0.08126861146881598
-0.09172054591115547
-0.13988488568514024
-0.07768249510071407
-0.06074930196541811
-0.030341962979690457
-0.03303951744631
-0.015442728760948978
-0.03201186677062323
-0.039064450568761316
-0.025855148303101233
-0.036505673294759136
-0.04189662658830816
-0.06710874080603586
-0.07944136547456192
-0.11015484214241937
-0.15208428434634808
-0.1406316460551224
-0.10434488719781844
-0.05109030345844087
-0.0372325568463186
-0.04910711823349861
-0.03845641879708365
-0.06915460220205409
-0.06732605933386854
-0.08331706001974445
-0.05705450991103618
-0.06958228004684097
-0.06017565137321222
-0.054192566889595735
-0.07202815252273442
-0.0790831523690126
-0.0802996300910881
-0.08056479451341284
-0.11407768306910102
-0.11622310393465701
-0.10683234205670257
-0.10469936458108753
-0.1380575457346017
-0.15776187825103546
-0.13122277294327495
-0.0924492612188651
-0.08648426228819787
-0.06992168002740343
-0.05316072699150023
-0.09177530314821808
-0.08683302704901873
-0.09621811928604097
-0.08997004052998195
-0.08710460545943056
-0.10475385083973927
-0.10105769156830371
-0.14343732376838303
-0.1663289906969873
-0.16182369860938245
-0.15588470884985897
-0.16433484160273118
-0.11905243449222003
-0.09728271150141513
-0.11421796022631595
-0.08756635727827582
-0.11022498086440882
-0.12369734626994983
-0.10210226315785899
-0.1459931021616739
-0.12440634652802572
-0.17207419775939514
-0.1858534446494838
-0.11701174345914264
-0.11908901658277456
-0.12605929134096833
-0.17222906578640645
-0.1449936490607608
-0.14780819497609005
-0.13383815049718906
-0.09754930032434207
-0.153081410181365
-0.13317018537666417
-0.15510572828470945
-0.1419325283764831
-0.1136695663773684
-0.1149224260961465
-0.1033266282667434
-0.09291975380582937
-0.056335116711137556
-0.0392350892016686
-0.031629725777902344
-0.052870085173832626
-0.05717691837262627
-0.06361431841942947
-0.08337008552145178
-0.08711109553746552
-0.06413529143496398
-0.04941882996942606
-0.08771701303694952
-0.09707594041562415
-0.08718359770856551
-0.11694445386530117
-0.14808342382780804
-0.11156951053926398
-0.09122661255719451
-0.08491871286191198
-0.11372959628916268
-0.11606978391705251
-0.09718869096632549
-0.08339459163882972
-0.07405941736650162
-0.09867309339209615
-0.1264885788158231
-0.09777923657746733
-0.10823742468014885
-0.141328026440265
-0.1802589693333741
-0.1520316990044071
-0.14138982866537955
-0.13821429253752995
-0.1385138070026202
-0.10044170914598395
-0.12259014023638595
-0.13020665111650834
-0.11732521376044437
-0.1339437827757727
-0.128363701295595
-0.11060611163598086
-0.09223685412141158
-0.08543199214234896
-0.08353421473087295
-0.08443467588915858
-0.09897353838919405
-0.11749843000635306
-0.09649807676606548
-0.11861466235593797
-0.1183239491428356
-0.11802990884363074
-0.07840794299623255
-0.0667344139671936
-0.06827218449647593
-0.09321379283701008
-0.09454085355535165
-0.12942425510021707
-0.11994685476349468
-0.10275562025833243
-0.1235118939193326
-0.09595811562870325
-0.0681952745453173
-0.06937241341148068
-0.11615546376041706
-0.0843170447092708
-0.08439768020014822
-0.08618286064948087
-0.0746892361061069
-0.10347058156978975
-0.08841345047256113
-0.09021000122151257
-0.09851035723330603
-0.12301926436927016
-0.10479756225088138
-0.12517011243264134
-0.11268077765026994
-0.09254307779015895
-0.06614163435886167
-0.07104330980336189
-0.1236482391385341
-0.1329497594364933
-0.14301116291232535
-0.13540653116124393
-0.10804026188582774
-0.0949255580150089
-0.05659548093207413
-0.07288986794588939
-0.03810553601050522
-0.02662056533308446
-0.06702202910221651
-0.054442075336329665
-0.05592547667208762
-0.07337174243126185
-0.06776421975735096
-0.03772303774958857
-0.028123085822543907
-0.04783260761466077
-0.024688566029010574
-0.011853317948573602
-0.043249385041620604
-0.06181120192723086
-0.032202655517661175
-0.038888703013376075
-0.04240475967701048
-0.05903284555931598
-0.06215946351619058
-0.0381148093138266
-0.05389493141210898
-0.05722846827233542
-0.044220624582060414
-0.06640500140053295
-0.08118044114029269
-0.05130606216602783
-0.050175246368504046
-0.06123262551577421
-0.06459632023019567
-0.05563503754053881
-0.11470089314361918
-0.11263538258688185
-0.08637288930306226
-0.10205585158770206
-0.06057559751596147
-0.09453163009756943
-0.10094953848986156
-0.11323862015478106
-0.12508775403804157
-0.09532456659507062
-0.08885443353377952
-0.05343552029998187
-0.01569083141297002
-0.05108425290460543
-0.04961495478953622
-0.0864718807519137
-0.11173215675401091
-0.09817720658553945
-0.07670882254889115
-0.09210896926260179
-0.08534005304852124
-0.0685857459915522
-0.05372257775651991
-0.04675872966491795
-0.033279365794524535
-0.06371800716028876
-0.06634578826718227
-0.06675005954977065
-0.05256368208629182
-0.05875626627069408
-0.05437259862334364
-0.05572875982498264
-0.01937759780680106
-0.02951145494032536
-0.01822572847729418
0.008065275907817703
-0.01912377517633868
-0.028788908009263574
-0.05879077513083346
-0.06293913890362762
-0.09262510096032227
-0.13285479839459644
-0.0930564546292053
-0.09505634889024239
-0.05500276248048044
-0.05445051526973297
-0.05686393842278449
-0.06203239044635898
-0.08562761384658686
-0.09899977735896791
-0.08498748101742651
-0.10474201218839217
-0.0951781668787618
-0.10808692984191846
-0.10658033373147517
-0.12093589314669373
-0.14697457839834924
-0.1298229127852283
-0.134557225091875
-0.15779676969591575
-0.1468563150083201
-0.15322731962674355
-0.14554870421177574
-0.15165667087203716
-0.1682905851567941
-0.13444672436633956
-0.16670984055733545
-0.12330409692715935
-0.09827578636224041
-0.04615146284649526
-0.014754523130660974
-0.02465210742201603
-0.01982919669054489
-0.022265733967833268
-0.04756680206066485
-0.06111563037864298
-0.08154537951681717
-0.11107909409031128
-0.08619811077610727
-0.10052644233065303
-0.07201869887618167
-0.07879683278167024
-0.06228576379623477
-0.03305368210137286
-0.03941120686904678
-0.018461375392598116
-0.03334027956986988
-0.03584392415619584
-0.0900477141548274
-0.09174623127648796
-0.1225975698884586
-0.09701096273850432
-0.06321676667654616
-0.10959273561177649
-0.08621221626021731
-0.1111855974397873
-0.09268712283578974
-0.09907167701786751
-0.08060053833823931
-0.06230941173328547
-0.055662789962430355
-0.05609417213294977
-0.043468363817158004
-0.06628011236649821
-0.043208241269056986
-0.05589500109139632
-0.07958209562674069
-0.11063245868272652
-0.07911141130476464
-0.11863256507110341
-0.1416806033481328
-0.13087724838257936
-0.15312962840491856
-0.16782321622103136
-0.12829860451069688
-0.10540851983351507
-0.11937314073287515
-0.07369049015307454
-0.04527319273538647
-0.08584174233216058
-0.06101827912773218
-0.08383734495765077
-0.07642463538380731
-0.051658344360621146
-0.06074129270938629
-0.07339902360270327
-0.09347428917813688
-0.12318102548041926
-0.10508443310062306
-0.08498472151467376
-0.07450778221337157
-0.048804865241485314
-0.051507138189769076
-0.06548561344169065
-0.06704971537763585
-0.054388981912481246
-0.09949558802344176
-0.10828785277672086
-0.04410798304670528
-0.0071571266883930715
-0.039093800246465554
-0.07031670460043124
-0.10179912181120507
-0.12128184192341858
-0.07442359151480435
-0.043127408337932306
-0.02364963981132533
-0.025674853248916083
-0.023490879845696724
-0.0372019900299977
-0.0522176203828939
-0.03664629183651595
-0.016059837656153854
-0.028393986350463113
-0.0346712525586272
-0.02311852575596926
-0.04950112792443674
-0.05790039966989306
-0.08338833790966618
-0.06880088853335052
-0.06659475097793571
-0.05474177056604827
-0.026819176429165256
-0.048663987548623125
-0.10269653638277712
-0.06557230918822182
-0.06154730331865476
-0.1047651535512526
-0.09607463979330558
-0.09706548895421009
-0.11089719532212859
-0.1228557804680522
-0.11440826794815817
-0.0969431241935781
-0.061906960865938866
-0.09587126982971136
-0.09107948947065196
-0.08704865990233715
-0.0665895175668417
-0.09485081741300283
-0.05997457061345543
-0.10995926786178235
-0.11304467674788513
-0.1053756363610432
-0.10388126218966813
-0.09482456979356374
-0.0681810670763976
-0.1074761824214339
-0.08820559837556093
-0.09824268404841557
-0.08660751157317913
-0.10128069752805242
-0.10813666127787645
-0.13549796742802556
-0.12135933855676079
-0.11346525144538373
-0.09492433368825787
-0.1105648695915428
-0.10399588325441371
-0.08947093148727
-0.09481205041782367
-0.12299781953315206
-0.1342979170285905
-0.14548276197262228
-0.12651153482283656
-0.08779570749662793
-0.13457456488067754
-0.13511803006862566
-0.11136422439370472
-0.08911850638158161
-0.09687138159995187
-0.12461889378028376
-0.12683509972183898
-0.1092833882648197
-0.12936334807071354
-0.12466517709156306
-0.10211636874647333
-0.13945382082782476
-0.14392215691950314
-0.1340909090237181
-0.15487262265662585
-0.11950223203734653
-0.13316248942334902
-0.09601828290826026
-0.07423990799639318
-0.10669246530238553
-0.11393505118693147
-0.1074619594946464
-0.1363459834568728
-0.13164203485953174
-0.12536924534646204
-0.09002690282805934
-0.10966102210800227
-0.09790189835630107
-0.09826481736171797
-0.10006712899717178
-0.13344314283706288
-0.129901999413552
-0.09129187869720527
-0.10128208187107676
-0.06250499671745288
-0.0670242967013353
-0.05328437906478246
-0.06725895032991015
-0.10010830287257778
-0.08644908804213887
-0.11974734904903564
-0.11565942065592147
-0.10139436879127504
-0.10933417711449052
-0.1228007362508416
-0.07838609937685094
-0.1059664092461978
-0.08667133489913124
-0.051137471466195794
-0.04627652251955375
-0.0860848940015223
-0.10567601821795186
-0.09818893509711857
-0.09826954740409803
-0.09906592117003545
-0.12339484405234118
-0.09524161864162405
-0.07462346512310923
-0.06249229532819191
-0.06847940292385961
-0.08908598222178468
-0.08584819687394125
-0.08451834157812926
-0.10073948526689475
-0.043252165796931544
-0.08628553232359212
-0.08645337973758035
-0.09845854122634566
-0.15825509960471174
-0.15437247257563994
-0.15441223508978527
-0.16443536455206845
-0.16329549527234627
-0.1858523071115205
-0.15268013027691985
-0.17425279148247208
-0.1918472219600238
-0.1582761085185013
-0.14085430686466963
-0.14651306848139828
-0.0930869111539589
-0.10083915210745584
-0.08443339648440479
-0.09727738859945485
-0.08435043071669815
-0.0814507376129979
-0.08863559058900745
-0.11733570235705093
-0.10235513730055687
-0.09524334593627784
-0.1510282323265625
-0.13285199003737633
-0.15822226829934252
-0.1389925794120498
-0.18083333122585243
-0.15569299295854366
-0.17391828047000907
-0.14079638218507667
-0.10742237075325449
-0.1270419500416034
-0.13582436556773925
-0.1412985057762104
-0.12396634583694109
-0.10149172491394842
-0.12655287601769885
-0.15454634319868157
-0.13748861236170498
-0.11551676979541185
-0.10049462734959372
-0.09941148852257989
-0.08624439996221833
-0.05565831228450915
-0.08907220182939093
-0.09808554918047802
-0.12638427893581186
-0.08358208294125986
-0.06709322336377489
-0.06608856770176508
-0.0599914832503579
-0.07202946419732777
-0.06875099670851942
-0.07850145769961389
-0.07321482576651808
-0.05782734883797892
-0.025556388052032603
-0.04209399821550808
-0.041304149117468276
-0.08239778368525001
-0.09562336100388828
-0.08637296097874597
-0.04096053804423506
-0.04983897356611454
-0.10664491269507231
-0.11463882587073862
-0.07629402478399044
-0.0785242965364944
-0.08463610260750137
-0.07077084329118899
-0.11582212578751147
-0.15232525044165562
-0.10146571813814106
-0.09469174417317937
-0.12017703052150938
-0.09056159212853708
-0.0713266185511828
-0.09858394767278231
-0.11035344061427194
-0.09919523043675903
-0.09777412240544314
-0.06628647196726989
-0.07956731722162307
-0.0716160961071076
-0.0975062139865704
-0.08222237891054522
-0.07007166879919018
-0.10062146453234065
-0.12330901928574593
-0.1053456896786417
-0.11485719085443453
-0.11776141748724998
-0.10792010160480801
-0.05470776294142694
-0.051839452357588495
-0.05980562778250828
-0.055831866979227034
-0.06820124351584594
-0.11686133672090837
-0.10157382567941899
-0.11098806815365188
-0.1150650998131529
-0.0749596684320642
-0.09274375064240702
-0.10325450076528317
-0.10932055092204195
-0.10432267520122591
-0.11085643019556982
-0.11403120497505306
-0.10570943612225603
-0.07555729772090247
-0.043078700746327026
-0.04452133803325876
-0.06533106743395266
-0.08150717737973863
-0.07039250607150986
-0.07304462904793657
-0.08983629832254857
-0.050690396263954794
-0.053683042676298476
-0.020281083272114555
-0.04530726066639154
-0.010883879230391628
0.008738192330899855
-0.04610931005705482
-0.04216539829637162
-0.03889719184403315
-0.04915354072215933
-0.05830595487269593
-0.0533124180786444
-0.09367647797884347
-0.12977104696425049
-0.10597770960901051
-0.06864282196933806
-0.07347908948234141
-0.07383396114967451
-0.06508686836574606
-0.0989337724996628
-0.06805287027591712
-0.09696583464912688
-0.09612329722167198
-0.09596541869541132
-0.07237215150372506
-0.04590387671707174
-0.041351732615084014
0.010514567734047279
0.014735966599476267
0.009205806561769645
0.008234554981500953
-0.003831180939261319
0.001863602522844769
-0.004778094867586162
-0.04546369866210592
-0.058841871009775434
-0.04473059974087525
-0.04338635454252142
-0.02907638298324726
-0.044265320163574956
-0.04032350633425067
-0.038240394934357165
-0.038381023466762025
-0.07292198709595454
-0.09489963146628705
-0.11341167106949285
-0.1461934867290407
-0.14746115523620512
-0.10874661460231926
-0.11948616860065527
-0.118558945356582
-0.09444958824456497
-0.11793076688565286
-0.13286582864957372
-0.13517250958560484
-0.12275234317654421
-0.07826876510177
-0.07960955861478654
-0.07948104843136229
-0.08770386358667234
-0.07125637883957282
-0.06721341801180564
-0.06158811633784711
-0.08308111681760891
-0.055346051141516
-0.049956746782739446
-0.07441239464059364
-0.04510134604236886
-0.040233414259140454
-0.05307264938715366
-0.03581212751850249
-0.009855665021186642
0.0196350040782592
0.010372480833640028
-0.010665231306355286
-0.008404490757043165
-0.03677005930448278
-0.07732608063088177
-0.0923354536589145
-0.0710984562185643
-0.07190175003074807
-0.03372526761299936
-0.04481778793558079
-0.05209134503565741
-0.09544849535128976
-0.08439052815022303
-0.10729385072029617
-0.09340263077120957
-0.07596825917839028
-0.07739199922006203
-0.06398034208193949
-0.10228861616291379
-0.0874100778758611
-0.0601648662522456
-0.07283730749998617
-0.04329311272411131
-0.07470461202350615
-0.08343758238720687
-0.0866088335678222
-0.0542867518992481
-0.08912757907253961
-0.06424636275763286
-0.09344139876488051
-0.08493963743788237
-0.10905133398724248
-0.11855218485486883
-0.11452514966924218
-0.11330615208779869
-0.11937025810172007
-0.0997398998238142
-0.1540441649141673
-0.122516820753891
-0.061174176265205854
-0.060348456414708394
-0.07058307275073089
-0.11621345253547083
-0.07245633127343237
-0.10115610340190193
-0.08579958329463991
-0.15086169743730357
-0.12384798197851385
-0.12963303119697722
-0.13980717249448382
-0.15636493392019657
-0.1454583614806308
-0.1433279845568843
-0.13522490190116992
-0.12004841229778065
-0.1198649186559539
-0.12052200208099871
-0.11024155154249281
-0.11482646505250574
-0.13905277693909215
-0.15404361111740703
-0.13939565548414795
-0.08163345418461655
-0.13193018555088315
-0.14659608496711904
-0.1385879715736296
-0.1513873321744113
-0.1412602581161462
-0.1709844531592735
-0.12296865374398933
-0.14229013234958723
-0.13403399667611166
-0.13156934972026535
-0.13600541156378138
-0.14080353839924098
-0.10914141752832315
-0.06429635005365959
-0.057946889751166034
-0.08039339822228975
-0.05233724953462186
-0.06353400895911923
-0.07550753599830616
-0.10892168768142917
-0.09126904251369682
-0.09534369055359349
-0.0775945416616448
-0.05489985567653591
-0.06438505966428636
-0.07613567265139232
-0.0711160880088859
-0.08391638411894341
-0.05647978748665896
-0.05856480413696622
-0.07218288245336936
-0.113196651722308
-0.13349724074855362
-0.11701969265508416
-0.18041412107530957
-0.19559610630708854
-0.18799815685629917
-0.15563015894457588
-0.16480977268672312
-0.16989545229798572
-0.17794487100832584
-0.16911274913316945
-0.13772090814177138
-0.15304988498554029
-0.15516463322983223
-0.15314183901121223
-0.10659591418967498
-0.06428739150900942
-0.03784299079066441
-0.052899873458888164
-0.06951184900388144
-0.029287535745310834
-0.01659905792188904
-0.026977255239410674
-0.029560126272482064
0.0023975225027460197
0.018418226937016915
0.004085822324615053
-0.020924185563006795
-0.012653847875290843
-0.02423742314293162
-0.028794087047693942
-0.025598376536828105
-0.042376979983358494
-0.04310092971731033
-0.04375424455722617
-0.060957530452662764
-0.00988621770660154
-0.04110061200194335
-0.038900025051269785
-0.0374730313842276
-0.028935009200172775
-0.0502793525387712
-0.024569421713956614
-0.041780673073318265
-0.06831132706678678
-0.02845434676031752
0.017292608764394347
-0.01806870836921302
-0.012740469794445524
-0.05000581051915489
-0.04511880164389765
-0.06792706544963512
-0.03975959524253184
-0.062302802326367014
-0.07891283201152219
-0.08317979075565533
-0.0967389909241941
-0.09567608096985565
-0.09887758662028344
-0.09418230555035165
-0.07306925160993222
-0.035963758575063474
-0.05538816444235904
-0.07248567283284757
-0.05009777788881811
-0.06612451178545131
-0.0421718805780151
-0.05865092294831757
-0.0696543928618751
-0.0871368572564821
-0.08392911583080698
-0.066578476025462
-0.08250720562128962
-0.09473919283717622
-0.11481804110759117
-0.1286154256072648
-0.16110662628276984
-0.11322596735755205
-0.09284833344439881
-0.11965338153490628
-0.11775820653588404
-0.11222950135445736
-0.1494093704941904
-0.11132074193303716
-0.06225845243945121
-0.05473850712258006
-0.04704522659971029
-0.09980157646369227
-0.09122852670996792
-0.10374670970047742
-0.10084017174964026
-0.1259653488601259
-0.08917286633281168
-0.08308712275840649
-0.12804089513359032
-0.11960649754091178
-0.1437490853916816
-0.13962369876640066
-0.1548154090057697
-0.10914849957807361
-0.09378471064192356
-0.09362000396073801
-0.12141053187091562
-0.09866734561465489
-0.07865563896624825
-0.08405554009331219
-0.08961284084723636
-0.10170714044822346
-0.07341343902848352
-0.048259310939151076
-0.05993928685092363
-0.06781254348138027
-0.04547669614628681
-0.04599655864985627
-0.07472857555724971
-0.10455567240861025
-0.08511967507816703
-0.08923750669871654
-0.11264584102888908
-0.10663232961472066
-0.12600896762841227
-0.11659635302117483
-0.10535684861016208
-0.11381106963857428
-0.09900475708052817
-0.06336289485715792
-0.048691985969374275
-0.04810769654027132
-0.028740742878210192
-0.06362752254895503
-0.04459316463114508
-0.049258947332280784
-0.03446291721436862
-0.05115738115003667
-0.027381389094202138
-0.03431070772689073
-0.022661371536770697
-0.08030467053194604
-0.07545760197928061
-0.04384767169835507
-0.052589071747163416
-0.049360776501373924
-0.05322171301579317
-0.0659352523165966
-0.03353618183445225
-0.021499382102022027
-0.06455309707677803
-0.04405066672975184
-0.030990072294259097
-0.022316121394625663
-0.014635589518989791
-0.04189862566743371
-0.03600751804024215
-0.014032441119357156
-0.026841373673620234
-0.06587991051264368
-0.08018067524840128
-0.06879047490993642
-0.02347451971155574
-0.02070229814917512
-0.0049262857049855975
-0.005865517597243321
0.005551369613678142
0.0005808961714864032
-0.027270706012553856
-0.020969799589474
-0.03971965888196086
-0.015495897225112876
0.005847844328060238
0.029395975085210375
-0.02377127015775093
-0.050953820200591075
-0.08347729131748745
-0.07297979649803037
-0.07867049669275587
-0.04869187176344109
-0.016566042523847965
-0.008477811095439452
-0.02330417991193846
-0.019083932308580596
-0.021489101723191642
-0.05290651327001
-0.05450424496542225
-0.08457155696292525
-0.048531748056530946
-0.01610375529803345
-0.008148822702357285
-0.02109280789447417
-0.021352949467552097
-0.08697246080335636
-0.12353638693397581
-0.07721103273058126
-0.08223088383083668
-0.14591230879405395
-0.1256204717184657
-0.10365252911372659
-0.10767505918358439
-0.11830970196691505
-0.07243483746742309
-0.07408386097275958
-0.05450458226879197
-0.03988925604208635
-0.03744936286682262
-0.02582212604801657
-0.050433338466805276
-0.08783120688848314
-0.1135179267020857
-0.12457419030366285
-0.11081245682521225
-0.15735236485141418
-0.14393451570869956
-0.11242422795658917
-0.08435490710229766
-0.071910456001222
-0.07146271625897974
-0.08092377952755932
-0.06890971348197962
-0.04713551814028216
-0.029810161042022294
-0.03251533974644102
-0.083671207097956
-0.08603473670116159
-0.057212200426576224
-0.0842851793775483
-0.04276116035790741
-0.054918504618534106
-0.09174276823357778
-0.08051632005494466
-0.09928978684559997
-0.11546454502543312
-0.12800814687855125
-0.08081562229802805
-0.07659045020832997
-0.07710515021910493
-0.0511852766667325
-0.06031975393229634
-0.08811145332940826
-0.08270610213945437
-0.08530279473665842
-0.08911084696096791
-0.08554317244279083
-0.10927402428998141
-0.13293262867128972
-0.13872641225464433
-0.10569340128946672
-0.09422439266096896
-0.0944653448803989
-0.1200992846605487
-0.13615432999830385
-0.15437154777424025
-0.11058464483703503
-0.09008066414989509
-0.06200638165759644
-0.05938862955624964
-0.0737485513224147
-0.06224394304743494
-0.09788398446069077
-0.09985296989282491
-0.1466927673535177
-0.08955048128394662
-0.09832361152195304
-0.13418024975079532
-0.134450909332275
-0.10526114597843762
-0.12606532476665908
-0.14264594801577846
-0.1217889685931602
-0.06365444356364167
-0.0712420775634142
-0.06649296386979485
-0.04869877073005645
-0.06819063429840877
-0.014085476574203839
-0.030408696174941772
-0.00886334942673022
-0.009588952823716343
-0.04014191856238025
-0.06271610301891394
-0.10626974261277265
-0.10262333664002948
-0.11287046684699038
-0.16428792951067112
-0.20965936997162438
-0.1593185130724098
-0.14095373687830384
-0.10949116300072345
-0.12114109832813251
-0.12776994446705425
-0.12627886863179802
-0.1697484648651821
-0.16642331883368724
-0.15839878303502086
-0.1637669743034444
-0.14591800265411753
-0.13923084956361506
-0.12337015664671883
-0.13480596267336617
-0.09348661836303447
-0.1094999596524533
-0.09971633468311007
-0.10017635780330231
-0.09911991680109447
-0.11086820102424141
-0.13294964808153256
-0.1227056489718602
-0.11196973703305374
-0.08043939049796915
-0.12032486580760522
-0.10138691252882737
-0.11968641738919789
-0.1145429164956282
-0.11693239988869185
-0.08485803095468004
-0.08635544227990381
-0.07810429945326394
-0.07142350554551997
-0.08407164082828418
-0.07116803325896942
-0.05709634864690879
-0.06397457598386233
-0.08598914433243864
-0.08752506572824884
-0.0756660325943
-0.08818834039206
-0.10959934029475435
-0.08054390116731998
-0.07156012064395924
-0.05037222665381749
-0.013335001076952449
-0.009965238547388518
0.004303098798260368
-0.041822491809665255
-0.05494615082922383
-0.08670940848564636
-0.06913542754407137
-0.09051761510333695
-0.0708606486908963
-0.03757395307666265
-0.0951566291098792
-0.11251656123769847
-0.142206619644063
-0.11170855276318423
-0.12312913587571701
-0.1469261737167925
-0.11565457781386745
-0.16447365461828944
-0.12263250878242145
-0.07461655453387281
-0.11301320514049437
-0.12597010416960722
-0.10576113144910447
-0.08646477562639944
-0.09236604694980644
-0.11525990810350678
-0.09874819252265386
-0.08463483007291625
-0.0648282892160064
-0.10719480646853641
-0.12547402644815814
-0.09090596777089069
-0.07558641018605518
-0.09720122065283195
-0.10058658189254993
-0.09960142949839611
-0.07296159900752741
-0.0799741789959919
-0.09726910733358235
-0.09407848633696939
-0.102720540372823
-0.10717882614231528
-0.08702478940845122
-0.08065518958224124
-0.055058703554862726
-0.060117698554036696
-0.04617839967042925
-0.04672986338807028
-0.05975649701076144
-0.06256038629347312
-0.08629631207444347
-0.06806724475018419
-0.05100383216856794
-0.13686037620307062
-0.17466348737426657
-0.1298046271743237
-0.1209565626006234
-0.11855740141809307
-0.04646194200762536
-0.07799233196322812
-0.10476117013054845
-0.13774351439498073
-0.15101402087934346
-0.15043572494243582
-0.13544073139941337
-0.12119454544714783
-0.14876724371418446
-0.11745453695696621
-0.1508347920688376
-0.11382529869617576
-0.12557355517648755
-0.1093223355882767
-0.10494169706367087
-0.12475890842307374
-0.09314555907649248
-0.07995761101848534
-0.11460446240481548
-0.1360022413421322
-0.13984961663085924
-0.12282818450211552
-0.12140207137236378
-0.1312254144898739
-0.0997871429008108
-0.10801233909568461
-0.06944990432470521
-0.06258731676653102
-0.08193580602647418
-0.10257625608640349
-0.13834220349562154
-0.08981587248369483
-0.05904311744456726
-0.07101489971907249
-0.03514399469621975
-0.014004261859627224
-0.021774773535263973
-0.05272762065269916
-0.019689530719414896
-0.044594829799084565
-0.03797100903558431
-0.042289612022334507
