-0.38701551586245847
-0.42222543267647716
-0.4149852884281176
-0.5288146026165238
-0.5183889438791737
-0.42904729263934854
-0.3986623522160734
-0.3782878857483041
-0.3639159186520343
-0.3617401756167915
-0.3695706032735051
-0.36088709663315177
-0.29213574590663904
-0.24479266489419654
-0.3292627496105014
-0.2913492162074135
-0.3450657964202838
-0.4151334557188191
-0.38113735644997143
-0.4305570618111143
-0.3960027681976941
-0.43201208906822547
-0.4291991775784462
-0.504578362447784
-0.41059354656487174
-0.4485065438984618
-0.5347061522978688
-0.5334422254547234
-0.5315655761510891
-0.511189388787266
-0.417224182675407
-0.5504453141743605
-0.6022845647739149
-0.5308785731062211
-0.42675258702590135
-0.3935989606578557
-0.44491087605935475
-0.4582316968146728
-0.5376557456654923
-0.5058816411414053
-0.5059874341716882
-0.45954649158752275
-0.5162375886810013
-0.4047108067502608
-0.3930758797198885
-0.4222553210807277
-0.5062022114392188
-0.5053544960107627
-0.47740876668187265
-0.4980042391964329
-0.5033993894193727
-0.555397674354156
-0.5277404291792784
-0.4329508931225846
-0.4668483764810931
-0.48004892995396925
-0.4181870571799459
-0.5558844416201845
-0.592816173387333
-0.44158296087951027
-0.5110847693153878
-0.47542414280977524
-0.5242885183018732
-0.5017496721596376
-0.5240225425255013
-0.5731196723911972
-0.542760016544224
-0.5561749955622238
-0.5153664880482638
-0.5000470649098702
-0.4469450093367489
-0.5319563934788366
-0.5003231096145481
-0.5177347200128157
-0.5538350980624374
-0.6061231892886858
-0.6205888083804868
-0.5311732401204139
-0.573058180449084
-0.5752790737777147
-0.5634541333034452
-0.5757356962603815
-0.5700105374011011
-0.5463561575599265
-0.5170203336528651
-0.5552928984345957
-0.4813971178310469
-0.5329721286628419
-0.6098443574969696
-0.6060057074573674
-0.5750876719708315
-0.5518093001877394
-0.5659366640821716
-0.5210446009510372
-0.43369431920764395
-0.3346867298657108
-0.4730335043117986
-0.39926240334771135
-0.44517950007587276
-0.5086641576739964
-0.5596445804993295
-0.5800366593192646
-0.6014437449578584
-0.559926677426857
-0.4180570025846001
-0.4080666550548342
-0.4382232809284179
-0.40236286598858917
-0.341481064187635
-0.4793150548535924
-0.44935185828782026
-0.4836746236163764
-0.5057863038754378
-0.46064492203541624
-0.4856517059984072
-0.6042632935169598
-0.5090725909999082
-0.44347069171453496
-0.3230270708229048
-0.35660330731886836
-0.3708413586481723
-0.46494123328743486
-0.4933963110515053
-0.5271483310121824
-0.5402026818119255
-0.5563049578485162
-0.5210669736221111
-0.45791546992233756
-0.4802146633367878
-0.5112493425233556
-0.5785647212305953
-0.46837815361921176
-0.5267591934039546
-0.5708750196482769
-0.528891672406778
-0.5316945096933405
-0.57082828571751
-0.5753063326952549
-0.5572175868617039
-0.5513327254516199
-0.5496526853915902
-0.5691674313079188
-0.5365550859978205
-0.4553656297382722
-0.5749247103894705
-0.54240066673356
-0.4638120802928385
-0.40834377508229036
-0.4905906925749274
-0.4981065278623156
-0.5786682991154429
-0.6500963242286516
-0.6174251712586697
-0.5515063178248383
-0.5370343981306004
-0.5187175228295977
-0.4938014549743346
-0.49344937247384657
-0.5805016989278208
-0.6347022376200214
-0.610417177032085
-0.5551818755382297
-0.5511402499032702
-0.45710871526475305
-0.4290768495287639
-0.482369620218254
-0.4752037895511352
-0.4826477695206084
-0.4758381228578824
-0.48861309411072057
-0.3644574555027683
-0.4984044129141974
-0.5239778533289936
-0.4091576280403314
-0.36055268580598465
-0.43403956588250214
-0.41160976118532416
-0.48093042919189033
-0.4413011632564295
-0.45885024547707354
-0.46801702529566813
-0.515747295865973
-0.46218852238426494
-0.3922276976947175
-0.42410084166433054
-0.40697616337340875
-0.3984707858108805
-0.3816143391176835
-0.397530980408661
-0.3372411183755896
-0.3482106680221077
-0.233832908846431
-0.29702164963200767
-0.2884910858290352
-0.3608449309863458
-0.435047668781627
-0.4317024294845843
-0.40363913500711796
-0.5429307049655137
-0.5283292888990755
-0.5906536530774197
-0.5658842510216168
-0.48168075950906797
-0.4667478380845324
-0.5195614617560743
-0.502529989569461
-0.427795377614299
-0.4544834204583695
-0.47229947722432264
-0.5149122770845782
-0.5295647796143138
-0.40176056328121545
-0.4230085146453072
-0.43842726349478156
-0.42042744902929663
-0.44846480004047373
-0.42837388638583507
-0.40731266648350434
-0.3352932883114102
-0.44593229766179476
-0.46315610041510347
-0.47849739066496355
-0.527510642666131
-0.560826744663739
-0.48566674003294225
-0.45264363494472754
-0.4301385278034117
-0.41049446983754034
-0.4566428457393694
-0.4268113942078155
-0.40323379795153474
-0.4624112541915488
-0.3779695729955372
-0.40241507614481475
-0.42686418754869704
-0.39346859155033004
-0.42142606671305444
-0.37790522538549903
-0.3639419246503757
-0.4214794882889995
-0.45068234511229266
-0.5147946447234528
-0.46622084145418985
-0.49964627290920466
-0.4163528087811338
-0.45275738625338835
-0.3729762230889542
-0.4468246239790005
-0.43933553091330146
-0.43722822970245984
-0.5194103716194872
-0.513263815122084
-0.49635093293180615
-0.498318856933963
-0.38916409189599277
-0.4048269525291814
-0.4588056648864489
-0.4804522312937408
-0.5249730828428021
-0.5498518688248168
-0.6429555518353725
-0.6764665032063873
-0.586666406047605
-0.6206380660056076
-0.6295718456391727
-0.5628759997499075
-0.5517434547443525
-0.6534097759580826
-0.5555887294250886
-0.4945386649790008
-0.45849924694260347
-0.3689570995265085
-0.46289610366132156
-0.592880082828085
-0.5538642196603794
-0.55538314535526
-0.5222724361651335
-0.5216458753427639
-0.5051118305313702
-0.4299643073118831
-0.4603401674842674
-0.40543612859146405
-0.3798586814991315
-0.3307909980848521
-0.3630262594132563
-0.4360252388909057
-0.42350463436039865
-0.447459745601184
-0.49760385493915715
-0.5073647687451509
-0.5040939961258142
-0.5377162432475358
-0.4385011129860312
-0.4588598226706348
-0.39674892411027496
-0.39988595916267444
-0.38544687071437445
-0.5151053157004334
-0.5152376129754241
-0.545762550469214
-0.4780246152846491
-0.40957695361541774
-0.4641013102587985
-0.47445597596250333
-0.42237745947581895
-0.44064250356124074
-0.4592511622151248
-0.3582620970727037
-0.40579506672614357
-0.4077305311288395
-0.512660380291203
-0.6742734443772479
-0.5937856742023111
-0.605511378391199
-0.5091890358376854
-0.5050360504285494
-0.36082884675018123
-0.37891199097730727
-0.5162497021598642
-0.6021298092502186
-0.529259741809168
-0.5126573631443551
-0.5038745268321
-0.5401042334102576
-0.5276052088220374
-0.4529189260583179
-0.46288207546692045
-0.4225641528807442
-0.4194692087176124
-0.3998651226378209
-0.46250203173255283
-0.4942720306906113
-0.4820486169356367
-0.4429104198417152
-0.48737392533102286
-0.4397986966194484
-0.45775481217491754
-0.4076332841436486
-0.47256899139331865
-0.41822964454301015
-0.4195438824839447
-0.3869497824175286
-0.41682545193241427
-0.43415865340086446
-0.4856071639543423
-0.5602814396212288
-0.5366437783986288
-0.5424466853361907
-0.4848349444861124
-0.44550165264723507
-0.4793551936451909
-0.5241972880930974
-0.4474278112750477
-0.3837557498320895
-0.3781561942229116
-0.43461028406171304
-0.548397185437129
-0.5542114485738366
-0.536060801716209
-0.5320455820150083
-0.4468028827621454
-0.3973349712499732
-0.5169188064468476
-0.4663882035488825
-0.41303197255634505
-0.48046145606197105
-0.40801769106759334
-0.3741266083602563
-0.37112906830659625
-0.4095904114439559
-0.43865721106254885
-0.4798510816663314
-0.45435814558960447
-0.4267177525728485
-0.5405061559606671
-0.5489842751743307
-0.5530808047918158
-0.48893620695064965
-0.5397858616835723
-0.45728432134672864
-0.4924840675142846
-0.5969133675480316
-0.5662077120016735
-0.502563949117759
-0.5865865842024646
-0.6637693335140291
-0.5856471358282059
-0.5833016361240391
-0.6021649333615514
-0.5336573031075602
-0.46244322115525066
-0.4082170316576952
-0.43698478219662235
-0.4159703501803778
-0.5461417664053104
-0.5362983930740688
-0.5573515011198359
-0.4832297971276078
-0.48040921969293027
-0.47051928506126983
-0.5500447547174195
-0.5502865192828582
-0.5207339273416846
-0.46051467251157835
-0.4458467464772798
-0.41414578574742483
-0.41362305436267777
-0.49554220637795593
-0.5264290131976929
-0.43728107380013603
-0.511027696846038
-0.5148210052595935
-0.5094766681650269
-0.5311324598895932
-0.5103793487963335
-0.5287077622917027
-0.5066290623290959
-0.5147613534568536
-0.5661342538007978
-0.5316079344252785
-0.5654562636597075
-0.5026997291356692
-0.5342828053674231
-0.5715038477228136
-0.523734470305462
-0.5276611354153335
-0.5756540122433148
-0.554793209481706
-0.5014223997660661
-0.5713457937332209
-0.5566979889453564
-0.5574890813892652
-0.5263179211889812
-0.5300946449279653
-0.5226109092859944
-0.5957376992899784
-0.5512826800598618
-0.5188906291445423
-0.4694346198433478
-0.5388057024856338
-0.5642976155404876
-0.6156687522994422
-0.583188301595749
-0.6296518990896266
-0.5092643393555879
-0.4835485418334729
-0.5102421243037492
-0.48362700795924796
-0.4849128778375742
-0.49525448691761803
-0.47802396075600545
-0.5046731508510087
-0.44857836026042813
-0.4081906136461732
-0.40285443450986347
-0.41040047715138456
-0.4391844620807833
-0.3777073919760182
-0.5028538474604918
-0.5058465514862622
-0.43477863864040167
-0.4432814090795432
-0.5651956705139463
-0.4829307216141428
-0.46970751611612704
-0.4797607814234896
-0.503697043038923
-0.4941224879542794
-0.5364643286307339
-0.3741782660552303
-0.4404388692513164
-0.43547011181583756
-0.4291816147636092
-0.3620199355883952
-0.3334929892717431
-0.34314984373632806
-0.47652465118295345
-0.484028837367949
-0.46164191002971733
-0.35929426074817467
-0.3445009272194367
-0.3956689241868897
-0.32354388481042856
-0.3006688362477541
-0.3164103566462537
-0.25069193660487904
-0.3337196374967244
-0.39754020064194323
-0.4018579880825181
-0.3661464671593838
-0.2993044069159531
-0.2793382443219045
-0.21701498976145056
-0.21511806159657373
-0.3029082871019749
-0.3303923277882318
-0.2903789950154875
-0.3376446959058901
-0.3548824778765512
-0.3503475952746407
-0.30908141880438855
-0.3499986519676695
-0.3709933054884251
-0.4146437251367144
-0.42486048743260935
-0.3526675533323643
-0.3674742102612198
-0.33174594971532445
-0.32637759478588213
-0.2924103669132495
-0.2832386270555233
-0.3340881395682408
-0.3642465201413541
-0.3607186892759404
-0.3636613779532921
-0.4014059518576707
-0.3222906728220955
-0.3310169563555766
-0.31430486035593197
-0.36464864605847863
-0.33091150433920136
-0.2959704804562683
-0.32051128780481136
-0.31817369840033116
-0.36469369613892044
-0.2587973325940671
-0.32617420630837024
-0.27192461833911175
-0.34361945458248044
-0.3630489265480674
-0.4020177621938358
-0.5272707425034624
-0.4646920862807362
-0.4355647361727928
-0.4589233491539764
-0.48801328670328714
-0.5589941476679706
-0.5072602338124361
-0.47130765889883164
-0.6026979681836367
-0.5826457070452635
-0.578288176249692
-0.5760285774820054
-0.5460087155956
-0.4739074194416144
-0.5349988882072293
-0.5131073577923121
-0.5950088875256752
-0.5602456947818204
-0.5500504129765285
-0.5298463771728962
-0.5136583089376386
-0.3720182902110887
-0.4204113029097963
-0.5053812671277428
-0.48351777303146953
-0.4635872912436667
-0.3266395877153853
-0.32917139053538025
-0.30908633088260007
-0.3181786965711576
-0.30281542902209885
-0.4836880672506797
-0.42901443430432173
-0.4286033756987641
-0.439445840761456
-0.4227201738854277
-0.32492526736618904
-0.5114558505728142
-0.42423519641419016
-0.44756855501292986
-0.4331753428173448
-0.39660620009521147
-0.6087477730412254
-0.5267961849216827
-0.5258892094622799
-0.5593576142144021
-0.556416017770086
-0.49871378774778413
-0.5538940025007466
-0.5455640480030468
-0.653512912921611
-0.47349174702523067
-0.48564955070116755
-0.3474002077968671
-0.3968106257550589
-0.3896016386554362
-0.5011478792424814
-0.5114467013277444
-0.5575950121667489
-0.5243717658185898
-0.5614252549864498
-0.5000935984347834
-0.5260432203318404
-0.5136025911809708
-0.5355092471509831
-0.45318874416036375
-0.5100401224209444
-0.42646977328411545
-0.4049477799600081
-0.4005596072067329
-0.5442237932681223
-0.38336857530846563
-0.31935413682699915
-0.3813036002023051
-0.53329008402307
-0.5216595014334685
-0.500910914780469
-0.4706627749077133
-0.5092645071002706
-0.4920352787398049
-0.4821683124075396
-0.46847630960722864
-0.49371849231298287
-0.5480718681618277
-0.4684655681945375
-0.39938633229678067
-0.3699274979188188
-0.24675104062323977
-0.3749936575302307
-0.5057287764510702
-0.506700170210022
-0.49203745810142474
-0.52415882899781
-0.48486679891273776
-0.4621183013245293
-0.4229550673451175
-0.4426159298673408
-0.5456878589925986
-0.5147539762926732
-0.5253387512834142
-0.47998248045400727
-0.3936527816019212
-0.3929941161074869
-0.4165191263827658
-0.48688533661491673
-0.5480869975191653
-0.46272439163155343
-0.49350577288489145
-0.43700334831383025
-0.37818091932780223
-0.43107920516307857
-0.5007419928894021
-0.47127911405688094
-0.5210504478675398
-0.5323211841931825
-0.6158277403205143
-0.5222903168283737
-0.5602417125381105
-0.640410399642438
-0.5122101764688696
-0.4924920502599022
-0.545558791515242
-0.44620775505254967
-0.5068825763915796
-0.43871014110213086
-0.37936420741712995
-0.397819709369958
-0.4782333380668177
-0.46100504736838005
-0.5628515149582144
-0.5441108005252672
-0.5155435499963208
-0.43435071418049326
-0.4320080791207198
-0.5472819999046296
-0.5619176034328852
-0.6315048892197361
-0.6019339254764373
-0.5313638405513786
-0.48217188001638434
-0.5465575645030994
-0.5408518527199796
-0.4950977025097872
-0.534574861219625
-0.515278662452343
-0.48896011989869326
-0.48626037273066997
-0.45810294096653675
-0.5667198250522417
-0.49873312948269477
-0.45969283123541066
-0.3120488340162501
-0.3113773368731283
-0.3975854255857419
-0.3739236036562347
-0.4780244536084737
-0.5424131250366675
-0.44339768543392566
-0.4131247690762002
-0.4600685510871279
-0.44855361559019724
-0.4146416297920632
-0.4725646908211398
-0.4663626976238574
-0.45148533468461477
-0.3986430108606076
-0.42482556315143316
-0.26734744805125743
-0.2767732568597713
-0.21432348898144818
-0.38505644759470425
-0.39048400282282586
-0.43539956601422175
-0.46885678371865436
-0.4989529322270735
-0.4301372927984555
-0.4069300409495714
-0.3837024674025501
-0.4726411535368093
-0.4663710506093922
-0.4387330564433237
-0.47972229407766526
-0.5386337590921586
-0.4973329573060052
-0.5054237507378784
-0.4565769047065112
-0.5043041443256561
-0.5229725404188446
-0.4862199007779659
-0.4810503871179152
-0.5074991410255447
-0.39221731130968024
-0.3932697772387649
-0.42002148443825327
-0.48024541898871737
-0.4601973125845054
-0.45666291457009844
-0.4258927475945152
-0.4550602538469954
-0.38289856960182694
-0.47242869900345025
-0.4634209496859607
-0.36664191731203316
-0.4341604625546029
-0.3929077992186499
-0.40079084888060085
-0.5003765923669035
-0.5906620456603547
-0.5928778797597112
-0.5562170096182717
-0.5035935875014131
-0.5357561219903494
-0.4688136703535953
-0.4408065730148104
-0.41714478107808567
-0.34687004808170846
-0.3975812790324143
-0.4205176880211035
-0.5312215528262924
-0.5198024836216323
-0.5383586355061938
-0.4553882441875535
-0.4087289617509917
-0.41844145891529305
-0.37822026962679256
-0.40159785619127847
-0.3369439848146357
-0.23640536537441206
-0.3091067212585509
-0.402959234868868
-0.37609374391508527
-0.335120468732473
-0.4362874676091982
-0.46500039691304396
-0.4136038589146861
-0.46678480653953974
-0.4847802047428017
-0.46095284739552667
-0.4781470589436568
-0.5358140470531718
-0.42285116819012125
-0.35731951662242173
-0.3559611507025518
-0.35666458149482333
-0.37298946964169366
-0.3560779702566824
-0.3477103157418308
-0.42721921428708554
-0.344155651695615
-0.34936718845115355
-0.35847155922811696
-0.33830073209926426
-0.3916216499360709
-0.37846419949845883
-0.2929249752862595
-0.38055385549347975
-0.3571846309924153
-0.41614606625552913
-0.4066071713367322
-0.41456485587657604
-0.49455131071688513
-0.6649046332670184
-0.4924833328298366
-0.46676455773484526
-0.5111703729433916
-0.5480764084827908
-0.5107395613195044
-0.5295199445944806
-0.6036145648834488
-0.564172235187299
-0.5999832220980258
-0.5102961555154198
-0.5075798358676432
-0.5017567470521246
-0.5577913266383892
-0.45470059313023475
-0.43675777008224137
-0.5412487402032218
-0.4495488642521911
-0.5027943409102388
-0.49991910042207377
-0.5647893616633323
-0.5194577438491356
-0.45968505063020426
-0.5159601388576843
-0.49478519796254644
-0.39372145433029243
-0.5005523937691899
-0.5147018680968225
-0.47876553693667584
-0.5413333613305755
-0.46526270407648607
-0.4192009711516707
-0.4949403312792534
-0.46001480269716255
-0.38949148071694334
-0.44101227578182267
-0.5145383081096591
-0.5429147980100967
-0.4853378477494666
-0.4887707491110386
-0.5707270621065027
-0.5181207603745013
-0.5273768498163753
-0.46606631438187396
-0.43575135355377026
-0.5164398104868255
-0.4920352302572632
-0.5466266054099775
-0.5482284993227023
-0.561200437645315
-0.5671181859671921
-0.5289793631586127
-0.5253130181181686
-0.436735040667543
-0.47970208997393027
-0.49477295403114663
-0.49288470729935085
-0.47278566371090514
-0.4271578699258098
-0.5140111959144368
-0.42764464618978953
-0.4656077199192119
-0.47433507692806215
-0.4993711524363843
-0.5791219603490335
-0.5598957756057471
-0.5704938076176704
-0.5226127704350343
-0.5488489244560973
-0.5142630385815348
-0.4772408621495595
-0.5343527559267314
-0.478084134993185
-0.49233664312525416
-0.46223234397669477
-0.49970436781808264
-0.5214803702598656
-0.5691023175329086
-0.5841625268606344
-0.6034681128292735
-0.6099698935145419
-0.6130778643651292
-0.5584661236125286
-0.6104228809229989
-0.5039294590979161
-0.5904481628010908
-0.6470098691000692
-0.5703781668559667
-0.5760395991284267
-0.5165386750755854
-0.5361727748333175
-0.4890015077369829
-0.46530302592295486
-0.45599877623062957
-0.4629030310434523
-0.4180477312160828
-0.44812033184770655
-0.5999949298883464
-0.5838360391336948
-0.5438942870465961
-0.5084338833059687
-0.44414774430377846
-0.4134681337681057
-0.4212190916377481
-0.42408473485596015
-0.40201440058964644
-0.3713707659403436
-0.3065271402502364
-0.3093074047769142
-0.2922158662935641
-0.3102763522208767
-0.3308399935524104
-0.32064848050846806
-0.308147575998815
-0.37621885462172466
-0.4311264991702032
-0.48741014534098664
-0.3873619928041607
-0.4547825450331694
-0.4386356865606031
-0.4560767608882444
-0.4082451122073607
-0.46000201630427145
-0.3552854334206517
-0.321752753152054
-0.2759750756349247
-0.2871321084526887
-0.3365835429756318
-0.2763236726633612
-0.3271475676812249
-0.3591383208271964
-0.445394037398869
-0.46264602956543055
-0.44691004955684827
-0.5187722534030246
-0.505949472617687
-0.47731552634979846
-0.4880399805563829
-0.5252979848665034
-0.44179456880069873
-0.42325978708130957
-0.4420164955896113
-0.49544315749409146
-0.5663656942031464
-0.43785305307680567
-0.5076032473196588
-0.4474657229674705
-0.46790383655301426
-0.5098540865716097
-0.5435524254477181
-0.5920018586631071
-0.5358297967445248
-0.48327584706943133
-0.5007410735118701
-0.5527731034203655
-0.5413298630521688
-0.5306163731401238
-0.5054303747499431
-0.46424727469712407
-0.5299177314580515
-0.42753071528659015
-0.3462816570609398
-0.4186844731731737
-0.35676672629475936
-0.3350663871826434
-0.4603308752325962
-0.413252909635061
-0.444415838289801
-0.30238374179457056
-0.3670014937142749
-0.3823263421272274
-0.43587673885401823
-0.3725386112306313
-0.35209538471711344
-0.2820048882712977
-0.30828803128942106
-0.30273125869370593
-0.3205837425920324
-0.31713350069933555
-0.3053334674516815
-0.2596308349551762
-0.3048930640252494
-0.33730231999530164
-0.31397853135446724
-0.35706571908862683
-0.3385573469117207
-0.37825740158592375
-0.3585605955657909
-0.36503640545615174
-0.39966980357091225
-0.39885069190760114
-0.3999077972824351
-0.3955438780456174
-0.34051792202172554
-0.3180566086061904
-0.3137346838159558
-0.31812551248404036
-0.33380409746176637
-0.41277629318221054
-0.5310260248731538
-0.429805968755055
-0.38583912334678105
-0.29242100066995613
-0.327692094526614
-0.35598586088787004
-0.2883710108739086
-0.4017896092614745
-0.4727898257047608
-0.4809418361034479
-0.5729240197710836
-0.5490072497377573
-0.4768825783926669
-0.5517477564182827
-0.6223674734881911
-0.5831521715399365
-0.6499930500334925
-0.5394479519151854
-0.6298034525979618
-0.6631159539530885
-0.4973667103131347
-0.5522175941198033
-0.4560744217918267
-0.46105331758751483
-0.5194649667286991
-0.4739145371883501
-0.5035381913646706
-0.46906318134767105
-0.5455068700279272
-0.5437400271656387
-0.5065810986627559
-0.4616877834015429
-0.4485653520331434
-0.5408296044752602
-0.4902281232667513
-0.6170950784441397
-0.5688079153699646
-0.5273170674528944
-0.4544345147588577
-0.4424487311588514
-0.48338339775614336
-0.537905156162082
-0.4757476055903593
-0.4855447051688979
-0.4080205894574377
-0.45672321287345724
-0.47447799855065986
-0.4996703947708455
-0.43135844162961157
-0.4732474828800157
-0.4758775581896224
-0.4154295052014085
-0.3874057931849945
-0.4074715563985446
-0.3831156949223217
-0.5106812961585405
-0.3846462329225875
-0.369168996426464
-0.4794086985992337
-0.3984383272272469
-0.4118803120076905
-0.4384509520676695
-0.43264612450203105
-0.3827628434528296
-0.36913422963606524
-0.4029413192481335
-0.41687414084123714
-0.4391466166955614
-0.4119198932759265
-0.395999175839065
-0.399323810825958
-0.39303395961578946
-0.4245218481824679
-0.42420290524849547
-0.4511304443467713
-0.4210316973864131
-0.3828946352252811
-0.40176143322994184
-0.3474611473925856
-0.43261075617836087
-0.41085619120099987
-0.44998510843065836
-0.48666496709784124
-0.47817268565654525
-0.4889037711764488
-0.5750016396956263
-0.4452543291492186
-0.5093922409896626
-0.4710401709228888
-0.5643935544201261
-0.5198819218936014
-0.4577754146005535
-0.4818223808695454
-0.45365518192784243
-0.42850311851543293
-0.3841075688575862
-0.47249297340067875
-0.5251081944794417
-0.5032254480278598
-0.5241771194576637
-0.5468252666704059
-0.5553969347147429
-0.567532612337362
-0.6285472739226086
-0.5433080578282721
-0.5203665313143789
-0.5435471161524357
-0.49705875374563857
-0.4225649578852696
-0.4927837243297449
-0.39770318398820687
-0.4832304566312712
-0.4933114303410656
-0.5436547131550734
-0.5228373052523455
-0.5334686534762494
-0.5782443441035383
-0.5260943417875811
-0.4808268608072538
-0.5303792543789063
-0.5400026940512185
-0.43945061551930414
-0.4280367869667814
-0.4114054050465625
-0.4152630052461038
-0.42527648580184974
-0.48522261561233854
-0.5185782355055228
-0.5067601315595085
-0.5179523570501607
-0.4817129236003221
-0.4518040890113692
-0.44363287298616166
-0.42315219603109827
-0.3555078006615693
-0.36277251157893925
-0.4757171942498757
-0.4280712057794713
-0.4580708987676402
-0.48967124709652743
-0.48152422911612974
-0.42647000522184375
-0.4895529248552364
-0.5302113397865824
-0.5279207469436165
-0.5483744418091128
-0.4801643249452878
-0.5004685309640016
-0.4465703800522242
-0.405182344000833
-0.47421715978985896
-0.5109688262883167
-0.48568385959517785
-0.5266284679718687
-0.5676541077085362
-0.5194859601579567
-0.5134129904668525
-0.5085897998590801
-0.4751243021090447
-0.4713535240638316
-0.4047204776372004
-0.3458660911439951
-0.26808650700705117
-0.33976162977497487
-0.24084477187107325
-0.2724307510228494
-0.28510601908676914
-0.31200357419772246
-0.3079151471050391
-0.3962812774608453
-0.42918479638284124
-0.4164309074049659
-0.41165304770044825
-0.36544565754110236
-0.4120972465484048
-0.46348696325513383
-0.4820467494026285
-0.46322960544146247
-0.4699366132687279
-0.47897244982077464
-0.5488265440602215
-0.631893904138985
-0.5962169487542142
-0.5619739333197498
-0.5345928767059009
-0.5025562100108354
-0.5194323456771518
-0.531369871525941
-0.4879491366610704
-0.4814011553045589
-0.41955818682799756
-0.3988658369063166
-0.39925111600130603
-0.29125019084988935
-0.36708595939144156
-0.4170382854058001
-0.4327376030059421
-0.4485027984323779
-0.3866480214013226
-0.4454208505418787
-0.40404272924309537
-0.5159850084668987
-0.5986976731629169
-0.5864087379175236
-0.5325870812920966
-0.5818949217571154
-0.5646024511761303
-0.485376274250554
-0.5430177681988859
-0.41444377758213147
-0.5077181095125258
-0.5162898384357651
-0.4558685040814607
-0.5545990520114739
-0.46046792048812474
-0.4018381362640287
-0.41841775638082435
-0.3765829127442196
-0.3781258449554585
-0.40222199231938427
-0.40423165858306587
-0.4598695975576378
-0.399149739980957
-0.4246291946981754
-0.44729129957905045
-0.37563386926222503
-0.355268801900398
-0.32498952395507863
-0.333493676154389
-0.38606127903663157
-0.3969869115334177
-0.36904094398822573
-0.4294257485931057
-0.4382268210104279
-0.5413383028549766
-0.5835797267147665
-0.5146705114895083
-0.5419277778858224
-0.5643666372747083
-0.47992430667092384
-0.4575029540461036
-0.44738168922001675
-0.4350311116404617
-0.49197378091799526
-0.46940152512821076
-0.574620611725007
-0.5064391905833492
-0.4651045931523012
-0.5196673778904871
-0.5885935131984197
-0.4515299706087588
-0.3585519591889476
-0.37954166586717275
-0.46624875396811255
-0.4916081125486649
-0.5130550415929414
-0.45986274831967483
-0.36649365486504915
-0.48303304344222636
-0.5542098642394477
-0.5361370724371655
-0.4054848171699458
-0.4954477212635479
-0.4774795609676108
-0.5568017715261315
-0.5241694449961805
-0.5230701521040596
-0.444035431489641
-0.42399442646058144
-0.4472057333224973
-0.50103288005553
-0.4782640317090092
-0.4683626398279432
-0.4635011902868747
-0.5200652058584341
-0.48323365359582204
-0.46739974888471325
-0.4256484883351294
-0.4274278024827065
-0.3612692214176022
-0.35815314768059814
-0.3100525090717586
-0.27958707824337625
-0.3248869208204256
-0.3146994788430259
-0.30607030872884183
-0.3323033914029411
-0.2719318215993352
-0.29267319499947647
-0.30540050540692243
-0.39478580682917286
-0.4959500815466767
-0.4876156724936188
-0.47218860575432575
-0.5086157713998317
-0.5209093448983355
-0.580863893273452
-0.577824307321234
-0.5703627363198397
-0.5162688185724396
-0.54847167231183
-0.47686616200577336
-0.45690227153277285
-0.4049579881880713
-0.4745356593117748
-0.4832386280167497
-0.3698744967323504
-0.44716086089920276
-0.4737559237490821
-0.5081616064626011
-0.47769550529952415
-0.46641660183310957
-0.4622175965544797
-0.5327880147887079
-0.5012508143842784
-0.5618764740773511
-0.5903582933032062
-0.5219997383145114
-0.5859862501255327
-0.5413241981016089
-0.5536640542249994
-0.49717631588016575
-0.4102788655044048
-0.40856595992522404
-0.43882324330109124
-0.4498508186145311
-0.48692779671026404
-0.4372324759177665
-0.40455157660576047
-0.46074058043544563
-0.3945990947515476
-0.44467510541916644
-0.4760005890231385
-0.48543695445010315
-0.49627793433507345
-0.5357240392759841
-0.5461908714131954
-0.5064590293026786
-0.5084652614110113
-0.46104436651868724
-0.47255054205818803
-0.5231285352361594
-0.4898250678449882
-0.5098868722032561
-0.5733535982201073
-0.4637239097223197
-0.5061032036075893
-0.4702993718292609
-0.49044404060441615
-0.4488225497851353
-0.3239978684049208
-0.3811920792798743
-0.3821361328206658
-0.5039106356175268
-0.4394012415284491
-0.3567570716717012
-0.37469721558148855
-0.43476058300950354
-0.4789053354922609
-0.40301219990101067
-0.4328147326268015
-0.39198219322334404
-0.4205873954097554
-0.4539281418555887
-0.4851131158052447
-0.4664797513696743
-0.39536894100180053
-0.4473113206842298
-0.45836748725787363
-0.55187912196628
-0.557416936664595
-0.5326549524728244
-0.5147563722034494
-0.5015005306197111
-0.46351050067129757
-0.46649588488496374
-0.5487054619039348
-0.42162741715971214
-0.43856610048120115
-0.3894291851103452
-0.4008214679406853
-0.3619641693815616
-0.48116118902746785
-0.5138827968444366
-0.520590453227657
-0.5552291752879556
-0.47533505188806374
-0.5079098261298736
-0.4379066100716072
-0.46697891626285065
-0.4195788432510886
-0.5548558171153862
-0.4892648026982242
-0.4028882686233747
-0.4037228780980718
-0.41141406138812675
-0.40620703452382245
-0.38220549890114563
-0.4020200763089576
-0.4208355185737377
-0.4164697099526915
-0.43731167797126086
-0.3753744928877644
-0.3643683307103706
-0.46541331370951583
-0.45319520301675537
-0.5094423684911242
-0.4781771437033811
-0.5207776975669651
-0.5154895340919626
-0.5571355388032868
-0.578525550721691
-0.534330605238591
-0.5142438740595242
-0.4524253648908467
-0.4811779104609723
-0.4955122200142871
-0.4929341439486556
-0.49848858178842836
-0.4210444781117738
-0.48805817146280395
-0.5314093449605691
-0.5785105949388084
-0.5444179002884473
-0.4807688650554577
-0.42990867758309553
-0.4510675727954861
-0.40341871895374476
-0.44632374924112306
-0.3790294412532213
-0.42621843862873143
-0.3831163926399292
-0.4055470455120936
-0.43241732179027725
-0.44908954446372085
-0.4050917128202154
-0.496410184710305
-0.47314030218685305
-0.49565387920935816
-0.4675490077312398
-0.4586881990959025
-0.44707447900760183
-0.41548169277413183
-0.39264325133481703
-0.4375701410994323
-0.36649845853317975
-0.455863490060792
-0.45335781319470003
-0.49422995982749307
-0.5154549715727968
-0.6147486598991286
-0.552541321169768
-0.5264736993078774
-0.48248250563315875
-0.4910781207721955
-0.5935996391098286
-0.5358535864147518
-0.4863811577420863
-0.5329913159708679
-0.45672664723704365
-0.42711470276699315
-0.553662356652662
-0.611648157870068
-0.6135855862971448
-0.5017247442851942
-0.48425609265085295
-0.5246275234809681
-0.4256677491129953
-0.36484972583365144
-0.33260720669005894
-0.37172373382831675
-0.39610282719315104
-0.3967987317548082
-0.39480658184403933
-0.34873304157085366
-0.5060971650209662
-0.4881611601971931
-0.48478692363558856
-0.5318693933597501
-0.5776659446510006
-0.5198963923464263
-0.5040440497356926
-0.4554797649535274
-0.4299181544165542
-0.36662350789146
-0.40545574918138344
-0.480736915616015
-0.4270543604833021
-0.3699537563487359
-0.33858943300499544
-0.3713450947895691
-0.32946824335189784
-0.40670040534001023
-0.4216724118585311
-0.48323190503657415
-0.4992905445036924
-0.48048686769381205
-0.48209334781529317
-0.5277424669997917
-0.5457683041231144
-0.5136265576037807
-0.5266304752334132
-0.4761109786593536
-0.4068932904263168
-0.47491831261372336
-0.44735293940245513
-0.5221892350054813
-0.5117522071812688
-0.4918497511791939
-0.5341484430748993
-0.49515500966396964
-0.45902611385493336
-0.3961742040985714
-0.48491300288455563
-0.42132941774729665
-0.41814060960044663
-0.5024997834354751
-0.4419747506143525
-0.532233460163493
-0.560406319777952
-0.51818164381075
-0.45674984529280394
-0.391961134235133
-0.4013390613033388
-0.3998162999542507
-0.4237342180819209
-0.3958337905639179
-0.3840731832530795
-0.33913376037168075
-0.43800990662930434
-0.4181088751361514
-0.5277129583525997
-0.49494980022710766
-0.4706613470491293
-0.40875569850937193
-0.42036336749916975
-0.37743357062456284
-0.3674464686713844
-0.38360073818159085
-0.36249092858877435
-0.3714239099129617
-0.39509125572993753
-0.452328352594257
-0.3646441330304405
-0.48598475097470417
-0.5850208074873395
-0.5572544516443432
-0.4624796915266442
-0.48189413062199776
-0.4595487870002542
-0.5527055932968336
-0.49673174949121557
-0.46594093921223756
-0.49865578730523774
-0.4499301061743481
-0.43271360044279805
-0.5009755940794758
-0.4124335292108875
-0.47819062669142753
-0.5157491182715801
-0.5997343496882979
-0.5817102857855236
-0.47401768967527835
-0.488141785461499
-0.5137104377993048
-0.5385209127778866
-0.6157807551448251
-0.47047546951036184
-0.503233473963113
-0.46686942544152676
-0.4363950998276171
-0.4099136662289084
-0.5768849327667795
-0.37452798525097797
-0.38931358913932507
-0.4483636387345573
-0.509715221012981
-0.48912741325671366
-0.6126412513784901
-0.5399465732311449
-0.5169349637844403
-0.49161670391759876
-0.5632358629836183
-0.576031597741301
-0.5144044109932768
-0.5422091513306048
-0.5886021350578273
-0.5023875228062009
-0.478638085900013
-0.54798341301151
-0.435380784344581
-0.4781914907008377
-0.45561058243243174
-0.48044456022077436
-0.34419982728694704
-0.32418779650635104
-0.3712739583629678
-0.4683179418959234
-0.5270618903675078
-0.5341656370055201
-0.5778923208221104
-0.44199185953989756
-0.4305143394903762
-0.5507819440806664
-0.5699305378698237
-0.5519307497061742
-0.5489487499276366
-0.47437492681169
-0.5038933083042296
-0.4694786054082522
-0.5343280368460878
-0.5371762430897596
-0.5473675750155824
-0.5543790245743347
-0.6007702481582377
-0.5758520191019291
-0.6109822793503084
-0.5864164532131418
-0.5609540533631237
-0.48102625542169064
-0.4797769014338249
-0.43670781799697483
-0.5106251862153922
-0.48207112661395696
-0.5192599462718114
-0.514643517931907
-0.47662849597833823
-0.40622979954269045
-0.524029739018361
-0.5622358837090705
-0.49983820863692646
-0.462369369778709
-0.5245704964526183
-0.54570170652366
-0.5103995778129742
-0.43071058553515823
-0.45910885662647194
-0.39809508165096785
-0.3277962811051687
-0.36676174595876276
-0.3808896179593285
-0.36794490972575383
-0.40648054007031126
-0.4878447083659391
-0.444265269836678
-0.41324208822565495
-0.48365886617546316
-0.4946278641039563
-0.47051062285983486
-0.4590164355160575
-0.466878049892705
-0.4397151394703936
-0.44493072323005006
-0.42287984572693216
-0.39557971207559095
-0.4924498466648955
-0.3612373102534316
-0.37414404188801165
-0.31914179544750837
-0.2545703977907755
-0.29891084611047625
-0.3918864231171579
-0.45085213273358365
-0.4540181462213573
-0.45599851411506537
-0.44059911508781646
-0.44908091995295574
-0.45795348986860085
-0.41830551344871114
-0.3449170798662501
-0.39870361705588303
-0.42510265048023343
-0.3903579280944057
-0.4335980934389115
-0.42792484272095643
-0.390556812760918
-0.4641628217784449
-0.4678557392252124
-0.5659898117586808
-0.5393956586973158
-0.5945471596368087
-0.5871388236856134
-0.5361490850902934
-0.549545110373328
-0.6351688770708318
-0.5719162497847483
-0.5159399268626125
-0.42157848288932376
-0.45496609373483066
-0.4125070512847566
-0.4191564892161383
-0.48745334377375926
-0.5036003338935449
-0.5322395649999727
-0.5426448649799217
-0.46130257576092576
-0.4300708798891059
-0.38186730768449706
-0.42052702744321335
-0.51242468054061
-0.44339634725411586
-0.4128122556562876
-0.353360025106546
-0.47440485823051204
-0.5109523410961676
-0.48745241330281724
-0.5596738169703052
-0.5548814282735229
-0.505128138977799
-0.527166448662945
-0.45621807145341536
-0.4315797388912667
-0.46775904805711693
-0.553472711342857
-0.5523763181786033
-0.46897274807215616
-0.5463671200663496
-0.5420119022568046
-0.4785644067371833
-0.4676733003649628
-0.5028468521801394
-0.5492471352318459
-0.49802524376502166
-0.47854274738269287
-0.45668099200214696
-0.5605901486723155
-0.5813210684205511
-0.4974818327175948
-0.39882233978839227
-0.40505037818159007
-0.48140744220748183
-0.4443559936410725
-0.518337470966624
-0.47707390730180865
-0.4896401911581005
-0.4427822284779228
-0.48444900066972185
-0.47051304268030786
-0.4947686295436616
-0.5797574873801329
-0.6511109053253932
-0.6027263480071603
-0.5661905778458649
-0.5420354890044111
-0.5192638664534712
-0.464762436777707
-0.41837330216282076
-0.44869674235860957
-0.4332867722651462
-0.4797234339884856
-0.4273872002522392
-0.3881927530389786
-0.4574850156216849
-0.46871186328779013
-0.4637419469509047
-0.37100195688617604
-0.3618667415264995
-0.2877555501771575
-0.3834398740317835
-0.2934596260829728
-0.29432331679921314
-0.2578802426544035
-0.32895286354168607
-0.3880950002276504
-0.36921715083536505
-0.4575377063119053
-0.44243546628291264
-0.4731430809092702
-0.4169993453050612
-0.45718636561110326
-0.5541216346060831
-0.516525858702833
-0.45582841697793797
-0.434057521456634
-0.5130564631394521
-0.38950064527200223
-0.4933076279601123
-0.5273074936376075
-0.5093979250024305
-0.35656731808793957
-0.43713552170258235
-0.589168373133421
-0.528109002207912
-0.4782409380238713
-0.47758290604622466
-0.4284203079572492
-0.4419513117355262
-0.49363843771168003
-0.4872118873954814
-0.5447299716838464
-0.5288362699124357
-0.3985346540710155
-0.47876809382125174
-0.5039279398198656
-0.5227980028835907
-0.5349904812248724
-0.5519427589812343
-0.4956928031642656
-0.5214250322160325
-0.4082609454513707
-0.38712413251079414
-0.43568120778929537
-0.3810124836091267
-0.38350117869514644
-0.3798191578416677
-0.3837815685065583
-0.4078216800244577
-0.3624516285391536
-0.27407336014016276
-0.32038889466175063
-0.27734472460981535
-0.2321410450381793
-0.2552962296399469
-0.3349689568206722
-0.37875495351451616
-0.4556815559715477
-0.46949241347914533
-0.3960741157803891
-0.4469421798103541
-0.405623812071567
-0.288268658518117
-0.3038492490705862
-0.33736949898703306
-0.4136676463857763
-0.4922595252118691
-0.6056588989487232
-0.5462127152959624
-0.4547560163447374
-0.500273004224652
-0.5377883760635974
-0.4884687766324502
-0.4636266520578447
-0.4292099414869866
-0.4135493710355971
-0.4639231355823711
-0.4120560684990372
-0.3352638181388818
-0.4214555454364046
-0.5288847241996169
-0.4451945748106128
-0.384338431672785
-0.42829414651342784
-0.40946462882224877
-0.4061862701411837
-0.4326437627057288
-0.4938002067106321
-0.462372603107673
-0.39083747857045914
-0.3456888934647889
-0.38280363757851404
-0.4515984645670486
-0.5369851250839772
-0.5076682940528615
-0.5020255070875053
-0.5946681842664596
-0.5713801682723095
-0.5944293461088166
-0.5500580613664312
-0.4971303298047465
-0.5648966517994043
-0.5413291932815899
-0.4446362095893853
-0.45972717178975947
-0.47001006243100285
-0.42420806076453493
-0.41032627256181686
-0.48787793513801403
-0.3937691789697998
-0.4241397473230123
-0.4287505435396064
-0.461913661600907
-0.4923849427008556
-0.5396279268568779
-0.4827348852889409
-0.6157099914697809
-0.5711293782601825
-0.547640412212108
-0.5504695380628875
-0.5301003743092164
-0.5365228741989693
-0.5031941376522691
-0.49191883242020296
-0.5079204707156832
-0.5140672280257481
-0.48347018762553023
-0.4469232753715166
-0.4925767964536473
-0.4707472917989416
-0.42034905756574803
-0.4088667930139298
-0.43870118627654725
-0.4896263040581457
-0.35621682644891
-0.4398225981931545
-0.47622852875157307
-0.5094580024938674
-0.45401649982963216
-0.42583041715605446
-0.5025076548960452
-0.4975356880848118
-0.4446866904384986
-0.3819731692005126
-0.3660045568154845
-0.36219525549727355
-0.32055214707126917
-0.41403531249496417
-0.42950604951572185
-0.37887548410684013
-0.4445990776689595
-0.44963053027731975
-0.4484176121522946
-0.3766561548629487
-0.3557147901246931
-0.3855388499331703
-0.4439242508489816
-0.46535363671552277
-0.4671729181394926
-0.47880292031481547
-0.42288770534615416
-0.44294645701633795
-0.4304463194592288
-0.34283638366852204
-0.4332949823286369
-0.514670362627973
-0.5816619893457988
-0.5387661645637878
-0.5143786208849223
-0.5439812109522557
-0.4299987181652074
-0.4378221972981776
-0.5189664436284084
-0.5766782453770786
-0.5713908520451019
-0.5649131111273392
-0.5273418931525615
-0.5117720347860677
-0.48694315356471524
-0.5239934347091848
-0.42213880722114694
-0.42337685479247394
-0.36185014670728544
-0.4502276565759513
-0.4518649849387931
-0.5130755850853802
-0.4767242269814273
-0.4665031309047745
-0.5297361457370804
-0.48669344660533576
-0.4894323281473219
-0.4694499740842174
-0.397275501987856
-0.38578200219530645
-0.535840291306494
-0.4802205292152677
-0.4347487289823678
-0.4528441119206881
-0.46376940358697893
-0.4890335843577346
-0.41191597487341297
-0.4491860649645794
-0.4751473752470927
-0.5863774350739316
-0.5645836988238946
-0.49677255819307714
-0.4581052645954506
-0.5501567393370845
-0.5818791095726163
-0.4793614674876645
-0.4075287332091804
-0.30124928899418246
-0.3638321460913694
-0.3795056588521026
-0.3725152005290535
-0.408989009896223
-0.43279313866207497
-0.47379553703579014
-0.4056996458371898
-0.40039550339606456
-0.41961625187466234
-0.44114302586846155
-0.45137933860325
-0.40441628458783524
-0.5028662901689205
-0.42585386321449026
-0.44469073623621647
-0.34712051549065537
-0.38554076005061816
-0.3792406152323769
-0.4410403220460071
-0.43218045149574147
-0.40090494927260273
-0.5548353168725588
-0.5284738398591206
-0.5252654455586475
-0.4784557137967768
-0.5803802090877154
-0.5150690185482227
-0.6096472981033679
-0.5450636315776843
-0.5404912806284964
-0.4282937130448298
-0.3983089884879334
-0.5009643201201697
-0.6127702303967242
-0.574515900341541
-0.5730648670729868
-0.5492493771693853
-0.5623341224063724
-0.5054616948710126
