2.461995531802496
2.4187064302686676
2.3445966206885878
2.4010254830217153
2.522968227683987
2.4968584781111036
2.4669602634958867
2.4987763842167627
2.408381915450115
2.456851833081193
2.4890405939185687
2.5664194660008492
2.60437094873319
2.512931675659214
2.428785138382742
2.4340246085011064
2.4187172300600213
2.4154460372526874
2.4489471238000107
2.5054347095717167
2.4568858734299117
2.409014286661166
2.36921229514209
2.4546864349179653
2.383213489464543
2.5055189362109327
2.49471182357239
2.371938188828453
2.4435956636026948
2.5086169894448274
2.492407227764077
2.4748451799793276
2.560189553092389
2.510842400995015
2.4075236531256636
2.4111988976678007
2.382545791777811
2.3499968525588466
2.3884015518997668
2.5445811148255433
2.474247400537478
2.392837435395598
2.414031779947655
2.3818834081573654
2.475894140469885
2.3869673040199215
2.374969342158497
2.350992888249552
2.3667727922501443
2.3735877762088706
2.379618473551478
2.4465704957749006
2.4111277456247464
2.4474931263301594
2.399810044151098
2.3610103179419752
2.3799090685463016
2.4166900208728443
2.305054563895683
2.3398105415723607
2.3855091691758292
2.3952410609194263
2.482169147649922
2.4546703262697163
2.5286836548197353
2.51626852209808
2.508263534054743
2.605226523115745
2.4788872130442505
2.523977374020525
2.5147274340017236
2.505393123669891
2.4629137755975674
2.395821983759848
2.491020380426054
2.5117024051960835
2.4355267763601525
2.4485101249304364
2.520974737940405
2.596348126499094
2.5342209873607886
2.493246193048148
2.4789404382031304
2.5190660056920513
2.6182223607735557
2.4915658277694264
2.4774545969936184
2.3776356192748658
2.3950241547570723
2.448044296098418
2.465309776099753
2.395753015038254
2.501692117679834
2.5185824112768422
2.403004687771252
2.44418139449689
2.557538649644155
2.5226461963795326
2.4994659948171165
2.4004268172407484
2.396672077992144
2.511402403289628
2.5231893748492364
2.4945983877668665
2.5239567849114355
2.501736976088152
2.597702187113638
2.5651065590039615
2.488338052646108
2.503433977085617
2.4752876206814447
2.5972836901962983
2.557089413775188
2.6455152162119133
2.554553065062771
2.586356753119316
2.595208433027327
2.577956841661406
2.6486854202029027
2.498524436626271
2.494270393436989
2.5861369508770906
2.4606596372586114
2.456393088910364
2.4884918863842205
2.5493382243813607
2.527449808978153
2.4272040433018387
2.405617477053751
2.4191792341709872
2.3553975275795827
2.3793048840997497
2.416905046469119
2.5065000547278715
2.5976746755460725
2.537463868780348
2.57004630882337
2.5037339580793696
2.4529630755159553
2.489724800827061
2.5014029429801394
2.498543355009245
2.475902937979367
2.471684717237022
2.5057486966260054
2.484849571038128
2.4398875883424855
2.432970719373029
2.4054013599406736
2.441374733721559
2.380716377897174
2.456487871488431
2.478597057559687
2.3436630877272115
2.4253698165624167
2.454429517891097
2.3954305630412396
2.379335514257064
2.4265810045246274
2.3257731543504363
2.472784719042359
2.4464791372551584
2.492376947405047
2.4472963601152276
2.4046106897202515
2.390636303999341
2.3127393202699604
2.442887447106162
2.450021510543922
2.5057897591708063
2.490477116071433
2.4292548045715407
2.386452404586943
2.3878032134745
2.4198727360372625
2.439536318042428
2.397964603801078
2.4272458145929647
2.450096623587858
2.4507458631708
2.4779881670664676
2.511839569593274
2.4400452372957213
2.488804543106859
2.5323025676472652
2.5605440777069433
2.4918984652255283
2.5547661223764524
2.5754821808774384
2.4184913425881955
2.507634384729234
2.442472713467927
2.4404984275336434
2.487450378307683
2.4789317003909472
2.4713542123832064
2.36562814875205
2.4180554631280864
2.6242688352537136
2.6541852922236084
2.5365388334566523
2.558775143164006
2.450433070361232
2.3911623416057153
2.4656307168619014
2.4136836060021842
2.3802530739504735
2.3983034910722356
2.4207838820890277
2.3900886360782163
2.3106463124703094
2.2814718918003054
2.317651149831243
2.3085672918831754
2.3591231315707417
2.390400817122569
2.3252537032514273
2.414424906205626
2.533305303254689
2.4508626027762754
2.5726904218026108
2.56435091269785
2.518671646994226
2.452025057615609
2.407624964588381
2.4781907523192666
2.4461437697524873
2.5418442211201797
2.5517093768518295
2.43615254890968
2.491741267962527
2.5347329235735496
2.400424073846553
2.4233527191965947
2.3731131560948833
2.5543952700935284
2.5018878354642826
2.5383058018494173
2.5337124969637776
2.5405917315704385
2.535074279984169
2.5548641901326605
2.5256630036458523
2.6253428292478835
2.6223021811484077
2.6822183066962237
2.6415851895768343
2.527551222000903
2.4619759563762766
2.5984814219776147
2.583629014088258
2.540556850869225
2.5223541065222324
2.5284226804182848
2.624205019581335
2.548958194386826
2.4939773113204624
2.4540108224609933
2.700359752699067
2.613968993697842
2.5637759118661894
2.529518245520152
2.595286901546256
2.663708352209542
2.7388279389787233
2.769103615700379
2.745862580691183
2.7570898912072446
2.7264914165043646
2.677132417975847
2.6786508904168653
2.6639003826496293
2.6849656697357887
2.5897340860554072
2.6172534491849224
2.5904927915893268
2.5509533977453915
2.5233143126494015
2.5207199229494406
2.5163430672912988
2.5417343132288726
2.5590599058789936
2.5128326396885976
2.4831564500761836
2.4331916693645925
2.333664235039172
2.418253138909126
2.4973843840936807
2.536552644702083
2.50233019048532
2.436875095866812
2.4858238227135505
2.4443905792143723
2.5993759499779743
2.498859435729971
2.4184763342975284
2.363115889091666
2.379698702035234
2.3877754631568595
2.3713096292991245
2.448590028923028
2.5401798877089594
2.4825544642788717
2.4326727863978785
2.400159419875008
2.4290687127384363
2.400393860514566
2.414995214471941
2.418310243506485
2.4366751002844214
2.4200930834292547
2.351898067718395
2.368160015392029
2.34180575992779
2.3981576393036677
2.43233054268054
2.5842983402965447
2.7287905650346107
2.651658964582849
2.539154248607823
2.5680321264158232
2.537921155174723
2.542561184546352
2.5378536558854723
2.5039338784361833
2.489965858465119
2.4223504307168358
2.5289277370907244
2.4465945798359217
2.4829854138373904
2.455123309881502
2.3550215690569805
2.455045925357308
2.528165670507934
2.5301108121160567
2.446412092220935
2.481520508529669
2.4710690333072023
2.5071182208659124
2.463815404713549
2.4548916030375905
2.484161626715417
2.5134827714472627
2.511329010465075
2.539300407790059
2.4883731900181374
2.4399179203256702
2.5091661196375807
2.49026833778171
2.490461164965695
2.4278479244687925
2.4615155255030876
2.5323949680349207
2.5484234321219232
2.5066320407792606
2.4894632043869453
2.5874894924715477
2.579604295976556
2.5561630618544178
2.5016490014406574
2.413969801503084
2.5136623652229204
2.4349755056553746
2.4513532385088608
2.5197428462472997
2.485122025346341
2.5254721001093743
2.5735692806796093
2.5213857591456805
2.697489975406809
2.751319795045903
2.773260289582641
2.6449036265442434
2.50419703686561
2.4359205081083575
2.542221741464603
2.5402634804154673
2.5622402379371034
2.5239629763824056
2.538971807865032
2.660176281926183
2.49884715504199
2.485510205691825
2.4608914801336685
2.4069888906260455
2.411816240321659
2.414384256365568
2.382872929363135
2.3579272079365277
2.4268015470667748
2.454886796471689
2.416317500525872
2.425648237324589
2.5224675625354305
2.460958285321799
2.5610162076634615
2.526607514355799
2.508720297911486
2.408766908625616
2.4404602893929495
2.371751694971784
2.556062392950148
2.439466232665024
2.3403443984126295
2.3587559472680737
2.406594554244025
2.505764518106169
2.5911533414465167
2.5659622347603213
2.4816027947999797
2.5782281698388343
2.5198325784285243
2.4963320158085107
2.503009661354302
2.508212720863878
2.431540156842411
2.425417273878385
2.474853115535864
2.4411239349695277
2.3763342704640036
2.3515311133903873
2.447523836623183
2.4277922977862016
2.3839026576426914
2.384774629415747
2.3769064543687484
2.361199918079031
2.451494824704717
2.4185150774626325
2.436353724647368
2.5348721267549132
2.58841235911752
2.5317361249265864
2.614515779207899
2.440612183688811
2.508862031998501
2.4770220351185563
2.488454730744394
2.4581615591063155
2.472426677542601
2.4636822890806203
2.4690387103269322
2.496565880786882
2.4366307776355782
2.3402301257584837
2.384847125956597
2.354455241497913
2.329053596253944
2.4337286206715505
2.5506334370919084
2.377906908262305
2.4876608639953592
2.4271195237381895
2.464333057696207
2.432300758845462
2.4286986533276598
2.4400668632258076
2.4203063797213513
2.427231575619555
2.3575454678309797
2.359977142707545
2.404736450478489
2.3464491506664165
2.3537652823831348
2.4211307084970772
2.411106688830579
2.439290788278882
2.2926694996185506
2.395634204305092
2.375049373852101
2.3068753037341616
2.4122820104040628
2.3762088142222355
2.497535074298817
2.545786360124866
2.5510871304478826
2.5077120363692864
2.5191165372769255
2.530905477935241
2.717675384487714
2.5620155740349833
2.5030961229600366
2.461103170485166
2.483680653409312
2.486566611282198
2.4921339215992058
2.4746759119680126
2.4267782792569266
2.4133475068556085
2.3383882275621493
2.320292524213127
2.3504916018806217
2.357941243084131
2.3769434482092406
2.457579166687203
2.510725493699713
2.48803909433294
2.504080911506041
2.400156921835541
2.469344121506276
2.396639289535201
2.3749312642030915
2.4179403931512895
2.420007367820573
2.474639028380084
2.4249627892233527
2.390665043233269
2.3927828897433994
2.446003394656494
2.5380099688835296
2.543514027817171
2.46382325357566
2.4271686443602345
2.510049532573966
2.5660606130076284
2.4389490177538358
2.4416373304610373
2.440979936857938
2.43864299605849
2.346309011542336
2.3794523894536055
2.4259403199323035
2.4246667744617265
2.39028888877559
2.3796204604913944
2.433960313273517
2.428492003132927
2.4628472146884457
2.3905228211007605
2.4048537013858957
2.3890703166372904
2.396420472564575
2.4562744145563857
2.4593019690053666
2.4677331471759802
2.490354977866989
2.388837894392452
2.4007592197977163
2.4759797743058396
2.402483096049905
2.430253232376224
2.3854937147712025
2.507106210905411
2.370858527610139
2.4659208890887103
2.462675757725324
2.4360568813913397
2.428343048391929
2.383176059746169
2.3290571642670796
2.429163007750629
2.40986613486925
2.381433959010852
2.4090526951569675
2.419487220737659
2.325525613854007
2.4066485137885207
2.426694506593594
2.3509855316666313
2.3162086420296513
2.360213644183188
2.3616938100157836
2.433543232634158
2.46012633702299
2.4759819081614474
2.4516943464187015
2.422366799961436
2.509406101500626
2.444174685865574
2.453332975293934
2.488607412017681
2.526329669220285
2.468906583450112
2.479964351801962
2.340730185412416
2.353262322102885
2.388697872430745
2.436363143906894
2.3825662309905793
2.305543609659961
2.385924645272245
2.4014144820284336
2.4872488541831337
2.4914168070019187
2.467570952933381
2.447640305484441
2.4964619725393598
2.5090348351741207
2.440049526759847
2.4850107907493686
2.4557019974503023
2.5337894330132267
2.5573619919489685
2.4817323570054994
2.489905777501121
2.4074604770959542
2.5253764931171387
2.430848646087105
2.390451077443
2.478319951478141
2.539790030984957
2.5602186541367864
2.454567517101998
2.495128015445517
2.453614400959016
2.4167072756605767
2.390295675978315
2.402708111534254
2.5518495087398643
2.603519993050948
2.560960854196377
2.5782322076733224
2.718482043374704
2.6344867763484046
2.5497789552536427
2.5126642332327673
2.555018587456697
2.6171460073686847
2.6029159318381625
2.5958603235907365
2.5554431146669017
2.527984520994323
2.5751258805246815
2.6383941345270543
2.6028149545642685
2.5844340103775165
2.565754414514264
2.5196188981120526
2.5117329879803423
2.412528249872821
2.5563336691997685
2.528240677605752
2.5035144547125237
2.4797483913766007
2.5717692239810677
2.3984914520802585
2.3998612796308003
2.4192240706449577
2.4650922569349496
2.5480718109361917
2.5092162889905634
2.485580422475703
2.4627845658146015
2.4072695631131458
2.517288717647506
2.505830119385482
2.5475280145331842
2.4854262036594656
2.4823147160415084
2.4135384664029984
2.435175849918019
2.390239242809334
2.538077647974378
2.4312987463504974
2.4100170311669857
2.362046791643581
2.3328142163890595
2.3655306839623496
2.4070078562643658
2.344191963009562
2.3458138204241297
2.342721681745411
2.353386328969991
2.393123967149555
2.3309546512209045
2.3684580257387333
2.370182074852326
2.404094666090339
2.4956236232048417
2.4417983660946736
2.4108212383926535
2.4999206615148943
2.453515349130977
2.3770245575617013
2.3703029915387774
2.389837999265683
2.420620534898396
2.4645982827933977
2.5022269049526433
2.440984400363746
2.530365473669774
2.5444873796496803
2.5999036554518637
2.5116841018494553
2.4754257887271827
2.4047684554616544
2.4234636808151024
2.4802429014289307
2.4221460856461334
2.425916928320385
2.548952031694414
2.5332063098912707
2.5000944431145946
2.393248020981005
2.442457794226021
2.369611130771358
2.5229989223006766
2.5879472668161663
2.369148683689624
2.378088463655193
2.423927752555061
2.4844150309102453
2.470443591387226
2.4108495712320748
2.4203830155888846
2.3838675492036487
2.3897677139863363
2.395399206565641
2.4013796230661826
2.3834351983691437
2.479720352004205
2.4728469028495765
2.394030051538725
2.4433854507328663
2.4214204151458296
2.4876531924941414
2.425931090786475
2.4068529519641704
2.3933646605223085
2.428438629523257
2.349269916241398
2.3212325197418173
2.3363292613091757
2.4139864272208365
2.3797946439283963
2.43667097560995
2.3698011920945237
2.3331109009988853
2.415224538340691
2.437017047209506
2.4521960995676704
2.448056874496734
2.5197806648628536
2.513360711893397
2.3485290044604885
2.3100064284621746
2.350286776781134
2.3551613358056898
2.4122077159310193
2.5165477305077513
2.436051708504355
2.4987608698566603
2.4672539298739844
2.4347070255801833
2.4497889347218704
2.5243714800826815
2.4785849129110065
2.4565746586781003
2.4347972497093346
2.4426942567622607
2.4325249604635943
2.438877093634564
2.4303009685484316
2.4569568254751024
2.42798281526545
2.387874028289091
2.42114976385775
2.3554221608056163
2.416483913576304
2.456839579962343
2.4573635174415904
2.408881483185886
2.4337139935418723
2.4406749092163067
2.461391445026195
2.584174340057989
2.5652795387052847
2.534271733009086
2.5563290051984056
2.476506018136427
2.537452826655141
2.5643105825194157
2.459894699511716
2.4884268529609828
2.543255962181767
2.440915536805197
2.3268357319194783
2.36405399120007
2.275268026699827
2.2878872208652177
2.3506341168433753
2.4742216506772303
2.521460965613917
2.4031074808445125
2.473946689328788
2.5856255879450876
2.5140677405955607
2.455620409063773
2.4341589025998895
2.4282342754883888
2.5227540711921415
2.353907055034833
2.455886397336381
2.474374161642553
2.426976234749693
2.4528069116213698
2.4186570174993864
2.418326880501442
2.3690964066356073
2.480208688947141
2.3758228239630452
2.373164041131498
2.357012510861343
2.3736610829973572
2.3534268116478976
2.3967951531118072
2.435433536498059
2.4804735866367777
2.4751080372823804
2.54056010199524
2.5262262154507815
2.460168869341293
2.4025542029220848
2.3499667728491516
2.420887149081782
2.4735299491611147
2.4215794207569177
2.414880334712249
2.3875611600554887
2.452684941214931
2.510737703380568
2.3654776167570675
2.423640014820183
2.367427558275545
2.427655940542216
2.3697618414952295
2.4340189645158956
2.4929766346812814
2.53870097531003
2.5706236798628597
2.6425794915438363
2.5448209315348125
2.5201370717143097
2.5158412789812803
2.5668685868752474
2.6008838873250175
2.6372220452297044
2.515925445571864
2.5593436621925276
2.6093116918305927
2.5697057135477883
2.5426550795892884
2.4671066659319623
2.4597090520251013
2.4861161234035434
2.4556364769480292
2.5118648719749324
2.46085614479164
2.441292388715193
2.4452848283234974
2.4271205329352754
2.4486107638678454
2.4021590828577906
2.52477513675342
2.601992184678201
2.7407971799832858
2.699244195330415
2.674354909718697
2.668091487730856
2.526191608968086
2.5007250385474658
2.3857676278335176
2.381834040146727
2.3562454896971268
2.379164929613407
2.387059352962273
2.4483523935001776
2.5295430896477265
2.4578445927407357
2.4662726762019753
2.401112330297869
2.322592610967731
2.361064196641439
2.428522816306043
2.3364800262094367
2.4111805699633813
2.3844102847289226
2.308319912984667
2.376053789167373
2.469385786454884
2.3957161427835665
2.326668109262281
2.39997202805329
2.419882089676418
2.4384337128292466
2.498151039718578
2.4874188968764757
2.475561736134363
2.5237171676856565
2.5781341621320757
2.576563197675307
2.4895735411759685
2.4933247916158257
2.3856886558868142
2.3009119071188646
2.3273487436702642
2.360272314647169
2.415476547902368
2.409009636847413
2.4379213934251704
2.4351510614388783
2.4117428326666492
2.465928931072828
2.4668561107222278
2.4102473345762716
2.4005277772428846
2.4746904570878323
2.4922897163515323
2.480177208321313
2.4379756034905586
2.471091282869856
2.408548224038255
2.5265074319913463
2.4571005400468904
2.493778975834964
2.54393396141678
2.4850512103805564
2.4266556135313913
2.458340141231653
2.392043902292491
2.3238562437089403
2.3384994533382955
2.3476153864153204
2.395499095573106
2.4042040071576
2.430532707590242
2.4860847319102115
2.5887912524468373
2.596680411977712
2.5013010165069294
2.449046726236222
2.4860869841390842
2.5353511752515283
2.4664036854438685
2.486353494149205
2.4388715380833204
2.4456248358311568
2.4032641180815206
2.389485470036782
2.452574724500605
2.5339382266103097
2.4906992463787536
2.4540768500981764
2.4975642247739356
2.561803245735581
2.5264352477112544
2.4738105217899347
2.3504347204663723
2.433106641372982
2.5564294300991164
2.4848063685932336
2.469415136068998
2.5536652164076874
2.5168256747958773
2.488751924401238
2.4549293496639173
2.421699605220212
2.370383328719729
2.4053219724242916
2.308215890783952
2.4587589666273577
2.51363842389431
2.5640053972377643
2.6030409427947987
2.5070349477631613
2.4370472355793735
2.4324907514549334
2.436766841458401
2.3823186847863362
2.434746411392256
2.4818030935879425
2.3879015331465663
2.3834740224591715
2.427269083192909
2.4482033856115257
2.470307878592701
2.4673052331116225
2.481238317403793
2.4746383201154583
2.523612203668898
2.51039034026631
2.528155417995728
2.502913338074879
2.4262785647318923
2.3626594754010934
2.3490184451814353
2.387534370552887
2.413441579022336
2.4809519861833498
2.5458657761778203
2.6290493952478395
2.4384194594704645
2.412835965925308
2.460072351059814
2.3864881456055147
2.4549712289084553
2.436576680014286
2.442522544529899
2.320523169447274
2.4202816546576935
2.3821445027514443
2.44457275838717
2.5430040768616613
2.512685444005996
2.4815404643492855
2.475641791175495
2.5034837748140206
2.4665717272218135
2.3777435640174605
2.44182260488562
2.4447787778998276
2.4522249798954987
2.506453898695335
2.410925808101129
2.3488468037864183
2.4275313947758264
2.3993906534302143
2.405474221852317
2.479304767087964
2.4277531151118095
2.4448502433729637
2.4898302978431563
2.5100244041611757
2.5179122698328644
2.4557040331649196
2.5097952667064733
2.4716196824531194
2.5497382391963215
2.5147919699831456
2.5588638473550707
2.4708387909773597
2.453522348500104
2.454596432465658
2.449048913864297
2.486816312367808
2.5021529816752848
2.436477825975809
2.5185262589506743
2.560034564684493
2.5973102976559908
2.47531296065514
2.5043399749890787
2.5792118517199647
2.483202328077388
2.433860001350116
2.4213088719982445
2.364145646735509
2.414618015001346
2.483455064223614
2.401456782840822
2.4733855324513714
2.5157705739268104
2.3395963963355713
2.4260402307068247
2.4155413750533175
2.3810933706507744
2.3786611291548305
2.344731652874416
2.388489067596037
2.417409644469297
2.449138300580652
2.502388992945009
2.606804193978561
2.605061876195252
2.474449801626293
2.4463562877407687
2.4942136301128652
2.4472687334660073
2.4691031838458497
2.5461669975319245
2.540434360676102
2.511522184073954
2.470294077613632
2.4940876587595615
2.485852722698389
2.542463782559159
2.474354612506574
2.4784427489711605
2.4638585640562436
2.34223870291905
2.4094818704244223
2.446734646722101
2.4481021773370983
2.35963954363446
2.432746973464075
2.4273262755161524
2.4957482655739227
2.4577831169274758
2.370510030353925
2.4295783686916184
2.491396152857145
2.4356242231350667
2.530817314972086
2.4505478511494245
2.4530301187470753
2.446738701719585
2.3828930966172566
2.4150793425881325
2.422759340128905
2.431686025190567
2.4835559135128134
2.425170171295276
2.420908314429764
2.3186383274588893
2.349808640412261
2.436415769277282
2.361861305692723
2.2988366443077757
2.331010131089853
2.3275754307471836
2.4112992918245095
2.3936061768446364
2.41554947472913
2.4195316875898785
2.418170631543511
2.4246278432400437
2.4059526746263855
2.450718377193906
2.4319398937649366
2.497218161873586
2.5525497415911342
2.616845725594678
2.4667109336483746
2.3403741713581585
2.4498984217680504
2.5326529996809395
2.614623677858904
2.6386887879004317
2.5582480716457714
2.5327199094547668
2.5970682539771204
2.5721318818754275
2.6523537050499524
2.7059358937172266
2.820732618638761
2.8054309198048255
2.694354393127451
2.710933943887326
2.6249579021897014
2.629126665306178
2.6302003441018837
2.619463254493029
2.55009021520919
2.5452244965199493
2.508735160105193
2.5288660286596865
2.4277699214021444
2.427383801486936
2.487451059959056
2.4694327219572276
2.481914418016089
2.5484195508942684
2.591877233963957
2.57145666466735
2.5477108844412863
2.51474864656081
2.4212319457512876
2.459053693232321
2.4652199556267833
2.4708042585393115
2.479155385170991
2.3993627080487645
2.458314131714672
2.5719431810851554
2.493293936427463
2.570698877134146
2.520034534884312
2.5400041628141374
2.508532224686537
2.482652044383354
2.327377956604864
2.3970314789312566
2.3678265671466576
2.381438314591227
2.542857692901966
2.5707261947086626
2.499804273871093
2.6134823692420603
2.4553010940949687
2.517203905404195
2.4626374392900505
2.4807424930449926
2.392452175751949
2.4239091637775085
2.4340137413437195
2.514093974704628
2.3760568665271036
2.451495763268985
2.3163936170855974
2.3405744866683547
2.4308831807221924
2.4799684683271206
2.422720776765751
2.482420268475492
2.585753194151242
2.529032098110893
2.536509851876386
2.439351542336212
2.383717209246652
2.3361144853572577
2.400892680822812
2.426784154937627
2.397087724972633
2.476692504843475
2.5595136686179725
2.57716330829743
2.6221573599076544
2.590123943524297
2.5688198698768274
2.5961798644687883
2.557649237487651
2.4909612178194624
2.479144434413448
2.499494721400323
2.4816813009771685
2.4040881626020383
2.449003546405428
2.4484102532039267
2.4154789555332914
2.419759086464401
2.4202543477099896
2.44026594323824
2.4672221653213207
2.518106542234113
2.539794636068813
2.4497498283194945
2.36848534868413
2.426429686164706
2.342566497603454
2.3825233809033364
2.398845868118915
2.420831200238062
2.463770281058876
2.464104056171415
2.4835492342701544
2.4296485033398216
2.5439305499969707
2.4520279334790676
2.3939246972408545
2.5356773328037825
2.5115057466946196
2.4691064757076524
2.506406473858362
2.4197893282022194
2.535407018593271
2.5067706950251205
2.490548732504675
2.4219386051350607
2.30078357380377
2.4236440688084397
2.467460185472189
2.4845639498232415
2.4914666266373473
2.4655573069886123
2.483165744240846
2.469769686735751
2.407080244512063
2.4614324818830995
2.513347511981604
2.41900050379158
2.409337337464131
2.3660403274927906
2.4196931044641787
2.450033409659415
2.4474872067051763
2.335273349845055
2.331571859059572
2.34595243768329
2.368209235345229
2.4364404309505545
2.3843435970309854
2.421648226801546
2.493816416950643
2.5687083690234256
2.6859723007355134
2.684527471626869
2.573465735705482
2.604044304345783
2.4950189888738383
2.593001845194103
2.5232999270583436
2.4183814198848994
2.4568520475507274
2.4690422516709267
2.5811742773351045
2.6131312746144526
2.6057978402292443
2.528604024770657
2.4936186205087907
2.54157581358291
2.6012713328626207
2.538162960556409
2.4755418187408393
2.429770816829312
2.370165297938333
2.396850287369455
2.389618709400586
2.451331246702314
2.4774150160449144
2.39957494472783
2.3673827758098183
2.3926462212929005
2.355432700451312
2.3192971769965207
2.382202940859795
2.410136192868212
2.4275878907632977
2.3735985620307503
2.429046021920438
2.362173344508869
2.466770703832475
2.3360343774132106
2.4840876359084887
2.4619454346971947
2.4378666902381476
2.4358311726895234
2.3962857914678652
2.4093589509560376
2.3489740284444602
2.4616210455411394
2.4864208889334214
2.505818635606454
2.47013319687393
2.4340345604049642
2.377950880249586
2.491224335685069
2.4674475610931768
2.4726513782059443
2.4748048554239297
2.4962381707501686
2.4475120524765956
2.4678558768555563
2.4406501323244694
2.5426832952285396
2.5640599316696084
2.431133063079067
2.4864176847263604
2.512490667055932
2.53397809860754
2.6003798203531368
2.5482866251849106
2.4895500316948036
2.504233395262375
2.469680979528156
2.5404537215787335
2.5307409884877994
2.547895444612499
2.5843471222686123
2.552951720752392
2.502428113116689
2.5400753842984347
2.514653272684655
2.42388370657469
2.5184752182024246
2.5231823644211016
2.534342585493581
2.5107925462475738
2.47534733982149
2.4235666076899083
2.2991210154098494
2.403996218617966
2.462491063126991
2.3821149586370454
2.3891153736122335
2.399389107396276
2.358298359942543
2.4151501571275817
2.4902451851920073
2.3716781095742467
2.4201227509305476
2.4497588086521223
2.327205749831177
2.328409189414397
2.3875392707526175
2.4852309456768227
2.588692300864267
2.461256582233159
2.474787548474012
2.4464762895911636
2.432662796324402
2.4321586590665984
2.4111447185003123
2.4342640366401276
2.457967139185389
2.377063937425563
2.4680995887563144
2.540850074819056
2.4954918957348333
2.469248358049011
2.3831126048303166
2.432978676034444
2.4221844933789622
2.439905740565789
2.4773757275519794
2.499305038015256
2.5303563480948212
2.4989760515830235
2.4874543821016832
2.4884921823037174
2.445639430832162
2.328940493376481
2.3751649052144863
2.369062693561361
2.391442494925647
2.4002963863032742
2.3530552563442613
2.4426366379471416
2.4435111902694593
2.470403542697229
2.445743825130158
2.5292399581611895
2.4762700292478654
2.5557986349124224
2.466496144694153
2.482533050819191
2.523672935838787
2.4772720289078163
2.3884491775587353
2.4115523092552347
2.3974577645766226
2.440586057272874
2.36844771516522
2.4599431148167112
2.331224140522124
2.4570760801051077
2.503731119553985
2.6031743444393194
2.6781597026842037
2.5108055188254723
2.522146176898419
2.4614181120460605
2.3984860626105653
2.330671124091989
2.428862639890292
2.3133023711445775
2.4546143542981533
2.393999320406185
2.435020045276535
2.4156051611558316
2.3551234819492017
2.475215026713389
2.445737744732763
2.471701115655132
2.5187487904348655
2.5416037298257335
2.518739064536614
2.5103062972372094
2.4859985729463006
2.495757741193952
2.5904175657104354
2.3674660114286907
2.4458306984974465
2.365288086906721
2.376241294729263
2.4062214414838476
2.4188647357148736
2.476340865544124
2.388340868487503
2.3603715323153796
2.3630491981494504
2.4192053828133604
2.4774173927818604
2.4788757635071694
2.426368664038506
2.5150896503596125
2.487303818478345
2.5010094770841476
2.443076934067299
2.3621176016633956
2.4106083232513997
2.4120846327645245
2.4535617001362944
2.3629848524008286
2.313576074630447
2.3248448059079188
2.3669879428184535
2.3986610508964903
2.4174487953462016
2.4943323612599104
2.605806515438683
2.6109962676239706
2.486309042771675
2.5934759564274334
2.515518443332326
2.495073124733181
2.4869898430448583
2.4132977112159786
2.441804608954558
2.4791544412876685
2.446465139623355
2.45018960199209
2.4209125688058952
2.488503881115292
2.487651795447196
2.443288197683592
2.4601654993418385
2.506185909294498
2.448983459963561
2.439883212947928
2.4461937349687926
2.4988943691378003
2.476814625898061
2.509153578574023
2.4585762151687436
2.6267613829347845
2.582882845933979
2.467767107718878
2.4199704850720276
2.4167835830713464
2.4245584495424093
2.503350835975217
2.3986153800899785
2.3688877121642196
2.376993468781434
2.446903827834183
2.3621881596961165
2.461778751839598
2.411887512991159
2.4141433099059046
2.4079911104738145
2.4223049217714174
2.4711462107583313
2.4801643318351685
2.395316122170689
2.343822352778196
2.369614195218293
2.3882770799272595
2.3926591281043312
2.4129872630020097
2.4409739481767136
2.38293718129923
2.354512631106862
2.4551409457012268
2.4734767581855226
2.497288747779047
2.4382846802792013
2.54234617908455
2.612274941314492
2.639163842351041
2.516925419042911
2.5306457863560547
2.545753940154217
2.5182513027221836
2.5006814149172056
2.5090430132474713
2.42681399222216
2.4192016704532717
2.470302540667501
2.4533479542065963
2.40716411952904
2.376873309834473
2.384588388990758
2.4190847063840772
2.3683413523659036
2.4360974282868333
2.385651679433121
2.3927569048320136
2.371598169956742
2.4158491882437856
2.4760519968134718
2.5670138688787967
2.4826264439011694
2.4270992293530487
2.3493835802015295
2.4971082353340144
2.502335728800512
2.48506727169471
2.542163964610645
2.4582345161537837
2.433936977591439
2.515750222946325
2.584816156201542
2.557899947504447
2.4921944527699127
2.53929760650231
2.553339921942655
2.4632841554342457
2.489032646147654
2.4481361125807646
2.453826387478954
2.405539704191433
2.4406072471644613
2.408837409469272
2.3145378372406693
2.304157046090955
2.418318173355116
2.327439483781276
2.4272428115015345
2.3962405428748355
2.32982024616145
2.399090700465442
2.303217101040414
2.3907573060345406
2.3787320918815293
2.4238454800309857
2.495887642806003
2.4721813702180224
2.475636204706037
2.525941255406893
2.4936968995521904
2.4984109651415185
2.5006746764968537
2.3336029857717286
2.3955603282787825
2.382696513976113
2.525182005928907
2.424819450386054
2.411368961598301
2.4529812648554348
2.435869220732297
2.455789468830936
2.4423050214797093
2.342028755850507
2.3152328901440353
2.39903866375466
2.390201634561925
2.453717198652564
2.505478611737131
2.403079456932796
2.3655705991928473
2.382159515896597
2.362399460412836
2.466154755984356
2.4997518697810994
2.5868697481833665
2.696757808021974
2.6687076276490282
2.6906837845308207
2.593225253511687
2.5460949444601306
2.6125136368085657
2.6421261066660215
2.641938515061752
2.641585223551427
2.6531872224014466
2.490373221338179
2.5590403886324142
2.5807008844488006
2.5705381957874387
2.5969237680220196
2.411636822553802
2.4268015557806177
2.4468758223849747
2.42282815244682
2.362740968226651
2.4658761669371136
2.446642030911469
2.4664413966942864
2.4850138981945404
2.373510086341139
2.5206172438091548
2.4375759424654584
2.4518827631272866
2.496890715519121
2.518034124172327
2.6300748391649473
2.497500572166217
2.4591007846003605
2.490762117543048
2.4943204004852686
2.4197904958966308
2.3950246770115236
2.384137568258626
2.434036189684363
2.3542970361530333
2.282071480282959
2.3761955981513228
2.399223137029987
2.385667236940499
2.4205433228742783
2.4703186603033136
2.4127366692236842
2.486650203163317
2.513514109775724
2.51509185880445
2.5682994767245844
2.4833592049025786
2.556444295111629
2.4669957880321505
2.478370463532919
2.3587087533714493
2.4104825335421625
2.3366876450712697
2.432745714963777
2.3697789561353955
2.4149152443490545
2.3450430285245965
2.3710838803829253
2.449746240384807
2.384790558531175
2.3939552216759297
2.443748530449719
2.513852153520255
2.461843447046244
2.544445011035108
2.528881007003404
2.5799421840083623
2.5898204403802456
2.478920753975089
2.334925687658533
2.4624967585309405
2.478421804833137
2.4176512478679957
2.4402500970970986
2.4624272921645765
2.3798699519768336
2.4003042853112886
2.373267279278715
2.309042117501449
2.4464419258743813
2.4116317425807057
2.315250467182094
2.428016950176832
2.439305148155306
2.6069257081695234
2.509611953120815
2.4904479014966037
2.4170167478460196
2.488731444114809
2.461681380069668
2.5936379003684853
2.5416538715607455
2.423644235165039
2.5019945002931174
2.622395647702825
2.596707638369751
2.5403999327953106
2.551541362610891
2.5557493714173716
2.489661812117673
2.527915306170554
2.5288173189239616
2.5592200136803536
2.5390442218328655
2.510087331627267
2.5020949443676943
2.527429578688571
2.553230104352096
2.6059083729325354
2.623752419512005
2.597972382962571
2.6220311074140996
2.4745278391524965
2.532860005893013
2.5677169417432713
2.645738520086531
2.619000355208528
2.5855611637852007
2.567073691271043
2.5325717236601473
2.6074280493574546
2.5277608154545987
2.4915570738624746
2.519221730891697
2.52761118004772
2.4176225096637936
2.5528512110455983
2.567566974382933
2.5395151522219224
2.5899365967201047
2.4367217768231706
2.4048710433017644
2.4852633012034366
2.4052796356039625
2.3394816154060134
2.482821371398563
2.506277914778431
2.4613770138861963
2.569616570481586
2.579632224444972
2.543857331471498
2.5232167051451233
2.5112300113780206
2.5065255633252015
2.5244284668982493
2.574677764615131
2.4972676855815577
2.4562352535793766
2.5470991942975685
2.4930798876530456
2.6242672551806328
2.546760974477996
2.4523905576747587
2.412232824634648
2.496386287803366
2.35912313912986
2.3259272228699563
2.298938050607817
2.447924916683363
2.4241104592039013
2.4328232591237873
2.4737044305822016
2.4368649654041423
2.3999490392692
2.394545107414861
2.404633193496101
2.3351198066087524
2.388463649712803
2.364163375773168
2.4782143235746505
2.4111819581293843
2.308214794890226
2.377996091772326
2.3647559137453804
2.3768360404870665
2.3616936928755905
2.428709041217636
2.339331058156278
2.3870598990423555
2.360703087573583
2.3400258144290516
2.3550892759185684
2.450270060920308
2.3874406177872673
2.3083483794689235
2.2941018561099065
2.3865772332943673
2.3956540177851977
2.505512486072474
2.5096788730501727
2.5299281890990626
2.588524920238208
2.7552490145677653
2.7127043950085072
2.6634156526533217
2.6511760711516703
2.6831271453125147
2.74664927319078
2.6466640199461344
2.5527375634207194
2.4664011826711993
2.4497970359929493
2.509479121884238
2.5384797751186445
2.508859458163849
2.4856977315048585
2.390223216689261
2.3263532719159925
2.350655125578035
2.397320569719921
2.443524118500239
2.452471140715426
2.475125354091985
2.441332765554098
2.3984452185981247
2.460069215935877
2.3958975872162154
2.499066404319113
2.4736235962812643
2.357358599998433
2.4740402354381574
2.489965979909633
2.447578644595466
2.5393369312347365
2.4762129235490358
2.5376085216268947
2.343323003174813
2.4648115215920265
2.4591807858414083
2.4754051185449177
2.6085947299580945
2.544613838118647
2.5072060591204552
2.448766188030797
2.284440052329846
2.2968283136346015
2.377164876969244
2.4568320097790197
2.5347064082764375
2.4968826645100917
2.5592493256771265
2.6418876565561877
2.6639254417987765
2.6879791148988437
2.64199481206801
2.598260367766558
2.5309230238105003
2.4819403767046495
2.486267709266061
2.5268425738267215
2.481217871445492
2.4508323854521623
2.414292320826122
2.3568304754935006
2.5243014019674774
2.52201552891102
2.5006783178079974
2.458006039787542
2.437079881540936
2.419643170447952
2.4185771412326895
2.429588444905374
2.4325953621100966
2.4023912861541956
2.4798667698410073
2.499564921858445
2.4217489192448176
2.403692276397652
2.372233438332876
2.394142079272311
2.3384459558210873
2.3808085945853583
2.442884204864326
2.3693636949891923
2.4249084852807523
2.4381521749617003
2.453581186236494
2.465404233779486
2.4414573692710033
2.40198487467165
2.4108338953871775
2.42854329032275
2.5028734020913626
2.44911358271274
2.426060553350162
2.39389722737107
2.409851210855453
2.4432903538255144
2.3986174262603583
2.440574118142583
2.4026233102529284
2.591665420417156
2.473446429306957
2.4668718862101553
2.5151231345386074
2.5049886406035893
2.530867646775202
2.5019568281287055
2.520309275528456
2.414569606301488
2.3708933938207988
2.478754408439631
2.4700086549762164
2.530063724788957
2.5281191672089203
2.5234369914605237
2.4724245981913
2.531558868303246
2.5181746368031033
2.513470227620162
2.4703581292340013
2.5616017023037188
2.4740825996100155
2.409192373929481
2.3247339458637732
2.3307164165934893
2.438422351607081
2.3325124866024756
2.3166912021350483
2.413596345248285
2.4296150506380285
2.4449160516894173
2.443555851966976
2.417524314315643
2.416034284752823
2.4040088558340176
2.3757796988525373
2.44095118655118
2.393135965079745
2.4557393443940976
2.4226931958260853
2.374990652326364
2.4529189792799997
2.441318724860654
2.463855878152028
2.5663551443727557
2.5441543484520954
2.537488804974294
2.3738748313372415
2.339798356637345
2.4340897324721085
2.37452782087732
2.3588286101004217
2.4278772688082726
2.4068943377508596
2.4025406598288273
2.414662225455331
2.382501960011597
2.4238638468008906
2.4369496030177915
2.539754839866735
2.5165159852750922
2.4002765631033043
2.4075711280957814
2.4084806777438543
2.344164038012705
2.363100055643927
2.370543312308585
2.4351131337038807
2.524692032668239
2.4902127692254092
2.5367450501048863
2.4673219775942976
2.4775373924361768
2.4819474169869618
2.4905056783672586
2.511238637518714
2.5499782358078957
2.578660072102098
2.414081762642279
