3.0435575363660057
2.975774007767187
2.9240077926367944
2.871973784801934
2.8724618113696385
3.0070327761927818
2.9541638403539476
2.8787727369360288
2.9578076045794996
2.9559396201716304
2.928203385292115
2.981862160107961
2.927356937134107
3.05760345716318
3.178284143962995
3.1413663208686002
3.1110764251619245
3.1463263825569863
3.1215563391028693
3.071453948559308
2.9765753458458515
3.0260746525308106
2.99854184755572
2.9903269104098826
2.902159580717039
2.9884724637784505
2.903161511153696
3.037186635971976
2.901967801389911
3.0280034429004834
3.0015420417659064
3.003598359220122
3.0109596720198155
3.019303727340393
3.006121053895339
2.9466865744139716
3.0703678010256636
3.08416309981696
3.1759165899019246
3.086610460644585
3.0695994889552978
3.069770548507385
3.0455494378243824
2.9271373865088934
2.9011474533478587
2.9210837913298366
2.9007365041061135
2.8884237234252654
2.944821676247059
3.0235771985727706
2.9714360460937894
2.9805133907167702
3.123590203457619
3.0363055047324217
3.1250962080723723
3.1126694293287382
3.0829201811887996
3.023050415545595
3.0853060374397465
3.1188580089820452
3.05984170187694
3.066016859224779
3.073702252723426
3.135978719579521
3.138606888829656
3.2323284680907256
3.2557393155665317
3.173711147728145
3.116474322611463
3.1484484278329403
3.2018304026230253
3.1678658152217785
3.1055536081768285
3.1090814506230573
3.2413463849625064
3.247177003144816
3.221516076092992
3.2333017338966408
3.236224760496486
3.2275818931057896
3.1843271323305475
3.1255797899911784
3.1049628634098827
3.184285518228703
3.0984367482017503
3.1108023960218683
3.1214668080621184
3.1378773250203804
3.0374648606360903
3.116991310052991
3.0725347702548653
3.0966141463479446
3.121163601371892
3.1604003049506524
3.131325250209917
3.096122414439948
3.123286385278096
3.063065919848307
3.1066722092393046
3.091612772362576
3.0556739794310523
2.991882003923039
2.961325465531375
2.9669464833577672
2.8723657929888944
3.0259992788772645
2.9960000576648285
2.965516169390787
2.9435627988272843
2.9212207151495933
2.8819583817384236
2.8437872519259897
2.9270344683775105
2.924639393001004
2.9381143336178273
3.0282392906286595
3.0118414932471413
2.980644239838841
2.931223076190516
2.993077024476277
3.010759261411306
2.9320147918485366
3.004989937061523
2.9761929358588692
3.0137409204870163
3.083883042993455
3.097051569993349
3.1152849191905028
3.057495614842085
3.0488703387331864
3.0908869788403717
3.089215429831442
3.0015963892024855
3.033492609765343
3.061204152348842
3.0495738768682012
2.997874219191573
3.0691753295209443
3.0777239699034995
3.14314268026805
3.0769382032765127
3.0635479000389148
3.0915419520299485
3.10460828193074
3.117232022141968
3.0550474951328224
3.1762813147028055
3.1624366963913073
3.1179536448795417
3.1105305688988993
3.1197179330379994
3.162452058861072
3.163599157145369
3.1669649106245963
3.069406953970019
3.036233342137079
3.077133812008091
3.0046740882840717
2.919908769661109
2.9082732223244907
2.9068683293008792
2.857352217580532
2.9323838034786136
2.937248004126416
2.9007229931266285
2.934412736801935
3.0303777873668745
3.0092134441564875
2.9814949869330203
3.024686782233603
3.147147147697874
3.230672180755468
3.094724809067539
3.1813567012464543
3.1518690217054592
3.0904400168517476
3.0181066367594744
3.131765845638659
3.116722680622508
3.2342136748360084
3.190086396355854
3.2503357902676484
3.193585841575192
3.1442549131298216
3.155691289325692
3.1475214488754393
3.1280581857162786
3.147997963490558
3.131159146534113
3.150097146630769
3.1718092250383125
3.145479941197573
3.1182699125641
3.0899080591367674
3.0643298565569808
3.1154864870906698
3.092620921517954
3.0323250260125336
3.096314748873103
3.021064319991062
3.0170963535392494
3.0109052289978013
3.0516980580430797
3.1108977565402633
3.120897206556241
3.0521689167596433
3.0275534790338647
2.9336811197772255
2.9621574688604375
2.9962255161659885
2.93155858826335
2.94452663679134
2.997498887653464
3.1251766155887157
3.1627795287669698
3.1615487704169416
3.2446884549053183
3.1418444360359863
3.0887477364100757
3.0589518995156713
3.0111812314922317
3.0007023202636534
2.978772639276449
3.027379496231316
2.989279646675902
2.9368267605459506
2.9746290179250687
3.023862102956926
2.9154391491802656
2.8681870718007976
2.874188039975561
2.932836626943611
2.965991726883372
2.947539936641153
2.9550864464243833
2.9184251834171615
2.912761981633637
2.927107826480183
2.9035476312080313
2.915729122965028
2.9151715509230747
2.9209574848237296
2.965627236389788
2.952911330049974
3.0028008233096823
2.96307055937225
2.9540743213291236
2.9689975080290134
3.0635069961781842
3.070600817377214
3.077556466468246
3.063949976013916
3.077775144990417
3.00635034620471
3.047338083342116
3.013856107428509
3.0698274730547213
3.0056087653284003
2.8828151890578444
3.0972664902544387
3.046881423876579
3.0554555163320325
3.0987603471772376
3.0298885390320436
3.033504456953624
3.0968346978716306
2.9983820914697015
3.046124362127397
3.0297955291759813
2.9691946680816717
3.000694843103547
3.0295764180706053
2.917430360712979
2.906516609523295
2.973581076380316
2.9914265695006286
3.042837588858606
2.9897873664065946
2.9635974665035714
2.950954893957314
2.989613583036263
2.9888912245585133
3.0511033178512674
3.0815932172380425
3.0436958651063937
2.989574683461829
3.005860862073915
2.8914588041417697
2.9098976211792023
2.995481849399308
2.928781785353455
3.0317994276447773
3.018797758184927
2.969939084964312
3.03266505278461
3.0002352519685282
3.0303618709022753
3.0027576913116962
3.042673028971882
2.9804320626361296
3.081999589970172
3.0618450464814466
3.0308030189427124
3.0591896792832953
3.201123065371469
3.1666238996683895
3.1095785785643932
3.1110387826215495
3.007121421773167
2.9994125730329646
3.027281383581029
2.9811542948300875
2.9102400970539257
2.8677931611656327
2.886355713613884
2.983705412123754
2.912067669610073
2.9458623729410904
3.0644927965739797
2.987243140056221
2.900009683135618
2.992345579845983
3.0169675003727794
2.9531682705203046
2.932195154675612
2.910056023712173
2.8411164961478628
2.9252283961630963
2.953049440640367
2.977606356588356
2.9865526356111336
2.9160976781966097
2.899826446839208
2.9664316776355153
2.9717850091631113
2.9841744909121957
3.0472730154928582
3.0672130955584036
3.077894064288442
3.1200741855927245
3.1164738977035085
3.0617383586544356
3.03786983738205
3.0468130408971943
3.0846330431200872
3.0336311992408445
3.060165922704797
3.0223089318735727
3.0047581469211586
3.0144614866107937
3.035786856775548
3.029384356484516
3.0348148514813946
3.0904285614622493
3.1310543766734256
3.05912116748361
3.001194664816571
3.019226580550521
3.063163362349866
3.0006379017096214
2.985362923306681
2.9731770791804943
2.93964074160323
2.8990165156320433
3.011639444148158
2.924320706602327
2.9325550332550407
2.9195866908048855
2.9046823220684868
3.03511176067193
2.9977362204548896
2.8897798928396807
2.8767073425598912
2.8789480679183184
2.902993874189566
3.0002420075838847
3.020539184805389
3.002841719733652
2.959937181760759
3.0380796437776056
2.9394242519768374
2.910677402680693
2.9540893419252767
2.953310149793472
2.930820850610089
2.9601443381432944
3.0435461427308983
3.0402913577929374
3.0447659104312583
3.0382854747963672
3.0319387609891217
2.9473237990394154
2.8446246234208488
2.8890062055958374
2.857737662165989
2.876725251140215
2.8434596191582866
2.9020962804664516
2.9462801789863655
2.8968093148239964
2.953127779475687
2.9129778049426664
2.9137667311437196
3.013577512465155
2.9340774403091583
2.9488426690467855
2.9475572525717793
2.975686878586887
3.0062425955726426
2.9522033051197436
3.004284820922453
3.0679916297778886
2.934648802330306
2.963817424387814
2.9983199356090475
2.981906364941856
3.137254521604681
3.0984556418929277
2.9827377896871994
2.94365554149259
2.951852143317148
2.980119224519549
2.961605699007238
2.905943949826092
2.9340899498103092
2.882283337559948
2.9817532440432584
2.937092231388009
2.996066960799655
3.038211783792872
3.0824484757524897
3.0852761348913673
3.0539959736738522
3.1378700670011828
3.1009985046903776
3.0129325373705123
2.971572340207965
2.945996849934999
2.954351488084431
2.948837148736688
2.999727151447009
3.059672155859294
3.0883107660009346
3.03198395470852
3.1474059980355413
3.106681049001964
3.163619455317362
3.118249635095863
3.1394826356121377
3.037926983738095
3.0243125959305144
3.0340569835607356
3.087436008029726
3.0600687445645436
3.088892159922009
3.109818440400767
3.107545608212485
3.0255125374574243
2.9228411558824607
2.9869506593152146
3.0009324600198135
2.900901850761952
2.866942362618177
2.915689060596726
2.916285490827577
2.9147974875742717
2.899202831188169
2.8681342991544114
2.920662515976
2.945447419170137
2.9144166601891404
2.8882759948352095
2.9516275565059473
2.935941005572504
3.001975696122005
2.9786422099853094
3.0402876087915156
2.981987669849768
2.8594134476173645
2.8865474020281665
2.8316380239792
2.9030886890473067
2.925177889273982
2.883882978826155
2.9428603057308886
2.995454336252485
2.990560420547198
2.988909229854038
3.011277787181402
3.0421171108231384
3.0373095105867716
3.0625062529077813
3.0192862683907586
2.9692389632987934
3.024318293972121
2.996469589582528
2.983214831140679
2.9963196361498765
3.025764069120792
3.065223401170306
3.0264525953622092
3.0409696314561545
3.0664236313238473
3.1059259416696308
3.1212357597019174
3.1139381154563237
3.1586630301478875
3.054361014734724
2.9788468024270953
2.9741471547051983
2.977929475983815
3.0106835207294136
3.094965366484252
3.0053452310826336
2.8262432818328187
2.9728897008749073
3.009179831691904
3.0088132649457355
2.9811910421050536
3.098389430397634
3.1372960802537997
3.1123396021729466
3.1007564828721117
2.9908392633344176
3.0766274963523705
3.0793632667114075
3.135623334912709
3.003093734416908
3.121751930168756
3.1121546606056816
3.090938878797294
3.0467278430461104
3.0492587589314626
2.9596428474548673
2.9307240411382
2.9188085630809266
2.856076294734037
2.8734443062728063
2.955743971801736
2.9487329285496573
3.0218981310755737
3.010621161477797
3.0542077261189573
3.062576930361046
3.03289989784125
3.0104703733269313
3.0529716560265174
2.974028749855149
2.9895083965930103
2.942233258674914
2.942917165531858
3.0114503264632373
3.013785468565449
3.0342802290075452
3.0809864504814515
3.029416078384418
3.0826188046662746
3.061148917362499
3.0696032357528567
3.023063336163991
2.9993280194901746
2.9037913048522617
3.0415587427272115
2.990187639296322
3.0781943060779335
3.053812682011645
3.1071129260473738
2.9793199137577004
2.9421017272080565
2.986747831099335
2.976887138026171
2.907795470121929
2.8961330122971303
2.937738971554282
2.8905422591544037
2.941567539064696
2.799543241176337
2.840956054712121
2.9034916933878114
2.934539115731608
2.9253393192394213
2.923937932587767
2.9450299332766816
2.996383224029654
2.9263715095956075
2.9473163019455844
2.932599172023681
3.0014238378025264
3.0704917312321895
3.048486017131387
3.0227095441748935
3.011570513594731
3.069604744006909
3.0113482096144315
3.0064060712369174
2.9801828103470736
3.0437316330905713
3.084044673601884
3.2174537745694183
3.0683155351709903
3.008752026751167
2.976078169358516
2.933934197188738
2.969492886381362
3.0498889442482184
3.063179215565485
3.06145875168451
3.0837871983469016
2.993810535691909
2.9807793506380844
2.927927674920029
3.007559283082288
3.0048431476858966
2.970824274933303
2.9367692223573107
2.9152564322532126
2.9451891706822675
2.942762427874036
2.9947525272338513
2.945002852435908
3.016912387204139
3.02899940113796
3.0532755987213553
3.0961562278653716
2.9077588984565903
3.0002961025020585
2.9251833999636467
2.8952812422634224
2.952283121552044
2.9570689553592238
2.9684535576959323
3.0273661138922248
3.0372306681444794
3.0429323096192125
2.986103314070949
2.989005924072262
2.9218798583374346
2.9078915651773283
2.9343197823270177
2.929607824197895
2.923488472078768
2.9341886273798474
2.8793436560654415
2.8539914593155236
2.9204733558114437
2.930560232919909
2.8847664882639745
2.900213768295046
2.9089366750067445
2.94051559846077
2.9272002596693545
2.8851689635572906
2.9750836649834094
3.02830947559009
3.06571687838574
3.1061875686453
3.0565405490162165
3.0324094185262878
2.9507425939440033
2.9719214703004933
2.9279959127551334
2.8848634092674525
2.8965105047306903
2.9659166223565037
2.939321869203909
2.9615757502520075
2.9829045028631134
3.062295112965675
3.0368419909887665
3.105998432748379
3.042725496974524
2.999895522878709
3.0945046254214326
3.035947150702546
3.016587469611027
3.044114547475311
3.004527893666598
3.0071412253577448
2.923981577539229
2.926614444053744
2.970371947876947
3.0802604778967666
3.0361554391584877
3.0027328525012975
3.012908997284151
2.922564072015498
2.944952186797125
3.035709137702865
3.062305577526689
2.94598953547501
2.897819643853964
2.9509111111640998
2.9424224773407417
3.011631689858759
3.0069723954445164
2.9896314558055677
3.0988786890685236
3.1007681363354873
3.063361111980112
3.0751008916881037
2.9719589167243172
3.049070837488906
3.1099662387301876
3.0680347976077904
3.0292488505641373
3.0952531290392122
3.02443280206992
2.964311029939922
2.9805104963745057
2.9572261689502266
3.0449992970403907
2.9929964568483154
3.139250630231368
3.0218061475064193
2.9665977455213097
3.0170963518736764
2.9736648887222215
2.9934863187905187
2.907763483063373
2.897404703542908
2.991267943005058
2.9690035672054913
3.025919518533052
3.0182245697523933
2.8526996835251164
2.971791820765409
3.0196652648576503
2.975877029485052
2.9646235473700133
2.946291921699755
2.874291004271525
2.921062514234917
2.9155355693145535
2.930713192440364
2.985941524318212
2.959135110861665
2.8777822440827454
2.929625764162265
2.921657724067196
3.0005027302291243
3.0594932509343584
3.087968547606297
3.0284486861840727
2.957172956239188
2.9159097223325414
2.8618493532477873
2.9722686564972025
3.0130092373224846
3.018676517151289
2.992598717045033
2.921209971694881
3.0186351021366917
3.005397981895724
2.976415844484809
3.0109988663224163
3.0936128288222093
2.9824586658947405
2.968231298231935
3.0013826492015223
2.9609617710538467
2.98947738821395
2.9610132274486753
3.0593240341732026
3.029609209889194
3.1097010102487634
3.110458824280477
3.136540154525841
3.0329723707053597
2.945469742727086
2.9228317407299422
2.9580436223778466
3.0345053223701464
3.0903186053792053
3.129328454682826
3.0270194643537742
3.065544822856966
3.0877417859951075
3.0705500124540537
2.9973358625141233
3.0091703305284097
2.986395524087284
2.9596203000578196
2.988747891614598
2.9470796526597356
2.981592986408269
2.9822972968420496
3.025801369494066
2.9872541644349897
2.8535694410978896
2.973975252036423
2.971428890379464
3.0099606897940734
2.9343823772474686
2.869003612563308
2.88291269337743
2.9391961977373153
2.945267827153004
2.9650657760056287
3.039080597973435
2.9841260914989047
3.0129380991730126
2.990718651010841
2.9797430165000365
3.0332090059322616
3.0317136132239906
3.0831313832632605
3.1154804865570793
3.072104689690896
3.0633923016486775
3.0730589918395474
3.194349967521804
3.1363123150623005
3.050975361627814
3.0366112240591288
3.0433589057358126
3.089211511756506
3.1035241391774706
3.081095314145033
3.0376567496524634
2.965317348052734
2.9221980395780602
2.9881540595373135
2.9579360414426517
3.039727036314355
3.000538026493212
3.0008917538705573
2.9378660651472965
2.9711848185372323
2.9562287696820646
2.8794977439198597
2.9332037941248577
2.9277879939694387
2.934922016680764
3.0009621910515722
2.997943996120949
2.9351909020619793
2.979836555534352
2.9436111878885267
2.8838688572149005
2.97149088892739
2.962273386780447
2.907636753242369
2.8985293803031813
2.9054754116822608
2.9063367706704684
2.922080658567853
3.0147843628715894
2.9245007225696793
2.952697609144244
2.9841572201528
3.0364020552064774
2.986922843227099
3.0116688808753844
3.0112849664345966
2.981014152104522
3.0465679226114015
3.0227416025467293
2.928785467080008
2.9572183549230067
3.0157313585828027
3.0830617756625878
3.0330339796542622
3.0199623847749555
2.983061561428779
2.953929056803377
2.9660553056277754
2.975213728377935
2.972388551474695
2.9935791142078534
3.042831523212673
3.0073414273777943
3.002770788996675
2.90185777579247
2.956831414574468
3.021855044527333
2.9653135474979964
3.047955788053903
2.9758585026289763
2.935751720705776
2.973865620325492
3.0048801718461933
3.058337782965518
3.028853135980562
3.0306099595729963
2.8986391648574923
2.9892011469739916
3.016595250903811
3.0444574550366057
3.0317661664404927
3.041245187469867
3.083709502186825
3.047565777721229
3.0656555820545797
2.993634596556971
2.9450536678597854
2.999047129891886
3.008530773358239
2.975599438247879
2.979476587137422
2.89386016373779
3.0056125126821596
2.9858248606382727
2.975237448513479
2.9349452305913704
2.9529682571540232
2.9564640989218547
2.986172706909223
2.850107739489648
2.928226424772249
2.8055906508241613
2.9045129799516487
2.9031970971899463
2.9545045821168268
2.91620393972051
3.020377196843696
2.9845568161921245
3.0410518103515187
3.0863188435678963
3.133507200554472
3.160498191300328
3.1659408777209146
3.1042305485991677
3.1064065451056493
3.1127759830769937
3.0364859032782223
2.965246849187668
2.9829344857469615
2.8904107055351624
2.9300153176169808
2.9681645413150384
2.9368629814095337
2.9247851102273925
2.982173474706495
3.017641024001287
3.0703002010804465
3.063036921681344
3.084776022406639
3.0574714010700412
3.001397331870477
3.060310456759659
3.0511706268473247
3.062413321178858
3.0571201820236378
3.0134550483799525
3.0600312976174147
3.0229129213339934
2.9859221284019437
2.9895925723343253
2.9718870210566437
2.9294247713043795
2.9824274329842555
2.9070633807946256
2.964530759906742
2.9560992910254673
2.8738152802883925
2.947740743524699
2.9630574156611407
2.9959101482603145
2.961533560333844
3.0071305830709294
2.9726151722800553
2.9568379679716545
2.9087230510211572
2.940943126523419
3.0160600669046813
2.998660050973556
2.9608061511601234
2.974054855348859
2.961816578509114
3.0313581532049674
3.0643067216272035
3.1122494452436618
3.0591834769327324
3.0392343159944084
3.0145605445857098
2.9370522319522903
2.9290604615967517
2.887957468143433
2.884402210395305
2.989005325539031
2.9534116472654874
2.93612321592877
2.9474242391894987
3.0123675821689466
2.91793517876002
2.8900958641792314
2.9308665533914584
2.8888094641374114
3.058224329085135
3.0591920863425606
3.0446075596841333
3.0331041607144247
2.9886985669455575
2.9906578857525847
3.0314515835022986
3.0158813105406046
3.025428732042298
3.09090149950136
2.9947406919233543
3.049673637485651
3.020734534540157
2.9949844337453606
3.017328562541464
3.0734339230240724
3.0356583306842664
3.08399257294622
3.1440003242865613
3.13206572604935
3.0652238325506445
3.0708801007509097
3.0207191692240305
2.9381384122112166
2.9472180676472455
2.8815954850695014
2.8499730387283284
2.999363948572469
2.94713806115022
3.039405137522652
3.008481224378228
2.9822992325366555
2.9636090296412987
3.044927150865762
3.0006646421506455
2.923327265380884
2.886781504238382
2.9930981357934834
2.9372286689667777
2.829689431359649
2.931562407920294
3.0559816177468173
3.1094402666461374
3.135489574571967
3.097420010632211
3.06191831304914
3.0764035804251035
3.038931393889681
2.9911701895645093
2.9899091964393616
3.011067089727899
3.065521476784823
3.082043698021676
3.1150364429344726
3.1024267225504
3.111451932030247
3.068477016614149
2.969201740032339
2.9969529097887446
2.948396604049756
2.9721221296583633
2.9363371849681776
3.0098877508682893
2.942076082246747
2.8380855927010753
2.8676238913430327
2.921509984845748
2.962867600662668
2.9456426430004403
3.012885292837753
2.9794394805007745
2.975490725529845
3.0359188478098758
2.9316230852299157
2.9954498183909024
3.021462939040216
3.0005457663995028
2.956313938213534
2.941779092776577
2.9668628577532545
2.9267284118702457
2.9385364821922217
2.9198818929711585
3.003555617007608
2.998468771169633
2.969746567246049
3.03563778318905
3.0329578800594126
3.087467223691773
3.0710236001347755
3.076890230255968
3.0144784419960677
3.001009246819691
3.1047486233962163
2.9560101085978294
2.9778062459120265
2.953720587858802
3.0119089796606953
3.002076162535737
3.031856173047655
2.9986013479749185
3.0878129987914367
3.175805483333417
3.19206972497389
3.2340698903756726
3.26424100315254
3.1226415597327093
3.124793031802367
3.0717461058276663
3.1149677391458734
2.970304715577987
3.0183537932240134
2.982557878126569
2.893989765364689
2.968614118420775
2.9647001913730713
2.9747806144604096
2.8947338095671804
2.8090522425504094
2.8576822156065855
2.932139047037403
2.9276196345636376
3.030594052305081
3.0314071352484953
2.9898445437950842
3.045431405417551
3.001974110849707
3.1589895733932565
3.0126674070236845
2.968739424337806
3.0882242685873216
2.8856341531688345
2.865622357762979
2.94491983728882
3.050144110595448
3.0712557596161374
3.1854444214039277
3.2174191221506336
3.1684412775826525
3.0774751282640134
3.041982405127312
3.0264608723669935
2.938773900052407
2.981826865852458
2.975495432792416
2.9898782343602757
3.081545186959431
3.162403009009158
3.1906792987188717
3.156368646645986
3.1317768823527197
3.1570414906327233
3.0767615854594093
3.0298517208087983
2.9817248537544585
2.947917171539313
2.9554224650553085
2.942753372799923
2.9705780665613184
3.0089085466101144
3.0614644857066953
3.0625787981435146
3.037267832661294
2.946140987565372
2.979150096269139
2.9831951200098894
2.9446326085729377
2.836696329903451
2.8960055300008243
2.932951984422824
2.9134701932063343
2.905636444256988
3.0218910174511353
3.0017532278031367
3.0754426019709875
3.0687298656370796
3.042744853709304
3.057058267954987
3.0830811464458203
3.2166269154674954
3.186420910831214
3.094711991138378
3.187701173044906
3.1631000268412417
3.0851758568918024
3.025953871354935
3.117952403860851
3.1098483547327684
3.0948237865608026
3.10913428533297
3.087740602041131
3.1135374080503655
2.960543595761406
2.9871458769679164
3.060060193538852
2.9344886558612453
3.0823350608537945
3.0674451814481425
3.0462815074865786
3.045587769669013
3.075487520266628
2.996583799535603
2.9292618293712125
2.9058534101484272
2.9958377351477945
2.9564123371742506
2.9716167375882794
2.943433029012685
2.9038548676897227
2.9534395144585823
3.04009902114785
2.950845745764989
2.987991056549598
2.972090320264989
2.9856895890754434
3.0885089507078125
2.9968970896363105
3.0004063207583456
3.025017534733934
3.043757028575844
2.9378960661529074
2.9729108493556473
3.019742434548086
2.981799807613513
2.9981389709470943
2.9576320023759286
3.0004873235057112
2.9719535868164453
2.9356455821442564
2.9221538529339117
2.955883932460134
3.0431265639353025
3.061492191644608
3.003558467822802
3.064624913187226
3.057280352113717
3.036990862867494
2.8957475584382895
2.915318362757062
2.923367261018437
2.949533885219181
2.971056494052641
3.012456875743757
3.0025025695856953
2.912227596679845
2.9014775151207624
2.9407654612723677
2.9479478893641304
3.0414896310775297
2.9644582637848105
3.0064847317475483
3.073915882939115
3.001874212357432
3.0173830552844088
3.0295432028513747
3.0310359004492686
3.0077796034622972
2.945829027599833
3.055616159539363
2.994551465688814
2.9614316532768505
2.944658262583041
2.9602489503350715
2.9774253024947113
3.0128983047055415
3.032706558876087
2.963973270478406
2.9449057663430382
2.9975447811603075
3.0226755989878487
3.0643109830271578
3.000389940767763
3.0743845782891253
3.074204094374937
3.0716225884431108
3.1547207138198288
3.158887822071825
3.158651865880736
3.178925582749854
3.0649294633212842
3.138066212694981
3.204351742908367
3.1611690027432933
3.1233140585894343
3.1225782917795253
3.117127738740856
3.1500660920392494
3.145837952519956
3.1267985657342963
3.0624845009870993
2.9818794766933445
3.0398566419071065
3.1126248740419813
3.0874106877854275
3.1006108188805275
3.1148339731548047
3.1119345394762514
3.1527137491738224
3.0468718681049323
3.107276265713579
3.2009414192656043
3.199620952117468
3.2618746617655408
3.191435148366068
3.1609815128493874
3.116789607101431
3.1444039861097814
3.158892116697269
3.1660970099170545
3.0938534381351803
3.0784256993000874
3.002499868120954
2.9198350099917754
3.0006573448958753
2.9218068932398835
2.9265329565165996
2.8684999480455917
2.9958289610519104
2.923544396017622
2.912468042542071
2.955787705325331
2.9498547960549537
3.01606782702877
2.97039154521833
2.982496817135091
2.955453760694991
2.9833629277904454
3.0461229118311155
3.0629372049560897
3.011122220539927
3.0238929269344283
2.979253203399259
2.904041082449523
2.937924694269285
2.9857419534060567
3.015657874524288
3.0912730649899895
3.059543625649908
3.0162434439407977
2.928043508147748
2.875711203424355
2.968447608541642
2.990763279879014
2.9568872634475896
3.0534987129724014
2.998336710651502
2.8915579083656575
2.9400494732113156
2.954440862024675
3.059941169406492
3.0883745694192175
3.152805851132835
3.1366400689189855
3.13909038361903
3.0594451403243834
3.01456842693043
2.9640600998338673
2.9398986379385037
3.0819427023876234
3.0461440684587178
3.0678217717683673
3.016934801076565
2.981446774269772
2.915541631840322
2.896965006689633
2.8989462495204013
2.9288190397853815
2.91230480352329
2.8826286357430257
2.9204598394522385
2.941739588423579
2.902960333470459
2.876767757872405
2.9302661419604927
2.9966775229709643
2.973051222136004
2.886824998797683
2.95290235723253
2.944118197729365
3.0283310855105197
3.017754422296032
3.0076341761579033
2.951470427507327
2.966319833909779
3.0285148386267373
2.9723637233380122
3.0310548132642845
3.0988322562376984
3.131043120928739
3.084113721943936
3.045053763696322
2.9634287938334443
3.006744515005392
2.977952377882063
2.9377868830345997
3.0153709720669966
3.0436917437282354
3.055679267005348
3.038196989832914
3.061444062184077
3.070183267852826
3.056078963733914
3.1340732570621364
3.0928017229969234
3.1234617253621733
3.0557643949816558
3.0405822809657246
3.0252696836791055
2.9659202056344958
3.009119762513391
3.049751294603926
3.0202770126496046
2.9828630675281858
2.839439235040324
2.9202410574258746
2.9585195996852427
2.915577801129574
2.926544827759194
2.9205879697025123
3.000704499463599
2.9978581605665537
3.0506790839129914
3.0535667848981545
2.994800365106222
3.0855881860562206
3.076775590533176
3.084715389572102
3.162595613196466
3.256943119384611
3.2448088339426984
3.2184518711368173
3.1948823593327207
3.2448784707217104
3.1753993576276063
3.1451399015623265
3.0074726813775774
2.978386111626089
2.961612188276331
3.09594955158365
3.0676523327957783
3.060220331698471
3.060619655321027
3.1358552753582285
3.1590416798535186
3.1913839498471823
3.1929379700140217
3.1668203644041295
3.168419848658911
3.0146851213089687
3.0494872942156404
3.0269159008906925
2.956104286303742
2.943622280562273
3.046372849870043
3.047530196764328
3.0937264609022206
3.083543313005861
3.1235015591788375
3.175162718304289
3.1556915933433616
3.128623781770859
3.114801345635143
3.072017409826768
3.1031151556577834
3.0964306723092077
3.133409165006708
2.9723813468389815
2.937737484137856
3.0227416867094954
3.038442635047269
2.9545069790154033
2.98869928479331
3.020692418608726
3.0438743873213725
3.0215322501715436
3.0011401401128057
3.0235864907887344
3.0417520815022394
3.1887663373626194
3.104108078091182
3.1287473138389226
3.114454866323406
3.028413912936494
3.0494707745007674
2.957619927864551
2.941955476727065
3.020834775404927
3.0438743987772536
3.024066666694181
3.000355118653409
2.9674046673530623
3.0371067372809675
2.99732653497099
3.1052373587763116
3.0592866929046156
3.061296378076788
2.936611320088882
2.942231432489425
3.0523842143972297
3.1559413264622926
3.211712247731513
3.2105388414263634
3.212268366946569
3.2867789687955113
3.2061292273719566
3.203386867896586
3.124374798951049
3.21579502890249
3.2061701999709715
3.1994156446868445
3.1450751108030204
3.1657200152831866
3.088749023790748
3.088382938946146
3.1215388166065945
3.1086512016687884
3.127926936973478
3.08914648099838
3.11002892717428
3.121947979175984
3.104321602886262
3.000606211798534
2.9433677353722243
3.009166976602481
3.044031106147579
3.0642095136904954
3.034952789768801
3.0665254419397847
3.087847031704395
3.0862268879706187
3.0820785281291867
3.0663325698928188
3.06253953749297
3.0428061215154525
3.1411878514007827
3.0836326290606615
3.1443446252694627
3.1698080289566097
3.066581657192902
3.0260427836731836
3.068226369181461
3.0721172670987205
3.0346149526759967
2.9724722803459303
3.041181991290264
3.0283192398037513
2.956578277880735
2.941521003504392
2.9485061044011927
2.980153375289803
2.989895823810879
2.959092185242557
2.9355936641378104
2.981111238953852
2.936361237017444
2.9870987581906445
3.0739483078996956
3.0417992994978853
2.977841414474809
3.062470737564421
3.051880842131175
3.0488444246591273
3.1141768885179095
3.0918783538574046
2.951052508269895
2.8250374412073684
2.8851509974518326
2.928781142843647
2.985055844551238
3.035764125394767
2.89528806557615
2.899103357380451
2.9871628868149553
2.9719201540730804
2.913552275350227
2.9100693043492742
2.8604397427486585
2.8787324191303503
3.000750552523188
3.061178440931597
3.033310834985091
3.0341108735745985
3.0134623760254113
3.0115223219113503
3.054730954776688
2.9878736909613015
2.951871875057749
2.9550034240453704
2.9179666036363856
2.907741991144796
2.8995365339323085
2.9799112695418244
3.0291362369520547
3.087596108566677
3.033001614307339
2.9794271406636876
2.9814997949725712
3.0312975357744083
2.986823686217141
3.0383238802245582
2.989255181703376
2.9411849396371177
2.9249532357542027
2.985334805367529
3.0149900112316197
2.922476516036566
2.9255913475905215
3.0074251184194862
3.0221049095532884
3.067412896900652
3.106618917809535
3.119815453073463
3.188674301291119
3.067228451229331
3.0804112691037053
2.979879120820543
2.944134544548528
2.9302205649163873
2.90053408842728
2.9226756270991108
2.910413983736017
2.993821468758965
3.0006135154370983
2.9792503405475608
2.996252497510759
3.033210940313547
3.0293817015782025
3.04711559279129
3.0802409848121597
3.1005235129323583
3.016844884698959
3.06875538574098
2.96698017492584
2.9724950218373323
2.9541731233896527
3.0149102045624785
3.016103471480872
3.0284461865410184
3.023033490033324
3.0645222507419403
3.043717591695719
2.996368243464676
3.0263753556922484
3.0435654413969826
3.047590813392671
2.978995152494975
2.934163481297009
2.9579578948730996
2.9406121866976185
2.898882386568347
2.839063095248744
2.8719584492769195
2.9087332648866875
2.936864314113938
2.9425528802089325
2.9110054206605667
2.9732746902799927
2.9555714963587185
2.96405945032282
2.957357917686241
2.8850335385545764
2.935101239712531
2.957797956748145
2.9792625010859597
3.0941340257570147
3.1152011592597204
3.000679657543654
3.0020219356058497
3.0697475130328846
2.997552067612789
3.0555342639751566
3.095418456581787
2.9394497960918566
2.9271418772641837
2.9942871218087888
3.0207069170199707
2.9644619017573444
2.971357893407487
2.9290569393620007
2.9223427224628344
2.9043490783569195
2.9617548643907945
2.957413526960756
2.9108108108932313
2.9548074931190618
2.9612895070848335
2.9421473835683307
2.9357262635130503
2.978157231843957
2.9424254786007493
2.9910056327053174
2.9486711726111574
3.0270508964804215
2.932665334831995
2.9408502711211972
2.9738074324447337
3.0451591666464086
3.1263649650451057
3.1948489361709944
3.100054064852724
2.9631842635589707
2.9767438582492973
3.0204839926623555
3.036879454215361
3.106603420016556
3.075720809663283
2.9849326549236728
3.0185802260383974
2.9834789489849336
3.009036102111005
2.990223521445425
3.012952550518528
3.1054760966455075
3.04956629141306
3.1314935676104767
3.090224279089527
3.124293298491268
3.0248122058910005
3.001223035672335
2.9651232133322543
2.9406917354595516
2.8861754169936606
2.9163321603038304
2.887984345499874
2.869731269240253
2.8991664268221453
2.9562340855128135
3.0286939452726203
3.0391468119463885
2.9688236611365677
3.003701281686596
3.085229494676125
2.995550995380596
2.984402893990804
3.0027767563556043
2.992500883636752
3.0370948888706266
3.0415337301948018
3.036522494945811
3.032374439076916
3.1028886038504453
3.089476814979531
3.0236628665167578
2.9779304988490525
3.0415595900913233
3.0711794068377802
3.0502046567481655
3.0175774255744603
3.0933054073321418
3.1760565906161844
3.154463497636309
3.1525906846104763
3.1308898428079583
3.1717356209010052
3.1309713778381716
3.01773295608537
3.015197173662778
3.0694100183750463
3.05244919721191
2.9847082908804783
3.0343668557261227
2.9398905917164027
3.013338508755519
2.965625628020311
2.962563193812988
3.0043099799302353
2.9914986983381855
2.9703437773152603
2.980160115251808
2.951749550704682
2.982613537876674
2.907658284690664
2.9226634086485817
2.9793049484376515
2.943466585299542
2.862143096667496
2.9711369565893015
2.9959859915662954
2.972633657950527
2.9634520654508294
2.981209621326986
2.97769864472661
2.995248969387034
2.9968101150254256
2.9743318911812944
2.9122786800900555
2.913678684036597
2.9439011664054178
3.0631805574582955
3.0518803870819347
3.04756013945136
2.941015653564175
2.8880463203536046
2.861815252575384
2.9868387225936806
2.8744255204315716
2.8599120355078536
2.955316234107647
2.9737802059047165
2.8859293189741497
2.8458532554479183
2.8871117209734596
2.9379726015496024
2.933895725907602
2.983634671376123
3.046285209444966
3.080099202300214
2.9853528238539213
3.0302620103947517
2.9862042229111205
3.0326438167417042
2.9663817066092113
3.03171840944709
3.074873262981354
3.0183738012384036
3.0185475131386688
2.9995098178556576
3.023354327376336
3.09317519632662
3.127985424463918
3.1118185662561593
3.0167669206807872
2.934767015357544
2.9974891038227574
3.1086532402967153
3.096747585482081
3.075638574244833
3.0682391937724063
3.168866516279203
3.2170607305884866
3.1446124662187724
3.1293448017194816
3.0601696722569267
3.192177070531364
3.170785442813389
3.1796051978893325
3.2091437822088102
3.1696915102798258
3.1283977720362697
3.0193037911831473
3.0016462492774623
2.960534539813235
2.9477934060571114
2.8700861379744556
2.923766516035617
3.04098562795044
3.014910961216505
2.934167935937115
2.9700242598604323
3.0913416584949958
3.11247857456046
3.07629753022674
3.0377973026919554
3.0272758766394348
3.040090566884316
3.0141039113112376
3.1529424693907666
3.0570580589867795
3.072683329848141
2.9066092948449547
2.923914780441197
2.9422851914400425
2.894707663892317
2.9447439074853983
2.9846100977591323
2.9876602381804322
3.0010736853446747
2.9185344281981664
2.9719963524321726
2.9101813111893233
2.9670935383008428
2.922827923326678
2.8611778367357803
2.9722234983204023
2.968970022779567
2.9788615137293792
3.027768558538475
2.932496873340107
2.948793371628161
2.9602410101985206
3.086860622342416
3.1278700729011497
3.0724546939828663
3.0868464098935178
3.0660945138638054
2.979784765452588
2.990401919047259
2.975473823610634
3.0484850335872253
2.978539253484233
3.032203335129813
2.9616843743388985
2.9858054123501376
2.8710137915844984
2.907125551352658
2.9168280579581003
3.0046861969472864
2.9862343019017414
3.095070224039672
3.079494923010567
3.1439087533210346
3.1055906431934757
3.064446285009453
2.9357355178701874
2.9005881040849966
2.8997793406144585
2.92351852233966
2.921139152999865
2.945277758066119
2.9753411128824863
2.9973904331907932
3.0069536774394434
3.0027416315719435
2.9563375880144007
2.836766720323893
2.8864322619692824
2.904469831533472
2.956764558922215
3.0417885740962545
3.023913543767744
3.0272134765908807
3.0706742602810433
3.1184275060146187
2.9649990241634683
2.987850822736083
2.924713587591543
2.9190240144866184
2.8791057404778435
2.8386169546543623
2.898106032140321
2.916741221869184
3.0268347590793963
2.9808134296025015
3.1036850930277655
3.014671325670286
3.0372681560771415
3.102171222136113
3.1136009054496623
3.1131868930901843
3.0902435917716398
2.97677705946003
2.9886636843144454
3.0180039418315605
2.951776646763514
2.9549958423363356
2.965260170166278
2.9576789594536033
2.8761670858197457
2.9284547273582406
2.909661935648818
2.956099024990401
2.944295222864358
2.952128778143294
3.0044473880151585
3.0517657916430188
2.9887895796939876
3.0059518700531993
2.9971355137721343
2.9677006222510802
2.9084502886358736
2.993006400672326
2.963666730805253
2.9698713942076003
2.9884747440572137
2.9845375946608153
3.0362028973494164
3.0283809561542148
3.0326485781625574
3.0803765283665907
3.1212131212265812
3.0180444270752
3.136827213591011
3.1746975692590356
3.107072426428701
3.095182683068351
3.0642319282492227
3.0094655603376617
3.0366328214847345
3.014491055762184
3.017903631216555
3.0853149871300753
2.9185195535603117
2.942324282176608
2.944033383961913
2.950696725997493
2.8741896678245626
2.8688682555839495
2.876991439846669
2.8690932612846445
2.918032732034928
2.853926029935983
2.9342344589625093
2.9730083704740458
3.013476166641621
3.085576682623909
3.244501124174858
3.1228832723853612
3.14183881236688
3.1697597219369684
3.1010323522514365
3.0248995010396293
3.1270859462726404
3.1471499097198996
3.087396045345285
3.156332710422974
3.1549464005511636
3.066874621222276
2.9229348207569297
3.0309725101840046
2.916790821945257
2.8651257537522077
2.9059865498016095
