-0.8021516758632228
-0.7632532782245861
-0.7262656108841686
-0.7860404224522067
-0.8308656845655377
-0.8271395130062411
-0.8414538658471918
-0.8051579756267092
-0.7347247759164853
-0.713894577590808
-0.7639659964210015
-0.7360859627191154
-0.7408566171834186
-0.7357543830078648
-0.7799184381147859
-0.880772370709844
-0.8004878723502888
-0.8151556250473962
-0.87936022988049
-0.8224981177631412
-0.7496027805631696
-0.9071221322697921
-0.8934005643733004
-0.7912769918363403
-0.806938201602914
-0.8010000912120554
-0.777204112427764
-0.8313611356080985
-0.7752811113527845
-0.8332710058032352
-0.8430270013324019
-0.8945581790974109
-0.8629530052596259
-0.833412132649051
-0.9182620183317866
-0.8221517593684622
-0.7973725482244903
-0.6709007287528359
-0.6534037691180159
-0.9000623138478284
-0.7268511897690115
-0.7503318964856971
-0.7084340583672524
-0.6733813074403234
-0.8151089138685708
-0.909901359376263
-0.8682127385310122
-0.9433139761079854
-0.8730867793907211
-0.8117540154056188
-0.7895797083687436
-0.8374767403795209
-0.8305273631876254
-0.8715092296661835
-0.9507861186515937
-0.8277931492657427
-0.8437453239897375
-0.8404738177882465
-0.8321045629590396
-0.9043757429067331
-0.97476800287753
-0.7972206685740537
-0.8219607225325298
-0.8848777278738621
-0.9366310928686962
-0.8850323082744151
-0.7468803920353043
-0.9246433931235992
-0.8686568544878698
-0.8141014945102534
-0.7855004824515688
-0.790088165450422
-0.8336270405296471
-0.801359218935593
-0.8512089536896393
-0.9763808611497341
-0.8829272730643548
-0.810472636158154
-0.821319910273079
-0.843450873804325
-0.8727719795187475
-0.8071544441390169
-0.877762417581749
-0.9131313847923481
-0.8618158337640485
-0.8072497685848812
-0.831499307500292
-0.7438320352689815
-0.8213332559103869
-0.8346506225447714
-0.88715159748272
-0.8837791038403742
-0.8341216706514464
-0.759364011279477
-0.8556430535732746
-0.9347465982730834
-0.8639791070734598
-0.8266840021325081
-0.7957659129966694
-0.745202974770647
-0.8160622817050748
-0.856232706197521
-0.767759705389496
-0.8887840904785744
-0.8448632022610415
-0.7052003739211974
-0.8361144924464423
-0.9373937827006955
-0.8401647117076262
-0.8280055435122529
-0.7208457993528368
-0.802095235566725
-0.8060066967289223
-0.8601122747354202
-0.8989987449827935
-0.8547030088340994
-0.8873950508596117
-0.8603697741933467
-0.8915443169822795
-0.9245393615821066
-0.8715748793655952
-0.8590821253545485
-0.79509873216727
-0.8875286761911403
-0.8129589830417121
-0.8222760282230803
-0.821204896993841
-0.7941367396694606
-0.7971693006456642
-0.7405558072849208
-0.6006142915802005
-0.7036694082286157
-0.785522088249293
-0.744409107049859
-0.7441056631699686
-0.69346366385914
-0.7324997707007063
-0.8122794777298752
-0.8218608638522301
-0.8233311767808372
-0.9249151253127047
-0.8996196354992696
-0.8592778851623987
-0.7801523559772624
-0.9379547883460789
-0.9275430290091546
-0.9696088651493244
-0.88649304331414
-0.8228391740502132
-0.8755886531374114
-0.8989872506103173
-0.821658691208658
-0.7027916655976053
-0.7594416856293914
-0.8327860383236074
-0.9115402154546588
-0.8690987938000149
-0.7828650322871917
-0.8472761561712443
-0.7983504828616131
-0.8269274947605366
-0.8735221668330883
-0.9268272056030217
-0.8886315092345761
-0.9041304112102598
-0.8370373975596715
-0.8164969865589577
-0.7584638895862064
-0.9450918170002517
-0.9226125253242878
-0.852201129796009
-0.8466502843512452
-0.7780463831467676
-0.7690100483162952
-0.8676134617986705
-0.8094094313588658
-0.7664533214371405
-0.7225941395462235
-0.6704345022867353
-0.7517194607659938
-0.757934951118307
-0.9003746818729238
-0.833140231369099
-0.7281612507657363
-0.8108965993183805
-0.9363013291234956
-0.8647276016702719
-0.7542742236352354
-0.8179052450587423
-0.8172518954297656
-0.7947610376585373
-0.8950801870189296
-0.8794311898795207
-0.8036717156384829
-0.7557562035610009
-0.8382858983638469
-0.8186693503176524
-0.7445606686142224
-0.8201492885919852
-0.8034246375474666
-0.8677459345437974
-0.9657177811414812
-0.9424655373226928
-0.8450143925311884
-0.806497885646012
-0.7368563904359487
-0.8487067181541307
-0.7835137286292686
-0.8059716555287424
-0.8600368509460176
-0.9019288970701658
-0.9676777289997096
-0.9155388480696675
-0.8949902486713197
-0.8884359703629727
-0.9071512754844991
-0.8396188739642918
-0.8403442583005809
-0.8751364750108781
-0.8607776612335538
-0.8853050741649977
-0.854013220658718
-0.8958042571223951
-0.886189404903375
-0.7448615836502992
-0.7685270710539396
-0.7239482409924394
-0.7035543148169565
-0.8647141882482732
-0.8331619747422951
-0.81152025631485
-0.8673918480070972
-0.854573743628332
-0.8576310948498316
-0.9048288974725192
-0.8840031128590378
-0.9451381022729481
-0.9816511332958413
-0.9008014873989316
-0.7434938877176598
-0.738884177057247
-0.7043886381579094
-0.6823668247400594
-0.6442440808409011
-0.6337916917694104
-0.8861001988750398
-0.7859864142898241
-0.7905840413251143
-0.9217846536193575
-0.9642898812070946
-0.9192555008196264
-0.8177091180711253
-0.8593527871413559
-0.8759947532698265
-0.8138002450095806
-0.9243310468756264
-0.9723446633595878
-0.9022899907687082
-0.9861602512625478
-0.8842531883950218
-0.8407464940995073
-0.7726973772742639
-0.6948382503469861
-0.7713428892915853
-0.8688843342122934
-0.8720802694880112
-0.8816830086756788
-0.9784361432429746
-0.9122208021905163
-0.8884800215260235
-0.9523487957518659
-0.8283360637577595
-0.9673327309080803
-0.9447666415693242
-0.8439329309965599
-0.83081897535235
-0.8747353295609892
-0.8919051731645657
-0.744073726371601
-0.7418813239692761
-0.6346415919967138
-0.6573889493017064
-0.7368874933809038
-0.7748304236779155
-0.7246306590702304
-0.6881344184891885
-0.8235026748329667
-0.9343110760180318
-0.8317875321227287
-0.8004691410405493
-0.8576771533086012
-0.8041805354559799
-0.9283356576903942
-0.9752493030492747
-0.9419141645703681
-0.893030321043641
-0.8919799933358759
-0.8975495652337024
-0.9417002601250679
-0.8283273634631083
-0.8140431714156625
-0.824910848190965
-0.8544051422690626
-0.8199312158233822
-0.8619019318038235
-0.9152940264109277
-0.8881657344523538
-0.7755978254538027
-0.732585734644349
-0.736617344216782
-0.7807115757772005
-0.6846471444591311
-0.7450424326686284
-0.7416190548132707
-0.7606599317211734
-0.7230937139881745
-0.7565853551860681
-0.7321389444123597
-0.8034439502989734
-0.7567421844458297
-0.8771023904867878
-0.8798636659352099
-0.8232221529174699
-0.8530873083896853
-0.8588837921587618
-0.9834633203582018
-0.7908715800309161
-0.8668558606743323
-0.8666535379563574
-0.9089776090313113
-0.8196262012096538
-0.7767728596471136
-0.7645101971233765
-0.9085504130167664
-0.8063842471175018
-0.8412891028310361
-0.8109528158988973
-0.8915875126436119
-0.8275876804629728
-0.7319836073916287
-0.7404218645854965
-0.8063152376376339
-0.7746913187583857
-0.7062255903000672
-0.8349210686960401
-0.7630848998619116
-0.7463818883010856
-0.7801195866109681
-0.7954917293727978
-0.8486105851589328
-0.8404553655157699
-0.7374490724541294
-0.6969787080111055
-0.6117774059042085
-0.727521488851371
-0.7722384057438649
-0.8224306490648786
-0.8141974665287305
-0.76974342611751
-0.8688177644779629
-0.7538789227579688
-0.8760478840757605
-0.8706640835681622
-0.947351027354589
-0.8206906263670056
-0.7030378037716395
-0.7812368553133875
-0.9760056416372221
-0.8897959064504208
-0.8760535577627715
-0.7555309408896943
-0.7917450270080896
-0.7090516377650808
-0.7818883900789574
-0.8322746306041005
-0.910488772277451
-0.7786242974248186
-0.7951023637857086
-0.836271259807482
-0.7783894226386152
-0.8503899000760626
-0.8243659611872544
-0.8568664921117431
-0.8652158777345921
-0.8254345466827662
-0.8288207575924562
-0.656302296255954
-0.7803624230695865
-0.6577263119045862
-0.6516374796925448
-0.6788998141204363
-0.7238539203515258
-0.6116886781004558
-0.7376911431216322
-0.6161419790425988
-0.6072232361551931
-0.6175551530127461
-0.7239817442244845
-0.879426091278616
-0.8832721342677465
-0.9171528567335846
-0.871020093673077
-0.834772909204434
-0.7498289536599798
-0.8950877253728293
-0.8608202612934683
-0.8515184371159674
-0.7897849277026289
-0.861130791793928
-0.7466646155597633
-0.6779983841890773
-0.6439135377568331
-0.6186560248314856
-0.7056373897464785
-0.7957306010321835
-0.8536138381594278
-0.7774217563408847
-0.7808983390881555
-0.821096317961436
-0.6838137318117224
-0.8370058602457603
-0.855764523925545
-0.8175794087680611
-0.7939755855419035
-0.8046528801057663
-0.8811553810364693
-0.9118009226108466
-0.8526526576917224
-0.8674641433592681
-0.8662372451324497
-0.8347577224271051
-0.8787026279521277
-0.9638802445060466
-0.9012887082787001
-0.8698690306190514
-0.8820670857124269
-0.8273531630046378
-0.7295209927392283
-0.7124449878193788
-0.77129435519917
-0.9023004909433692
-0.7965263155070155
-0.8325605443851064
-0.8518170377747377
-0.8765220840443309
-0.7248409274496975
-0.7554931413424606
-0.6790443566788236
-0.8081731836824788
-0.8235402504542331
-0.7094963090702073
-0.5776965515214786
-0.7101177650833528
-0.8022532035610811
-0.7911221217870363
-0.9208781988039428
-0.9474339893409629
-0.9162366478885575
-0.9377022130521293
-0.9241845606308652
-0.8247536036551019
-0.8443306318856884
-0.8686851964835471
-0.7580594077775262
-0.7108889681130337
-0.7133043899917608
-0.7268047742052233
-0.6932323624897193
-0.6233458481681878
-0.5398679410383452
-0.7620539979185759
-0.7993646387663655
-0.788531576280993
-0.7867549596621012
-0.7717591250459223
-0.8417249282512183
-0.7961406003877196
-0.8736005844212411
-0.8743720223469386
-0.9369838385210096
-0.8183937516498807
-0.7824975662198115
-0.7442917204596607
-0.8127976312461693
-0.7114464944823478
-0.753986747047902
-0.8411905443645328
-0.8140103789899379
-0.7608184080220793
-0.845030939996027
-0.7269399645510715
-0.6050386415713808
-0.7151962994730147
-0.8316908282838458
-0.9540825483945292
-0.8777746101843362
-0.7997190656449578
-0.7732203380113126
-0.9519689580916572
-0.8709350143739737
-0.8186462301593892
-0.7996889414692953
-0.7044978933313232
-0.7808033215502789
-0.7216885379106681
-0.7517266942202382
-0.8620217303801506
-0.8039633828939172
-0.7811973442452061
-0.7994492468481824
-0.7182508473760356
-0.8801935786221927
-0.9692418965476549
-0.8932372486495962
-0.810481484159089
-0.7947157055289222
-0.7173561467741432
-0.7133365040075923
-0.6878494289551491
-0.694069663611669
-0.8499137551910285
-0.8626637207655106
-0.7715775291869441
-0.9133045037688079
-0.8184243340558857
-0.9064653384969589
-0.9306293011266854
-0.9357766839868152
-0.928479291983994
-0.9127740386154531
-0.7727778046018398
-0.7695764413906803
-0.7753953108702302
-0.8199748282225444
-0.8148290794378912
-0.8534944982718248
-0.8416634605664481
-0.7141976775590804
-0.7782291050664291
-0.8051830017332468
-0.8508857704325141
-0.6991695930949473
-0.6489798816811468
-0.6457020146166299
-0.724939615245724
-0.9057968491831812
-0.952929625148399
-0.9251896813655186
-0.8589660719240211
-0.9632141628260928
-0.8623303558664444
-0.7968205095309379
-0.8509889066669609
-0.8745431125522006
-0.9188452423940112
-0.8175349867961026
-0.9237035637480303
-0.935983477832753
-0.9348896937263658
-0.8572082447967412
-0.7936098154666534
-0.8472846567718751
-0.8689068996394458
-0.8496223543426491
-0.7530543431190847
-0.8210821961309832
-0.7260715325068597
-0.8400046354952839
-0.9190905670867422
-0.9196744276308216
-0.8623755932344532
-0.8810636871227031
-0.8251095894027005
-0.6679746716544324
-0.6579928938444832
-0.6687596254642776
-0.692002779588129
-0.7428643885938736
-0.6907313284197312
-0.6800006517430618
-0.6669196389172044
-0.6523474633164477
-0.606878593970401
-0.6337125783221261
-0.6190415729668546
-0.5782800869583826
-0.5009802149955765
-0.5751754948031679
-0.4682789597381459
-0.5536897128675962
-0.5800002426753762
-0.5871607287617989
-0.5725004173195852
-0.6243309605384195
-0.6461035355816166
-0.560079809273634
-0.5998908668818325
-0.6187285741539383
-0.6482768888554391
-0.6283125640909746
-0.6184096054056586
-0.6790327208570848
-0.6337694908965846
-0.6840946638482179
-0.7046959336016998
-0.733063296989265
-0.7183705293599515
-0.7585410092008487
-0.8612624706035459
-0.8558704701335814
-0.933974682036182
-0.901576328698688
-0.7607050148719677
-0.7996558761518203
-0.7812120196147981
-0.9132925204023616
-0.8149422663551487
-0.7751743969419098
-0.739257859248757
-0.7464484083434878
-0.788781810223649
-0.8482447533945822
-0.726892629632067
-0.6743346989995316
-0.7088215727543554
-0.7592374883477558
-0.8727898635121144
-0.8307702618082117
-0.8611246884612119
-0.8705337023033186
-0.891133468419545
-0.8883456772598872
-0.9125300186719469
-0.8831729766853916
-0.8541927209179856
-0.9042595085892862
-0.8549479365522157
-0.94202988841057
-0.7213618642655287
-0.6387214153297374
-0.8369253205789718
-0.7884812525487865
-0.7913843453593834
-0.771014474610386
-0.7128038968776674
-0.776844023790586
-0.7975794482463464
-0.8066674893485445
-0.8234112714314819
-0.6576143988912175
-0.7312605863787499
-0.8248064998669525
-0.7494233348309618
-0.7096430875634072
-0.774039693961345
-0.782383252172471
-0.8679863577433983
-0.8469758684941243
-0.907833287433147
-0.7859358962819202
-0.9488420527358535
-0.7901359015236629
-0.8727653932857915
-0.8906670470115976
-0.7693849181370773
-0.9141429639493824
-0.8235423830114729
-0.9550051690157164
-0.7920576525446483
-0.7663735060547505
-0.8607587857949143
-0.7291799276736912
-0.7973859961306854
-0.8425320149918852
-0.9225636337085404
-0.8237396136685731
-0.9358748602276593
-0.9139076776343473
-0.8296796408245367
-0.7543741938300705
-0.8143424739660817
-0.8581873162322632
-0.8296849520856282
-0.7355711848750018
-0.8132165184846843
-0.8106025884277124
-0.8085355575630111
-0.7961502050590874
-0.7429259950797228
-0.8042034980649534
-0.7258780894128372
-0.83934047718808
-0.8517665383205774
-0.909784364217167
-0.8372772982460243
-0.7642525169781451
-0.786787428672055
-0.8310368432907119
-0.75849753549593
-0.8801555425825506
-0.8832554578473139
-0.8283541593085998
-0.8957276466836568
-0.815057054839511
-0.8301709680363443
-0.887898313391903
-0.8627146737304154
-0.7933588383521463
-0.6773743450994703
-0.7002715118716262
-0.6936622989032624
-0.8074278544482949
-0.8057326642068849
-0.7960648748554736
-0.847820081205977
-0.8686846570956769
-0.8395520172353206
-0.7741224189839722
-0.8564297493496644
-0.8840359736396489
-0.8247940000023032
-0.7886358983533546
-0.8062095834211598
-0.8040188416636839
-0.7987419364286072
-0.7356210846003668
-0.7823986461577395
-0.8454575540923833
-0.8121164503675931
-0.8655949874225501
-0.9104480690760265
-0.9253543579293627
-0.7609573025246722
-0.7555572054070814
-0.7271753332592681
-0.8964874846002027
-0.8892278158147651
-0.8761981014066509
-0.8118494324209793
-0.9926161389516217
-0.9442370329119874
-0.9087973800323239
-0.7801000281873861
-0.7944344075280443
-0.8952058267661576
-0.8362111265341466
-0.8831074794656496
-0.7768027765719051
-0.7739778922063436
-0.725356237172473
-0.7591795878628745
-0.8205423640266524
-0.9238984390019285
-0.8909628217567113
-0.975649011824162
-0.8513079755566032
-0.7830151272813171
-0.8554708428982751
-0.7686033601445754
-0.7280249359840413
-0.8197495955148896
-0.8849619830262303
-0.8405452343236497
-0.7952502651403516
-0.8107276119438702
-0.7023459352161459
-0.6204269120254642
-0.7468913805472425
-0.7602741655404761
-0.6731511875299331
-0.7184834614139352
-0.7084320454569383
-0.6644044040838551
-0.6697622421477317
-0.6474218788290661
-0.858798638571535
-0.8622022751707015
-0.9000404660048107
-0.788581487054982
-0.8297376270756611
-0.841133480702948
-0.8146799267761577
-0.7773888387121072
-0.764836727135316
-0.7763709333877571
-0.736050768160469
-0.6898070171219652
-0.6291854833582681
-0.6861144967320875
-0.8322009436771253
-0.8344744291524612
-0.8498979351434389
-0.9019792786558164
-0.8611875585020319
-0.8329774608262204
-0.8673363418810741
-0.7516771816150565
-0.7106582557427685
-0.64895377779247
-0.646214029146206
-0.7294986775816611
-0.7460831268973894
-0.7740732637425997
-0.7429586862452602
-0.7214628674133735
-0.8258627645787293
-0.8479467091906162
-0.8395267143832054
-0.751704428246375
-0.8796561200711922
-0.8710433736376337
-0.8154525194270658
-0.8109320509312836
-0.800917394146979
-0.825808825075967
-0.7208923153639153
-0.8472025719608873
-0.7927479619444074
-0.7547681917409966
-0.8386550553304042
-0.8064902843334747
-0.8190919250732834
-0.9620384239717891
-1.0057429969855105
-0.9091840820079825
-0.8492663190890735
-0.82268265112787
-0.7761989344664866
-0.6324482240249238
-0.8484397879487061
-0.8292744678263456
-0.9295281591626469
-0.9141787396686616
-0.7582001066905318
-0.6270339831793615
-0.7568395164557075
-0.767798504678125
-0.7837827753449843
-0.8345683945103006
-0.9126138421946369
-0.8572340262056416
-0.8485677875100858
-0.8039883914268043
-0.8290845814078642
-0.7863063347803506
-0.8436706616259498
-0.6827062946430722
-0.6332427628850595
-0.6285491741955213
-0.7212639488681657
-0.6876512561429375
-0.6809637629890899
-0.7991380076020232
-0.8394783022215396
-0.8445772794861384
-0.8484222714563375
-0.8258019513627182
-0.8129885115900551
-0.660804620758705
-0.8132615815326572
-0.9808502250024587
-0.9008372709791108
-0.8609320941720131
-0.7327490557591414
-0.7387459446764973
-0.826152111138274
-0.8062753935500795
-0.8316558437003216
-0.9671650479586623
-1.0050056246944754
-0.8046090615192198
-0.8280120509015955
-0.7570656270484684
-0.7837057871337949
-0.7958418620228557
-0.7378781958954167
-0.6328018096416012
-0.7985617823134034
-0.7695553154402199
-0.8361022383067467
-0.7933525293965067
-0.8703533251216942
-0.9563742490056055
-0.8460597744840697
-0.9418401464442234
-0.8964782429367945
-0.8003363985763685
-0.8226520475662534
-0.8797254977118353
-0.8137367491044947
-0.7655615591239392
-0.8346395799813305
-0.9506631171282053
-0.9154073204089467
-0.7881208646944948
-0.7314659479164046
-0.8358434647186344
-0.8517517344490896
-1.003097239560498
-0.9011411022245246
-0.8226006452730901
-0.7192877420642528
-0.8523901266161542
-0.7999420590730951
-0.8565176683591218
-0.7058655830090427
-0.8294322667159943
-0.8267607694431
-0.8608780994216859
-0.8158480835000849
-0.7801547072692404
-0.8269247265848777
-0.7504676319471284
-0.7284630120159813
-0.6531370597378154
-0.8811840765235148
-0.8577117306430024
-0.7778304889047143
-0.8660472535328897
-0.759398610958497
-0.8009509004046955
-0.8473026369316365
-0.9131157929036974
-0.9007018522760248
-0.7626249893234809
-0.7604017752833455
-0.8038649719089975
-0.7930983173624125
-0.7059276605626317
-0.8681637266549417
-0.8114812161285279
-0.8740509787974206
-0.902257369502558
-0.8810722521449509
-0.8298853138689293
-0.8615470049558057
-0.8400446215726335
-0.7851632690399343
-0.8358597943247259
-0.7597235302846201
-0.7776865772066351
-0.777616093180834
-0.8104169966099677
-0.7969351649887852
-0.9046772670230945
-0.8905510525769802
-0.7958161451995254
-0.8490877589964269
-0.7519780495257443
-0.8407351618703649
-0.8496197672480235
-0.8802259850721629
-0.8854057370440455
-0.8471849723296073
-0.9078090220340146
-0.8543106323794513
-0.8878069126267186
-0.8501461139201454
-0.7766410395667573
-0.6332506898341044
-0.7765865869963485
-0.6814638610611748
-0.6723310178706939
-0.5855539978638493
-0.6500186367531914
-0.6022164436547305
-0.7666700727795567
-0.7188130180734034
-0.7196110287369711
-0.7606504035738707
-0.7204710172443318
-0.6558795680587511
-0.7549700780917626
-0.8096272932200793
-0.8406822130220339
-0.8132070664252065
-0.8942826965909956
-0.8457153632066378
-0.9242434155590307
-0.9052871964786963
-0.8096173841745491
-0.8776515957123276
-0.816662298445029
-0.8612471986546671
-0.8371273071721901
-0.8110432565294848
-0.7918208323786009
-0.9113413488862854
-0.8480516471056199
-0.8723277152461536
-0.8311739111664214
-0.6978652544145239
-0.9311725240426127
-0.8273629703135669
-0.7569664218947909
-0.6923293831782337
-0.5969938863584286
-0.6654443484211406
-0.7275072225363033
-0.7010881996141203
-0.9249601626273434
-0.8516487946590252
-0.8777946904995791
-0.7390118451914395
-0.7654529634425102
-0.7422077737631827
-0.7541799099998829
-0.7337909285886698
-0.7971473320142539
-0.840438926729437
-0.862738188966521
-0.8563757760556571
-0.9241171965945193
-0.8188625900869363
-0.870658040859717
-0.9073999778021807
-0.9787497634902983
-0.933790790831633
-0.8884938533981686
-0.862359140278673
-0.8741355169518513
-0.8326200820642197
-0.8007036982881938
-0.8610038580416459
-0.8127233572744893
-0.7992790745334222
-0.8214875628695542
-0.9118797713108137
-0.8894583032230832
-0.7598062584340767
-0.7427239640081235
-0.9297265340565896
-0.9074601424873652
-0.7337397484979631
-0.7330237982536303
-0.8503231679543347
-0.9076303849465708
-0.7364516779987651
-0.8212784161576978
-0.7455758595335114
-0.8126948076148086
-0.8964612260055459
-0.8416711794202132
-0.7489501669407609
-0.7206059943402834
-0.6598210778909394
-0.7949495109042186
-0.7640203832356263
-0.7048855575140919
-0.9217111631188512
-0.8070281364781079
-0.869906151243426
-0.9000121071740607
-0.8515875395534795
-0.9041555101931982
-0.9274354460702752
-0.9239348002237927
-0.8815560825612221
-0.7299927932160769
-0.8047486815489934
-0.6572197651697327
-0.6269109057478333
-0.6261626068242514
-0.5134542954076937
-0.6275354964860124
-0.733799712848126
-0.7710763185184647
-0.8502239142241421
-0.8381972206449183
-0.8824738796126025
-0.9677410856715368
-0.9016705502607048
-0.7557610236621342
-0.8771400579765554
-0.7990467752364505
-0.743216435332661
-0.7599963235648719
-0.7196509106599851
-0.7270906411763167
-0.8744590618619674
-0.8624018705084946
-0.846476723220491
-0.8507398676872886
-0.8456215015289993
-0.839326625527223
-0.919999494030481
-0.7774676347949995
-0.8393393509074282
-0.8237895837781829
-0.7555503292204727
-0.7531225632971491
-0.7034055190275658
-0.7503913861815924
-0.7561625445586897
-0.8744278085437015
-0.934584077864204
-0.8159095814727553
-0.8565688506281
-0.773097571504339
-0.6925656669570035
-0.7112037047632728
-0.747584084454037
-0.8366965773748427
-0.7747961014625986
-0.6997920146061591
-0.8399821581203546
-0.9216585274682798
-0.8912952739780844
-0.8730722546139857
-0.8746323344472291
-0.8633585660351016
-0.7701679304868891
-0.8201401767700789
-0.8496934061926675
-0.9054119536759458
-0.8992323099100473
-0.9465468126940583
-0.8299798266562666
-0.8845164701004155
-0.7017158933479337
-0.7026237393884329
-0.9469867230994529
-0.9008485447967403
-0.9313070556217262
-0.8978532963148365
-0.8894105976298627
-0.8970016940096293
-0.9188165406520543
-0.7676401336542411
-0.8628855457935358
-0.7921657415967216
-0.8836429337984746
-0.886249233892071
-0.8001032660788652
-0.7121602177488148
-0.7861276024981122
-0.8559775857994001
-0.882057579806719
-0.8482306971613307
-0.8717504151614572
-0.7465928404037783
-0.8738959697224585
-0.8161455207403623
-0.7859993208156698
-0.7068933138759531
-0.6685449064225432
-0.7245428403559772
-0.7096307024903955
-0.7631301507594717
-0.7522775244769933
-0.808500322590145
-0.9165696726603986
-0.8095865479873608
-0.8438587574313008
-0.8691040378486857
-0.8725289853520217
-0.85576751471732
-0.8719964311989385
-0.7704560166342861
-0.6194011310466871
-0.7687109979398754
-0.6770461505867551
-0.6532459413454412
-0.7157516386340067
-0.6462898945034813
-0.6714580471028322
-0.7721780618339469
-0.7902339647494319
-0.849860539577385
-0.7576933066423758
-0.9052998588565564
-0.8852100142727074
-0.7824392636365253
-0.7170427920292627
-0.7086753881102692
-0.8410766400163233
-0.7967299172066968
-0.6838021023876049
-0.8554656519707515
-0.8361011000886429
-0.8632869184238258
-0.923865845765187
-0.8736303296784144
-0.8328783974620967
-0.9046939764588677
-0.9388878419196255
-0.7746913951227706
-0.8094865444264894
-0.8469563877617521
-0.8058738018232183
-0.7931592467649646
-0.8577362775366643
-0.8164616206396125
-0.6585531785931569
-0.6560077427011407
-0.6441254360956044
-0.6458030561497308
-0.7374105188318129
-0.6554223335157436
-0.7758608129361402
-0.7067824091236944
-0.6580325946807644
-0.6069716337363438
-0.5466551536879612
-0.6962201211380852
-0.7027895539506186
-0.6538834759462527
-0.7431211245441577
-0.8378822606804378
-0.8422591658256352
-0.8003095918677632
-0.8094640363774235
-0.8482556726671244
-0.8072000105056232
-0.8440093618789349
-0.7250845280156302
-0.7417433115886732
-0.7511900628951883
-0.6531679397552399
-0.6651397462034856
-0.7174918680767868
-0.6580330883176362
-0.6406760165566303
-0.5998163016070289
-0.7008825115767235
-0.6044151909957751
-0.7173335656934404
-0.6242841947659108
-0.8670556877516311
-0.8995552582966386
-0.875679994091736
-0.7736141081319692
-0.8920381041290446
-0.8506745342039095
-0.8281824709095214
-0.832097308136454
-0.8968379513769047
-0.9728611378684675
-0.8546790109868259
-0.783214785363327
-0.7598017189380903
-0.7947830041227967
-0.9244683101619876
-0.9507161467405635
-0.9077340505483672
-0.9833794028053192
-0.8884443519850698
-0.8528996655247856
-0.9176157297896137
-0.9037244466198093
-0.8277648381578097
-0.7604282527386153
-0.8155671800220226
-0.8583694835729676
-0.8106032862501865
-0.8478648721045886
-0.8942951254243602
-0.9053905775426141
-0.8321444619104872
-0.6714705274095707
-0.6371393695552919
-0.5864636171400743
-0.700390915131172
-0.7410326040697577
-0.7651118944041593
-0.8238987675873889
-0.8436109531787038
-0.878723138469887
-0.7926145487059828
-0.7928476388859221
-0.8474147487300677
-0.8336578704460879
-0.8301903741174084
-0.8537030798814393
-0.6744599727769949
-0.7857429175138817
-0.7715713020194834
-0.8521700110509817
-0.9055261512264269
-0.7577415880248766
-0.7108974120524947
-0.9350871365784444
-0.8884373908664436
-0.9451292224793646
-0.90279548482906
-0.8043489944415271
-0.686085352271662
-0.6848303369354538
-0.6160406489643634
-0.7116682007346268
-0.8839940117567613
-0.8522608637418482
-0.8701067007353265
-0.9018823488782728
-0.9274653681309111
-0.9189004538049235
-0.8976383211166254
-0.8506679720075627
-0.8321922806301018
-0.9092616590143786
-0.8223590640347822
-0.8753602437893766
-0.9259083319796413
-0.9525155156863712
-0.9142144815969413
-0.9015066473653041
-0.8970971917483961
-0.914382575002388
-0.7611380155109533
-0.7741776713044555
-0.7922834516379303
-0.8658713904222624
-0.8699610933338878
-0.7748623863033798
-0.8369556959945216
-0.8411701111294742
-0.6619079159478103
-0.6764615673303216
-0.7309824042852968
-0.6495511274665565
-0.6778308135754553
-0.7449537931236773
-0.8053615218712546
-0.905506879499122
-0.9047006539376845
-0.8889431738100545
-0.931849060119527
-0.9302315154255006
-0.8807036550362699
-0.8771979524446758
-0.9737286126001039
-0.9150317050603862
-0.8897841875282466
-0.8235691276699254
-0.7904944753336265
-0.799302307402446
-0.8278865246812769
-0.836824173853931
-0.8207816918173123
-0.843783217361438
-0.7880396934602202
-0.8456382030085331
-0.8641260592648496
-0.841761685856837
-0.8589326602657842
-0.6829192603260312
-0.6674340344645322
-0.7175200401911941
-0.6939175038438987
-0.5948404314102188
-0.7986389546277293
-0.8197051988080737
-0.8906292633461368
-0.8404026073865196
-0.8636231245450685
-0.8456394191017357
-0.9003041305642986
-0.8351144766456007
-0.8691719492445492
-0.8563369346790788
-0.9127063292247397
-0.9290050777232275
-0.871169988367327
-0.9171338940755226
-0.8700446385485022
-0.9098808690461443
-0.7420207807285744
-0.6391005834011014
-0.7338435480800504
-0.6492341737795124
-0.8249615317322898
-0.7505444626931986
-0.7559487680424282
-0.7085345747747521
-0.7994014847812786
-0.7721174265335065
-0.8489678131933831
-0.8873408756748122
-0.7180858675964473
-0.7206123466922076
-0.7727888532502765
-0.878276652005743
-0.8527087638258986
-0.9931443900877934
-0.7480709571144741
-0.7737035122469867
-0.6431242639017939
-0.6776929226153331
-0.7236747009356468
-0.7922699758248445
-0.7902256830144245
-0.7785728211066885
-0.6812600882307283
-0.8402823194087728
-0.9011730428152358
-0.8585687027775707
-0.9100914281110333
-0.913658983781666
-0.9428489714872392
-0.8458375013401261
-0.7181853586443443
-0.787792131642262
-0.9131949854058521
-0.8231964883996261
-0.8835505090255151
-0.8842954980163069
-0.9133237219772891
-0.8877588935224062
-0.8580208974081186
-0.7773709536954673
-0.8010543338326145
-0.7501197879272631
-0.8330408353252098
-0.8363444905187042
-0.7278918705145627
-0.741337994444548
-0.9179102087153407
-0.851135785425943
-0.8514339510031332
-0.8578822303299777
-0.9559045835624126
-0.8915952043728058
-0.876870441939861
-0.7964850997885546
-0.7640852370095325
-0.7562558942939002
-0.7720841141233108
-0.678950928835925
-0.6511453682355103
-0.7005463756894781
-0.8357653457488008
-0.9970701318596709
-0.8754765729700249
-0.7690799486422525
-0.7726799149846547
-0.6911722419930152
-0.8753191961550135
-0.8622273111399741
-0.9059886800857869
-0.8454069847250975
-0.7095800346176497
-0.8207385859647612
-0.8340323261327165
-0.8463260632524187
-0.9005705505543287
-0.8034540156063597
-0.8740149605263804
-0.8943739268475674
-0.9254237675198693
-0.9002905766546142
-0.8868684269828391
-0.7922718201392459
-0.7613229945573428
-0.723711149107319
-0.7551534566131186
-0.8271441516742445
-0.8474981722812611
-0.7735527645940731
-0.7425387325795019
-0.8390785788702866
-0.8391863305848736
-0.867253806334324
-0.8746868332580758
-0.8950817940992702
-0.8905764807902108
-0.8506610513314314
-0.7706964620438992
-0.7647934044013186
-0.7206490966082174
-0.9492503354389935
-0.9265686393650069
-0.8324904245648556
-0.7871160596268224
-0.8753354160221776
-0.8229790536765008
-0.733748206573158
-0.7496823779218018
-0.7276804536885182
-0.8485954726935869
-0.8429366909705941
-0.7395207951456915
-0.6759805353818857
-0.8226597670586784
-0.9232923024581559
-0.8948826186855607
-0.8271425253912847
-0.8129708078076066
-0.8696770562273802
-0.8182862660180903
-0.8364164997074824
-0.7336339076514499
-0.8466578824154107
-0.836308108401763
-0.9240367063446402
-0.9079189020764759
-0.8757931372909515
-0.8600692721354849
-0.8632294061788055
-0.7877870524127735
-0.8214272474820784
-0.832108304187669
-0.8820515111774163
-0.8786380748504157
-0.8179395926892339
-0.819987879955016
-0.9102315072380216
-0.9006103446993957
-0.8739204838222886
-0.8545568258821346
-0.7415609027120189
-0.80849968668171
-0.888740386024133
-0.8828918629333695
-0.9138879742689601
-0.8128115771486865
-0.8073493859492722
-0.861875502685336
-1.0447193158641166
-0.9628770508054691
-0.8246830980109916
-0.8422903331049275
-0.8215414315389248
-0.6965246323586111
-0.8254713147709623
-0.937867441052121
-0.8644089353686859
-0.8524139778555895
-0.8778283784144894
-0.841023579444385
-0.87317270038588
-0.8965382770766088
-0.877086185372667
-0.7587792124565318
-0.8133130788124927
-0.8307723297096046
-0.9169083306198447
-0.9015021703363185
-0.9515082983724231
-0.8228492079701678
-0.8788790044023207
-0.9001261111893424
-0.7723780017283409
-0.9377980496465685
-0.900894354201847
-0.87903387596918
-0.8478231278201529
-0.8649246943402943
-0.8158569012909984
-0.861841542089808
-0.7603746369244677
-0.6627222612692198
-0.5021861452543911
-0.6023393287624598
-0.7374401734603188
-0.6912618067078737
-0.7010010874765681
-0.6138478442552995
-0.5309785925113668
-0.5513790351589939
-0.6073624572633847
-0.5903749238774091
-0.6357781865146301
-0.5867302192629563
-0.5697525051215104
-0.6748682953368923
-0.7090511841893679
-0.8548863174319504
-0.8146464493064467
-0.7494519892271194
-0.8774924082336999
-0.8647822085487288
-0.894831871368171
-1.0300343650191186
-0.8793028674824898
-0.7791068077541888
-0.9074803431453866
-0.7802656645591871
-0.7789508867818835
-0.7596651746008616
-0.8259635367246901
-0.8927180110149717
-0.8991790437640292
-0.9094786697177094
-0.8686264097280111
-0.8898812487669076
-0.7086004606151259
-0.7905245674258565
-0.7731911745764821
-0.821049938988669
-0.8919085359984972
-0.9041634566088416
-0.8651225471904334
-0.922497463609447
-0.8134337711010753
-0.8031746756333163
-0.8356378705803823
-0.8090434608557622
-0.8664116772817977
-0.8319254241151338
-0.8955788501230126
-0.9676329022879964
-0.9977226654809949
-0.9858975653557018
-0.9502671873620572
-0.8305326637851255
-0.652192941530804
-0.7073097333489271
-0.760949638994993
-0.8762636424723612
-0.874356693417662
-0.8050689479752885
-0.8001597989731023
-0.8242302497081746
-0.9517548619060237
-0.8977766326422078
-0.8700222913760217
-0.9138727908150108
-0.8094425428614407
-0.8359381100216107
-0.7972190612454598
-0.8225406627433258
-0.7042472209775718
-0.6962776522001064
-0.7025342232263321
-0.7618550683407721
-0.667463076399304
-0.7579771081070108
-0.7416486358995832
-0.7542940310637815
-0.7548043905711762
-0.6914641299243104
-0.6652979894760669
-0.7552359303076748
-0.7694383465150654
-0.7345351201076726
-0.7104454180227183
-0.6216426260143827
-0.7450444851542862
-0.8322995456477017
-0.8066172562317766
-0.7492679061174221
-0.9054383332952893
-0.8547253123147166
-0.78277701424276
-0.8152597375626193
-0.8129470324115169
-0.8320085387950358
-0.7061257225172386
-0.7101115947531851
-0.7974470040429922
-0.8194232354801048
-0.800492821897694
-0.7866784275009386
-0.8308584347555044
-0.8014809018287592
-0.7735318291737477
-0.8815914802890633
-0.7459519648777819
-0.8997025556372726
-0.8350465668249397
-0.7726077863004533
-0.8327083832118893
-0.7686461084066375
-0.8501913345591215
-0.7164363123601674
-0.7576855813450367
-0.8633950065327256
-0.8249591638818242
-0.8078249606509477
-0.8018471761337668
-0.8646137977324182
-0.765147757097378
-0.9451597619474315
-0.7785983877049716
-0.9575406796557916
-0.8217841042065954
-0.8871474121268502
-0.7794036318557228
-0.6983542223775795
-0.7820256192812934
-0.8582192152049108
-0.8511106309313989
-0.8242962866576501
-0.8659017129657239
-0.781839988253089
-0.8344912371562477
-0.8287478606016294
-0.9059014185729481
-0.8836158790720574
-0.8921333539137742
-0.8071684306445557
-0.8451737175619138
-0.7159608967871234
-0.7198184969151271
-0.7082925581095413
-0.7246283506080933
-0.7213182142310064
-0.7033601817752357
-0.6372461200363927
-0.7008888914501455
-0.7435753902354048
-0.8282070654841805
-0.9247779644012649
-0.90457103145147
-0.8794185045943634
-0.8735961320792851
-0.7604124676599968
-0.8170675722043665
-0.857924481529321
-0.7986740014105349
-0.8968217407804508
-0.8141343272777735
-0.9006183322860591
-0.9659259126285786
-0.9102186317379937
-0.9024598376992056
-0.8486238062584535
-0.8655108992963154
-0.8598277665850746
-0.730256490342261
-0.7771370466009542
-0.7265094467925246
-0.7031517269658266
-0.894809030488923
-0.8846625695107293
-0.8339659044936812
-0.8893822136577805
-0.8702705754982065
-0.8110044241055435
-0.8986918455599151
-0.88733177346069
-0.946792413562269
-0.9490821110345191
-0.8278291389635007
-0.9310372741746802
-0.9040511771783715
-0.8088854013800805
-0.958156664402542
-0.8935949462913597
-0.8438683417621348
-0.8905049711562361
-0.900513270939771
-0.878967047526207
-0.9111467597288113
-0.8850295529207028
-0.8466712980926268
-0.7592553570827106
-0.8289232397359435
-0.9169458426967563
-0.9337134418817059
-0.984149715149538
-0.9109610289892689
-0.9221114188397262
-0.8265389531500124
-0.9542869048507706
-0.9323483531362894
-0.753018168589781
-0.8640876989041004
-0.7873344188885734
-0.8763893305371433
-0.7897546072210146
-0.8363307384386034
-0.812286019844996
-0.9033821605048583
-0.8595804199981081
-0.8507993782132971
-0.8075851339606233
-0.88480722018345
-0.8987399813146467
-0.8557240777817129
-0.8743499494276071
-0.9311053283255778
-0.8227977068799343
-0.829540274887813
-0.9339239778795093
-0.7664866409831417
-0.7199506689343709
-0.8737059660017742
-0.7854880155353853
-0.7176399407553492
-0.9340573934541101
-0.8894021821399649
-0.6968271217372605
-0.7612215474860784
-0.8082415483173938
-0.8495679290442318
-0.8065657631607996
-0.919642310433417
-0.8432122630209582
-0.8466238224633907
-0.8620024005873217
-0.8568544503212377
-0.8626626247979163
-0.8817882492211051
-0.874667534242299
-0.7632156151247136
-0.9213391021676878
-0.9384995508465821
-0.9086307483021678
-0.9065134558188132
-0.9271135635254822
-0.9158544585831689
-0.9767713862667394
-0.9384891340924272
-0.8882595842037682
-0.8504543029256418
-0.8614650124737819
-0.8340154894856672
-0.8425778101562064
-0.9470724060229091
-0.9079159376296513
-0.8268625894933719
-0.9251212328125156
-0.8301372878573077
-0.8766913503220609
-0.9806292028522023
-0.9514828982743315
-0.8908788052613609
-0.7478658114280718
-0.6522894046285034
-0.626661005980367
-0.8233348243794056
-0.8937129643433122
-0.8530821686842188
-0.8596413934518702
-0.8338518071633713
-0.8136678095891297
-0.8478490166686435
-0.7750910559913244
-0.8511280775508039
-0.8788817537232918
-0.8852207945871873
-0.8476797579549058
-0.864981912941896
-0.9218994877764677
-0.8326121052885966
-0.859982876334708
-0.6959132282464828
-0.7114124259426632
-0.7272837858123394
-0.7193332019029894
-0.7776967207294587
-0.7265214201061289
-0.6702356611639806
-0.716006955037277
-0.6635558426689127
-0.5728484904832405
-0.5935900021439806
-0.7494503088922343
-0.9173266498613166
-0.8132911131239479
-0.7939040495839986
-0.6895838105431329
-0.7481042328557299
-0.810742822096659
-0.8270152675990744
-0.8216266110162969
-0.7877617029720494
-0.8749233861772668
-0.927566102528752
-0.8699750500985328
-0.8466251873260282
-0.8068915953429353
-0.785781796969746
-0.8482711396176965
-0.8400220184071754
-0.931059170829838
-0.6790753362599846
-0.6535829090149898
-0.720872118392849
-0.709213246494582
-0.5767297075838594
-0.686158708822814
-0.8833666164003663
-0.8840110388577468
-0.8805495225571781
-0.8798696016592048
-0.9022915681840101
-0.8936522452819419
-0.7982590246614123
-0.7430003273081439
-0.8352101236655979
-0.9038961141446391
-0.826589458905088
-0.7896507266491134
-0.8051319299323793
-0.7365698984017524
-0.8695091587341464
-0.6909671680541739
-0.698775319240767
-0.7576389739994432
-0.7994972264280442
-0.8576632583304062
-0.923504896164643
-0.8804059366796558
-0.844586575402451
-0.8553465996729938
-0.938938088256438
-0.9078384377313856
-0.8665892298968075
-0.8333729899186038
-0.827697498778898
-0.8348662943651984
-0.8791825971203763
-0.8803609979238671
-0.911563762522829
-0.8835507899771067
-0.7909557942300508
-0.8398406955224953
-0.8762948521724938
-0.8558154623790992
-0.9687147931051003
-0.9376470834021927
-0.9443073342197099
-0.9400328924630998
-0.8547265117826546
-0.8400780546622171
-0.8339548147533254
-0.8408581653520386
-0.8805706342757319
-0.7809132542625968
-0.7898404791462204
-0.7828669420537939
-0.8547231689272532
-0.7755657824259202
-0.7808763540424732
-0.7769170521630236
-0.7548232929695444
-0.7923797135719237
-0.7551509733572189
-0.791225194540199
-0.8707014624833586
-0.8015612754616129
-0.7946862006334418
-0.7919916787234869
-0.8587724804109694
-0.8364362737373787
-0.7800551539912713
-0.8260927094528575
-0.7528636873480158
-0.848038637360713
-0.7840686737878921
-0.7873490735109854
-0.8384420857448343
-0.8091686921509391
-0.8411148921518528
-0.9327918246786331
-0.8341049179898176
-0.8310320064436011
-0.844552248588569
-0.8247583895489375
-0.6518246929542902
-0.6898250352615227
-0.8989135645614817
-0.818019946197161
-0.8440934296600362
-0.8800630172648527
-0.795750204225785
-0.7356629671899959
-0.682161898562969
-0.7179825014086272
-0.7130420059327679
-0.739260263177719
-0.7531558625869452
-0.7923918509766872
-0.8361021922922526
-0.6389335647181648
-0.7489676948174824
-0.6933959249563013
-0.7384214551379956
-0.6983953507112811
-0.7897414086807251
-0.7936932692600576
-0.770396244686144
-0.752033864650329
-0.8380769121099129
-0.7396354795588214
-0.7028061634282989
-0.6786608199042019
-0.7333225199549824
-0.8085207918850749
-0.8754059803454048
-0.8237327841743967
-0.8672503705778829
-0.8121526243278192
-0.655966877810802
-0.6825950226785328
-0.6762844771596344
-0.8215271414311882
-0.7242122532483204
-0.7497547458034298
-0.7369205142887583
-0.8098024128673722
-0.754523294275383
-0.6518619426508094
-0.6647062346097132
-0.7572162757823617
-0.7323489444463265
-0.8210773418328485
-0.7766985297258664
