-3.9312656968957573
-3.9620242980282683
-3.973966411000319
-4.009898740774059
-3.916718761481029
-3.975619686803601
-3.966345518841386
-3.8128039355529424
-3.9901116014131905
-4.012762522939411
-3.9889039691784722
-4.009013014995816
-4.07190347598295
-3.967768067894397
-3.760788118581254
-4.012298527104404
-3.7503473716993834
-4.077055248896878
-3.9046589847974196
-4.079971579029758
-4.048298900316663
-3.9548526156233765
-4.108788226151909
-4.071579380686748
-3.9480859035881766
-3.933175249386582
-4.065647568804903
-3.899318459220002
-4.0445941936049135
-4.037441001048318
-4.109309326208342
-3.8753021129030194
-4.008750434167014
-3.998561515932402
-3.9441754250319687
-4.0672424004320415
-3.822877898787235
-4.097982431514848
-4.015619055004373
-4.0094221665039225
-4.110030732624882
-3.875682680583947
-4.060174119056207
-3.9747834241156226
-3.991502255626793
-3.9512304138956473
-3.9559132980883227
-3.9807797535670097
-3.966449597328321
-4.027680184354652
-3.9709078985290356
-3.9816415018121534
-3.914079245183728
-4.007699774848052
-4.0243513556093955
-4.018149201356931
-3.973885452395979
-3.9064771214516325
-3.981085840510885
-3.9644832258804747
-3.9289664056341636
-4.014287566379869
-4.070091084352088
-4.006612157715276
-4.009476473918247
-4.045878695358866
-3.8541272066594487
-3.9092485076810393
-3.871327495498823
-3.978016892640962
-4.121318168557296
-4.056010256626461
-4.051472233463209
-3.861553593921837
-4.062774413896692
-3.9831532723917262
-4.003903279653327
-4.001316101016873
-4.0704060415397905
-4.03845648036518
-4.041911007900302
-3.894622009042274
-4.020386592307182
-3.8470418134765394
-4.052601159328363
-4.010905388596134
-3.8485853497780047
-4.020603369577758
-4.034828169171712
-3.919120177176313
-4.004544009271042
-3.9627732275597976
-4.023103318186439
-3.9369162738899304
-3.7285060826613465
-3.9363638540027566
-4.072186522180364
-3.9722685713870196
-3.966710208789831
-3.983021057832784
-3.985414424361289
-3.9271510929464797
-3.984310899672629
-4.016132552693551
-3.880157410537125
-3.8507617835045753
-3.9892061891420694
-4.074701218149856
-4.103483533816794
-3.949290476032979
-3.9036345624859674
-4.101048260474787
-4.014033866765952
-4.0592355500379185
-4.047131531197976
-3.9976349108318527
-3.9032049788240495
-4.049669986200215
-3.8401216957104656
-4.03873330998041
-3.8548486816613274
-3.913794066366355
-3.906278892989641
-4.153858592990588
-3.9455844364384602
-3.960108580308491
-3.961837196164298
-3.878258069065394
-3.9657701026636367
-3.961681884191875
-3.966170378517991
-4.01730813096958
-3.8763841382431075
-4.005530270663438
-3.8660352246118195
-3.9770367758365937
-3.8807770101425114
-3.9132284503390578
-3.8451242578972575
-3.895160462683148
-4.001673603372497
-3.9413950494579377
-4.026669265305256
-3.9131469725897317
-4.045624009923796
-3.9959191241720933
-3.840537000027746
-3.777038644906638
-4.078718286251801
-3.766214847555612
-3.925186632968905
-4.076682419372936
-4.045072402329268
-4.043327669690008
-3.91059928403471
-4.1171056515168685
-3.991317187953108
-4.031994993154963
-4.020259710417915
-4.063781920918073
-3.992524827748197
-3.911109330238054
-3.9312545028805523
-4.001944270084549
-4.050332513674038
-3.993685816852866
-4.0143095173049375
-3.882368173480093
-4.026506759530325
-3.7406075369044127
-3.8883561738839894
-4.106018368846494
-4.002166181447462
-4.042853580594787
-4.150054030807349
-4.000674049673943
-3.9876480601202653
-3.9120815817017456
-4.059425545754609
-3.9805248777919524
-3.954939211739385
-3.9104945399044775
-4.06648238161797
-3.9141821779943573
-3.934207465913689
-3.8359841011271674
-4.064166435333622
-4.058323782723923
-3.9268318550894445
-4.11098400121417
-4.0096189130930835
-3.883813666946052
-4.034734034210482
-4.018239315780566
-3.8167805991701482
-4.104042241514234
-3.9259688866969293
-3.9632767929263584
-3.875747354802633
-3.9381869274010097
-4.011134663188127
-4.160160440608765
-3.8405420306826574
-4.0235356296670775
-3.876031089140357
-3.878818619664577
-3.917480850658042
-3.882856492210868
-3.9485187282539753
-4.044757319093468
-3.8686542042422793
-3.9140330118291704
-3.8963657111602283
-3.87524828453968
-3.914451196747666
-4.017667501017271
-3.86323047431463
-4.001789720027605
-3.9581077299357585
-4.083758073968937
-3.9876180133680306
-3.9421542943406545
-3.8795497934083842
-4.006972455918347
-4.011265277468178
-4.046337698047886
-4.0102703507808375
-4.033488718857427
-4.090205176653832
-3.8570788185909506
-4.022198904897939
-3.9181963700501936
-3.9324964457514957
-3.863186002013185
-4.000200644341136
-3.9913477171332827
-3.8758127876579826
-4.054173569453594
-3.9940152958712525
-4.063710256570195
-3.917263768630124
-3.9607043992860733
-3.9930304522579316
-4.03001195238604
-3.728709483898701
-3.8164482039034526
-4.0114931434362076
-3.8657437407621105
-4.03651745756837
-4.031453897909747
-3.9065403247673895
-4.04058996915126
-4.042179613010529
-3.9574963675172237
-4.039532201179107
-3.9594683732526024
-4.020720182986168
-4.121187089660496
-3.9178857925678914
-3.9737340485545074
-3.9465187409256823
-3.971908202741623
-4.074851608565194
-4.018385419767473
-3.9945568591667873
-4.002519596674607
-4.042090262649638
-4.027338147219808
-3.954684472016738
-4.035689266246301
-3.8506677037695827
-3.976359749193196
-3.921453155587826
-3.937670650396506
-4.030381619919007
-4.100355485570258
-3.9920977597222045
-3.9677977723524274
-3.904305655979491
-3.9815791947332473
-3.879747479682007
-4.049716746880695
-4.02996904663629
-4.010304292708336
-3.836707670381207
-4.038756861989041
-3.940741498001822
-4.019849064054743
-4.055952221430877
-3.972891668291355
-4.070113621348999
-3.9933210350742856
-3.975337409567157
-4.094891898926242
-3.9008826408814716
-4.004842066309265
-4.005379918071154
-3.8755667815830637
-4.047934558338061
-3.988172410272637
-3.9689592159861524
-3.8505729182672748
-3.9638712612459157
-3.999058115789058
-3.9730301827131345
-3.985579796759498
-4.024764179143185
-3.9615149938167757
-3.9648048989238505
-4.023445168157617
-3.9578428546922457
-3.9455101099443155
-3.857890399084319
-3.947828898427342
-4.0062601116574355
-4.026878209589256
-4.009177229759937
-3.9226299066772228
-3.8370328221350465
-3.961146220133864
-3.875065107027855
-3.8533431802374083
-3.9395368417731316
-3.94524480371699
-4.089979998526834
-3.971364672957618
-3.89517062078954
-3.707621089870538
-4.045179639021326
-3.9272263638484297
-3.932442984138432
-3.997926868375857
-3.9466454447599553
-4.02882663966281
-4.014866576864469
-4.092984873081629
-3.9911926480526905
-3.988082434172171
-3.955774295167969
-3.9682420959783107
-3.817545868617494
-3.9291480256143583
-3.938676674702094
-3.9581652920017074
-3.9740508879095406
-4.109518444080506
-3.9137562283942406
-3.8971663942066384
-3.9152749964264904
-4.002647554354826
-3.987138101786745
-4.0832514106274385
-3.927989642576636
-3.8311171252513123
-4.014674181908654
-4.083459146089613
-4.050305531334907
-3.987664063144088
-4.021164302296633
-3.937313095936424
-3.994853107341828
-3.7484284665212426
-4.0125627306278036
-4.010906430453878
-3.935824334552604
-4.012224728226198
-3.826809275243748
-3.9880209627013867
-3.979457070570381
-4.00394990845831
-3.9621007745363377
-3.83462476469813
-3.9264454602536736
-4.051060870946273
-3.858229544572862
-3.903057442276907
-3.9744251408287603
-3.8650306455281616
-3.970258077964386
-3.9790489669412996
-3.903130274083684
-4.004173573208298
-4.103133193787945
-4.066220869765753
-4.043315412106205
-4.053565103247759
-3.9604245293539955
-4.060388844859129
-4.108194157607208
-3.9889696586867056
-4.013975905322636
-3.9313387023279738
-4.101045355873503
-4.043729451247023
-4.0933101852034
-4.085518040087912
-4.035011912385425
-3.922675324744381
-3.8816510718833355
-3.995372129265403
-3.995040183432756
-3.8966672281576984
-4.078807728104127
-4.106142954584975
-4.0153156463909285
-3.9441754674284977
-4.00587220907519
-4.137044417006857
-3.990720828589919
-3.995885295650519
-3.8818651046471606
-4.028711901900791
-3.9956968171522322
-3.979620079125651
-4.072324223137881
-3.9196199822992392
-3.946884594147271
-4.012250799082409
-3.961371413188585
-3.981732984993418
-3.876226817492852
-3.8545044429078157
-4.093214735496922
-4.015009084400189
-3.9814009703585067
-3.824342688343822
-3.986675204400901
-4.050902610694778
-3.9430761127085114
-3.9836722342406374
-4.027000746528102
-3.8110506680954797
-4.0545951265177225
-3.973925488724159
-3.960701059020778
-3.961860918698215
-3.79750865429136
-3.9255025288585137
-3.9433306563599984
-3.832168364976808
-3.8864718848558075
-4.070628171419877
-4.046642646370109
-3.9046726115424777
-4.0850384074835775
-3.912445441064301
-3.883238121221659
-3.92923167199271
-3.9817846294576746
-4.008163807108166
-3.9377386054778274
-4.019905116784607
-3.9456094650237685
-3.879859506724131
-4.0717546954091395
-4.030213565580027
-4.022445490178558
-3.672641668887127
-4.042821977366986
-4.077517024549436
-3.711535291226554
-3.921991582639365
-3.9623759378956436
-4.029355527824711
-4.009845980676458
-3.9866953488499064
-3.9613221077302563
-3.943587095249564
-4.107515967171178
-4.12722282859526
-3.808946500852557
-3.999331661526042
-3.9842418644795066
-3.952528772109738
-3.9953388486758312
-4.007049129777906
-3.9397311502235057
-4.076528706429264
-4.081706955034423
-4.019437945082228
-4.026576023358791
-3.8891603830443455
-3.9748884399589337
-4.053291903992127
-4.028888317525378
-3.8559564778620614
-3.9730581479749496
-4.053559858295669
-4.097857359240406
-3.8681571613216343
-4.004766285417103
-3.846275146943938
-4.009854040676919
-4.050221097928022
-3.9372061937426013
-3.9381157589056732
-4.02478395117933
-4.009961449481875
-3.976310114759826
-4.00977015752591
-4.0332531307354405
-3.8388588793286473
-4.055118753427921
-3.9731181551504484
-3.8867332466323683
-3.970965001662799
-4.009319055932259
-3.9618652905837957
-4.009720186068328
-3.9538383895491336
-3.919290086489831
-3.7183428129730967
-3.9968128446889275
-4.131115147372876
-3.946978484019386
-4.048041132509943
-4.043003742743611
-4.043131085533805
-3.9901371603707787
-3.904079451875174
-3.985337647716978
-3.9704948862349014
-4.147239352412569
-4.057243715648369
-3.9753994560266284
-4.061222346778415
-3.973232345089371
-4.056182747750847
-3.995083798767832
-4.0013999802480935
-4.091765002165309
-3.7988899195597643
-4.053348968838918
-3.891467932320074
-4.047642659895445
-4.032709624923753
-4.070729791136897
-4.062343848188462
-3.8807257888746562
-4.023738469430549
-3.995073121967854
-3.9738207342860514
-4.0815520049482625
-3.9585587047280453
-4.08448288927448
-4.0086917872083445
-3.998170824426173
-3.799818477843334
-3.9485493255759287
-4.001428062612529
-3.999785419983783
-3.9750313757921676
-3.9814975431341413
-3.9947068637364977
-3.950265469925824
-3.961923992739706
-3.9862611239416887
-4.072488096868795
-3.947421438635677
-4.049621602710743
-3.920827180689665
-3.8789646402987024
-4.022571439613825
-3.846898128158884
-4.0143607086219095
-3.9253249703880293
-4.005149460683972
-3.9681319799003605
-3.878557622509035
-3.948354154193816
-3.9119723761532836
-3.9586155874673175
-3.9433365548642327
-3.970732497303032
-4.107280195954817
-4.047106162992
-3.923402370770476
-4.028655952776079
-3.927177089801862
-4.111273447333876
-4.000309574461588
-3.8891924295082987
-3.818389581955175
-3.885673128758796
-3.975921585252972
-4.0062539125306245
-4.03540592241933
-3.855149501128274
-4.011147199867423
-3.9166015193877417
-4.1120291264094
-4.039586071291322
-4.0435999853194
-4.050691270560318
-3.99631243147548
-3.853883297946937
-3.897670487667251
-4.030740455132799
-3.9261181073824223
-3.993668186123422
-4.057415275314351
-3.981706098152107
-3.9401409022808713
-3.9627743424833843
-4.09201949155821
-4.063387929934798
-4.054259555993474
-4.1255249021660765
-3.936081202419833
-4.042269498662648
-4.091238812024793
-4.016705829460569
-3.9812590390077065
-3.9426282575888294
-3.9726861530106596
-3.9998389655078297
-4.060464468949698
-3.9678792815667054
-4.0126027558030835
-4.04849723118302
-3.860357890643324
-3.9701024079855562
-4.040851479374363
-3.9046239928890936
-4.052780480020664
-3.8561580515097016
-4.013373186044902
-3.9949543565688685
-3.9272126908494083
-3.9176795297940505
-3.775960727820445
-3.871419037504821
-4.053065836202544
-3.9844287175476074
-3.911979769278189
-3.9029748398837416
-4.043796549136117
-3.9411705868044993
-4.02331308387514
-3.806727700006976
-4.072430557942958
-3.9181961366657054
-4.011025138944808
-4.161964623227039
-4.0084017241233925
-4.068214964269182
-3.8943618457103266
-4.071592681892706
-3.937523910084357
-4.062108119445712
-4.037427474764115
-3.96868394543411
-4.0098212746316495
-4.081279356565312
-4.049020246596416
-4.056802293723992
-3.886922402291361
-4.024451958125027
-4.010066144525195
-4.035747494621709
-4.093109406896971
-3.8641125435573307
-4.000323665044182
-4.052091379031239
-4.1010890074433535
-3.967419242705324
-4.049971140348322
-4.018117171169981
-3.8581407696601744
-3.9544348749400844
-3.9965689572884293
-3.9873631100283315
-4.098480410662233
-3.9783753356115845
-3.956905156273745
-4.007515410536777
-3.8179757136305996
-3.968021258020264
-3.9478731992226894
-4.023737389363535
-4.022232773396947
-3.849925403819601
-4.007111751966608
-4.001967559965349
-4.03451740193422
-3.9873572262516084
-4.03590555380214
-3.9529124452754125
-4.108016600476777
-3.965769092956606
-4.042065955892713
-4.01200072778976
-3.9638466768258653
-3.9657791943833276
-3.9828811008534863
-3.8719258669596934
-4.024314915837056
-3.9475052404358344
-4.071258638440213
-4.11761393150257
-4.03827547806162
-3.963757296697806
-4.00160413105585
-3.9924829844369594
-3.903519695800353
-3.909457418880642
-4.037505735991092
-3.893441436325657
-4.047463145653675
-4.015269800114432
-3.9350952299280126
-3.9452369473319098
-3.9623660026592304
-3.7871962929615433
-3.9236980585022843
-3.916485665775779
-3.9691455643093025
-3.9307113589937677
-4.0289051685517165
-3.969905437977458
-3.9903782782793495
-4.006437601951543
-3.96849111824046
-3.9354166608991226
-4.107715592809705
-4.004062515704026
-3.929134462886644
-3.9337226820349662
-3.9545240878982315
-3.8922724346140574
-3.992191179368595
-4.055499877606343
-4.0881964260249575
-3.835690353532726
-3.956416417731689
-3.9687779146156554
-3.989607050674066
-3.8774895509451666
-3.942816192097159
-4.05476483078626
-4.023722739163736
-3.940968453638192
-3.8801081402007545
-4.028754440283341
-4.001354244563838
-3.7743587012682807
-4.042341919174074
-3.9418266704347684
-4.005894794598293
-3.7917208044907182
-4.030187117364894
-4.024472772338653
-3.897280391914329
-4.014104098533212
-3.9675012272594463
-3.877889364304945
-3.9203002919129015
-3.9733281065802233
-3.933472697653368
-3.838901427407246
-4.083017251882119
-3.8943244581986605
-3.8899297288016235
-3.9368531210509867
-3.98220619094816
-3.9339470652043347
-3.9291379913820523
-4.014121490075768
-4.098238605651365
-4.07621424469604
-4.003826720419193
-4.01294437291864
-3.889918329346588
-4.158041905027886
-3.9067403422930767
-3.8327881220016344
-3.951515398475601
-3.9057857068944117
-4.076742560396131
-3.998115629814775
-4.132309764905477
-4.084803702076281
-4.025223479938801
-4.037718750473621
-4.033176769320922
-4.115945860258578
-3.916727402573209
-4.027757447376389
-3.989214686868837
-4.118153022511379
-4.02749257275851
-3.972401498077879
-4.062531203506589
-4.021667557140787
-4.017882129253009
-4.0095196464177505
-3.900888700402183
-3.854143367580619
-3.9108275397654984
-4.044310387352668
-3.9673901339691566
-3.8970761892397254
-3.923419979677078
-3.899555482687072
-4.011636012307622
-3.9749888784356293
-4.001349766317965
-3.9808522021712687
-3.983107763122294
-3.9701824411348667
-3.977267809996115
-4.0585877959024295
-4.00045989299515
-4.053912860553209
-3.8883863737986473
-3.941935172021016
-3.8460266480649996
-4.076896893279958
-3.9790736105540834
-4.041267490912965
-3.900732463764557
-3.888005628138383
-4.124713478982466
-4.062823887846756
-3.8853979184237737
-3.829191829280104
-3.996252885065698
-3.9683135147470017
-4.080711458665797
-3.9485164875331806
-4.034323997156791
-4.027184171360366
-4.061921031141934
-4.059889169525149
-4.012921744227496
-3.9586716904661277
-4.08867384288708
-3.8656136177999034
-3.925780781662619
-3.9283969258247087
-4.012620313927837
-4.001332430477262
-3.8683398812843213
-3.956424478825528
-3.743351924268908
-3.9907433034023243
-3.9694636391886986
-3.935421227619506
-4.0275071570286425
-4.078572186704144
-4.092901083160416
-4.065677165592069
-4.00030925317128
-3.9099576363221735
-4.037196866164397
-4.089408970709986
-4.009968691102918
-3.8817419583977752
-3.828009417324385
-3.9905941177928566
-4.061843152513129
-3.9057656664846827
-3.91441967590216
-4.127034138289596
-4.025942716092395
-3.9109767027653843
-3.970882906803359
-4.032101713659001
-3.972168870357139
-3.9143647825953103
-4.061837880689139
-3.9856511411266116
-4.006207937702122
-3.919047818204405
-3.976477843670438
-3.852128663866299
-3.8851567535850045
-3.8756590106082536
-4.140754732298294
-3.9540440147196594
-4.126417038210537
-4.08167465666194
-3.9923377346463056
-4.0185801480898276
-3.935178853737052
-3.8941915587980884
-4.021643799781513
-4.0389436179467
-4.041979633366575
-4.035440207566242
-3.9230360595292435
-3.965939572979145
-3.967141970599652
-3.9208200427903694
-3.956784150547035
-4.018632829230779
-3.7935957062437486
-3.9879212514875415
-4.021687434567512
-4.029580073765342
-3.952152426521422
-3.964522991903984
-3.8035475588056
-4.034624298043662
-4.005208356883907
-3.978513482991648
-4.039358602635992
-3.8752107629005805
-3.98586906421557
-3.8216049406246393
-3.938919646883002
-4.087318405155182
-4.021536046642538
-4.092901106385602
-4.059330499716744
-4.027899652154121
-4.04484173695866
-4.121202997922324
-4.044511367277089
-3.9350551428028164
-3.9097632760217174
-3.958247105167019
-4.089781808641677
-3.9951223172218238
-4.052604306928552
-3.9070360324692066
-3.971998425627628
-4.037150751585169
-4.0271345752305345
-4.016495652912767
-4.092758444874693
-3.9308210490155884
-3.9596123064114277
-3.9862825953141092
-3.9627901323706536
-3.952350753193721
-3.964985248556263
-3.892983588341404
-4.039841973325449
-3.980910382122138
-3.9930168806993134
-4.0818589699405
-3.9873706677995884
-4.049534442950112
-4.011798204287272
-3.902389401840008
-4.066283881131734
-3.993744044033546
-3.9866579455672686
-4.006822832011441
-3.915672943971185
-3.954791047544769
-3.9417446429323744
-3.868940496130447
-4.049721197795551
-3.9788824670482525
-4.033488631366849
-4.021852270068668
-3.955971216256179
-3.8445782156133395
-3.842409697439399
-3.857986921461265
-3.9381533403677533
-3.954785331176744
-3.876878587361974
-3.978896917247561
-3.903079357067944
-3.8770324680568855
-3.9850256805809305
-4.014279752526245
-4.030401535955129
-4.030211215319722
-4.013371220256236
-3.944632129684272
-4.052513583769544
-4.031481188004964
-3.8200152037455646
-4.092632854427228
-3.990690203009552
-3.9798585387837226
-3.9873139893267515
-4.079773481083919
-4.029228983851751
-4.0107974511911735
-4.015090558186642
-3.972772398918616
-3.874885503912334
-4.028891640730122
-4.03147379797042
-3.920680326901863
-3.9927306059154026
-4.003241978321633
-3.961520809731899
-3.82344210776507
-4.009394230021533
-3.9445860363905676
-3.9038107709241427
-4.019598356361064
-4.060162233023222
-4.065716414688616
-3.816484257072024
-3.94733959137402
-3.974555276956583
-3.909155867003685
-4.036134971053825
-4.08343897473331
-3.998477204282444
-4.007389230543798
-3.9264998203953057
-4.015570388108364
-4.087525003125226
-4.015354088457924
-3.9803776079321924
-4.00770239458332
-3.8327347408661314
-4.020841128650773
-3.939063909687535
-3.969049494696467
-3.985629217121724
-3.983834717940556
-4.0095278196992625
-4.022955146286632
-3.9111854578383207
-4.063769124727494
-3.9217092029205967
-4.016959498294911
-4.049470323694043
-3.965711120894845
-3.958039348309668
-4.027199744331731
-4.018108704581918
-3.8176635599929067
-4.091816412484134
-4.002796599144215
-3.9169470191398026
-3.670100573216799
-4.01127046788891
-3.905734245710807
-4.006365580981405
-3.9606112862405274
-3.9749953417007413
-4.00893895669971
-3.9267043335945573
-3.9332987681935077
-4.043867630223463
-4.02256739512757
-3.8538071311893685
-3.975095394704385
-4.023306431953998
-3.9457707922728518
-4.076964390716237
-4.002023004663251
-3.95374840805449
-3.956238658237694
-4.013423399978528
-3.9608116149505825
-3.897771003211323
-3.9973643340769454
-3.79322491087679
-3.9222442303396634
-3.9951545061808797
-3.9596668408793434
-3.9480147699360475
-3.876831263864948
-4.066568019036651
-3.9849556586259878
-3.9828738664920236
-3.9675713634679575
-3.8398724864296723
-4.018792955186151
-3.9896379953581174
-3.989683898627852
-3.855295713506657
-3.8263426158069884
-4.0032614067344845
-4.021280769678716
-4.01572726820158
-3.891300498576062
-3.9010229705573023
-4.013762547863329
-4.097557198682059
-3.9411559058409953
-3.9888206427634256
-4.070613192022908
-3.974761403064748
-3.86371360785076
-3.9006217716413465
-3.961995995943604
-4.07642678400865
-3.9237016314706277
-3.944904365417468
-3.9841424789174282
-3.988362508086494
-4.017487620977063
-3.9462932043500594
-3.789099052998731
-3.889671240746443
-3.8731376348793396
-4.003803606425682
-3.901684624198637
-4.0109533251061915
-4.004799788199701
-4.06990332301991
-3.8807314925255
-3.8909831745708297
-4.131585845203689
-3.950324690812639
-4.07061116588587
-4.025748637670762
-3.9821827441341124
-3.9902676727340953
-3.9246539144200043
-3.9711443657014835
-3.9949097131598665
-3.981854945045244
-4.024895881635924
-4.010567849753199
-3.984501681211608
-3.9006727046802596
-3.9512912013779258
-3.9068285173126216
-3.9937036692999417
-4.06502918259943
-3.948256919181651
-4.085535677585873
-3.892107183898168
-3.9293178100646413
-3.9637772377707643
-3.9818893021300616
-4.131507272745144
-3.9996408993334005
-3.9062484688020906
-4.107901668111202
-4.129785431523706
-3.995846294454364
-3.9508772495266204
-3.9216998182082503
-3.961726802013726
-4.056512393429714
-4.01035648180615
-3.924338412883011
-4.085330345838967
-3.9698888188264188
-3.9523028491800205
-3.9625511586219746
-4.033679050456604
-3.9890835289550974
-4.016350166382815
-3.913913141088876
-4.05793757339347
-3.982029843942432
-3.937274065923873
-4.044089352930575
-3.987254743637531
-3.8675490272047517
-4.0080044806233195
-3.9194281743165225
-4.049798227348758
-4.002861343316507
-3.9326486984649303
-3.9212940484368035
-4.0359662781796475
-4.026271428081481
-3.867014778351907
-3.94691919820304
-3.959001561215252
-4.023533497106618
-4.041756391282258
-3.9440968242822136
-4.007163714305404
-4.048404153131183
-3.962222137811293
-4.018633491723993
-4.040914704643713
-4.1471017059488515
-4.027582133892609
-3.9417824650953337
-3.9212329067741893
-3.9569537616720583
-3.947330602034934
-4.089978547287446
-4.052823554164948
-3.9613259072412097
-3.9853407112881225
-3.903722845113382
-3.8840547077313503
-3.934859960757499
-3.943716352027885
-3.9668536343067338
-4.01693615002709
-3.8906191750817953
-4.070875926622494
-3.9732531064929004
-4.046657368991999
-3.84245027970438
-4.0284820856838675
-3.874206438369434
-4.066183783857772
-3.905169236001643
-3.9383258113619206
-3.878542940401866
-4.066643389261735
-4.08656703388114
-3.9259513653709583
-3.9910841201193277
-4.037581373028725
-4.107650861074436
-4.019051364525024
-4.096098055384703
-3.9333807642692142
-3.9416465495920883
-3.8888523048337937
-3.851651639772971
-3.8882380022567813
-4.023042985532479
-3.8608929889725916
-3.859478238888191
-3.8963399614693266
-4.065397404675598
-3.9254233755034296
-3.8069576192592116
-3.9176915656433615
-3.924747703621656
-4.113624385101706
-3.970875776418135
-3.8731606194643775
-3.9259852600632765
-3.8988168502493674
-4.1037168333081455
-3.995086446064943
-4.047665528646634
-3.8759555282314486
-4.07791151208702
-4.009514079517336
-3.9401349004838124
-4.032252693264302
-4.145398698372155
-3.9265573860237875
-3.9255187671994003
-3.9398496375965357
-3.8783913151424456
-3.9980409320013166
-3.9436910108087027
-3.990157884170642
-4.0962034425101495
-4.072655529585628
-4.010473899052131
-3.987290910675444
-4.018238529988173
-3.8966759926761383
-3.980851862253731
-3.9734965714456725
-4.0136276882523045
-3.8856031620614155
-3.967177637628237
-3.8288341467737768
-3.824092226649711
-3.9054729467821394
-4.091739891696772
-3.9025807578347695
-3.945994543159208
-3.955164659515736
-3.9562982960051722
-3.9386938701284997
-4.018671661277494
-3.985775324764775
-3.976752861477519
-3.935966040184749
-3.974465198373173
-3.954574670137517
-3.920502441785407
-4.0009515628862395
-4.042300398158923
-3.964252583714845
-3.935724994482945
-4.02708622653729
-4.050742690912126
-3.9281327385088947
-3.853721159982254
-3.97945257795303
-4.091519172392134
-3.9987909526563485
-3.9588652574486614
-3.8072045171468547
-4.094638871621015
-4.066814920552068
-4.062193072230123
-3.830637347678251
-3.9524459269293857
-3.9909148854192598
-3.9463662445098713
-4.07883097081614
-4.034312702879505
-3.9047372876158124
-3.9798151007865856
-3.903253483460737
-4.00789084667397
-3.841665974735811
-3.8992601419863826
-3.892619319562944
-3.999177188351758
-4.031713882363254
-4.001046256254674
-4.000982563368837
-3.9323698020224596
-4.004761210301361
-3.9662796345133575
-3.998512239405064
-4.074746456448375
-4.04597307793788
-4.049931637430791
-3.865944193864459
-4.010116684721028
-3.9380549231433473
-4.0594315862047665
-3.9069286625304356
-3.9664014495126114
-3.844207145686185
-4.024844387012955
-4.034394681806487
-3.8982304731014175
-3.9917907576584923
-4.044081641525241
-3.9078745520739666
-3.882378749216273
-4.002699702897072
-3.9336698902691785
-4.063331672979922
-3.966020904071027
-4.066254013842695
-3.902610767209776
-4.0520005660174325
-3.7816804964975903
-3.910544113412652
-4.05481404552214
-4.10297814886486
-4.001699996157461
-4.050604041555454
-4.005542791478314
-3.9815735127160603
-3.974903645326788
-3.969767795829716
-3.7853989373463772
-4.033812325112642
-4.015783252867999
-3.8751606981638536
-4.082767049281568
-3.9968774863880334
-3.9024752066011974
-3.820721664149059
-3.9806301079658475
-4.046556074567079
-3.915625387917081
-3.9251432721259594
-4.082803760581104
-3.9563521419047882
-4.077499035133195
-3.886777214762991
-4.088282232704732
-4.069861945754373
-4.06334904024534
-4.002861717220997
-3.801550078215621
-3.901910060527869
-4.018553464601952
-3.9743982868391003
-3.987462606759508
-3.930366033528559
-3.976035190989555
-3.923012087811911
-4.029909817405353
-4.086570243265128
-4.0382035098352205
-3.9737721480872312
-4.016735833985229
-4.118724473516414
-4.04040411822797
-3.930742083624957
-3.84476763245115
-3.899785387561491
-3.9598068206791317
-4.033859819586801
-3.9015304906735544
-3.990796451839978
-3.925640911694021
-4.093670836751649
-4.071843581346881
-4.024855912394935
-3.9243228974475137
-3.952389229524973
-4.054169877385952
-4.119531621180316
-3.7862457370476363
-3.882585942786405
-3.8848643317703693
-4.019734211636303
-3.953888135056094
-4.021023314425635
-4.097158512643854
-4.004269384850531
-4.034884633668798
-4.039946119768692
-4.1229266381324265
-4.021225197376911
-4.063066251454234
-4.0615673949566276
-3.9383915749606953
-4.063297320073101
-4.062114456090601
-3.934376085728433
-4.039718307107951
-3.962900200103491
-3.855191228077122
-4.06075258203283
-3.7968421866679867
-4.124992458941204
-3.9702568025150193
-3.844669584234744
-3.9341343450155244
-4.0582442481992915
-3.9658622574056945
-3.9395057176977692
-3.932305568620259
-4.006621449323977
-3.878209277798597
-4.0871367816977875
-4.1105413083699744
-3.9997721568098594
-3.869045233971467
-4.056336208698422
-3.978561988105923
-4.001571496896452
-3.8962129634644795
-3.9226285583697695
-3.923100871085044
-4.0624289678671595
-3.9773192914936644
-3.9729956819128813
-4.075626722607841
-3.792273689333439
-3.9670325454485322
-3.969670056722918
-3.908296076217372
-4.097003647418463
-3.9708782138231014
-3.9246106642881236
-3.9813173718744954
-3.9872526795342313
-3.867029625022621
-3.999906718944919
-3.979973886530153
-4.04751712089692
-4.059076446890303
-3.982032612892795
-3.8903093901300068
-4.039051057686606
-4.1113160661667765
-3.945291041938812
-3.999813689455862
-3.9339880373721954
-4.090559255343815
-3.8934316457181093
-4.001464558181231
-3.9346651320087846
-3.9038394576367335
-3.933181035045262
-3.9834177985489756
-4.021589973734078
-3.983894245480039
-4.116221817983794
-4.041824643043833
-4.005623451290302
-3.9940034269369598
-3.975194855316175
-3.886138464705605
-3.971010711309022
-3.7667929416103774
-4.017497211647939
-4.021708816132823
-3.959872581104027
-3.883414657121747
-3.8579441432760637
-4.045550713958629
-4.027010580759489
-3.9627350874343645
-4.032945705116431
-3.950172018312244
-4.05565310051086
-4.002244815456188
-3.9690452564630174
-4.034174783123912
-4.000139120767881
-3.873094806706638
-4.07023282635046
-4.026772388626514
-4.10644055846615
-4.041838906790922
-3.873305303983895
-4.00730417939205
-3.9329035331595987
-4.03042190745817
-4.05085185702756
-3.8866069900594713
-4.011222465370191
-4.019303354476787
-3.982722464334282
-4.010179102166692
-3.8295395520972306
-3.9500162074291323
-3.8646336587262105
-3.9931787478971508
-4.045204340237957
-3.9401547910501122
-3.9593389506574255
-3.9210865462574094
-3.9472649242897004
-4.038597216607577
-3.915463691986681
-3.987793187220156
-3.987449562853028
-3.8652879948870598
-3.9396590294353837
-4.106381937651521
-4.004022987597544
-3.9498860127219744
-4.0640093781809865
-3.943564688482808
-4.005335458802169
-3.9020989699766204
-3.8439142720398842
-4.005402385831956
-3.982805748986137
-3.970719373244319
-3.7593508737803236
-3.9798349078499804
-4.002830118344441
-3.9681737585707912
-4.001480385872382
-3.9563239493861437
-3.962936685123867
-4.022012277755287
-3.8457242122069744
-4.045106444726815
-4.092233278545061
-4.048176887775673
-3.840931828722824
-3.925711619464398
-4.011092737561317
-3.8827613510783134
-4.093016829831729
-3.973651125983685
-4.0214740415275
-3.9417534997416044
-3.9646255121167653
-3.9544208086933166
-4.0228027559419415
-3.9106364288319226
-3.912610521202534
-4.006752968765602
-3.98781927276512
-3.9379094509126755
-3.9494508472092607
-3.948115589583389
-3.9499890793547583
-4.143332958946043
-3.9782274701956677
-4.035566390542521
-3.915553456130503
-4.12064568011528
-3.891350439605281
-3.921160302419449
-3.9515620226347146
-3.880180659967696
-4.0402555336909645
-4.007740141327911
-3.959735346160361
-4.05581378217439
-3.88227235652051
-3.9534418090692975
-3.914721158652305
-4.091826652866522
-4.018797734384351
-3.9574270566737977
-3.9214489067336795
-3.856093144172582
-4.049554207086516
-4.064513917792619
-4.011421612455706
-3.905469983574651
-4.071494250290327
-4.100189631885986
-4.017202352540632
-3.883427539732625
-3.8196093912093425
-4.012547685640202
-4.107979366581143
-4.033102610038248
-4.082812051099824
-3.994641406741515
-3.9310404003178405
-3.9381540005674065
-4.02296373419184
-3.981197762156609
-4.135906234762887
-4.040420202178757
-3.9938068548695043
-3.964178925045067
-3.8778756331934474
-4.025442340229136
-4.025582573381743
-3.9481161943274037
-4.071983223537389
-4.128777897659686
-4.032246546397524
-3.940691103995881
-3.9432383945982594
-4.077835890221399
-3.9428631390385904
-3.9533866853994417
-3.925770682218751
-3.9543246526599334
-4.024584247306767
-3.8326497105987176
-3.892436045607859
-4.107907856232877
-4.064225020717377
-4.055443340103274
-4.013324355604642
-3.8888106710939145
-4.060099288293912
-3.9872159606450657
-4.0191590829982236
-3.9571428591201245
-4.00357327646165
-3.8074345801483256
-4.064789303711972
-3.800741906502272
-3.8504607136741424
-3.902183841790507
-3.975046540797345
-4.028363665958648
-4.0483371661078085
-3.804765617941192
-4.043460401259409
-3.931467996731719
-4.035917077451471
-3.9166704488868938
-3.9420994127643016
-4.011489378755413
-3.9744899640440847
-3.9950475521433786
-3.9335801553914287
-4.087815282133382
-4.099197339125863
-3.988366219364145
-3.9331424998211313
-3.985322186408605
-3.912095177322845
-4.0874234616153915
-3.96871209631041
-3.989572067708852
-3.9710240531394874
-4.039788192730227
-4.027605573173027
-3.9540500625230304
-4.023011134336365
-4.0247049606621115
-3.912194350337594
-4.042269972185602
-3.8975716940518623
-4.034911281844789
-4.00966415086325
-3.9402875534487003
-4.051898882285774
-3.880237237991228
-4.070668032854951
-3.986509987665884
-3.9224832026524945
-3.7435949727787663
-3.9788853063406777
-4.101177991622869
-3.9384141925564338
-4.0295388758557795
-3.9455466520370246
-3.951819929893436
-3.8930487306487267
-3.978579043844859
-3.819251160908534
-4.018613880348989
-3.9025179642404018
-3.8342017423877266
-3.9903670395619413
-3.8688688621896903
-3.993148811647669
-3.9526832333134925
-3.9185095297983916
-3.962715072628577
-3.979196630390401
-4.041521995627652
-3.75868471313883
-4.068440128383992
-3.8846005802139922
-3.9057659544456587
-4.022632930622889
-3.8666790889990756
-3.9902737045428105
-3.972005711585795
-4.05449147531931
-4.011643591770056
-4.139134015066868
-3.9248600004211474
-3.9541453397820825
-4.086582266290177
-4.116108144821846
-3.890823295526356
-4.077217460420013
-3.911826172285714
-3.898604490371727
-3.965901138223545
-3.8496165169185037
-3.891677951859487
-3.9590927354656555
-3.8942069422439944
-4.068296529049191
-4.062270188333539
-4.071624608567765
-4.070894093781698
-3.7208101638899764
-3.988119918990054
-3.95524133860643
-3.8869865848438145
-4.048864219659834
-4.008435289908021
-3.9990346542024673
-3.997734150169574
-3.9667413322017033
-4.0005979377485845
-3.94715684235383
-3.964387747974224
-4.010818375912016
-3.879089124869188
-4.047700874351365
-4.001206861748522
-3.7601006634025844
-3.993042053957274
-3.9879148266312656
-4.075822418744264
-4.087564518296098
-4.006240332436917
-3.937532755146095
-4.058328934287111
-4.008807173513453
-3.937439658399276
-3.9951426918513984
-3.9919476180931213
-4.012773927251824
-3.934610578234454
-4.021975294343056
-3.965242800296937
-3.804706033416062
-4.0184886740169645
-3.903874389874527
-4.08441870305356
-3.9072405576220537
-4.033808877370554
-3.918962362359529
-3.9318493303314233
-3.8906602276788367
-3.998909015730285
-4.06458323255114
-3.8860696735735374
-3.9815002443875294
-4.060662215834673
-4.014407655801149
-4.038378308659972
-3.9974592883832734
-3.9672501876492663
-4.036949917305522
-4.025002145979573
-4.0686016132238025
-3.8333755580807445
-3.745432118747341
-3.808803695116514
-4.008749198447798
-3.868963116154976
-3.92808233716397
-4.04726726498288
-3.9172603703262725
-3.9852236829734826
-3.9319821751916177
-4.023807665300265
-3.8266128885677793
-4.061748967383951
-4.039337507735723
-3.994706706113228
-3.975114609782219
-3.9982036361535673
-3.9752098693024998
-4.0171561827988285
-3.819174283248495
-3.982802662558581
-4.077004473323654
-4.061151825822726
-3.7911648061837733
-4.026454455493868
-4.04231969729891
-3.76899427009612
-3.868452170964101
-4.096565092613497
-4.09779440012932
-4.0308357375300545
-3.9235951242661224
-4.089392356975506
-4.0739653585476345
-4.025037246940283
-3.9223866390612048
-4.138233580673916
-3.9973245398633646
-4.047884794258866
-3.929232504097694
-4.0175291828386674
-4.001936263575449
-3.9411576280282663
-4.005138716604502
-4.014551288212113
-3.9404760334034084
-4.053092437608466
-3.871271445242437
-4.001347042378452
-4.043198775886998
-3.956534681811785
-4.011629950988646
-3.9274226792561504
-3.8538877062035195
-4.067388404176885
-4.059850900821641
-3.9727416402488487
-4.095891739861499
-3.9925066575562798
-4.0310552620258
-3.9587959725422106
-3.844625401965093
-3.944147900301192
-4.05747896678464
-4.043529004046794
-3.794367368627792
-4.009629936925531
-3.9651153945806334
-4.019767053367905
-3.893234816461105
-4.060016867413594
-4.031067607043603
-4.019916160692772
-3.8860268688785795
-4.023854007414571
-4.003973354917128
-4.088704636561764
-3.9792548456241734
-3.976180893539966
-4.06567120093494
-3.8877642580909444
-3.9673565251924305
-4.066012296802216
-4.031810339805012
-4.042347466555899
-4.043325928233532
-3.98118947218338
-4.0633108137424045
-3.9864814588031767
-3.870169784959067
-3.965966117648668
-3.913741020851621
-3.8666644350698607
-3.904626086678389
-4.0903773432039765
-3.9006891250957945
-3.9446783499807716
-3.9657369523498587
-3.8975299660503078
-4.019507306962785
-4.057390559868686
-3.832901840286477
-4.035829602027193
-4.08884412514243
-4.056284042880018
-4.02139985513228
-4.058449734944602
-4.10454174430323
-4.0398283349218
-3.8963652662431625
-3.8661118172031284
-3.6713026663616
-3.8468918079264176
-3.95960979770171
-3.958351891027962
-4.050841263310215
-3.995795963772942
-4.0600348800409165
-3.7807250124383325
-3.9136866466841567
-3.945983455681649
-3.7663916457291533
-3.949132896841447
-3.9007120609856742
-3.867541805362383
-3.912616736011259
-3.982910534874092
-4.051003850817672
-3.9248484950579674
-3.9116430367377166
-4.101203062613348
-3.8856251527349746
-3.926990618894873
-3.8984330473388846
-4.032690384712989
-3.8418364176236715
-3.9861245855113525
-3.982178219229462
-4.133629314821519
-4.029964052266965
-3.9959599597033075
-4.016899258738894
-4.057930870855442
-3.9652513952046595
-3.9010523866072204
-3.9473725780457873
-3.9142859583625627
-3.942164054641078
-3.9566778045965263
-3.9776759375966764
-4.09182820156778
-4.057946782701235
-4.084276926457862
-3.933452072846153
-4.071117311816689
-3.941812530440933
-3.9315291544749624
-4.049325836182756
-3.9170689454643846
-4.081460972955629
-3.8956526221596053
-4.005998208307559
-4.020036830018506
-4.002548499877339
-4.086256538806165
-3.897434354268025
-4.071707852311293
-3.914215593630638
-3.9768298225367182
-3.9554557577884255
-3.8717917627309295
-4.066869950162135
-4.031538099069352
-4.104669376894548
-3.979860588688236
-3.930013888859304
-3.998196140024664
-4.090465362714033
-4.0053930947493726
-3.9969784814312157
-4.109663836588593
-4.083507908972028
-3.923887922597385
-3.9501486249630187
-3.8841271571278027
-3.978162249139795
-4.02276613517148
-3.960909933188935
-4.070931788763484
-3.844257597287545
-3.954467233848841
-3.826005314055829
-3.9449358005722166
-3.9496152908807147
-3.818129526190715
-3.9694673684808404
-3.8943051966448943
-3.9354324130484395
-3.9483818032105624
-3.843979046406616
-4.0798082720840485
-4.123263661063052
-4.14835049412143
-4.014992330539166
-4.0144692330861105
-4.031324173158336
-3.9068214822547063
-3.889800743074384
-4.012430945099926
-4.114283951622421
-3.81913839257616
-3.8997446114592824
-3.787096431772351
-4.092529045816907
-3.903872103174731
-3.9848771342147007
-4.020932382456249
-4.00806975730377
-3.9022918028264058
-3.9690502329094266
